site	ns_changes	s_changes	ns_sites	s_sites
1	0.0	0.0	0.00835742975475	0.0034535938673
2	0.0	0.00393700787402	0.00929605080053	0.00251497282152
3	0.0	0.0	0.00787401574803	0.00393700787402
4	0.0	0.0	0.0096148571201	0.00219616650195
5	0.0	0.0	0.00835742975475	0.0034535938673
6	0.0	0.0	0.00787401574803	0.00393700787402
7	0.0	0.0	0.00787401574803	0.00393700787402
8	0.0	0.0	0.00787401574803	0.00393700787402
9	0.0	0.00393700787402	0.0100169455541	0.00179407806793
10	0.0	0.0	0.010017738628	0.0017932849941
11	0.0	0.0	0.00787401574803	0.00393700787402
12	0.0	0.0	0.00835742975475	0.0034535938673
13	0.0	0.0	0.00932389953372	0.00248712408832
14	0.0	0.00393700787402	0.00787401574803	0.00393700787402
15	0.0	0.00393700787402	0.00787401574803	0.00393700787402
16	0.0	0.0	0.00787401574803	0.00393700787402
17	0.0	0.0	0.00787401574803	0.00393700787402
18	0.0	0.0	0.00787401574803	0.00393700787402
19	0.0	0.00393700787402	0.00929605080053	0.00251497282152
20	0.0	0.00393700787402	0.00787401574803	0.00393700787402
21	0.0	0.00393700787402	0.00883645647413	0.00297456714792
22	0.0	0.0	0.00787401574803	0.00393700787402
23	0.0	0.00393700787402	0.00858884519996	0.00322217842209
24	0.00393700787402	0.0	0.009611430267	0.00219959335504
25	0.0	0.0	0.00932389953372	0.00248712408832
26	0.0	0.00393700787402	0.00787401574803	0.00393700787402
27	0.0	0.00393700787402	0.00787401574803	0.00393700787402
28	0.0	0.0	0.00835742975475	0.0034535938673
29	0.0	0.00393700787402	0.00787401574803	0.00393700787402
30	0.0	0.0	0.00929790212409	0.00251312149796
31	0.0	0.00393700787402	0.00787401574803	0.00393700787402
32	0.0	0.0	0.00889005658551	0.00292096703653
33	0.0	0.0	0.00787401574803	0.00393700787402
34	0.0	0.0	0.010017738628	0.0017932849941
35	0.0	0.0	0.0096148571201	0.00219616650195
36	0.00393700787402	0.0	0.0103754103461	0.00143561327599
37	0.00393700787402	0.0	0.0103639939383	0.00144702968375
38	0.0	0.0	0.00787401574803	0.00393700787402
39	0.0	0.0	0.0096148571201	0.00219616650195
40	0.0	0.0	0.00929790212409	0.00251312149796
41	0.00393700787402	0.0	0.010010909503	0.00180011411904
42	0.0	0.0	0.010017738628	0.0017932849941
43	0.0	0.0	0.00889005658551	0.00292096703653
44	0.00393700787402	0.0	0.00999663899331	0.00181438462874
45	0.0	0.0	0.0096148571201	0.00219616650195
46	0.0	0.0	0.00787401574803	0.00393700787402
47	0.00393700787402	0.0	0.00835990500547	0.00345111861658
48	0.0	0.0	0.00787401574803	0.00393700787402
49	0.00393700787402	0.00393700787402	0.00787941505764	0.0039316085644
50	0.0	0.0	0.00932389953372	0.00248712408832
51	0.0	0.0	0.00883161111568	0.00297941250637
52	0.0	0.0	0.00835742975475	0.0034535938673
53	0.0	0.0	0.010017738628	0.0017932849941
54	0.0	0.0	0.00932389953372	0.00248712408832
55	0.00393700787402	0.0	0.00932389953372	0.00248712408832
56	0.0	0.00787401574803	0.00883354925906	0.00297747436299
57	0.0	0.0	0.00818142237687	0.00362960124518
58	0.0	0.0	0.00787401574803	0.00393700787402
59	0.00393700787402	0.00393700787402	0.00787401574803	0.00393700787402
60	0.0	0.0	0.00787401574803	0.00393700787402
61	0.0	0.0	0.010017738628	0.0017932849941
62	0.0	0.0	0.00883161111568	0.00297941250637
63	0.00393700787402	0.0	0.00787401574803	0.00393700787402
64	0.0	0.0	0.00787401574803	0.00393700787402
65	0.0	0.0	0.00463222476033	0.00717879886171
66	0.0	0.0	0.010017738628	0.0017932849941
67	0.0	0.0	0.011811023622	0.0
68	0.0	0.0	0.011811023622	0.0
69	0.00393700787402	0.00393700787402	0.00961507744278	0.00219594617927
70	0.0	0.0	0.00929790212409	0.00251312149796
71	0.0	0.0	0.00932389953372	0.00248712408832
72	0.00393700787402	0.0	0.010017738628	0.0017932849941
73	0.0	0.0	0.00932389953372	0.00248712408832
74	0.0	0.0	0.00787401574803	0.00393700787402
75	0.0	0.0	0.010017738628	0.0017932849941
76	0.0	0.0	0.0103611398364	0.00144988378569
77	0.0	0.0	0.00787401574803	0.00393700787402
78	0.00787401574803	0.0	0.0104010972635	0.00140992635853
79	0.00393700787402	0.0	0.00583480055885	0.00597622306319
80	0.0	0.0	0.00883161111568	0.00297941250637
81	0.0	0.0	0.00932389953372	0.00248712408832
82	0.0	0.00393700787402	0.00932293046203	0.00248809316001
83	0.00393700787402	0.0	0.00787823567496	0.00393278794709
84	0.00393700787402	0.0	0.00787401574803	0.00393700787402
85	0.0	0.0	0.00787401574803	0.00393700787402
86	0.0	0.0	0.00932389953372	0.00248712408832
87	0.0	0.0	0.00883161111568	0.00297941250637
88	0.0	0.0	0.010017738628	0.0017932849941
89	0.0	0.0	0.00883161111568	0.00297941250637
90	0.0	0.0	0.0096148571201	0.00219616650195
91	0.0	0.0	0.00787401574803	0.00393700787402
92	0.0	0.0	0.00929790212409	0.00251312149796
93	0.0	0.0	0.011811023622	0.0
94	0.0	0.0	0.00835742975475	0.0034535938673
95	0.00393700787402	0.0	0.00787401574803	0.00393700787402
96	0.0	0.0	0.011811023622	0.0
97	0.0	0.0	0.00787401574803	0.00393700787402
98	0.00393700787402	0.0	0.00787401574803	0.00393700787402
99	0.00787401574803	0.0	0.00929433141588	0.00251669220616
100	0.0	0.0	0.00787401574803	0.00393700787402