site	ns_changes	s_changes	ns_sites	s_sites
1	0.0	0.0	0.00787401574803	0.00393700787402
2	0.0	0.00393700787402	0.00787401574803	0.00393700787402
3	0.0	0.0	0.00787401574803	0.00393700787402
4	0.00393700787402	0.011811023622	0.00787615734859	0.00393486627346
5	0.0	0.00393700787402	0.00787401574803	0.00393700787402
6	0.0	0.0	0.00787401574803	0.00393700787402
7	0.0	0.0	0.00787401574803	0.00393700787402
8	0.0	0.0	0.00787401574803	0.00393700787402
9	0.0	0.00393700787402	0.00787401574803	0.00393700787402
10	0.0	0.0	0.00787401574803	0.00393700787402
11	0.00393700787402	0.00393700787402	0.00896901130996	0.00284201231209
12	0.0	0.0	0.00787401574803	0.00393700787402
13	0.00393700787402	0.00787401574803	0.00954708396165	0.0022639396604
14	0.0	0.0	0.00937500288683	0.00243602073522
15	0.0	0.0	0.00919301464826	0.00261800897379
16	0.00393700787402	0.0	0.00954513841553	0.00226588520652
17	0.00393700787402	0.0	0.00919446617256	0.00261655744949
18	0.00393700787402	0.00393700787402	0.00950683521685	0.00230418840519
19	0.00393700787402	0.0	0.00991014910047	0.00190087452158
20	0.0	0.00393700787402	0.00937319389674	0.00243782972531
21	0.0	0.0	0.00954583293972	0.00226519068232
22	0.00787401574803	0.0	0.00787661220256	0.00393441141949
23	0.0	0.00787401574803	0.00787401574803	0.00393700787402
24	0.0	0.0	0.00993038899463	0.00188063462742
25	0.0	0.0	0.00937500288683	0.00243602073522
26	0.00787401574803	0.00393700787402	0.00919255979428	0.00261846382776
27	0.0	0.00393700787402	0.00787401574803	0.00393700787402
28	0.0	0.00393700787402	0.00787401574803	0.00393700787402
29	0.0	0.0	0.00787401574803	0.00393700787402
30	0.0	0.0	0.00787401574803	0.00393700787402
31	0.0	0.00393700787402	0.00954961794026	0.00226140568178
32	0.0	0.0	0.00845603592181	0.00335498770023
33	0.00787401574803	0.00393700787402	0.00787829894914	0.00393272467291
34	0.0	0.00787401574803	0.00848859774341	0.00332242587864
35	0.0	0.00393700787402	0.00896240368412	0.00284861993793
36	0.00393700787402	0.00787401574803	0.00841849578119	0.00339252784086
37	0.0	0.0	0.00787401574803	0.00393700787402
38	0.0	0.0	0.00954583293972	0.00226519068232
39	0.011811023622	0.00393700787402	0.00786848783733	0.00394253578472
40	0.0	0.0	0.00845603592181	0.00335498770023
41	0.00393700787402	0.00393700787402	0.0102088793757	0.00160214424631
42	0.00393700787402	0.0	0.00919301464826	0.00261800897379
43	0.011811023622	0.0	0.00992229303697	0.00188873058508
44	0.0	0.0	0.00787401574803	0.00393700787402
45	0.0	0.00393700787402	0.00787401574803	0.00393700787402
46	0.0	0.0	0.00787401574803	0.00393700787402
47	0.0	0.00787401574803	0.00787401574803	0.00393700787402
48	0.0	0.00393700787402	0.00954658993983	0.00226443368222
49	0.00393700787402	0.0157480314961	0.009196633438	0.00261439018405
50	0.00393700787402	0.00393700787402	0.00787401574803	0.00393700787402
51	0.0	0.0	0.00787401574803	0.00393700787402
52	0.00787401574803	0.0	0.00734330138667	0.00446772223538
53	0.00393700787402	0.00393700787402	0.00988276046373	0.00192826315831
54	0.0	0.00393700787402	0.00846508087226	0.00334594274979
55	0.0	0.0	0.00826697893966	0.00354404468238
56	0.0	0.0	0.00937500288683	0.00243602073522
57	0.0	0.0	0.00993038899463	0.00188063462742
58	0.0	0.0	0.00993038899463	0.00188063462742
59	0.0	0.00787401574803	0.00936414894629	0.00244687467575
60	0.0	0.0	0.00787401574803	0.00393700787402
61	0.00393700787402	0.0	0.00989868388218	0.00191233973987
62	0.00393700787402	0.00393700787402	0.00787401574803	0.00393700787402
63	0.0	0.0	0.00845603592181	0.00335498770023
64	0.0	0.0	0.00787401574803	0.00393700787402
65	0.0	0.0	0.011811023622	0.0
66	0.00393700787402	0.00393700787402	0.0089643100624	0.00284671355965
67	0.0	0.0	0.00993038899463	0.00188063462742
68	0.00393700787402	0.0	0.00915926073939	0.00265176288265
69	0.0	0.0	0.00954583293972	0.00226519068232
70	0.00393700787402	0.0	0.00844114170477	0.00336988191728
71	0.00393700787402	0.0	0.00791679847144	0.00389422515061
72	0.00787401574803	0.0	0.00986260565076	0.00194841797128
73	0.00393700787402	0.0	0.0116523059425	0.000158717679591
74	0.00787401574803	0.00787401574803	0.00917936902908	0.00263165459297
75	0.0	0.0	0.00787401574803	0.00393700787402
76	0.0	0.0	0.00787401574803	0.00393700787402
77	0.00393700787402	0.00393700787402	0.00896026208357	0.00285076153848
78	0.00393700787402	0.0	0.00665572913393	0.00515529448811
79	0.00393700787402	0.0	0.00787615734859	0.00393486627346
80	0.011811023622	0.00393700787402	0.00833843461939	0.00347258900266
81	0.00393700787402	0.0	0.00919370917245	0.00261731444959
82	0.00393700787402	0.00393700787402	0.00990636409993	0.00190465952212
83	0.0	0.0	0.00787401574803	0.00393700787402
84	0.00393700787402	0.0	0.00787401574803	0.00393700787402
85	0.00787401574803	0.0	0.00917743592109	0.00263358770096
86	0.00787401574803	0.0	0.0083161132751	0.00349491034695
87	0.0157480314961	0.0	0.00911252455789	0.00269849906416
88	0.0	0.0	0.00787401574803	0.00393700787402
89	0.0157480314961	0.0	0.00992313137311	0.00188789224894
90	0.011811023622	0.0	0.00948810830012	0.00232291532192
91	0.00787401574803	0.00393700787402	0.0078895944752	0.00392142914685
92	0.00393700787402	0.0	0.00954143637886	0.00226958724319
93	0.00393700787402	0.0	0.00792663947285	0.0038843841492
94	0.00393700787402	0.0	0.00993038899463	0.00188063462742
95	0.0	0.00787401574803	0.00787401574803	0.00393700787402
96	0.00393700787402	0.0	0.0099263410158	0.00188468260625
97	0.00787401574803	0.0	0.00895766562904	0.00285335799301
98	0.011811023622	0.0	0.00789425564219	0.00391676797986
99	0.011811023622	0.0	0.00889984241404	0.002911181208
100	0.011811023622	0.0	0.0082646582909	0.00354636533115