site	ns_changes	s_changes	ns_sites	s_sites
1	0.0454545454545	0.1642228739	0.000998219297517	0.000468056362307
2	0.1206419029	0.132046269143	0.00112963494381	0.000336640716017
3	0.0454545454545	0.169110459433	0.00100501137501	0.000461264284812
4	0.0219941348974	0.0933528836755	0.00113961602712	0.000326659632708
5	0.00488758553275	0.107038123167	0.0011104767088	0.000355798951029
6	0.0576735092864	0.177256435321	0.0010082987555	0.000457976904328
7	0.00855327468231	0.0945747800587	0.00113479036409	0.000331485295731
8	0.0562072336266	0.151515151515	0.00102099239626	0.000445283263562
9	0.032991202346	0.17082111437	0.000997539070067	0.000468736589757
10	0.0933528836755	0.142717497556	0.0010729555794	0.000393320080423
11	0.0899315738025	0.142228739003	0.00107812950048	0.000388146159344
12	0.0928641251222	0.162267839687	0.00103889662038	0.000427379039445
13	0.0263929618768	0.110296513522	0.00110414525375	0.00036213040607
14	0.0921309872923	0.154936461388	0.0010466880018	0.000419587658019
15	0.0265558813946	0.111274030629	0.00111651081914	0.000349764840688
16	0.0290811339198	0.0901759530792	0.00114108379616	0.00032519186366
17	0.0299771912675	0.0785272075595	0.0011473700241	0.000318905635721
18	0.107282502444	0.137585532747	0.0011054775593	0.000360798100526
19	0.0834962528511	0.155017921147	0.00102140133892	0.000444874320902
20	0.0359237536657	0.0857771260997	0.00115871324116	0.000307562418663
21	0.146871945259	0.141495601173	0.00109915950112	0.0003671161587
22	0.151840990551	0.110622352558	0.00118410472067	0.000282170939154
23	0.145568589117	0.0988106875204	0.00117262576955	0.000293649890278
24	0.139459107201	0.155751058977	0.00107665387023	0.000389621789599
25	0.0762463343109	0.0767350928641	0.00115968215173	0.000306593508098
26	0.0453730856957	0.114939719778	0.00111804790265	0.000348227757173
27	0.058651026393	0.0989736070381	0.00113600870895	0.000330266950874
28	0.198761811665	0.112333007494	0.00114623194447	0.000320043715357
29	0.0677745193874	0.0999511241447	0.00115146859644	0.000314807063388
30	0.0623167155425	0.0960410557185	0.00113650878306	0.00032976687676
31	0.042440534376	0.100032583904	0.00112129866901	0.000344976990815
32	0.107038123167	0.0984848484848	0.00116631894919	0.000299956710631
33	0.171717171717	0.13082437276	0.00112666168471	0.000339613975114
34	0.0676930596285	0.0962854349951	0.00113964678134	0.000326628878481
35	0.207722385142	0.116324535679	0.00115193485039	0.000314340809435
36	0.115509938091	0.0927012056044	0.0011887305178	0.000277545142022
37	0.0812968393614	0.0807266210492	0.00114207042283	0.000324205236997
38	0.113229064842	0.109644835451	0.00115596317932	0.000310312480499
39	0.142147279244	0.151596611274	0.00104159833016	0.000424677329665
40	0.107445421962	0.0985663082437	0.0011885791405	0.000277696519323
41	0.0650048875855	0.106793743891	0.00112537277027	0.000340902889552
42	0.0478983382209	0.0869990224829	0.0011514277785	0.00031484788132
43	0.175057021831	0.118686868687	0.00110215538051	0.00036412027931
44	0.108015640274	0.0845552297165	0.00116159867476	0.000304676985065
45	0.228494623656	0.106060606061	0.00116600577491	0.00030026988491
46	0.239165852069	0.112821766048	0.0011591022911	0.000307173368728
47	0.217823395243	0.115998696644	0.00114342944464	0.000322846215181
48	0.236151840991	0.120397523623	0.00110412677247	0.000362148887356
49	0.238758553275	0.116324535679	0.00114678960912	0.000319486050705
50	0.183610296514	0.123818833496	0.00113505983122	0.000331215828602
51	0.0957966764418	0.097018572825	0.00111880704886	0.000347468610967
52	0.269061583578	0.10467579016	0.00115752505798	0.000308750601845
53	0.210899315738	0.117302052786	0.00113753623154	0.000328739428287
54	0.219859889215	0.118116650375	0.0011433472201	0.000322928439729
55	0.119990224829	0.103372434018	0.00112501379195	0.000341261867871
56	0.177174975562	0.0999511241447	0.00113085580647	0.000335419853353
57	0.231508634734	0.106875203649	0.00115318158634	0.000313094073483
58	0.236233300749	0.088302378625	0.00119679462014	0.000269481039681
59	0.272727272727	0.0987292277615	0.00118853319551	0.000277742464309
60	0.271668295862	0.1206419029	0.00115828741056	0.000307988249266
61	0.24421635712	0.0918051482568	0.00116991474968	0.00029636091014
62	0.181329423265	0.104594330401	0.00115186399132	0.000314411668506
63	0.229146301727	0.0888725969371	0.00117443568722	0.000291839972604
64	0.272645812968	0.113962202672	0.00114743868307	0.000318836976757
65	0.244460736396	0.110296513522	0.0011707738563	0.000295501803526
66	0.226702508961	0.0971814923428	0.00115244339926	0.000313832260567
67	0.263196480938	0.0914793092212	0.00118163962491	0.000284636034913
68	0.291137178234	0.0900944933203	0.00116429182432	0.000301983835503
69	0.216927337895	0.0844737699576	0.0011456773126	0.000320598347226
70	0.251792114695	0.11339198436	0.00114057390489	0.000325701754933
71	0.198191593353	0.103616813294	0.00116312728326	0.000303148376561
72	0.287227109808	0.0891984359726	0.00118589101147	0.000280384648358
73	0.290404040404	0.105490387748	0.0011599801992	0.000306295460623
74	0.262952101662	0.10101010101	0.00116601410505	0.000300261554772
75	0.246741609645	0.0966112740306	0.0011513235147	0.000314952145124
76	0.298061257739	0.108015640274	0.00114561725829	0.000320658401531
77	0.163245356794	0.0995438253503	0.00118125176251	0.000285023897315
78	0.294639947866	0.0968556533073	0.00115785298904	0.000308422670781
79	0.275252525253	0.0998696643858	0.0011502651273	0.000316010532528
80	0.23688497882	0.0830889540567	0.00115106366181	0.000315211998012
81	0.302867383513	0.0937601824699	0.00118220480182	0.000284070858004
82	0.222792440534	0.101254480287	0.00115967202768	0.00030660363214
83	0.291951775823	0.104187031606	0.00115361718775	0.000312658472071
84	0.301319648094	0.0975073313783	0.00115153165025	0.000314744009576
85	0.283968719453	0.106712284132	0.00114559079376	0.000320684866067
86	0.208944281525	0.0975887911372	0.00115178363029	0.000314492029533
87	0.239410231346	0.111029651352	0.00115283765878	0.000313438001046
88	0.298224177256	0.0978331704138	0.00115893681599	0.000307338843837
89	0.275578364288	0.102231997393	0.00114232721463	0.000323948445196
90	0.306044314109	0.0923753665689	0.00111443320677	0.000351842453055
91	0.313864450961	0.111681329423	0.00112422058884	0.000342055070986
92	0.296594982079	0.116568914956	0.00113540468252	0.000330870977305
93	0.31467904855	0.097018572825	0.00109931239881	0.000366963261014
94	0.329260345389	0.097018572825	0.00115610675446	0.000310168905368
95	0.336021505376	0.0966927337895	0.00114728585613	0.000318989803693
96	0.309139784946	0.0935158031932	0.0011435753203	0.000322700339519
97	0.313131313131	0.101580319322	0.00115755519977	0.000308720460052
98	0.287960247638	0.0966927337895	0.00112398733797	0.00034228832185
99	0.327386770935	0.110296513522	0.00114350631601	0.000322769343812
100	0.321684587814	0.106304985337	0.00112612251865	0.00034015314117