site	ns_changes	s_changes	ns_sites	s_sites
1	0.0344574780059	0.207478005865	0.000991880095217	0.000474395564607
2	0.0679374389052	0.121212121212	0.00114907771342	0.000317197946406
3	0.0369012707722	0.189882697947	0.000989204097921	0.000477071561903
4	0.0584066471163	0.16642228739	0.0010065886658	0.000459686994026
5	0.0738025415445	0.146627565982	0.00105276445693	0.00041351120289
6	0.0459433040078	0.177663734115	0.001001606017	0.00046466964282
7	0.0246823069404	0.195259042033	0.000992254110572	0.000474021549252
8	0.049853372434	0.172531769306	0.00100310419583	0.00046317146399
9	0.00317693059629	0.0779569892473	0.00112807933749	0.00033819632233
10	0.0393450635386	0.177174975562	0.000999917076536	0.000466358583288
11	0.0550667970023	0.0920495275334	0.00117186752186	0.000294408137963
12	0.0211795373086	0.100602802216	0.00111540646382	0.000350869196007
13	0.0349462365591	0.106060606061	0.00111831482933	0.000347960830498
14	0.030303030303	0.080156402737	0.00113703314024	0.000329242519581
15	0.117953730857	0.115184099055	0.00109697210795	0.000369303551875
16	0.0818670576735	0.170332355816	0.00102810698644	0.000438168673383
17	0.12789182144	0.162919517758	0.00105621407901	0.000410061580812
18	0.10826001955	0.136119257087	0.00106751642372	0.000398759236103
19	0.0965298142717	0.131720430108	0.00110036299775	0.000365912662074
20	0.0755131964809	0.0820299771913	0.00118831648973	0.000277959170094
21	0.0716031280547	0.0953079178886	0.00117826166022	0.000288013999601
22	0.119664385793	0.152574128381	0.00106425089661	0.000402024763216
23	0.119257086999	0.147605083089	0.0010584145524	0.000407861107422
24	0.173509286413	0.119827305311	0.0011317704777	0.000334505182128
25	0.118523949169	0.143939393939	0.00104605983671	0.000420215823116
26	0.0904203323558	0.0972629521017	0.00114070080885	0.000325574850978
27	0.0627240143369	0.0930270446399	0.00116021624483	0.000306059414998
28	0.193222548061	0.0847181492343	0.00120380533435	0.000262470325472
29	0.125855327468	0.132453567937	0.00109815003488	0.00036812562494
30	0.0891984359726	0.099706744868	0.00119003824709	0.000276237412731
31	0.147034864777	0.134490061909	0.00109176272659	0.000374512933238
32	0.150944933203	0.108585858586	0.00113428397924	0.000331991680588
33	0.120234604106	0.158357771261	0.00103626322305	0.000430012436776
34	0.10826001955	0.0891984359726	0.00119652462741	0.000269751032417
35	0.17587161942	0.0980775496905	0.00118897757578	0.000277298084041
36	0.203730856957	0.110215053763	0.00116029271767	0.000305982942158
37	0.19403714565	0.109970674487	0.00115019007745	0.000316085582371
38	0.203730856957	0.127647442164	0.00111699650376	0.000349279156066
39	0.208129683936	0.12569240795	0.00114483877307	0.000321436886755
40	0.241202346041	0.118116650375	0.00113713863231	0.000329137027517
41	0.160149885956	0.104512870642	0.00116732257745	0.000298953082373
42	0.218556533073	0.111599869664	0.0011354446648	0.000330830995023
43	0.0843108504399	0.0951449983708	0.00113066017812	0.0003356154817
44	0.0935158031932	0.0826816552623	0.00114988381473	0.000316391845092
45	0.207233626588	0.119501466276	0.00112779819154	0.000338477468281
46	0.211876832845	0.0979960899316	0.00114479774128	0.000321477918544
47	0.169517758227	0.146709025741	0.00106473947281	0.00040153618701
48	0.144835451287	0.0876507005539	0.00118076907796	0.000285506581859
49	0.229472140762	0.115591397849	0.00114124121023	0.000325034449591
50	0.170902574128	0.0957966764418	0.00116173225098	0.000304543408844
51	0.196562398175	0.116487455197	0.00113021134158	0.000336064318247
52	0.107282502444	0.093678722711	0.00112725543727	0.000339020222559
53	0.245764092538	0.12715868361	0.00112679752312	0.000339478136702
54	0.235011404366	0.0958781362007	0.00117670216046	0.000289573499368
55	0.148826979472	0.0887096774194	0.00116919814682	0.000297077513005
56	0.255050505051	0.106223525578	0.00115231462186	0.000313961037964
57	0.1903714565	0.0996252851092	0.00114375489063	0.000322520769198
58	0.277370478983	0.110866731834	0.00116114192153	0.000305133738294
59	0.240387748452	0.103372434018	0.00115583217006	0.000310443489768
60	0.176278918214	0.0945747800587	0.00116900915812	0.000297266501707
61	0.156728576083	0.105246008472	0.00114368598985	0.000322589669972
62	0.162593678723	0.0905832518736	0.00118056900747	0.000285706652353
63	0.254317367221	0.106793743891	0.00114344175568	0.000322833904148
64	0.263685239492	0.11412512219	0.00113253358513	0.000333742074693
65	0.222792440534	0.115428478332	0.00109524113589	0.000371034523933
66	0.225154773542	0.0977517106549	0.00117206050555	0.000294215154276
67	0.27256435321	0.112577386771	0.00111139662501	0.00035487903481
68	0.295536005213	0.116161616162	0.00110931697737	0.000356958682449
69	0.287960247638	0.110948191593	0.00114390818418	0.000322367475645
70	0.199902248289	0.0998696643858	0.00113198072508	0.00033429493474
71	0.259693711307	0.114206581949	0.00112744219631	0.000338833463518
72	0.276311502118	0.112495927012	0.00112199049178	0.000344285168039
73	0.270772238514	0.0989736070381	0.00115786020744	0.000308415452381
74	0.181085043988	0.0893613554904	0.00114133340378	0.000324942256047
75	0.266047572499	0.10174323884	0.00116130126514	0.000304974394679
76	0.291788856305	0.102883675464	0.00115044815739	0.000315827502433
77	0.243809058325	0.111762789182	0.00114489046618	0.00032138519364
78	0.284538937765	0.100032583904	0.00115461013993	0.00031166551989
79	0.299690452916	0.105734767025	0.00111038711932	0.000355888540502
80	0.285027696318	0.110377973281	0.00112480702757	0.00034146863225
81	0.289833822092	0.110215053763	0.00116148669935	0.000304788960477
82	0.251221896383	0.101091560769	0.00113976251851	0.000326513141313
83	0.320707070707	0.0913978494624	0.00115086807061	0.000315407589213
84	0.331867057674	0.0976702508961	0.00115780177173	0.000308473888091
85	0.306940371457	0.0975073313783	0.00112254396203	0.000343731697793
86	0.290811339198	0.109563375692	0.00111163485658	0.000354640803248
87	0.262707722385	0.0994623655914	0.00112795747655	0.000338318183278
88	0.226621049202	0.0871619420007	0.00114210958535	0.000324166074476
89	0.251955034213	0.0906647116325	0.00118227068491	0.000284004974919
90	0.315249266862	0.116894753992	0.00109267283661	0.000373602823213
91	0.330237862496	0.110215053763	0.00113373173351	0.000332543926311
92	0.26311502118	0.0931085043988	0.00112288893392	0.000343386725908
93	0.309221244705	0.0989736070381	0.00109781414971	0.000368461510109
94	0.326735092864	0.0938416422287	0.00116985455154	0.000296421108286
95	0.265558813946	0.0905017921147	0.0011708064351	0.000295469224726
96	0.310606060606	0.101987618117	0.00115743838768	0.000308837272144
97	0.283968719453	0.100684261975	0.00112217310506	0.000344102554761
98	0.3022971652	0.104349951124	0.00113766739834	0.00032860826148
99	0.328364288042	0.115917236885	0.0011131711093	0.000353104550522
100	0.311257738677	0.0886282176605	0.00118508193713	0.000281193722691