site	ns_changes	s_changes	ns_sites	s_sites
1	0.0	0.000488758553275	0.000977517106549	0.000488758553275
2	0.000488758553275	0.000488758553275	0.000977558708466	0.000488716951358
3	0.0	0.0	0.000977517106549	0.000488758553275
4	0.0	0.0	0.00115390724408	0.000312368415745
5	0.0	0.0	0.000977517106549	0.000488758553275
6	0.00293255131965	0.00244379276637	0.00114436529086	0.00032191036896
7	0.000488758553275	0.0019550342131	0.0011526406592	0.000313635000627
8	0.00244379276637	0.000977517106549	0.00121583361597	0.00025044204385
9	0.0	0.000977517106549	0.000977517106549	0.000488758553275
10	0.000488758553275	0.00146627565982	0.000977575577239	0.000488700082585
11	0.0	0.0	0.000977517106549	0.000488758553275
12	0.0	0.000488758553275	0.00103483161879	0.000431444041036
13	0.0058651026393	0.00244379276637	0.00114462426945	0.000321651390377
14	0.0019550342131	0.000488758553275	0.00121649810718	0.000249777552644
15	0.0	0.000977517106549	0.000977517106549	0.000488758553275
16	0.0	0.000488758553275	0.00103471507793	0.000431560581897
17	0.00342130987292	0.0019550342131	0.00121510442776	0.000251171232069
18	0.000488758553275	0.0019550342131	0.000977561905717	0.000488713754107
19	0.00146627565982	0.00537634408602	0.00114472209151	0.000321553568314
20	0.000977517106549	0.00439882697947	0.000978681884917	0.000487593774907
21	0.00537634408602	0.0039100684262	0.00114686722393	0.000319408435897
22	0.0019550342131	0.000488758553275	0.00065803106994	0.000808244589884
23	0.00244379276637	0.00342130987292	0.00097760282183	0.000488672837994
24	0.00293255131965	0.00293255131965	0.00121512863263	0.000251147027195
25	0.00342130987292	0.0	0.000981302880947	0.000484972778877
26	0.0039100684262	0.00146627565982	0.00113914124294	0.000327134416885
27	0.0019550342131	0.00244379276637	0.00115104255385	0.000315233105969
28	0.000488758553275	0.00146627565982	0.00120764414837	0.00025863151145
29	0.0	0.0	0.00114494584002	0.000321329819806
30	0.0039100684262	0.000977517106549	0.00114285331131	0.000323422348517
31	0.0019550342131	0.00146627565982	0.00115395606164	0.000312319598181
32	0.00733137829912	0.0019550342131	0.00114354283504	0.000322732824785
33	0.000488758553275	0.00293255131965	0.0011518831436	0.000314392516227
34	0.0	0.00244379276637	0.00103669627257	0.000429579387251
35	0.00342130987292	0.000977517106549	0.00121477644287	0.000251499216952
36	0.00244379276637	0.00537634408602	0.000980563449972	0.000485712209852
37	0.000977517106549	0.0019550342131	0.000977616493352	0.000488659166472
38	0.00488758553275	0.000977517106549	0.00115769965476	0.000308576005064
39	0.00439882697947	0.000488758553275	0.00129333668507	0.000172938974754
40	0.000977517106549	0.00342130987292	0.00103569236983	0.000430583289996
41	0.000977517106549	0.00342130987292	0.00114485967412	0.000321415985706
42	0.0019550342131	0.000977517106549	0.00120866404151	0.000257611618309
43	0.00830889540567	0.0019550342131	0.000980356070551	0.000485919589273
44	0.000977517106549	0.0	0.000977867930686	0.000488407729138
45	0.00342130987292	0.000488758553275	0.00113346179578	0.00033281386404
46	0.0019550342131	0.000488758553275	0.00114465003657	0.000321625623253
47	0.00293255131965	0.0058651026393	0.000978540009369	0.000487735650455
48	0.00146627565982	0.000488758553275	0.000977766718048	0.000488508941776
49	0.00146627565982	0.0039100684262	0.00103750644193	0.000428769217895
50	0.00733137829912	0.00293255131965	0.00128151876191	0.000184756897909
51	0.0019550342131	0.0019550342131	0.00103337561457	0.000432900045259
52	0.00293255131965	0.000488758553275	0.00114702901364	0.00031924664618
53	0.0019550342131	0.0019550342131	0.0012166368071	0.000249638852721
54	0.0019550342131	0.000977517106549	0.00114410364012	0.000322172019706
55	0.00488758553275	0.00293255131965	0.00103700909844	0.000429266561389
56	0.000977517106549	0.0	0.00128297241949	0.000183303240339
57	0.00782013685239	0.000977517106549	0.00127924754182	0.000187028118001
58	0.00782013685239	0.00537634408602	0.00120883857333	0.000257437086496
59	0.00244379276637	0.0058651026393	0.00115119105917	0.00031508460065
60	0.00439882697947	0.00293255131965	0.000977568424346	0.000488707235478
61	0.0058651026393	0.00293255131965	0.000977622202725	0.000488653457099
62	0.000488758553275	0.00146627565982	0.00121625520851	0.000250020451318
63	0.000977517106549	0.0019550342131	0.000981142289293	0.000485133370531
64	0.00146627565982	0.00146627565982	0.000978789389101	0.000487486270723
65	0.00439882697947	0.00244379276637	0.00115174683456	0.00031452882526
66	0.0019550342131	0.000977517106549	0.000977984872065	0.000488290787759
67	0.00244379276637	0.000488758553275	0.0009784867806	0.000487788879224
68	0.0019550342131	0.000488758553275	0.00115308126448	0.000313194395348
69	0.00244379276637	0.00439882697947	0.0011436474253	0.00032262823452
70	0.000977517106549	0.000977517106549	0.000978057931463	0.000488217728361
71	0.00244379276637	0.000488758553275	0.00103686218981	0.000429413470017
72	0.00684261974585	0.00635386119257	0.00114877147667	0.000317504183156
73	0.00244379276637	0.00244379276637	0.00114498108287	0.000321294576955
74	0.000488758553275	0.000977517106549	0.0012097487994	0.000256526860426
75	0.0190615835777	0.000977517106549	0.000999741939185	0.000466533720639
76	0.00342130987292	0.00342130987292	0.000978273963039	0.000488001696785
77	0.0102639296188	0.00342130987292	0.00113971686086	0.000326558798964
78	0.010752688172	0.00342130987292	0.0011464471686	0.000319828491225
79	0.0058651026393	0.00244379276637	0.000989335248076	0.000476940411748
80	0.0058651026393	0.0039100684262	0.00098203378424	0.000484241875584
81	0.010752688172	0.00146627565982	0.00112461020876	0.000341665451063
82	0.00342130987292	0.00146627565982	0.000978313927968	0.000487961731856
83	0.00488758553275	0.00537634408602	0.000977650256572	0.000488625403252
84	0.00488758553275	0.00146627565982	0.000981872115324	0.0004844035445
85	0.00537634408602	0.000977517106549	0.00115905413662	0.000307221523208
86	0.0112414467253	0.00537634408602	0.000688440783837	0.000777834875987
87	0.00488758553275	0.000488758553275	0.00116203180735	0.000304243852473
88	0.00293255131965	0.000977517106549	0.00116074019161	0.000305535468218
89	0.00293255131965	0.00293255131965	0.00115420394066	0.000312071719161
90	0.00782013685239	0.00146627565982	0.00114352130804	0.000322754351789
91	0.00342130987292	0.000488758553275	0.000972648472916	0.000493627186908
92	0.00244379276637	0.000488758553275	0.00115121462261	0.000315061037217
93	0.00782013685239	0.000977517106549	0.00119389433734	0.000272381322488
94	0.00439882697947	0.0	0.00146455124702	1.72441280682e-06
95	0.0019550342131	0.0	0.00146206519762	4.21046220273e-06
96	0.00293255131965	0.0019550342131	0.00114514991054	0.000321125749288
97	0.00439882697947	0.000488758553275	0.000978831203215	0.000487444456609
98	0.00635386119257	0.00146627565982	0.00121471882507	0.000251556834757
99	0.00293255131965	0.0019550342131	0.00116069974465	0.000305575915169
100	0.00488758553275	0.0019550342131	0.00104692469436	0.000419350965466