site	ns_changes	s_changes	ns_sites	s_sites
1	0.0	0.0	0.00831793827781	0.00349308534424
2	0.0	0.0	0.00787401574803	0.00393700787402
3	0.0	0.0	0.00787401574803	0.00393700787402
4	0.0	0.0	0.00787401574803	0.00393700787402
5	0.0	0.0	0.00787401574803	0.00393700787402
6	0.0	0.0	0.00787401574803	0.00393700787402
7	0.0	0.0	0.00787401574803	0.00393700787402
8	0.0	0.0	0.00910589134992	0.00270513227212
9	0.0	0.0	0.00787401574803	0.00393700787402
10	0.0	0.0	0.00787401574803	0.00393700787402
11	0.0	0.0	0.00787401574803	0.00393700787402
12	0.0	0.0	0.00787401574803	0.00393700787402
13	0.0	0.0	0.00925633500968	0.00255468861237
14	0.0	0.00393700787402	0.0091043402612	0.00270668336085
15	0.0	0.0	0.00831793827781	0.00349308534424
16	0.0	0.00393700787402	0.00960720579838	0.00220381782367
17	0.0	0.0	0.00787401574803	0.00393700787402
18	0.0	0.0	0.00787401574803	0.00393700787402
19	0.0	0.0	0.00922893892591	0.00258208469614
20	0.0	0.0	0.00831793827781	0.00349308534424
21	0.0	0.0	0.00787401574803	0.00393700787402
22	0.0	0.0	0.00787401574803	0.00393700787402
23	0.0	0.0	0.00787401574803	0.00393700787402
24	0.0	0.0	0.00910589134992	0.00270513227212
25	0.0	0.0	0.00910589134992	0.00270513227212
26	0.0	0.0	0.00831793827781	0.00349308534424
27	0.0	0.0	0.00831793827781	0.00349308534424
28	0.00393700787402	0.0	0.00797352481422	0.00383749880783
29	0.0	0.00393700787402	0.00787401574803	0.00393700787402
30	0.0	0.0	0.00787401574803	0.00393700787402
31	0.0	0.0	0.00961714007988	0.00219388354217
32	0.0	0.0	0.00787401574803	0.00393700787402
33	0.0	0.0	0.00910589134992	0.00270513227212
34	0.0	0.0	0.00787401574803	0.00393700787402
35	0.0	0.00393700787402	0.00923275980341	0.00257826381864
36	0.0	0.0	0.00961714007988	0.00219388354217
37	0.0	0.0	0.00787401574803	0.00393700787402
38	0.00393700787402	0.0	0.00943283768946	0.00237818593259
39	0.0	0.0	0.00922893892591	0.00258208469614
40	0.0	0.0	0.00831793827781	0.00349308534424
41	0.0	0.0	0.00831793827781	0.00349308534424
42	0.0	0.0	0.00961714007988	0.00219388354217
43	0.0	0.00393700787402	0.00787401574803	0.00393700787402
44	0.0	0.0	0.00831793827781	0.00349308534424
45	0.0	0.0	0.00922893892591	0.00258208469614
46	0.0	0.0	0.00922893892591	0.00258208469614
47	0.0	0.0	0.00787401574803	0.00393700787402
48	0.0	0.0	0.00787401574803	0.00393700787402
49	0.0	0.0	0.00961714007988	0.00219388354217
50	0.0	0.0	0.00831793827781	0.00349308534424
51	0.0	0.00393700787402	0.00831948936654	0.00349153425551
52	0.00393700787402	0.0	0.00925633500968	0.00255468861237
53	0.00393700787402	0.0	0.00961714007988	0.00219388354217
54	0.0	0.00393700787402	0.009256763044	0.00255426057804
55	0.0	0.0	0.00947377644752	0.00233724717453
56	0.0	0.0	0.00922893892591	0.00258208469614
57	0.0	0.0	0.00961714007988	0.00219388354217
58	0.0	0.00393700787402	0.00787401574803	0.00393700787402
59	0.0	0.0	0.00831793827781	0.00349308534424
60	0.0	0.0	0.00961714007988	0.00219388354217
61	0.00393700787402	0.0	0.00947329448389	0.00233772913815
62	0.00393700787402	0.0	0.00804000290347	0.00377102071858
63	0.0	0.00393700787402	0.009256763044	0.00255426057804
64	0.0	0.0	0.00922893892591	0.00258208469614
65	0.0	0.00393700787402	0.00947334841319	0.00233767520885
66	0.0	0.00393700787402	0.00961637590438	0.00219464771767
67	0.0	0.00393700787402	0.00961637590438	0.00219464771767
68	0.0	0.0	0.00947377644752	0.00233724717453
69	0.00393700787402	0.0	0.00787401574803	0.00393700787402
70	0.0	0.0	0.00961714007988	0.00219388354217
71	0.0	0.0	0.00910589134992	0.00270513227212
72	0.0	0.0	0.00887307654696	0.00293794707509
73	0.0	0.00393700787402	0.00787401574803	0.00393700787402
74	0.0	0.0	0.00787401574803	0.00393700787402
75	0.00393700787402	0.0	0.00707179905049	0.00473922457156
76	0.0	0.0	0.00787401574803	0.00393700787402
77	0.0	0.0	0.00787401574803	0.00393700787402
78	0.0	0.0	0.00947377644752	0.00233724717453
79	0.0	0.0	0.00922893892591	0.00258208469614
80	0.0	0.00393700787402	0.00787401574803	0.00393700787402
81	0.0	0.0	0.00961714007988	0.00219388354217
82	0.0	0.0	0.00961714007988	0.00219388354217
83	0.0	0.0	0.00787401574803	0.00393700787402
84	0.0	0.0	0.00831793827781	0.00349308534424
85	0.0	0.0	0.00910589134992	0.00270513227212
86	0.0	0.0	0.00887307654696	0.00293794707509
87	0.0	0.0	0.011811023622	0.0
88	0.0	0.0	0.00787401574803	0.00393700787402
89	0.0	0.0	0.00787401574803	0.00393700787402
90	0.0	0.0	0.00947377644752	0.00233724717453
91	0.0	0.0	0.0102112629226	0.00159976069949
92	0.0	0.0	0.00910589134992	0.00270513227212
93	0.0	0.0	0.00922893892591	0.00258208469614
94	0.0	0.0	0.00925633500968	0.00255468861237
95	0.00393700787402	0.0	0.00787401574803	0.00393700787402
96	0.0	0.0	0.00787401574803	0.00393700787402
97	0.0	0.0	0.00787401574803	0.00393700787402
98	0.0	0.0	0.011811023622	0.0
99	0.0	0.0	0.00922893892591	0.00258208469614
100	0.00787401574803	0.0	0.00788804314186	0.00392298048019