site	ns_changes	s_changes	ns_sites	s_sites
1	0.0220156555773	0.0582191780822	0.00202694403125	0.000908476712386
2	0.00293542074364	0.0293542074364	0.00195892649217	0.00097649425147
3	0.00391389432485	0.0362035225049	0.00218993459422	0.000745486149424
4	0.0	0.0176125244618	0.0022913390073	0.000644081736335
5	0.0	0.0244618395303	0.00195694716243	0.000978473581213
6	0.00440313111546	0.0278864970646	0.00195978071979	0.000975640023846
7	0.0	0.0293542074364	0.00207255383093	0.000862866912713
8	0.000978473581213	0.00489236790607	0.00195709505978	0.000978325683858
9	0.000978473581213	0.0166340508806	0.00195714417338	0.000978276570259
10	0.0181017612524	0.0190802348337	0.00205151792847	0.000883902815167
11	0.0195694716243	0.0352250489237	0.00232795384406	0.000607466899578
12	0.0151663405088	0.0768101761252	0.00199435268315	0.000941068060494
13	0.0494129158513	0.0259295499022	0.00238173583604	0.000553684907596
14	0.0107632093933	0.0577299412916	0.00196178309129	0.000973637652348
15	0.00684931506849	0.0185909980431	0.00197305305369	0.000962367689949
16	0.0645792563601	0.0166340508806	0.00214804673628	0.000787374007358
17	0.00978473581213	0.0283757338552	0.00196925750381	0.000966163239834
18	0.00831702544031	0.0288649706458	0.00196381580777	0.00097160493587
19	0.0244618395303	0.0332681017613	0.00223641280928	0.000699007934359
20	0.00538160469667	0.0205479452055	0.00228120851214	0.000654212231501
21	0.00831702544031	0.0220156555773	0.00228522453632	0.00065019620732
22	0.0166340508806	0.0195694716243	0.00198125300476	0.00095416773888
23	0.00391389432485	0.0225048923679	0.00196146676894	0.000973953974699
24	0.0283757338552	0.0283757338552	0.0023745097241	0.00056091101954
25	0.00391389432485	0.0176125244618	0.00228648949604	0.000648931247599
26	0.0308219178082	0.0171232876712	0.00215694183322	0.000778478910419
27	0.00293542074364	0.0146771037182	0.00206518461246	0.000870236131179
28	0.013698630137	0.00782778864971	0.00243323537952	0.000502185364119
29	0.027397260274	0.0523483365949	0.00210964575095	0.000825774992688
30	0.0122309197652	0.0278864970646	0.00198825512708	0.000947165616555
31	0.0313111545988	0.0489236790607	0.0019821063893	0.00095331435434
32	0.00782778864971	0.0225048923679	0.00207997614442	0.000855444599223
33	0.0210371819961	0.0200587084149	0.00240850179179	0.000526918951853
34	0.0254403131115	0.0205479452055	0.00215419192458	0.000781228819061
35	0.101272015656	0.0376712328767	0.00226327728717	0.000672143456471
36	0.00978473581213	0.0107632093933	0.001967086606	0.000968334137636
37	0.0489236790607	0.0362035225049	0.00229172434286	0.000643696400785
38	0.0714285714286	0.00587084148728	0.00207822639265	0.000857194350995
39	0.0954011741683	0.0200587084149	0.00235171927779	0.000583701465848
40	0.0283757338552	0.0264187866928	0.00224370496634	0.000691715777295
41	0.0166340508806	0.0176125244618	0.00240536772515	0.00053005301849
42	0.0176125244618	0.00880626223092	0.00222801418857	0.000707406555075
43	0.0645792563601	0.0254403131115	0.00236563376212	0.000569786981515
44	0.0523483365949	0.0357142857143	0.00230969161401	0.000625729129632
45	0.041095890411	0.0166340508806	0.00234872142057	0.000586699323065
46	0.0616438356164	0.00391389432485	0.00284932725737	8.60934862695e-05
47	0.0215264187867	0.0254403131115	0.00223803475609	0.000697385987545
48	0.0102739726027	0.0190802348337	0.00196251848309	0.000972902260549
49	0.0362035225049	0.0303326810176	0.00237453219381	0.000560888549832
50	0.0264187866928	0.0195694716243	0.00223370612936	0.00070171461428
51	0.00831702544031	0.0220156555773	0.00196949484236	0.000965925901285
52	0.0401174168297	0.00782778864971	0.00228503092421	0.000650389819429
53	0.00880626223092	0.0176125244618	0.00196357045969	0.00097185028395
54	0.0567514677104	0.0176125244618	0.00205649999932	0.000878920744317
55	0.0914872798434	0.0347358121331	0.00233663648265	0.000598784260995
56	0.0327788649706	0.0073385518591	0.0024250954037	0.000510325339943
57	0.0318003913894	0.0181017612524	0.00235964371354	0.000575777030098
58	0.0181017612524	0.0181017612524	0.00227426738748	0.000661153356165
59	0.03228962818	0.0185909980431	0.00226296900604	0.000672451737598
60	0.0381604696673	0.0352250489237	0.00215288729388	0.000782533449756
61	0.0817025440313	0.0288649706458	0.00223100269779	0.000704418045851
62	0.0841487279843	0.0303326810176	0.00227348494999	0.000661935793649
63	0.0772994129159	0.0303326810176	0.0022309320756	0.000704488668043
64	0.0141878669276	0.0200587084149	0.00197190435774	0.000963516385896
65	0.0684931506849	0.0254403131115	0.00218393748793	0.000751483255714
66	0.0210371819961	0.00831702544031	0.0019799774969	0.000955443246741
67	0.0587084148728	0.0337573385519	0.00225581834326	0.00067960240038
68	0.0836594911937	0.0171232876712	0.00229260938681	0.000642811356833
69	0.0826810176125	0.0278864970646	0.00224431544524	0.000691105298397
70	0.0763209393346	0.0215264187867	0.00230606828378	0.00062935245986
71	0.0577299412916	0.0205479452055	0.00212286039662	0.000812560347015
72	0.0318003913894	0.0259295499022	0.00226436100277	0.000671059740865
73	0.0543052837573	0.0220156555773	0.0020269355451	0.000908485198545
74	0.0680039138943	0.0141878669276	0.00225905726474	0.000676363478899
75	0.0303326810176	0.0185909980431	0.0022819562368	0.00065346450684
76	0.0636007827789	0.0195694716243	0.00235737842826	0.000578042315379
77	0.0958904109589	0.0156555772994	0.00214627608057	0.000789144663074
78	0.055609915199	0.047619047619	0.00224804553613	0.00068737520751
79	0.0631115459883	0.0229941291585	0.00232728618825	0.00060813455539
80	0.0748532289628	0.0249510763209	0.00230245124654	0.000632969497104
81	0.0454990215264	0.0406066536204	0.00211083040298	0.000824590340657
82	0.0376712328767	0.0215264187867	0.0023564622199	0.000578958523744
83	0.0469667318982	0.0283757338552	0.00198738403154	0.000948036712098
84	0.0552837573386	0.0181017612524	0.00225117304394	0.000684247699704
85	0.0342465753425	0.0176125244618	0.00198343206181	0.000951988681827
86	0.0513698630137	0.0190802348337	0.00200870931125	0.000926711432392
87	0.0528375733855	0.0181017612524	0.00202582127251	0.000909599471133
88	0.00684931506849	0.00880626223092	0.00195921056258	0.000976210181058
89	0.0680039138943	0.0357142857143	0.00216533566994	0.000770085073698
90	0.102739726027	0.0391389432485	0.00234365439802	0.000591766345616
91	0.0817025440313	0.027397260274	0.00197118309657	0.000964237647068
92	0.0503913894325	0.0171232876712	0.00223560542404	0.000699815319604
93	0.11252446184	0.0244618395303	0.00226527785168	0.000670142891956
94	0.0474559686888	0.00195694716243	0.00284902667594	8.63940676996e-05
95	0.0640900195695	0.01614481409	0.00264494161377	0.000290479129874
96	0.0680039138943	0.0132093933464	0.0022955790442	0.000639841699445
97	0.0582191780822	0.0132093933464	0.0022393040315	0.00069611671214
98	0.109099804305	0.0318003913894	0.00221042984067	0.000724990902966
99	0.0415851272016	0.00489236790607	0.00278553982568	0.000149880917958
100	0.0919765166341	0.0308219178082	0.00229457020003	0.000640850543607