site	ns_changes	s_changes	ns_sites	s_sites
1	0.0	0.00146627565982	0.00101867732074	0.000447598339081
2	0.0	0.000488758553275	0.000977517106549	0.000488758553275
3	0.000977517106549	0.000977517106549	0.000977596951721	0.000488678708103
4	0.0	0.0019550342131	0.000977517106549	0.000488758553275
5	0.0	0.0	0.00101840282669	0.000447872833135
6	0.000488758553275	0.000488758553275	0.000977706081834	0.00048856957799
7	0.000488758553275	0.000488758553275	0.00117494326588	0.00029133239394
8	0.0	0.000977517106549	0.00117862892733	0.000287646732499
9	0.000488758553275	0.0	0.000977565398561	0.000488710261263
10	0.0	0.000977517106549	0.0010189518148	0.000447323845027
11	0.0	0.00146627565982	0.000977517106549	0.000488758553275
12	0.0	0.000977517106549	0.00126494109518	0.000201334564643
13	0.00146627565982	0.0	0.0012664030661	0.000199872593721
14	0.0	0.000977517106549	0.000977517106549	0.000488758553275
15	0.000977517106549	0.000977517106549	0.000977743876891	0.000488531782933
16	0.000488758553275	0.0	0.00126682822052	0.000199447439301
17	0.0	0.000488758553275	0.000977517106549	0.000488758553275
18	0.0	0.0	0.00117886420794	0.000287411451881
19	0.0	0.0	0.00117886420794	0.000287411451881
20	0.000488758553275	0.0	0.00118430417254	0.00028197148728
21	0.000977517106549	0.000977517106549	0.00126451693223	0.000201758727589
22	0.0	0.000977517106549	0.000977517106549	0.000488758553275
23	0.00244379276637	0.00244379276637	0.000978289778736	0.000487985881088
24	0.0039100684262	0.0	0.00146458545091	1.69020891178e-06
25	0.000977517106549	0.000488758553275	0.0012507940626	0.000215481597225
26	0.000488758553275	0.000488758553275	0.00126653941418	0.000199736245647
27	0.0	0.000488758553275	0.00114103425016	0.000325241409667
28	0.0	0.000488758553275	0.00117381589897	0.000292459760855
29	0.000488758553275	0.000488758553275	0.000978674861544	0.00048760079828
30	0.00146627565982	0.000488758553275	0.00126653197214	0.000199743687686
31	0.000488758553275	0.000488758553275	0.00126264814922	0.000203627510607
32	0.000488758553275	0.000977517106549	0.00126235189589	0.000203923763938
33	0.0	0.0	0.00117886420794	0.000287411451881
34	0.00146627565982	0.000488758553275	0.00126872001268	0.000197555647141
35	0.000488758553275	0.000488758553275	0.00117774852013	0.000288527139697
36	0.0	0.000977517106549	0.00126814662797	0.00019812903185
37	0.00146627565982	0.00244379276637	0.00117474768583	0.000291527973998
38	0.000488758553275	0.00244379276637	0.00113487432452	0.0003314013353
39	0.000488758553275	0.00146627565982	0.00117822680134	0.000288048858484
40	0.0	0.0	0.00126684972236	0.000199425937465
41	0.0	0.0	0.00117886420794	0.000287411451881
42	0.00293255131965	0.0	0.00146424266819	2.03299163451e-06
43	0.0019550342131	0.000488758553275	0.00114139250499	0.000324883154832
44	0.0019550342131	0.000488758553275	0.000977806556274	0.00048846910355
45	0.0039100684262	0.0	0.000978860537561	0.000487415122263
46	0.0	0.000488758553275	0.000977517106549	0.000488758553275
47	0.0	0.0	0.00101840282669	0.000447872833135
48	0.000977517106549	0.00146627565982	0.000977565398561	0.000488710261263
49	0.000977517106549	0.000488758553275	0.00113227314499	0.000334002514835
50	0.000977517106549	0.0	0.0012625858068	0.000203689853023
51	0.0039100684262	0.0019550342131	0.00097854080271	0.000487734857114
52	0.000977517106549	0.0	0.000975845268852	0.000490430390972
53	0.0	0.000488758553275	0.00113281479387	0.000333460865952
54	0.00244379276637	0.000977517106549	0.00112634143248	0.000339934227347
55	0.000977517106549	0.0	0.00126677659231	0.000199499067511
56	0.00244379276637	0.0	0.000985268992769	0.000481006667055
57	0.000488758553275	0.00146627565982	0.000977554901606	0.000488720758218
58	0.0	0.000977517106549	0.00126654187927	0.000199733780558
59	0.000488758553275	0.000488758553275	0.00117818532874	0.000288090331084
60	0.0	0.0	0.00117886420794	0.000287411451881
61	0.000488758553275	0.000977517106549	0.00114102511188	0.000325250547944
62	0.000488758553275	0.000977517106549	0.0011487079126	0.00031756774722
63	0.00146627565982	0.000488758553275	0.0011748759196	0.000291399740223
64	0.000977517106549	0.000977517106549	0.00114073865804	0.000325537001788
65	0.00146627565982	0.000488758553275	0.00114062899349	0.000325646666334
66	0.000488758553275	0.0	0.00111765214995	0.000348623509875
67	0.000488758553275	0.0	0.00146564786367	6.27796151724e-07
68	0.00146627565982	0.000977517106549	0.00108093090638	0.000385344753442
69	0.000977517106549	0.0	0.00126680489259	0.000199470767232
70	0.0	0.000488758553275	0.00117882499451	0.000287450665317
71	0.0	0.000977517106549	0.00114131130894	0.000324964350883
72	0.000977517106549	0.000488758553275	0.0011748152372	0.000291460422629
73	0.00146627565982	0.000488758553275	0.00113956211442	0.000326713545404
74	0.0019550342131	0.0	0.00117440363813	0.000291872021692
75	0.0	0.000488758553275	0.00117882499451	0.000287450665317
76	0.00146627565982	0.000488758553275	0.00117439944537	0.000291876214454
77	0.0019550342131	0.00293255131965	0.00113702279184	0.000329252867983
78	0.00342130987292	0.00244379276637	0.000979602398466	0.000486673261358
79	0.000977517106549	0.000488758553275	0.00126460538085	0.000201670278976
80	0.00293255131965	0.000488758553275	0.00122986439613	0.000236411263694
81	0.000488758553275	0.0	0.00126479922239	0.00020147643743
82	0.000977517106549	0.0019550342131	0.00100756709844	0.000458708561384
83	0.0019550342131	0.00146627565982	0.0011326613891	0.000333614270724
84	0.000488758553275	0.0	0.00111719150513	0.000349084154696
85	0.00244379276637	0.000977517106549	0.000977815537243	0.000488460122581
86	0.0019550342131	0.000977517106549	0.000655151440319	0.000811124219505
87	0.000977517106549	0.0	0.00114036133499	0.000325914324832
88	0.000488758553275	0.00244379276637	0.00113256286696	0.000333712792865
89	0.000977517106549	0.0019550342131	0.00097750616604	0.000488769493784
90	0.00244379276637	0.000977517106549	0.0011657082761	0.000300567383724
91	0.000977517106549	0.0	0.00146407099297	2.20466685749e-06
92	0.000977517106549	0.00146627565982	0.00101681887892	0.000449456780905
93	0.00342130987292	0.00146627565982	0.000979593081023	0.000486682578801
94	0.000488758553275	0.0	0.00113972257362	0.000326553086209
95	0.000488758553275	0.0	0.00114001233067	0.00032626332915
96	0.000977517106549	0.000488758553275	0.00126663611293	0.000199639546891
97	0.000977517106549	0.000488758553275	0.00097963831341	0.000486637346414
98	0.0019550342131	0.000977517106549	0.00117482357652	0.000291452083303
99	0.0019550342131	0.000488758553275	0.00117497976629	0.000291295893537
100	0.0	0.000488758553275	0.00117511752135	0.000291158138471