site	ns_changes	s_changes	ns_sites	s_sites
1	0.000977517106549	0.0	0.00114616106123	0.000320114598595
2	0.0	0.0	0.000977517106549	0.000488758553275
3	0.000488758553275	0.000488758553275	0.00115454262603	0.000311733033799
4	0.0	0.000488758553275	0.000977517106549	0.000488758553275
5	0.0	0.0	0.000977517106549	0.000488758553275
6	0.000488758553275	0.000977517106549	0.000977557584342	0.000488718075482
7	0.000488758553275	0.00244379276637	0.000977517106549	0.000488758553275
8	0.0	0.000488758553275	0.000977517106549	0.000488758553275
9	0.0	0.0019550342131	0.000977517106549	0.000488758553275
10	0.000488758553275	0.000977517106549	0.0009775768079	0.000488698851924
11	0.0	0.000977517106549	0.00115460957219	0.000311666087631
12	0.000488758553275	0.000488758553275	0.000977557584342	0.000488718075482
13	0.00146627565982	0.000977517106549	0.00103282063788	0.000433455021945
14	0.00684261974585	0.000977517106549	0.000993400143936	0.000472875515888
15	0.0	0.0	0.000977517106549	0.000488758553275
16	0.00464320625611	0.000244379276637	0.000988107021587	0.000478168638237
17	0.00244379276637	0.0039100684262	0.000978712870531	0.000487562789293
18	0.0	0.00244379276637	0.00103293443002	0.000433341229809
19	0.00537634408602	0.00342130987292	0.0011611133372	0.000305162322624
20	0.0	0.000977517106549	0.00115472930173	0.000311546358094
21	0.000488758553275	0.000488758553275	0.000977723272753	0.000488552387071
22	0.000977517106549	0.000977517106549	0.00122171839744	0.000244557262384
23	0.00342130987292	0.000977517106549	0.0011584884731	0.000307787186726
24	0.00146627565982	0.0019550342131	0.00114630880611	0.000319966853713
25	0.00146627565982	0.00146627565982	0.00122138003361	0.000244895626217
26	0.0	0.0058651026393	0.000977517106549	0.000488758553275
27	0.000977517106549	0.000977517106549	0.000978878509754	0.00048739715007
28	0.00244379276637	0.00977517106549	0.000977970672198	0.000488304987626
29	0.0	0.0	0.0011547891665	0.000311486493326
30	0.00146627565982	0.00342130987292	0.00103650875014	0.00042976690968
31	0.00415444770283	0.00122189638319	0.00114084707813	0.000325428581694
32	0.00146627565982	0.000977517106549	0.00122086938895	0.000245406270876
33	0.0019550342131	0.00293255131965	0.00114628653901	0.000319989120816
34	0.00488758553275	0.0039100684262	0.00109822866645	0.000368046993373
35	0.00244379276637	0.00293255131965	0.00115140148129	0.000314874178531
36	0.000488758553275	0.0019550342131	0.00122061537608	0.000245660283746
37	0.00146627565982	0.0019550342131	0.00115383371055	0.00031244194927
38	0.00293255131965	0.0	0.00114205307874	0.000324222581086
39	0.000977517106549	0.0019550342131	0.00103463082608	0.000431644833742
40	0.0146627565982	0.0039100684262	0.00121999186189	0.000246283797932
41	0.0	0.0	0.000977517106549	0.000488758553275
42	0.0039100684262	0.000977517106549	0.0011629840402	0.000303291619624
43	0.000977517106549	0.000977517106549	0.00115412828983	0.000312147369996
44	0.0	0.00244379276637	0.00115356193874	0.000312713721082
45	0.0019550342131	0.0	0.000977640806272	0.000488634853552
46	0.0019550342131	0.00146627565982	0.00103342350502	0.000432852154802
47	0.00488758553275	0.00293255131965	0.00127993296591	0.000186342693917
48	0.00488758553275	0.0	0.00127862980044	0.000187645859383
49	0.000488758553275	0.0	0.000978712870531	0.000487562789293
50	0.000977517106549	0.00293255131965	0.000983189619902	0.000483086039922
51	0.0	0.000977517106549	0.000977517106549	0.000488758553275
52	0.000977517106549	0.0	0.000977599573031	0.000488676086793
53	0.00244379276637	0.00146627565982	0.00122121220398	0.000245063455843
54	0.00928641251222	0.0	0.00134099214475	0.000125283515076
55	0.0	0.00293255131965	0.00114874282487	0.000317532834954
56	0.00684261974585	0.000488758553275	0.00122137161794	0.000244904041883
57	0.000977517106549	0.0	0.000980875234454	0.00048540042537
58	0.00244379276637	0.000977517106549	0.00122082891116	0.000245446748668
59	0.0	0.00146627565982	0.00103287456525	0.000433401094577
60	0.00342130987292	0.000488758553275	0.000985300116038	0.000480975543786
61	0.000977517106549	0.00244379276637	0.00115445542163	0.000311820238197
62	0.00146627565982	0.00146627565982	0.00114612540504	0.000320150254786
63	0.00342130987292	0.00146627565982	0.00114235574016	0.000323919919665
64	0.00293255131965	0.0019550342131	0.00121886224049	0.000247413419331
65	0.00488758553275	0.00146627565982	0.00122015907424	0.000246116585581
66	0.00244379276637	0.0019550342131	0.00121077719852	0.000255498461302
67	0.0171065493646	0.00342130987292	0.00110776445679	0.000358511203037
68	0.000488758553275	0.000488758553275	0.000977557584342	0.000488718075482
69	0.00342130987292	0.000977517106549	0.000979422962696	0.000486852697128
70	0.00782013685239	0.00342130987292	0.000982733495139	0.000483542164685
71	0.00537634408602	0.00635386119257	0.000986081461899	0.000480194197925
72	0.0039100684262	0.000488758553275	0.00137716056869	8.91150911361e-05
73	0.00684261974585	0.00244379276637	0.0011623366823	0.000303938977522
74	0.00537634408602	0.0	0.00145347106321	1.28045966098e-05
75	0.00830889540567	0.0039100684262	0.00114528501758	0.000320990642242
76	0.00537634408602	0.00635386119257	0.00097765324687	0.000488622412954
77	0.0019550342131	0.0019550342131	0.000981218590314	0.00048505706951
78	0.00293255131965	0.000977517106549	0.00098064833392	0.000485627325904
79	0.00146627565982	0.00244379276637	0.00103299331465	0.000433282345173
80	0.0039100684262	0.0019550342131	0.000977401526641	0.000488874133183
81	0.00146627565982	0.00146627565982	0.00115420988905	0.000312065770778
82	0.00733137829912	0.00293255131965	0.00116059103617	0.000305684623651
83	0.00733137829912	0.000977517106549	0.00116391913607	0.000302356523753
84	0.0039100684262	0.000488758553275	0.000986349674907	0.000479925984917
85	0.00244379276637	0.000977517106549	0.000975491905898	0.000490783753926
86	0.000488758553275	0.000488758553275	0.000977517106549	0.000488758553275
87	0.00244379276637	0.0	0.000900929009079	0.000565346650745
88	0.0019550342131	0.00244379276637	0.000903728255918	0.000562547403906
89	0.0019550342131	0.000977517106549	0.00121870421941	0.000247571440413
90	0.0122189638319	0.00293255131965	0.000983139392383	0.000483136267441
91	0.010752688172	0.0019550342131	0.00119074387051	0.000275531789311
92	0.00342130987292	0.0	0.00146384254533	2.43311449585e-06
93	0.00782013685239	0.00537634408602	0.000973552023172	0.000492723636652
94	0.00342130987292	0.0	0.00146249326507	3.78239475019e-06
95	0.00488758553275	0.00146627565982	0.0011629413812	0.00030333427862
96	0.0136852394917	0.0019550342131	0.000986170872598	0.000480104787226
97	0.0019550342131	0.00244379276637	0.00121864403811	0.000247631621711
98	0.00146627565982	0.000488758553275	0.0014475404726	1.87351872287e-05
99	0.010752688172	0.0039100684262	0.000903984945536	0.000562290714288
100	0.00342130987292	0.00244379276637	0.00101918892535	0.000447086734476