site	ns_changes	s_changes	ns_sites	s_sites
1	0.0559355153884	0.0183194919394	0.000553467106912	0.000179312570665
2	0.00232046897899	0.0169760625305	0.000488824123747	0.00024395555383
3	0.00134342940889	0.00671714704446	0.000489041006153	0.000243738671424
4	0.000610649731314	0.0145334636053	0.000488545465811	0.000244234211766
5	0.00195407914021	0.013922813874	0.000489390557577	0.00024338912
6	0.0588666340987	0.0339521250611	0.000540652525129	0.000192127152448
7	0.0416463116756	0.0294333170493	0.000584532700032	0.000148246977545
8	0.00293111871031	0.0200293111871	0.00048915705358	0.000243622623997
9	0.00195407914021	0.0175867122618	0.00048984155684	0.000242938120737
10	0.00464093795799	0.0127015144113	0.00049200522258	0.000240774454996
11	0.00366389838788	0.0085490962384	0.000489459137601	0.000243320539975
12	0.00341963849536	0.0175867122618	0.000489045796589	0.000243733880988
13	0.0359062042013	0.0273571079629	0.000591296938811	0.000141482738766
14	0.0211284807035	0.0545920859795	0.000497235944969	0.000235543732608
15	0.0232046897899	0.0495847581827	0.000500226375917	0.00023255330166
16	0.01209086468	0.030654616512	0.000560455059614	0.000172324617963
17	0.0371275036639	0.0322423058134	0.000543990647313	0.000188789030264
18	0.019052271617	0.023693209575	0.000565087531166	0.000167692146411
19	0.00415241817294	0.0244259892526	0.000562599930844	0.000170179746733
20	0.0505617977528	0.033463605276	0.000553207566632	0.000179572110945
21	0.0582559843674	0.0345627747924	0.000572272546015	0.000160507131561
22	0.00586223742062	0.0131900341964	0.000566728515088	0.000166051162489
23	0.0107474352711	0.0180752320469	0.000516762033749	0.000216017643828
24	0.0515388373229	0.0280898876404	0.000554996285654	0.000177783391923
25	0.0194186614558	0.0186858817782	0.000493785510383	0.000238994167194
26	0.032975085491	0.0200293111871	0.000584141449727	0.00014863822785
27	0.0185637518319	0.0266243282853	0.000548982860815	0.000183796816762
28	0.0521494870542	0.0113580850024	0.000542898430817	0.00018988124676
29	0.0818270639961	0.0210063507572	0.000586718824382	0.000146060853195
30	0.0327308255984	0.0214948705423	0.000531964202151	0.000200815475425
31	0.0290669272106	0.0299218368344	0.000597947640832	0.000134832036745
32	0.0153883732291	0.0322423058134	0.000561263244462	0.000171516433115
33	0.0095261358085	0.0351734245237	0.000490967696984	0.000241811980593
34	0.0531265266243	0.0243038593063	0.000588701246122	0.000144078431455
35	0.0515388373229	0.0205178309722	0.000560479591064	0.000172300086513
36	0.0217391304348	0.0107474352711	0.000517334181869	0.000215445495708
37	0.00720566682951	0.0191744015633	0.000519717215751	0.000213062461826
38	0.00451880801172	0.0107474352711	0.00056738638728	0.000165393290297
39	0.0410356619443	0.0200293111871	0.000568140270134	0.000164639407443
40	0.0434782608696	0.0273571079629	0.000524338954786	0.000208440722791
41	0.0254030288227	0.0197850512946	0.000510710211778	0.000222069465799
42	0.0558133854421	0.00647288715193	0.000698807848049	3.39718295274e-05
43	0.0512945774304	0.0429897410845	0.00051683907519	0.000215940602387
44	0.0192965315095	0.0207620908647	0.000494771690365	0.000238007987212
45	0.026502198339	0.00989252564729	0.000577930069017	0.00015484960856
46	0.0247923790914	0.0340742550073	0.000495842418072	0.000236937259505
47	0.0680263800684	0.0365168539326	0.000564490918664	0.000168288758913
48	0.0260950985182	0.0298404168702	0.000502900209763	0.000229879467814
49	0.0476306790425	0.0158768930142	0.000585091121332	0.000147688556245
50	0.0712831786354	0.046450089562	0.000482195242664	0.000250584434913
51	0.0565461651197	0.0307767464582	0.000564272482343	0.000168507195234
52	0.0547142159257	0.0192965315095	0.00059307666566	0.000139703011917
53	0.0172203224231	0.0186858817782	0.00051969508055	0.000213084597027
54	0.02418172936	0.0273571079629	0.000494222267861	0.000238557409716
55	0.117611138251	0.0277234978017	0.000580911964718	0.000151867712859
56	0.0515388373229	0.0148998534441	0.000546627832659	0.000186151844918
57	0.0378602833415	0.0156326331216	0.000602802303879	0.000129977373698
58	0.0351734245237	0.0122129946263	0.00058563014988	0.000147149527696
59	0.0867122618466	0.0282120175867	0.000508099816643	0.000224679860934
60	0.0781631656082	0.0276013678554	0.000574938916692	0.000157840760885
61	0.059965803615	0.0201514411334	0.000501993877494	0.000230785800083
62	0.0945285784074	0.0297997068881	0.000568294044907	0.00016448563267
63	0.0716902784563	0.0291890571568	0.000577742035041	0.000155037642536
64	0.0254030288227	0.0200293111871	0.000493665038439	0.000239114639138
65	0.0626526624328	0.0233268197362	0.000584430572394	0.000148349105183
66	0.0442110405471	0.0146555935515	0.000599881741129	0.000132897936448
67	0.0313873961895	0.0189301416707	0.00051791467615	0.000214865001427
68	0.0790994951962	0.0195815013841	0.000574739848706	0.000158039828871
69	0.0947728383	0.0317537860283	0.000582948045989	0.000149831631588
70	0.0675378602833	0.0350512945774	0.00056499167958	0.000167787997997
71	0.102100635076	0.0183194919394	0.000547172423271	0.000185607254306
72	0.0769418661456	0.0276013678554	0.000468661978516	0.000264117699061
73	0.0957498778701	0.0278456277479	0.000601128384411	0.000131651293166
74	0.0658280410357	0.0135564240352	0.000560580728935	0.000172198948642
75	0.0659094609998	0.018604461814	0.000554988369448	0.000177791308129
76	0.0773082559844	0.033463605276	0.000549086453222	0.000183693224355
77	0.0985588666341	0.0316316560821	0.000564084982728	0.000168694694849
78	0.0295554469956	0.0136785539814	0.000493000270546	0.000239779407031
79	0.0703468490474	0.0274792379091	0.000505230887755	0.000227548789822
80	0.0814606741573	0.0238153395213	0.000474803402253	0.000257976275324
81	0.0423790913532	0.0199071812408	0.000497773524477	0.000235006153099
82	0.0354176844162	0.0300439667807	0.000495020431223	0.000237759246354
83	0.0591108939912	0.0195407914021	0.000530553271729	0.000202226405848
84	0.0972154372252	0.0346849047386	0.000567475039136	0.000165304638441
85	0.0942843185149	0.0207620908647	0.000580424157892	0.000152355519685
86	0.0895619605927	0.0245074092167	0.000573737619349	0.000159042058228
87	0.0574824947077	0.0299625468165	0.000580444134825	0.000152335542752
88	0.0858573522228	0.0223497801661	0.000571812836624	0.000160966840953
89	0.0880149812734	0.0253216088585	0.000543320751331	0.000189458926246
90	0.10413613418	0.0451473701352	0.000573133024109	0.000159646653468
91	0.0725451880801	0.0183194919394	0.000498065279511	0.000234714398066
92	0.0951392281387	0.0321201758671	0.000566078615283	0.000166701062294
93	0.0962383976551	0.0371275036639	0.000518294829912	0.000214484847665
94	0.0744992672203	0.0240595994138	0.000580918913535	0.000151860764042
95	0.108939912066	0.0289447972643	0.000566129463326	0.00016665021425
96	0.0997801660967	0.03529555447	0.00056825675666	0.000164522920917
97	0.0821120338707	0.0226754600228	0.000526253693718	0.000206525983859
98	0.0555691255496	0.0256472887152	0.000494746033076	0.000238033644501
99	0.088299951148	0.0233268197362	0.00056977786008	0.000163001817497
100	0.076209086468	0.0399364924279	0.000492549361451	0.000240230316126