site	ns_changes	s_changes	ns_sites	s_sites
1	0.000488519785051	0.00341963849536	0.000488548864301	0.000244230813276
2	0.000244259892526	0.00195407914021	0.000488529965464	0.000244249712113
3	0.0	0.000488519785051	0.000488519785051	0.000244259892526
4	0.000488519785051	0.000977039570103	0.000576017709922	0.000156761967655
5	0.0	0.00122129946263	0.000488519785051	0.000244259892526
6	0.0	0.000732779677577	0.000488519785051	0.000244259892526
7	0.0	0.00317537860283	0.000576300541136	0.000156479136441
8	0.000732779677577	0.00122129946263	0.000488594397258	0.000244185280319
9	0.0	0.0	0.000488519785051	0.000244259892526
10	0.000732779677577	0.000977039570103	0.000488912354918	0.000243867322659
11	0.0	0.000977039570103	0.000577278212829	0.000155501464748
12	0.00537371763556	0.00268685881778	0.000577283218385	0.000155496459192
13	0.000488519785051	0.000977039570103	0.000488583738371	0.000244195939206
14	0.0075720566683	0.00293111871031	0.000548135018858	0.000184644658719
15	0.0	0.00170981924768	0.000488519785051	0.000244259892526
16	0.00195407914021	0.00317537860283	0.000489191294909	0.000243588382668
17	0.000488519785051	0.00122129946263	0.000488703032478	0.000244076645099
18	0.0	0.000977039570103	0.000577447019452	0.000155332658125
19	0.00219833903273	0.00122129946263	0.000575456827139	0.000157322850438
20	0.000977039570103	0.00610649731314	0.000488993456297	0.00024378622128
21	0.000732779677577	0.00244259892526	0.000520470522541	0.000212309155036
22	0.00488519785051	0.00708353688324	0.000569281208348	0.000163498469228
23	0.0102589154861	0.00586223742062	0.000508759039566	0.000224020638011
24	0.00341963849536	0.000488519785051	0.000571376222577	0.000161403455
25	0.00977039570103	0.000977039570103	0.000574466881101	0.000158312796476
26	0.00195407914021	0.00244259892526	0.000488753934541	0.000244025743036
27	0.00122129946263	0.00439667806546	0.000509031323843	0.000223748353734
28	0.000366389838788	0.000366389838788	0.000519940654076	0.0002128390235
29	0.000732779677577	0.000244259892526	0.000488563403925	0.000244216273652
30	0.000732779677577	0.000488519785051	0.00049409438276	0.000238685294817
31	0.000732779677577	0.000977039570103	0.000575850891997	0.00015692878558
32	0.00439667806546	0.000977039570103	0.000570668143307	0.00016211153427
33	0.00195407914021	0.00146555935515	0.000607119067096	0.000125660610481
34	0.00219833903273	0.00219833903273	0.000605504680111	0.000127274997466
35	0.000732779677577	0.000732779677577	0.000488912354918	0.000243867322659
36	0.00317537860283	0.000244259892526	0.000575273421358	0.000157506256219
37	0.00146555935515	0.00341963849536	0.000576191935406	0.000156587742171
38	0.00293111871031	0.000244259892526	0.000593148052028	0.000139631625549
39	0.00781631656082	0.00170981924768	0.000490505357494	0.000242274320083
40	0.00488519785051	0.00146555935515	0.000576404031905	0.000156375645672
41	0.000488519785051	0.000732779677577	0.000488607022799	0.000244172654777
42	0.00146555935515	0.000732779677577	0.000607441557424	0.000125338120153
43	0.00341963849536	0.00244259892526	0.000606962229935	0.000125817447642
44	0.00341963849536	0.00512945774304	0.000490485799141	0.000242293878436
45	0.000244259892526	0.000732779677577	0.000488658350577	0.000244121326999
46	0.00415241817294	0.000244259892526	0.000643442231642	8.93374459347e-05
47	0.000488519785051	0.00146555935515	0.00057677973757	0.000155999940007
48	0.000244259892526	0.000488519785051	0.000488534324676	0.000244245352901
49	0.000488519785051	0.00146555935515	0.000577327886689	0.000155451790888
50	0.000488519785051	0.00122129946263	0.000520338561973	0.000212441115604
51	0.00146555935515	0.000488519785051	0.000606155380779	0.000126624296798
52	0.00219833903273	0.000732779677577	0.00057650754319	0.000156272134387
53	0.00439667806546	0.00146555935515	0.000492469135418	0.000240310542159
54	0.00170981924768	0.000488519785051	0.000520550140277	0.0002122295373
55	0.00415241817294	0.00146555935515	0.000571839242085	0.000160940435492
56	0.00341963849536	0.0	0.000607129684119	0.000125649993458
57	0.00732779677577	0.00415241817294	0.000566065855132	0.000166713822445
58	0.00586223742062	0.000977039570103	0.000576996425995	0.000155783251582
59	0.00488519785051	0.000732779677577	0.000511520527923	0.000221259149654
60	0.00732779677577	0.00122129946263	0.000514909775836	0.000217869901741
61	0.00708353688324	0.00439667806546	0.000574190675042	0.000158589002535
62	0.000977039570103	0.00195407914021	0.000520561762095	0.000212217915482
63	0.00537371763556	0.00146555935515	0.000605541859214	0.000127237818363
64	0.00341963849536	0.000732779677577	0.000571729803814	0.000161049873763
65	0.00500732779678	0.00109916951637	0.000606820296341	0.000125959381236
66	0.00170981924768	0.000732779677577	0.000488933350743	0.000243846326834
67	0.000732779677577	0.000488519785051	0.000519955569826	0.000212824107751
68	0.0	0.000244259892526	0.000488519785051	0.000244259892526
69	0.00195407914021	0.000488519785051	0.000575723358606	0.000157056318971
70	0.0152662432829	0.00476306790425	0.000508401351429	0.000224378326148
71	0.00537371763556	0.00244259892526	0.000489210444849	0.000243569232728
72	0.0117244748412	0.00268685881778	0.000606548090963	0.000126231586614
73	0.00317537860283	0.000732779677577	0.000462200908652	0.000270578768925
74	0.00366389838788	0.00122129946263	0.000532643891468	0.000200135786109
75	0.014411333659	0.00366389838788	0.000495167927248	0.000237611750329
76	0.00317537860283	0.000977039570103	0.000489451940562	0.000243327737015
77	0.00268685881778	0.00122129946263	0.000606738586892	0.000126041090685
78	0.00390815828041	0.00170981924768	0.000576350417464	0.000156429260113
79	0.00464093795799	0.00146555935515	0.000489527698416	0.000243251979161
80	0.00366389838788	0.00195407914021	0.000605314704028	0.000127464973549
81	0.00830483634587	0.00146555935515	0.000491498350583	0.000241281326994
82	0.0136785539814	0.00244259892526	0.000492091493217	0.00024068818436
83	0.00341963849536	0.0	0.000729571734698	3.2079428794e-06
84	0.00512945774304	0.00170981924768	0.000606301332065	0.000126478345512
85	0.00195407914021	0.00122129946263	0.000488869998004	0.000243909679573
86	0.00170981924768	0.000977039570103	0.00052027143162	0.000212508245957
87	0.00390815828041	0.00244259892526	0.000571874957803	0.000160904719774
88	0.00195407914021	0.000732779677577	0.000577222980832	0.000155556696745
89	0.00403028822667	0.00280898876404	0.00057521632564	0.000157563351937
90	0.00268685881778	0.00122129946263	0.000491629000295	0.000241150677282
91	0.000488519785051	0.000488519785051	0.000488828892764	0.000243950784813
92	0.0117244748412	0.00244259892526	0.000642825008039	8.99546695384e-05
93	0.00781631656082	0.00122129946263	0.000574663952546	0.000158115725031
94	0.000977039570103	0.00195407914021	0.000488570687114	0.000244208990463
95	0.00464093795799	0.000244259892526	0.000488563403925	0.000244216273652
96	0.00341963849536	0.000244259892526	0.00069684543904	3.59342385372e-05
97	0.00512945774304	0.000977039570103	0.000490559099627	0.00024222057795
98	0.00146555935515	0.000732779677577	0.000489658342234	0.000243121335343
99	0.00464093795799	0.000977039570103	0.000575691210923	0.000157088466654
100	0.00488519785051	0.000977039570103	0.000493655464224	0.000239124213353