site	ns_changes	s_changes	ns_sites	s_sites
1	0.0	0.000978473581213	0.00195694716243	0.000978473581213
2	0.0	0.000978473581213	0.00195694716243	0.000978473581213
3	0.0	0.0	0.00195694716243	0.000978473581213
4	0.0	0.000978473581213	0.00195694716243	0.000978473581213
5	0.000978473581213	0.0	0.00249908336455	0.000436337379088
6	0.0	0.000978473581213	0.00234721137388	0.000588209369763
7	0.0	0.0	0.00195694716243	0.000978473581213
8	0.0	0.0	0.00195694716243	0.000978473581213
9	0.000978473581213	0.0	0.00195707024131	0.000978350502329
10	0.0	0.0	0.00195694716243	0.000978473581213
11	0.0	0.0	0.00195694716243	0.000978473581213
12	0.00293542074364	0.000978473581213	0.00249955742239	0.000435863321246
13	0.0	0.00195694716243	0.00195694716243	0.000978473581213
14	0.0	0.0	0.00238031508937	0.000555105654266
15	0.0	0.0	0.00209168510641	0.000843735637232
16	0.0	0.0	0.00195694716243	0.000978473581213
17	0.0	0.0	0.00195694716243	0.000978473581213
18	0.00195694716243	0.0	0.00228048060709	0.000654940136546
19	0.0	0.0	0.00195694716243	0.000978473581213
20	0.0	0.00391389432485	0.00195694716243	0.000978473581213
21	0.0	0.00195694716243	0.00195694716243	0.000978473581213
22	0.000978473581213	0.00195694716243	0.00237830482833	0.000557115915309
23	0.000978473581213	0.0	0.00204346063293	0.000891960110707
24	0.0	0.0	0.00195694716243	0.000978473581213
25	0.0	0.0	0.00195694716243	0.000978473581213
26	0.00293542074364	0.0	0.00228478639191	0.000650634351735
27	0.0	0.000978473581213	0.00195694716243	0.000978473581213
28	0.0	0.0	0.00220852040095	0.000726900342688
29	0.0	0.0	0.00195694716243	0.000978473581213
30	0.0	0.000978473581213	0.00195694716243	0.000978473581213
31	0.00293542074364	0.00195694716243	0.00248940441788	0.000446016325764
32	0.0	0.0	0.00195694716243	0.000978473581213
33	0.000978473581213	0.000978473581213	0.00250150908703	0.000433911656607
34	0.0	0.0	0.00195694716243	0.000978473581213
35	0.0	0.0	0.00238031508937	0.000555105654266
36	0.00195694716243	0.000978473581213	0.00228454189695	0.000650878846688
37	0.0	0.00195694716243	0.00142479502804	0.0015106257156
38	0.0	0.0	0.00228490015808	0.000650520585558
39	0.00391389432485	0.000978473581213	0.00259790728794	0.000337513455695
40	0.0	0.00293542074364	0.00195694716243	0.000978473581213
41	0.00489236790607	0.00293542074364	0.00195765261322	0.000977768130422
42	0.0	0.0	0.00209168510641	0.000843735637232
43	0.0	0.0	0.00209168510641	0.000843735637232
44	0.0	0.0	0.00238031508937	0.000555105654266
45	0.000978473581213	0.0	0.0019572140931	0.000978206650538
46	0.0	0.0	0.00195694716243	0.000978473581213
47	0.00195694716243	0.0	0.00250240961154	0.000433011132097
48	0.000978473581213	0.000978473581213	0.00234475552137	0.00059066522227
49	0.0	0.0	0.00234733644792	0.000588084295721
50	0.00195694716243	0.0	0.00236768033226	0.000567740411381
51	0.0	0.0	0.00234733644792	0.000588084295721
52	0.0	0.0	0.00209168510641	0.000843735637232
53	0.0	0.0	0.00234733644792	0.000588084295721
54	0.0	0.0	0.00220852040095	0.000726900342688
55	0.00391389432485	0.0	0.00260726124286	0.000328159500777
56	0.000978473581213	0.0	0.00260762819466	0.000327792548984
57	0.0	0.0	0.00195694716243	0.000978473581213
58	0.000978473581213	0.0	0.00238031508937	0.000555105654266
59	0.000978473581213	0.000978473581213	0.00233198990516	0.000603430838477
60	0.0	0.000978473581213	0.00228471331915	0.000650707424495
61	0.00489236790607	0.000978473581213	0.00238037489288	0.000555045850756
62	0.0	0.0	0.00234733644792	0.000588084295721
63	0.00195694716243	0.0	0.00250202104331	0.000433399700328
64	0.0	0.0	0.00250255346334	0.000432867280305
65	0.000978473581213	0.0	0.0019571076091	0.000978313134542
66	0.000978473581213	0.0	0.00249908336455	0.000436337379088
67	0.000978473581213	0.0	0.0019572140931	0.000978206650538
68	0.00195694716243	0.0	0.00196160011589	0.000973820627752
69	0.0	0.0	0.00238031508937	0.000555105654266
70	0.0	0.0	0.0016222252417	0.00131319550194
71	0.0	0.0	0.00195694716243	0.000978473581213
72	0.0	0.000978473581213	0.00195694716243	0.000978473581213
73	0.00195694716243	0.0	0.00204646384142	0.000888956902217
74	0.000978473581213	0.0	0.00228628445014	0.0006491362935
75	0.00195694716243	0.000978473581213	0.00237768805129	0.000557732692346
76	0.000978473581213	0.000978473581213	0.00220712358293	0.000728297160711
77	0.000978473581213	0.0	0.0022854325781	0.000649988165536
78	0.00195694716243	0.0	0.0019576500764	0.000977770667235
79	0.000978473581213	0.0	0.00209161918765	0.000843801555991
80	0.0	0.0	0.00250255346334	0.000432867280305
81	0.0	0.000978473581213	0.00195694716243	0.000978473581213
82	0.0	0.0	0.00250255346334	0.000432867280305
83	0.00195694716243	0.0	0.00293354590536	1.87483827911e-06
84	0.00391389432485	0.000978473581213	0.00228309787691	0.000652322866727
85	0.0	0.0	0.00195694716243	0.000978473581213
86	0.00195694716243	0.000978473581213	0.00237902115854	0.000556399585104
87	0.0	0.0	0.00250255346334	0.000432867280305
88	0.000978473581213	0.0	0.00177600874704	0.0011594119966
89	0.00293542074364	0.000978473581213	0.0022080264226	0.000727394321038
90	0.00195694716243	0.0	0.00228568921774	0.000649731525896
91	0.00195694716243	0.000978473581213	0.002600454956	0.000334965787636
92	0.0	0.0	0.00224429839677	0.000691122346874
93	0.0	0.000978473581213	0.00250249365983	0.000432927083815
94	0.000978473581213	0.0	0.00237959777408	0.00055582296956
95	0.0	0.0	0.00250255346334	0.000432867280305
96	0.0	0.0	0.00250255346334	0.000432867280305
97	0.00195694716243	0.0	0.00185213553363	0.00108328521001
98	0.000978473581213	0.0	0.00195903296915	0.000976387774489
99	0.0	0.000978473581213	0.00250249365983	0.000432927083815
100	0.0	0.0	0.00293542074364	0.0