site	ns_changes	s_changes	ns_sites	s_sites
1	0.0	0.00391389432485	0.00195694716243	0.000978473581213
2	0.000978473581213	0.00195694716243	0.00253878350519	0.000396637238453
3	0.0	0.000978473581213	0.00234858879091	0.000586831952733
4	0.00587084148728	0.00391389432485	0.0023664691596	0.00056895158404
5	0.0	0.00293542074364	0.00234210127979	0.000593319463849
6	0.0	0.00293542074364	0.00195694716243	0.000978473581213
7	0.00195694716243	0.000978473581213	0.0025257304187	0.000409690324942
8	0.0	0.0	0.00234874325546	0.000586677488182
9	0.0	0.00391389432485	0.00195694716243	0.000978473581213
10	0.0	0.00684931506849	0.00195694716243	0.000978473581213
11	0.000978473581213	0.00293542074364	0.00195838603739	0.000977034706246
12	0.00391389432485	0.00391389432485	0.00224766933218	0.000687751411462
13	0.0	0.00489236790607	0.00195694716243	0.000978473581213
14	0.000978473581213	0.00391389432485	0.00234575005838	0.000589670685259
15	0.0	0.0	0.0025451592492	0.00039026149444
16	0.000978473581213	0.00195694716243	0.00195910145644	0.0009763192872
17	0.00489236790607	0.0	0.00236748110731	0.000567939636329
18	0.0	0.00489236790607	0.00195694716243	0.000978473581213
19	0.0	0.00195694716243	0.00232001284909	0.000615407894552
20	0.000978473581213	0.00195694716243	0.00195709007308	0.000978330670562
21	0.00391389432485	0.000978473581213	0.00254359831416	0.000391822429477
22	0.0	0.00391389432485	0.00229664494778	0.000638775795858
23	0.000978473581213	0.00293542074364	0.00229603464743	0.000639386096205
24	0.0	0.000978473581213	0.00234858879091	0.000586831952733
25	0.000978473581213	0.00587084148728	0.00195714865858	0.000978272085059
26	0.0	0.00195694716243	0.00254345040823	0.000391970335412
27	0.00293542074364	0.00391389432485	0.00254369452837	0.000391726215274
28	0.0	0.0	0.00234874325546	0.000586677488182
29	0.000978473581213	0.00195694716243	0.00203469085841	0.000900729885233
30	0.00391389432485	0.00293542074364	0.00229484694092	0.000640573802722
31	0.000978473581213	0.00293542074364	0.00195711287735	0.000978307866289
32	0.0	0.00195694716243	0.00234410931895	0.000591311424694
33	0.00293542074364	0.00489236790607	0.00199579678655	0.000939623957087
34	0.00293542074364	0.00195694716243	0.0023424374683	0.000592983275343
35	0.00195694716243	0.00489236790607	0.00236277294841	0.000572647795232
36	0.00880626223092	0.00195694716243	0.00237790786745	0.000557512876192
37	0.00195694716243	0.000978473581213	0.00254081564456	0.000394605099077
38	0.00489236790607	0.00489236790607	0.00196694335894	0.000968477384701
39	0.00391389432485	0.000978473581213	0.00254241006663	0.00039301067701
40	0.00195694716243	0.00195694716243	0.00253668942018	0.000398731323461
41	0.0	0.00195694716243	0.00203394450179	0.000901476241846
42	0.00195694716243	0.000978473581213	0.00254311007388	0.000392310669755
43	0.0234833659491	0.0	0.00199300499459	0.000942415749045
44	0.00293542074364	0.00195694716243	0.00235201258076	0.000583408162877
45	0.00195694716243	0.000978473581213	0.00229496195268	0.000640458790964
46	0.00880626223092	0.00195694716243	0.00236657732217	0.000568843421471
47	0.00293542074364	0.00195694716243	0.00234759523279	0.000587825510852
48	0.00195694716243	0.00489236790607	0.00230132944393	0.000634091299713
49	0.00880626223092	0.000978473581213	0.00196696067466	0.000968460068977
50	0.00391389432485	0.000978473581213	0.00253978796246	0.000395632781176
51	0.0	0.00684931506849	0.00195694716243	0.000978473581213
52	0.00489236790607	0.00587084148728	0.00195936511628	0.000976055627363
53	0.0	0.00391389432485	0.00234318253164	0.000592238211996
54	0.00293542074364	0.00195694716243	0.00234511205967	0.000590308683973
55	0.00489236790607	0.0	0.00290721333265	2.82074109922e-05
56	0.00293542074364	0.00195694716243	0.00253405091526	0.000401369828378
57	0.000978473581213	0.00293542074364	0.0025405637538	0.000394856989842
58	0.00293542074364	0.0	0.00236840230924	0.000567018434398
59	0.00293542074364	0.00195694716243	0.00222112909248	0.00071429165116
60	0.00195694716243	0.00195694716243	0.00230807470749	0.000627346036151
61	0.00880626223092	0.00391389432485	0.00203827195848	0.000897148785157
62	0.000978473581213	0.000978473581213	0.00221955470253	0.000715866041107
63	0.00391389432485	0.00195694716243	0.00234475413232	0.000590666611316
64	0.00391389432485	0.00195694716243	0.00236627534831	0.00056914539533
65	0.00293542074364	0.00293542074364	0.00205661310086	0.000878807642778
66	0.00587084148728	0.00391389432485	0.00196111040317	0.000974310340472
67	0.00293542074364	0.00293542074364	0.00224993531547	0.000685485428169
68	0.000978473581213	0.0	0.00254487147421	0.000390549269434
69	0.00684931506849	0.0	0.00237012464361	0.000565296100033
70	0.000978473581213	0.00195694716243	0.00229570417495	0.000639716568693
71	0.000978473581213	0.00195694716243	0.00254120967212	0.000394211071517
72	0.00880626223092	0.0	0.00253012118777	0.000405299555874
73	0.00391389432485	0.00587084148728	0.00195694716243	0.000978473581213
74	0.00587084148728	0.00489236790607	0.00228719861363	0.000648222130012
75	0.00293542074364	0.00391389432485	0.00196097601234	0.000974444731304
76	0.0117416829746	0.0	0.00253914552076	0.000396275222877
77	0.00195694716243	0.00587084148728	0.00198493771892	0.000950483024722
78	0.00489236790607	0.00293542074364	0.00231378359583	0.000621637147806
79	0.00391389432485	0.0	0.00293406034078	1.36040285747e-06
80	0.0166340508806	0.000978473581213	0.00252437657672	0.000411044166922
81	0.00489236790607	0.0	0.00254374984929	0.000391670894345
82	0.00684931506849	0.0	0.00237314856564	0.000562272178001
83	0.00391389432485	0.00293542074364	0.00224723154032	0.00068818920332
84	0.00489236790607	0.000978473581213	0.00224554057042	0.000689880173221
85	0.00587084148728	0.00195694716243	0.00196128375712	0.000974136986522
86	0.000978473581213	0.0	0.00293302721727	2.39352637283e-06
87	0.00880626223092	0.00195694716243	0.00253750148906	0.000397919254582
88	0.00489236790607	0.000978473581213	0.0022992571817	0.000636163561943
89	0.00489236790607	0.00195694716243	0.00236698435889	0.000568436384752
90	0.00684931506849	0.0	0.00199410452193	0.000941316221709
91	0.00587084148728	0.00489236790607	0.00230163451776	0.00063378622588
92	0.00880626223092	0.00489236790607	0.00230091358152	0.00063450716212
93	0.00782778864971	0.00489236790607	0.00226938957973	0.000666031163908
94	0.0146771037182	0.00391389432485	0.00196358215267	0.00097183859097
95	0.00195694716243	0.000978473581213	0.0025432846933	0.000392136050337
96	0.00293542074364	0.00391389432485	0.00195794753698	0.000977473206657
97	0.00587084148728	0.00293542074364	0.00256772000096	0.000367700742681
98	0.00489236790607	0.0	0.0029172103768	1.82103668415e-05
99	0.00293542074364	0.0	0.00254372037423	0.000391700369408
100	0.0117416829746	0.00489236790607	0.0020392762323	0.000896144511336