site	ns_changes	s_changes	ns_sites	s_sites
1	0.0	0.0	0.00234169902058	0.000593721723058
2	0.0	0.0	0.00195694716243	0.000978473581213
3	0.0	0.00195694716243	0.00195694716243	0.000978473581213
4	0.0	0.0	0.00234169902058	0.000593721723058
5	0.0	0.000978473581213	0.00195694716243	0.000978473581213
6	0.00195694716243	0.0	0.00249834459178	0.000437076151858
7	0.00195694716243	0.0	0.00218833546797	0.000747085275667
8	0.000978473581213	0.0	0.00195721210903	0.000978208634612
9	0.0	0.0	0.00195694716243	0.000978473581213
10	0.0	0.0	0.00195694716243	0.000978473581213
11	0.0	0.000978473581213	0.00195694716243	0.000978473581213
12	0.000978473581213	0.000978473581213	0.0023412870968	0.000594133646842
13	0.000978473581213	0.0	0.00201693093938	0.000918489804263
14	0.0	0.000978473581213	0.00195694716243	0.000978473581213
15	0.0	0.0	0.00234169902058	0.000593721723058
16	0.00195694716243	0.000978473581213	0.0020088420414	0.000926578702235
17	0.0	0.0	0.00224008794204	0.000695332801602
18	0.0	0.0	0.00237455792082	0.000560862822823
19	0.0	0.000978473581213	0.00201666467967	0.000918756063967
20	0.0	0.000978473581213	0.00195694716243	0.000978473581213
21	0.0	0.0	0.00219039123772	0.000745029505924
22	0.0	0.000978473581213	0.0023745773258	0.000560843417839
23	0.0	0.000978473581213	0.0020211193843	0.000914301359344
24	0.0	0.0	0.00195694716243	0.000978473581213
25	0.0	0.0	0.00195694716243	0.000978473581213
26	0.00293542074364	0.0	0.00249813120173	0.000437289541909
27	0.0	0.0	0.00234169902058	0.000593721723058
28	0.0	0.00391389432485	0.00195694716243	0.000978473581213
29	0.0	0.0	0.00234169902058	0.000593721723058
30	0.0	0.0	0.00234169902058	0.000593721723058
31	0.0	0.0	0.00219039123772	0.000745029505924
32	0.0	0.0	0.00201650558308	0.000918915160561
33	0.0	0.0	0.00234169902058	0.000593721723058
34	0.00293542074364	0.0	0.00200586948138	0.000929551262264
35	0.0	0.00195694716243	0.00195694716243	0.000978473581213
36	0.0	0.0	0.00234169902058	0.000593721723058
37	0.0	0.0	0.00195694716243	0.000978473581213
38	0.000978473581213	0.000978473581213	0.00247695809588	0.000458462647756
39	0.000978473581213	0.00195694716243	0.00241395003935	0.000521470704288
40	0.000978473581213	0.0	0.0024139979936	0.000521422750037
41	0.0	0.0	0.00234169902058	0.000593721723058
42	0.000978473581213	0.00195694716243	0.00219087030445	0.000744550439195
43	0.0	0.0	0.00249849801546	0.000436922728184
44	0.00195694716243	0.0	0.00249814690889	0.000437273834749
45	0.0	0.0	0.00201650558308	0.000918915160561
46	0.000978473581213	0.0	0.00219030616646	0.000745114577183
47	0.000978473581213	0.000978473581213	0.00195713539719	0.000978285346449
48	0.0	0.000978473581213	0.0024977443296	0.00043767641404
49	0.000978473581213	0.0	0.00249823306885	0.000437187674785
50	0.00293542074364	0.0	0.00202115352001	0.000914267223628
51	0.000978473581213	0.0	0.00234269627446	0.000592724469177
52	0.0	0.0	0.00241422170913	0.000521199034505
53	0.000978473581213	0.0	0.00233624021242	0.000599180531222
54	0.0	0.00195694716243	0.00224008951038	0.000695331233256
55	0.000978473581213	0.000978473581213	0.00249834727828	0.000437073465355
56	0.000978473581213	0.0	0.00218982019057	0.000745600553074
57	0.00195694716243	0.0	0.00195721210903	0.000978208634612
58	0.000978473581213	0.0	0.00249842130362	0.000436999440021
59	0.0	0.0	0.00234169902058	0.000593721723058
60	0.0	0.0	0.00293542074364	0.0
61	0.0	0.0	0.00247814619693	0.000457274546708
62	0.0	0.00195694716243	0.00195694716243	0.000978473581213
63	0.0	0.0	0.00201650558308	0.000918915160561
64	0.00195694716243	0.000978473581213	0.00195747705563	0.000977943688011
65	0.000978473581213	0.0	0.00249717328245	0.000438247461191
66	0.0	0.0	0.00224008794204	0.000695332801602
67	0.000978473581213	0.00195694716243	0.00241402765929	0.00052139308435
68	0.000978473581213	0.000978473581213	0.00200578625417	0.000929634489468
69	0.000978473581213	0.0	0.00249849801546	0.000436922728184
70	0.00293542074364	0.0	0.0024139979936	0.000521422750037
71	0.00293542074364	0.000978473581213	0.00247501586223	0.000460404881408
72	0.000978473581213	0.0	0.00193812334603	0.000997297397607
73	0.000978473581213	0.000978473581213	0.00223872068511	0.000696700058527
74	0.000978473581213	0.0	0.00201693093938	0.000918489804263
75	0.000978473581213	0.0	0.00249829186011	0.000437128883532
76	0.000978473581213	0.00195694716243	0.0020177177528	0.000917702990841
77	0.00195694716243	0.0	0.00249849801546	0.000436922728184
78	0.0	0.00195694716243	0.00201746016264	0.000917960580999
79	0.00195694716243	0.0	0.00195806574008	0.000977355003555
80	0.00195694716243	0.0	0.00195921306925	0.000976207674386
81	0.0	0.0	0.00249849801546	0.000436922728184
82	0.000978473581213	0.0	0.00249750076157	0.000437919982065
83	0.0	0.0	0.00219039123772	0.000745029505924
84	0.0	0.000978473581213	0.00219054197489	0.000744878768752
85	0.000978473581213	0.0	0.00292919757507	6.22316856936e-06
86	0.00195694716243	0.0	0.0029345609828	8.59760839528e-07
87	0.00195694716243	0.0	0.00234060691268	0.000594813830963
88	0.00195694716243	0.0	0.00235109976545	0.000584320978195
89	0.000978473581213	0.0	0.00293513027313	2.90470510302e-07
90	0.000978473581213	0.0	0.00249712604182	0.000438294701821
91	0.000978473581213	0.000978473581213	0.0023002534786	0.000635167265042
92	0.000978473581213	0.0	0.00249712604182	0.000438294701821
93	0.000978473581213	0.000978473581213	0.00249822085457	0.00043719988907
94	0.00195694716243	0.000978473581213	0.00240055565672	0.000534865086921
95	0.00195694716243	0.000978473581213	0.00249375746291	0.000441663280728
96	0.0	0.000978473581213	0.0024977443296	0.00043767641404
97	0.000978473581213	0.000978473581213	0.00249649720116	0.000438923542478
98	0.0	0.0	0.00293542074364	0.0
99	0.000978473581213	0.000978473581213	0.00249808233168	0.000437338411957
100	0.00391389432485	0.000978473581213	0.00195708499623	0.000978335747408