site	ns_changes	s_changes	ns_sites	s_sites
1	0.0	0.000977517106549	0.000977517106549	0.000488758553275
2	0.000488758553275	0.000977517106549	0.00118628362937	0.000279992030449
3	0.0019550342131	0.000488758553275	0.00113037331079	0.000335902349034
4	0.0	0.0	0.00101210389584	0.000454171763985
5	0.0	0.0	0.00118912970213	0.000277145957699
6	0.0	0.0	0.00118912970213	0.000277145957699
7	0.0	0.000488758553275	0.000977517106549	0.000488758553275
8	0.0	0.00146627565982	0.000977517106549	0.000488758553275
9	0.0	0.00146627565982	0.00128477330466	0.000181502355162
10	0.0	0.000488758553275	0.00118908644069	0.000277189219137
11	0.0	0.000488758553275	0.00128499601043	0.000181279649391
12	0.000488758553275	0.000488758553275	0.000977592257092	0.000488683402732
13	0.0	0.000488758553275	0.00101335847756	0.000452917182269
14	0.0	0.000977517106549	0.000977517106549	0.000488758553275
15	0.0	0.0	0.00118912970213	0.000277145957699
16	0.0	0.0	0.000977517106549	0.000488758553275
17	0.000977517106549	0.000488758553275	0.0011870466387	0.00027922902112
18	0.0	0.0	0.00128503312806	0.000181242531763
19	0.000488758553275	0.000488758553275	0.00128392910384	0.00018234655598
20	0.0	0.0	0.00118636001869	0.000279915641131
21	0.000488758553275	0.0	0.00118915313893	0.000277122520889
22	0.000488758553275	0.0019550342131	0.000977555139464	0.00048872052036
23	0.0	0.0	0.00113314779275	0.00033312786707
24	0.0	0.000977517106549	0.00113366743955	0.000332608220273
25	0.00146627565982	0.000488758553275	0.00113428938221	0.000331986277613
26	0.0	0.0	0.00118912970213	0.000277145957699
27	0.000488758553275	0.000488758553275	0.00128497257362	0.000181303086201
28	0.000488758553275	0.0	0.00113429712611	0.000331978533716
29	0.0	0.0	0.00118912970213	0.000277145957699
30	0.0	0.000488758553275	0.00128455059889	0.000181725060932
31	0.000488758553275	0.00146627565982	0.0011863483698	0.000279927290028
32	0.00244379276637	0.0019550342131	0.00113320802738	0.000333067632449
33	0.0	0.000488758553275	0.00118908644069	0.000277189219137
34	0.0	0.0	0.00118912970213	0.000277145957699
35	0.0	0.0	0.00128503312806	0.000181242531763
36	0.0019550342131	0.0	0.00127905944529	0.000187216214534
37	0.0039100684262	0.000488758553275	0.000980185408465	0.000486090251359
38	0.000977517106549	0.0019550342131	0.0010050562479	0.000461219411923
39	0.0	0.000488758553275	0.00101232020303	0.000453955456792
40	0.000488758553275	0.0	0.00128465737535	0.000181618284478
41	0.0	0.0	0.00118912970213	0.000277145957699
42	0.00146627565982	0.000488758553275	0.000977785631173	0.000488490028651
43	0.0	0.0	0.00128503312806	0.000181242531763
44	0.000977517106549	0.000977517106549	0.00113448781591	0.000331787843914
45	0.00146627565982	0.000488758553275	0.00128293884389	0.000183336815934
46	0.000488758553275	0.0	0.00146516255148	1.11310834379e-06
47	0.0019550342131	0.0	0.00145136609377	1.49095660547e-05
48	0.000977517106549	0.000977517106549	0.00113340182269	0.00033287383713
49	0.00146627565982	0.000488758553275	0.00113781494247	0.000328460717351
50	0.0019550342131	0.000488758553275	0.00113534326059	0.000330932399236
51	0.000977517106549	0.0	0.00118902627466	0.000277249385165
52	0.0	0.000488758553275	0.00101214715728	0.000454128502546
53	0.000977517106549	0.000488758553275	0.00128489674623	0.000181378913597
54	0.000977517106549	0.0	0.00113295332007	0.000333322339752
55	0.00146627565982	0.00293255131965	0.0011351169089	0.000331158750926
56	0.0019550342131	0.000977517106549	0.00118627652872	0.000279999131099
57	0.0	0.0	0.00101210389584	0.000454171763985
58	0.00146627565982	0.000488758553275	0.0012842967142	0.000181978945621
59	0.000488758553275	0.0	0.000977517106549	0.000488758553275
60	0.000488758553275	0.0	0.00113295762818	0.000333318031643
61	0.000977517106549	0.000488758553275	0.00118632577828	0.000279949881545
62	0.000977517106549	0.0	0.00118638413236	0.000279891527468
63	0.0	0.000977517106549	0.00118887013349	0.00027740552633
64	0.0019550342131	0.0	0.00118636001869	0.000279915641131
65	0.000488758553275	0.000488758553275	0.00111585093082	0.000350424729007
66	0.00146627565982	0.0	0.00118634701473	0.000279928645096
67	0.0019550342131	0.000488758553275	0.00113468555504	0.000331590104782
68	0.00342130987292	0.0	0.000987061225497	0.000479214434327
69	0.00342130987292	0.0	0.00118623919447	0.000280036465353
70	0.000488758553275	0.0	0.00128472844953	0.000181547210291
71	0.000977517106549	0.000488758553275	0.00101465832064	0.000451617339183
72	0.000488758553275	0.0	0.00118913590102	0.0002771397588
73	0.0019550342131	0.0	0.00125741329715	0.000208862362672
74	0.00146627565982	0.000488758553275	0.000953501598638	0.000512774061186
75	0.000977517106549	0.000488758553275	0.0011862966376	0.000279979022227
76	0.0	0.0	0.00111590340269	0.000350372257138
77	0.0019550342131	0.000977517106549	0.000978658093985	0.000487617565839
78	0.00146627565982	0.0019550342131	0.00128384353338	0.000182432126443
79	0.0	0.000488758553275	0.00128499601043	0.000181279649391
80	0.0019550342131	0.000977517106549	0.000977653917713	0.000488621742111
81	0.000488758553275	0.000977517106549	0.00118898731754	0.000277288342281
82	0.00293255131965	0.00244379276637	0.000977353302562	0.000488922357262
83	0.0019550342131	0.00244379276637	0.00107304485952	0.000393230800299
84	0.0019550342131	0.0	0.000978430212609	0.000487845447215
85	0.000977517106549	0.0	0.00128491071446	0.000181364945364
86	0.00146627565982	0.000488758553275	0.00118577195385	0.000280503705974
87	0.00146627565982	0.0	0.00118614398946	0.000280131670359
88	0.0019550342131	0.0	0.00113323882051	0.000333036839313
89	0.00488758553275	0.00146627565982	0.00096576430458	0.000500511355244
90	0.0019550342131	0.00146627565982	0.0009785482238	0.000487727436024
91	0.0019550342131	0.0	0.00145263698846	1.36386713676e-05
92	0.0019550342131	0.00146627565982	0.000977892859264	0.00048838280056
93	0.0019550342131	0.000488758553275	0.000694641430084	0.00077163422974
94	0.000977517106549	0.000977517106549	0.00128380426054	0.000182471399283
95	0.000977517106549	0.0	0.00146608848863	1.87171190365e-07
96	0.00146627565982	0.000488758553275	0.00125785275205	0.000208422907776
97	0.000488758553275	0.000488758553275	0.000977664469973	0.000488611189851
98	0.0019550342131	0.000977517106549	0.00115203975031	0.000314235909514
99	0.000488758553275	0.000488758553275	0.00128492085989	0.000181354799934
100	0.000977517106549	0.0	0.00125741537898	0.000208860280846