site	ns_changes	s_changes	ns_sites	s_sites
1	0.0	0.0	0.00195694716243	0.000978473581213
2	0.00489236790607	0.00195694716243	0.00229026238616	0.00064515835748
3	0.0	0.0	0.00195694716243	0.000978473581213
4	0.000978473581213	0.00587084148728	0.00207160824708	0.00086381249656
5	0.0	0.00195694716243	0.00195694716243	0.000978473581213
6	0.0	0.00293542074364	0.00195694716243	0.000978473581213
7	0.0	0.00195694716243	0.0020645764468	0.000870844296838
8	0.0	0.0	0.00195694716243	0.000978473581213
9	0.000978473581213	0.00587084148728	0.00195717086906	0.000978249874583
10	0.0	0.00293542074364	0.00195694716243	0.000978473581213
11	0.0	0.0	0.00241420351409	0.000521217229549
12	0.0	0.0	0.00195694716243	0.000978473581213
13	0.0	0.00195694716243	0.00206371097252	0.000871709771124
14	0.0	0.00293542074364	0.00228213504554	0.000653285698104
15	0.00391389432485	0.00293542074364	0.00234067423256	0.000594746511076
16	0.00391389432485	0.00587084148728	0.00197831196322	0.000957108780419
17	0.0	0.0	0.00228462328411	0.00065079745953
18	0.00293542074364	0.000978473581213	0.00228253953083	0.000652881212809
19	0.000978473581213	0.00195694716243	0.00228317209952	0.000652248644116
20	0.0	0.000978473581213	0.00195694716243	0.000978473581213
21	0.00293542074364	0.0	0.00234585067086	0.000589570072777
22	0.0	0.0	0.00228462328411	0.00065079745953
23	0.00391389432485	0.00195694716243	0.0023453280254	0.000590092718239
24	0.0	0.000978473581213	0.00195694716243	0.000978473581213
25	0.0127201565558	0.000978473581213	0.00215646934437	0.000778951399272
26	0.0	0.000978473581213	0.00241414008302	0.000521280660625
27	0.00195694716243	0.00782778864971	0.00195903074463	0.000976389999006
28	0.0	0.000978473581213	0.00241337891011	0.000522041833532
29	0.0	0.000978473581213	0.00228408236268	0.000651338380959
30	0.0	0.0	0.00195694716243	0.000978473581213
31	0.0	0.000978473581213	0.00195694716243	0.000978473581213
32	0.0	0.00195694716243	0.00195694716243	0.000978473581213
33	0.00391389432485	0.00293542074364	0.00132364748773	0.00161177325591
34	0.000978473581213	0.00195694716243	0.00206554992708	0.000869870816565
35	0.0127201565558	0.00195694716243	0.0019569134151	0.000978507328545
36	0.0	0.0	0.00195694716243	0.000978473581213
37	0.0	0.000978473581213	0.00206403552537	0.000871385218267
38	0.0	0.000978473581213	0.00228408236268	0.000651338380959
39	0.0	0.000978473581213	0.00206403552537	0.000871385218267
40	0.0	0.0	0.00195694716243	0.000978473581213
41	0.000978473581213	0.00195694716243	0.00195779497198	0.000977625771658
42	0.0	0.00293542074364	0.00195694716243	0.000978473581213
43	0.00391389432485	0.00293542074364	0.00241065762141	0.000524763122226
44	0.000978473581213	0.000978473581213	0.00241226037696	0.000523160366682
45	0.0	0.0	0.00228462328411	0.00065079745953
46	0.0107632093933	0.00293542074364	0.00234687757488	0.000588543168759
47	0.00587084148728	0.0	0.00290722651616	2.81942274766e-05
48	0.0	0.000978473581213	0.00206403552537	0.000871385218267
49	0.000978473581213	0.0	0.00241236504703	0.000523055696609
50	0.0107632093933	0.00880626223092	0.00181585898204	0.0011195617616
51	0.000978473581213	0.000978473581213	0.00228476817885	0.000650652564794
52	0.00587084148728	0.000978473581213	0.00189836645057	0.00103705429307
53	0.00880626223092	0.000978473581213	0.0022842051625	0.000651215581143
54	0.0156555772994	0.00587084148728	0.00233819165597	0.000597229087665
55	0.00489236790607	0.00391389432485	0.00228594420728	0.000649476536359
56	0.00293542074364	0.0	0.00229844485131	0.000636975892327
57	0.00684931506849	0.000978473581213	0.00195758912073	0.000977831622908
58	0.0	0.000978473581213	0.00228451509982	0.000650905643816
59	0.0205479452055	0.00293542074364	0.00196397175929	0.000971448984353
60	0.00587084148728	0.00195694716243	0.00228368842358	0.00065173232006
61	0.00782778864971	0.000978473581213	0.00228947291384	0.0006459478298
62	0.00489236790607	0.00195694716243	0.00228385548496	0.000651565258679
63	0.00195694716243	0.00293542074364	0.00241321897648	0.000522201767159
64	0.013698630137	0.00195694716243	0.00196400531498	0.000971415428662
65	0.0	0.000978473581213	0.00195694716243	0.000978473581213
66	0.00489236790607	0.0	0.00241290308173	0.000522517661908
67	0.000978473581213	0.00195694716243	0.00195711672434	0.000978304019302
68	0.00293542074364	0.00195694716243	0.00227839771253	0.000657023031105
69	0.0127201565558	0.00391389432485	0.00241213201575	0.000523288727888
70	0.00195694716243	0.000978473581213	0.00234575629517	0.000589664448468
71	0.00293542074364	0.00587084148728	0.00230458537081	0.000630835372834
72	0.00391389432485	0.000978473581213	0.00228388924029	0.000651531503348
73	0.00195694716243	0.0	0.00240033370303	0.000535087040608
74	0.00293542074364	0.0	0.00196319790905	0.000972222834592
75	0.000978473581213	0.00293542074364	0.00228545796441	0.000649962779229
76	0.00391389432485	0.00391389432485	0.00210064949556	0.00083477124808
77	0.00391389432485	0.000978473581213	0.00227831314129	0.000657107602355
78	0.00391389432485	0.000978473581213	0.00195796453389	0.000977456209747
79	0.000978473581213	0.000978473581213	0.00206500872037	0.000870412023271
80	0.0073385518591	0.00538160469667	0.0019680565058	0.000967364237841
81	0.00293542074364	0.00195694716243	0.0024135961672	0.000521824576436
82	0.00195694716243	0.00391389432485	0.00195942541943	0.000975995324208
83	0.00587084148728	0.00587084148728	0.00205293147218	0.000882489271463
84	0.00195694716243	0.00195694716243	0.0019615951535	0.000973825590136
85	0.000978473581213	0.0	0.00182571000568	0.00110971073796
86	0.00391389432485	0.00195694716243	0.00217323075624	0.000762189987398
87	0.00587084148728	0.00489236790607	0.0019579003382	0.000977520405442
88	0.00391389432485	0.00195694716243	0.00234625798357	0.000589162760074
89	0.00195694716243	0.00195694716243	0.00196203401976	0.000973386723881
90	0.00782778864971	0.000978473581213	0.00201053442501	0.000924886318635
91	0.00195694716243	0.0	0.00230336214673	0.000632058596906
92	0.000978473581213	0.0	0.0022799742589	0.00065544648474
93	0.00195694716243	0.000978473581213	0.00241356394277	0.000521856800865
94	0.00195694716243	0.0	0.00292602787084	9.39287280118e-06
95	0.00195694716243	0.00195694716243	0.00195710743798	0.000978313305659
96	0.000978473581213	0.0	0.00195694716243	0.000978473581213
97	0.00195694716243	0.000978473581213	0.00195903074463	0.000976389999006
98	0.00391389432485	0.000978473581213	0.00234556595229	0.000589854791349
99	0.00684931506849	0.0	0.00230422133448	0.000631199409158
100	0.00587084148728	0.0	0.00240545369009	0.000529967053545