site	ns_changes	s_changes	ns_sites	s_sites
1	0.0196078431373	0.0352941176471	0.00396413838576	0.00191821455541
2	0.0147058823529	0.0460784313725	0.00423218782066	0.00165016512051
3	0.0372549019608	0.0647058823529	0.00433077050056	0.00155158244062
4	0.0196078431373	0.078431372549	0.00396196582639	0.00192038711479
5	0.00980392156863	0.056862745098	0.00393301367685	0.00194933926433
6	0.0117647058824	0.0725490196078	0.003929394405	0.00195295853618
7	0.0078431372549	0.105882352941	0.00393092326475	0.00195142967643
8	0.00392156862745	0.111764705882	0.00441312925246	0.00146922368872
9	0.00490196078431	0.0852941176471	0.00392620619586	0.00195614674532
10	0.0176470588235	0.0941176470588	0.003939056018	0.00194329692317
11	0.0107843137255	0.0892156862745	0.00456818478471	0.00131416815647
12	0.0225490196078	0.0892156862745	0.00424807002777	0.0016342829134
13	0.0303921568627	0.0676470588235	0.00396860183013	0.00191375111104
14	0.0176470588235	0.0872549019608	0.00453869042322	0.00134366251796
15	0.056862745098	0.105882352941	0.00461549427288	0.0012668586683
16	0.0264705882353	0.090522875817	0.00427699555865	0.00160535738253
17	0.161764705882	0.120588235294	0.00449487361755	0.00138747932362
18	0.0137254901961	0.0882352941176	0.00452731612432	0.00135503681686
19	0.0460784313725	0.0852941176471	0.00396551579101	0.00191683715017
20	0.151960784314	0.0950980392157	0.00445035503917	0.00143199790201
21	0.235947712418	0.109150326797	0.00440632807179	0.00147602486939
22	0.0176470588235	0.0549019607843	0.00457360439211	0.00130874854906
23	0.174183006536	0.0885620915033	0.0044827779386	0.00139957500258
24	0.0990196078431	0.106862745098	0.00404841336974	0.00183393957144
25	0.113725490196	0.0960784313725	0.00418119579711	0.00170115714407
26	0.201307189542	0.108496732026	0.00445636120648	0.0014259917347
27	0.021568627451	0.0823529411765	0.00421839602522	0.00166395691596
28	0.0656862745098	0.0558823529412	0.00409880914862	0.00178354379255
29	0.110784313725	0.0401960784314	0.00479007010194	0.00109228283923
30	0.217647058824	0.0980392156863	0.0044465471652	0.00143580577598
31	0.151960784314	0.116666666667	0.00449281985046	0.00138953309072
32	0.0588235294118	0.0843137254902	0.00435860507682	0.00152374786436
33	0.13431372549	0.128431372549	0.00430968376274	0.00157266917843
34	0.0617647058824	0.0921568627451	0.00430383946784	0.00157851347334
35	0.237581699346	0.0751633986928	0.00459295467127	0.00128939826991
36	0.132352941176	0.0833333333333	0.00458208420826	0.00130026873292
37	0.0624183006536	0.0728758169935	0.00426229471353	0.00162005822765
38	0.161764705882	0.0656862745098	0.00448425361713	0.00139809932405
39	0.0702614379085	0.068954248366	0.00399358248452	0.00188877045666
40	0.0803921568627	0.103921568627	0.00404545902813	0.00183689391305
41	0.246732026144	0.0571895424837	0.00471268552368	0.00116966741749
42	0.0656862745098	0.0598039215686	0.00405949745589	0.00182285548528
43	0.0467320261438	0.0767973856209	0.00426439763956	0.00161795530162
44	0.218954248366	0.081045751634	0.00443322137303	0.00144913156815
45	0.056862745098	0.0862745098039	0.00454037693115	0.00134197601002
46	0.118300653595	0.125816993464	0.00437863529863	0.00150371764254
47	0.170588235294	0.105882352941	0.00451272326469	0.00136962967648
48	0.112745098039	0.0872549019608	0.00406254343345	0.00181980950773
49	0.116993464052	0.100653594771	0.00451990578394	0.00136244715724
50	0.106862745098	0.0598039215686	0.00442367126158	0.0014586816796
51	0.140849673203	0.0728758169935	0.00427284298212	0.00160950995906
52	0.0901960784314	0.0549019607843	0.00402271523125	0.00185963770992
53	0.225816993464	0.0888888888889	0.00454552844156	0.00133682449961
54	0.186274509804	0.103921568627	0.00443945304127	0.0014428998999
55	0.0712418300654	0.0869281045752	0.00456651883916	0.00131583410202
56	0.12385620915	0.0460784313725	0.0039963387338	0.00188601420738
57	0.129411764706	0.0803921568627	0.00472639042433	0.00115596251684
58	0.148039215686	0.0754901960784	0.0043719475725	0.00151040536868
59	0.16339869281	0.0816993464052	0.0041680257265	0.00171432721468
60	0.168300653595	0.0826797385621	0.00466221743902	0.00122013550216
61	0.204901960784	0.0892156862745	0.00456619352798	0.00131615941319
62	0.238235294118	0.0666666666667	0.00452536780422	0.00135698513695
63	0.14477124183	0.102287581699	0.00407252996797	0.00180982297321
64	0.194444444444	0.100653594771	0.00458595503009	0.00129639791109
65	0.240849673203	0.0895424836601	0.00465523655576	0.00122711638542
66	0.193464052288	0.0359477124183	0.00477075347693	0.00111159946424
67	0.206862745098	0.0843137254902	0.00435351491692	0.00152883802426
68	0.21339869281	0.0346405228758	0.00461867190965	0.00126368103153
69	0.137908496732	0.0758169934641	0.00412064152226	0.00176171141892
70	0.203921568627	0.109803921569	0.00413134927699	0.00175100366419
71	0.139215686275	0.0745098039216	0.00440656716074	0.00147578578043
72	0.249346405229	0.0614379084967	0.00449048443018	0.001391868511
73	0.156535947712	0.104248366013	0.00412476065777	0.00175759228341
74	0.219607843137	0.0647058823529	0.00414860678423	0.00173374615694
75	0.114052287582	0.0761437908497	0.00402460179183	0.00185775114934
76	0.202287581699	0.103594771242	0.0042337116234	0.00164864131777
77	0.243464052288	0.0937908496732	0.00442828006464	0.00145407287654
78	0.280065359477	0.0767973856209	0.00448813264872	0.00139422029245
79	0.161437908497	0.0650326797386	0.00442297297469	0.00145937996648
80	0.224836601307	0.112418300654	0.00447630589243	0.00140604704875
81	0.221241830065	0.111111111111	0.00432908892786	0.00155326401331
82	0.297058823529	0.0509803921569	0.00487971649729	0.00100263644389
83	0.289215686275	0.0911764705882	0.00462210850635	0.00126024443482
84	0.254248366013	0.0967320261438	0.0043482809299	0.00153407201127
85	0.179411764706	0.0627450980392	0.00451927981086	0.00136307313031
86	0.262091503268	0.0820261437908	0.00434263688113	0.00153971606004
87	0.276470588235	0.137254901961	0.00421765998021	0.00166469296097
88	0.150980392157	0.0705882352941	0.00407626847995	0.00180608446123
89	0.302614379085	0.0986928104575	0.00424286891234	0.00163948402884
90	0.305882352941	0.123529411765	0.00418060137592	0.00170175156525
91	0.274183006536	0.0807189542484	0.00453820753999	0.00134414540119
92	0.31045751634	0.0856209150327	0.00441838151618	0.001463971425
93	0.28137254902	0.0970588235294	0.0044057225797	0.00147663036147
94	0.273202614379	0.0915032679739	0.00431031690542	0.00157203603576
95	0.304248366013	0.103594771242	0.00446122975113	0.00142112319005
96	0.238888888889	0.0983660130719	0.00431508865045	0.00156726429073
97	0.216666666667	0.0513071895425	0.00413556374198	0.0017467891992
98	0.266666666667	0.101960784314	0.00424781112415	0.00163454181703
99	0.295751633987	0.0650326797386	0.00448971028222	0.00139264265896
100	0.209150326797	0.0908496732026	0.00402662269616	0.00185573024502