site	ns_changes	s_changes	ns_sites	s_sites
1	0.00196078431373	0.0411764705882	0.00419802805787	0.00168432488331
2	0.0686274509804	0.125490196078	0.00409061155303	0.00179174138815
3	0.00980392156863	0.0372549019608	0.00395757124576	0.00192478169542
4	0.00490196078431	0.114705882353	0.00448663577778	0.0013957171634
5	0.00686274509804	0.157843137255	0.00393256928789	0.00194978365329
6	0.0294117647059	0.125490196078	0.0039773865207	0.00190496642047
7	0.0078431372549	0.0509803921569	0.00421149290252	0.00167086003865
8	0.00686274509804	0.0696078431373	0.00393191252236	0.00195044041882
9	0.00196078431373	0.0823529411765	0.00393295915415	0.00194939378703
10	0.0627450980392	0.147058823529	0.00408499981241	0.00179735312877
11	0.0186274509804	0.0754901960784	0.00460925715336	0.00127309578781
12	0.05	0.0656862745098	0.0040371900683	0.00184516287288
13	0.0911764705882	0.151960784314	0.00407684255457	0.00180551038661
14	0.110784313725	0.0950980392157	0.00448599613914	0.00139635680204
15	0.078431372549	0.123529411765	0.00421167400671	0.00167067893447
16	0.0509803921569	0.127450980392	0.00398941199628	0.0018929409449
17	0.0382352941176	0.0598039215686	0.00401891197093	0.00186344097025
18	0.0313725490196	0.0745098039216	0.00453838819208	0.00134396474909
19	0.161764705882	0.0676470588235	0.0043917317646	0.00149062117658
20	0.172549019608	0.111764705882	0.00440750766803	0.00147484527314
21	0.0614379084967	0.083660130719	0.0039942943383	0.00188805860287
22	0.0117647058824	0.0588235294118	0.00459239764871	0.00128995529246
23	0.0382352941176	0.102941176471	0.00438643115432	0.00149592178685
24	0.164705882353	0.1	0.00452908662175	0.00135326631943
25	0.124509803922	0.0774509803922	0.00416686945429	0.00171548348688
26	0.154901960784	0.144117647059	0.00423998638856	0.00164236655261
27	0.147712418301	0.097385620915	0.00467419446782	0.00120815847335
28	0.0313725490196	0.0392156862745	0.00423299117599	0.00164936176518
29	0.00980392156863	0.0653594771242	0.00456311510677	0.0013192378344
30	0.0509803921569	0.0470588235294	0.00401309057603	0.00186926236514
31	0.056862745098	0.103921568627	0.00407114958789	0.00181120335329
32	0.0313725490196	0.0901960784314	0.00422837952848	0.00165397341269
33	0.222549019608	0.126470588235	0.00444480427062	0.00143754867056
34	0.0676470588235	0.105882352941	0.00426072155647	0.00162163138471
35	0.243790849673	0.111111111111	0.0045110325747	0.00137132036648
36	0.185294117647	0.0754901960784	0.00450521031508	0.0013771426261
37	0.0460784313725	0.0794117647059	0.00429824924319	0.00158410369799
38	0.170588235294	0.0588235294118	0.00443890596512	0.00144344697606
39	0.169281045752	0.0915032679739	0.00445936000752	0.00142299293366
40	0.158823529412	0.0882352941176	0.00435433597521	0.00152801696597
41	0.158496732026	0.102287581699	0.00445485101987	0.0014275019213
42	0.1	0.0549019607843	0.00466806128429	0.00121429165688
43	0.161764705882	0.105882352941	0.00447219870461	0.00141015423656
44	0.0941176470588	0.0764705882353	0.00433868867566	0.00154366426552
45	0.0607843137255	0.0392156862745	0.00459940143109	0.00128295151009
46	0.146405228758	0.0751633986928	0.00425023040435	0.00163212253683
47	0.135294117647	0.100980392157	0.00447829199373	0.00140406094745
48	0.104575163399	0.111111111111	0.00435607347437	0.0015262794668
49	0.114705882353	0.0656862745098	0.00408294645082	0.00179940649035
50	0.205882352941	0.11568627451	0.00435474601978	0.00152760692139
51	0.0856209150327	0.108496732026	0.00436511134077	0.0015172416004
52	0.113725490196	0.0372549019608	0.00418262863289	0.00169972430829
53	0.087908496732	0.0866013071895	0.00407492019078	0.0018074327504
54	0.173529411765	0.0843137254902	0.00426864800607	0.0016137049351
55	0.223202614379	0.0722222222222	0.00480378235182	0.00107857058935
56	0.192810457516	0.0297385620915	0.0044985593678	0.00138379357337
57	0.205882352941	0.0686274509804	0.00429476830367	0.0015875846375
58	0.106862745098	0.062091503268	0.00450999518872	0.00137235775246
59	0.0598039215686	0.0598039215686	0.00403791553252	0.00184443740865
60	0.148039215686	0.0764705882353	0.00455547563056	0.00132687731062
61	0.223529411765	0.0764705882353	0.00498615900687	0.000896193934304
62	0.254575163399	0.102287581699	0.00456417096516	0.00131818197602
63	0.198692810458	0.0983660130719	0.00455671888977	0.00132563405141
64	0.250980392157	0.0892156862745	0.00449737786871	0.00138497507247
65	0.186928104575	0.0856209150327	0.00457661646041	0.00130573648077
66	0.169607843137	0.0519607843137	0.00460554603001	0.00127680691117
67	0.212418300654	0.0915032679739	0.00430713100192	0.00157522193925
68	0.255882352941	0.0911764705882	0.00427212522587	0.00161022771531
69	0.299346405229	0.0957516339869	0.00453597143691	0.00134638150427
70	0.259150326797	0.103594771242	0.00467958782206	0.00120276511912
71	0.273529411765	0.0656862745098	0.00456836120277	0.00131399173841
72	0.200653594771	0.113071895425	0.00449561571911	0.00138673722207
73	0.232026143791	0.103267973856	0.00446045875975	0.00142189418142
74	0.170588235294	0.0529411764706	0.00440945396182	0.00147289897935
75	0.127777777778	0.0555555555556	0.00453695903661	0.00134539390456
76	0.211437908497	0.0826797385621	0.00419777575782	0.00168457718336
77	0.215359477124	0.0885620915033	0.0044892950897	0.00139305785147
78	0.237254901961	0.0882352941176	0.00456876712934	0.00131358581183
79	0.230065359477	0.0797385620915	0.00442710611248	0.0014552468287
80	0.255882352941	0.126470588235	0.00432183372495	0.00156051921623
81	0.199673202614	0.0947712418301	0.00420474603392	0.00167760690725
82	0.27385620915	0.108496732026	0.00452882643512	0.00135352650605
83	0.209477124183	0.0375816993464	0.0045393078697	0.00134304507147
84	0.279411764706	0.103921568627	0.00447706457293	0.00140528836825
85	0.17614379085	0.090522875817	0.00419969500006	0.00168265794111
86	0.245098039216	0.0732026143791	0.00467123893402	0.00121111400716
87	0.281045751634	0.10522875817	0.00453402332463	0.00134832961655
88	0.289869281046	0.090522875817	0.00455734201803	0.00132501092315
89	0.321895424837	0.0728758169935	0.00475992818413	0.00112242475704
90	0.313725490196	0.0950980392157	0.00448552316672	0.00139682977446
91	0.265359477124	0.0856209150327	0.00464932093728	0.0012330320039
92	0.298366013072	0.0908496732026	0.0044516151864	0.00143073775478
93	0.221568627451	0.135294117647	0.00404774659145	0.00183460634973
94	0.204248366013	0.043137254902	0.00498945663601	0.000892896305162
95	0.296078431373	0.0901960784314	0.00429442394642	0.00158792899476
96	0.301307189542	0.108496732026	0.00455380097629	0.00132855196489
97	0.182026143791	0.0722222222222	0.00459043195963	0.00129192098155
98	0.278431372549	0.071568627451	0.00453988285835	0.00134247008283
99	0.209477124183	0.0699346405229	0.00451867127061	0.00136368167057
100	0.26862745098	0.0813725490196	0.00436297777191	0.00151937516927