site	ns_changes	s_changes	ns_sites	s_sites
1	0.0	0.000732779677577	0.000488519785051	0.000244259892526
2	0.000244259892526	0.000977039570103	0.000514603380953	0.000218176296624
3	0.0	0.000977039570103	0.000565461820401	0.000167317857176
4	0.0	0.000977039570103	0.000488519785051	0.000244259892526
5	0.0	0.000488519785051	0.000488519785051	0.000244259892526
6	0.000732779677577	0.00366389838788	0.000488778425244	0.000244001252333
7	0.0	0.00268685881778	0.000488519785051	0.000244259892526
8	0.00195407914021	0.00488519785051	0.000490725033007	0.00024205464457
9	0.00268685881778	0.000732779677577	0.000595906646777	0.0001368730308
10	0.000244259892526	0.000732779677577	0.000488533397693	0.000244246279884
11	0.00488519785051	0.00341963849536	0.00057122293725	0.000161556740327
12	0.0	0.000977039570103	0.000488519785051	0.000244259892526
13	0.000122129946263	0.0042745481192	0.000565272401185	0.000167507276392
14	0.00464093795799	0.00170981924768	0.000569684757532	0.000163094920045
15	0.000732779677577	0.00244259892526	0.000488712910906	0.000244066766671
16	0.0	0.00195407914021	0.000488519785051	0.000244259892526
17	0.00464093795799	0.000977039570103	0.000598280416852	0.000134499260725
18	0.000244259892526	0.00415241817294	0.000516237737015	0.000216541940562
19	0.0	0.00122129946263	0.000565606941063	0.000167172736514
20	0.00122129946263	0.00415241817294	0.000488680565352	0.000244099112225
21	0.0	0.000732779677577	0.000488519785051	0.000244259892526
22	0.00122129946263	0.000244259892526	0.000599840014706	0.000132939662871
23	0.00366389838788	0.000732779677577	0.000589350606267	0.00014342907131
24	0.000244259892526	0.00170981924768	0.000489149251719	0.000243630425858
25	0.000244259892526	0.000977039570103	0.000565603829071	0.000167175848506
26	0.000732779677577	0.000977039570103	0.000489322782027	0.00024345689555
27	0.0	0.00122129946263	0.000488519785051	0.000244259892526
28	0.00146555935515	0.00122129946263	0.000599623735399	0.000133155942178
29	0.00280898876404	0.0052515876893	0.000488891432911	0.000243888244665
30	0.000488519785051	0.00170981924768	0.0005654745252	0.000167305152377
31	0.0	0.000732779677577	0.000514044939081	0.000218734738496
32	0.00293111871031	0.00317537860283	0.000571097343958	0.000161682333619
33	0.00146555935515	0.00659501709819	0.000488910614388	0.000243869063189
34	0.00537371763556	0.00170981924768	0.000589127392584	0.000143652284993
35	0.00806057645335	0.00195407914021	0.000631579273808	0.000101200403769
36	0.000488519785051	0.000732779677577	0.00048858784826	0.000244191829317
37	0.00537371763556	0.000732779677577	0.000572898681718	0.000159880995859
38	0.00122129946263	0.00439667806546	0.000515588237379	0.000217191440198
39	0.000488519785051	0.00122129946263	0.000514154003404	0.000218625674173
40	0.00390815828041	0.00170981924768	0.000599062493452	0.000133717184125
41	0.00195407914021	0.000732779677577	0.000589699166372	0.000143080511205
42	0.00268685881778	0.000244259892526	0.000728716396859	4.06328071747e-06
43	0.00146555935515	0.00219833903273	0.000489088699961	0.000243690977616
44	0.000732779677577	0.000732779677577	0.000489159579211	0.000243620098366
45	0.00293111871031	0.000488519785051	0.000571367519602	0.000161412157975
46	0.00317537860283	0.00146555935515	0.000571493057653	0.000161286619924
47	0.000977039570103	0.000732779677577	0.000565797637844	0.000166982039733
48	0.00488519785051	0.00122129946263	0.000490671936947	0.00024210774063
49	0.00317537860283	0.00122129946263	0.000489729362774	0.000243050314803
50	0.00415241817294	0.00122129946263	0.000571769182208	0.000161010495369
51	0.000488519785051	0.000977039570103	0.000514587820995	0.000218191856582
52	0.00244259892526	0.00146555935515	0.000571730134754	0.000161049542823
53	0.00244259892526	0.00439667806546	0.000494864423066	0.000237915254511
54	0.00415241817294	0.00170981924768	0.000508858467597	0.00022392120998
55	0.000977039570103	0.00146555935515	0.000571709060888	0.000161070616689
56	0.00659501709819	0.00122129946263	0.000494873757907	0.00023790591967
57	0.00390815828041	0.00488519785051	0.000490587102757	0.000242192574819
58	0.000732779677577	0.000488519785051	0.000488533397693	0.000244246279884
59	0.00659501709819	0.000488519785051	0.000489940730317	0.00024283894726
60	0.00146555935515	0.000732779677577	0.00048879747958	0.000243982197997
61	0.0	0.00195407914021	0.00056515895989	0.000167620717686
62	0.00586223742062	0.00415241817294	0.000570960468338	0.000161819209239
63	0.00195407914021	0.000977039570103	0.00057133560715	0.000161444070427
64	0.00415241817294	0.00488519785051	0.000488606359059	0.000244173318518
65	0.00366389838788	0.0	0.000730486096511	2.29358106559e-06
66	0.00219833903273	0.000977039570103	0.00056635270453	0.000166426973046
67	0.000977039570103	0.000977039570103	0.000514797085501	0.000217982592075
68	0.00415241817294	0.000732779677577	0.000489093100142	0.000243686577434
69	0.00317537860283	0.00122129946263	0.000570578702337	0.00016220097524
70	0.00488519785051	0.00195407914021	0.000571606496847	0.00016117318073
71	0.00415241817294	0.00366389838788	0.00059700627165	0.000135773405927
72	0.0114802149487	0.00170981924768	0.000573969943857	0.00015880973372
73	0.00268685881778	0.00219833903273	0.000570673728787	0.00016210594879
74	0.0227161700049	0.000977039570103	0.000567790575003	0.000164989102574
75	0.000977039570103	0.000244259892526	0.000568002813934	0.000164776863642
76	0.00586223742062	0.0	0.00072773553403	5.04414354717e-06
77	0.00219833903273	0.000732779677577	0.000329178165533	0.000403601512044
78	0.000732779677577	0.000488519785051	0.000440234313402	0.000292545364175
79	0.0075720566683	0.00170981924768	0.000625891991234	0.000106887686343
80	0.0124572545188	0.00268685881778	0.000493780409008	0.000238999268569
81	0.00366389838788	0.00293111871031	0.000572672448345	0.000160107229232
82	0.0095261358085	0.00122129946263	0.000572067044835	0.000160712632742
83	0.0117244748412	0.00341963849536	0.000502710091825	0.000230069585751
84	0.0075720566683	0.000732779677577	0.000628237544313	0.000104542133264
85	0.00170981924768	0.000732779677577	0.000488747872301	0.000244031805276
86	0.00244259892526	0.000488519785051	0.000513959674463	0.000218820003114
87	0.00439667806546	0.00195407914021	0.000569184910628	0.000163594766948
88	0.00122129946263	0.000977039570103	0.000565597010411	0.000167182667166
89	0.00683927699072	0.00195407914021	0.000589008204279	0.000143771473298
90	0.00781631656082	0.00244259892526	0.000597945266847	0.00013483441073
91	0.0095261358085	0.00268685881778	0.000588147932721	0.000144631744856
92	0.00415241817294	0.00244259892526	0.000570106036707	0.00016267364087
93	0.00879335613092	0.00317537860283	0.000509215462726	0.000223564214851
94	0.00268685881778	0.00146555935515	0.000488685247808	0.000244094429769
95	0.00708353688324	0.00708353688324	0.000323159767972	0.000409619909605
96	0.00659501709819	0.0	0.000730255549342	2.52412823504e-06
97	0.00195407914021	0.000488519785051	0.000597928220195	0.000134851457382
98	0.00268685881778	0.00195407914021	0.000588564905735	0.000144214771842
99	0.00390815828041	0.000488519785051	0.000492592213989	0.000240187463588
100	0.0117244748412	0.00512945774304	0.00048888924389	0.000243890433686