site	ns_changes	s_changes	ns_sites	s_sites
1	0.0207722385142	0.0931085043988	0.00098781384458	0.000478461815244
2	0.0153958944282	0.0855327468231	0.00105842502461	0.000407850635213
3	0.00830889540567	0.074780058651	0.00112590380986	0.000340371849966
4	0.0129521016618	0.080889540567	0.000987255845935	0.000479019813889
5	0.00342130987292	0.0718475073314	0.00105713687244	0.00040913878738
6	0.0234604105572	0.102639296188	0.00098635877865	0.000479916881174
7	0.024926686217	0.117302052786	0.000990098864101	0.000476176795723
8	0.0239491691105	0.139784946237	0.000986108682573	0.000480166977251
9	0.00211795373086	0.0804822417726	0.00112913318543	0.000337142474389
10	0.0039100684262	0.0478983382209	0.00104540049796	0.000420875161863
11	0.143450635386	0.0960410557185	0.00109858040005	0.000367695259774
12	0.0295698924731	0.0833333333333	0.000991510257206	0.000474765402618
13	0.0338872596937	0.10540892799	0.0010982293504	0.000368046309426
14	0.0723362658847	0.106060606061	0.00116141229529	0.000304863364538
15	0.0315249266862	0.0999511241447	0.000993939559356	0.000472336100468
16	0.0187357445422	0.0880579993483	0.00106858560199	0.000397690057836
17	0.153388725969	0.0949006190942	0.00110070943781	0.00036556622201
18	0.0507494297817	0.145242750081	0.0010101786586	0.000456097001227
19	0.0505865102639	0.0628054740958	0.000999252855136	0.000467022804688
20	0.0434995112414	0.124633431085	0.000995152642643	0.000471123017181
21	0.0268817204301	0.104594330401	0.0010902575177	0.000376018142126
22	0.0662267839687	0.0410557184751	0.000997666999966	0.000468608659858
23	0.144672531769	0.101173020528	0.00108488589922	0.000381389760604
24	0.0554740957967	0.100928641251	0.00100550800419	0.000460767655636
25	0.0353535353535	0.079504724666	0.00113191371669	0.000334361943138
26	0.152003910068	0.0833333333333	0.00116009571856	0.000306179941268
27	0.0909090909091	0.131964809384	0.00103238587744	0.000433889782384
28	0.0652492668622	0.0476539589443	0.00102159534802	0.000444680311805
29	0.0799120234604	0.0549853372434	0.00106490779439	0.000401367865436
30	0.0469208211144	0.0762463343109	0.00112393366772	0.000342341992101
31	0.0650048875855	0.124144672532	0.00101196427886	0.000454311380965
32	0.0302215705442	0.0846366894754	0.00108146359333	0.000384812066497
33	0.0966112740306	0.0925382860867	0.00116051384562	0.000305761814209
34	0.0564516129032	0.0979960899316	0.00108747141343	0.000378804246396
35	0.165037471489	0.120071684588	0.00106243042759	0.000403845232231
36	0.139377647442	0.0612577386771	0.00108352027567	0.000382755384158
37	0.0939231019876	0.0898501140437	0.00112241082264	0.00034386483718
38	0.0691593352884	0.0544965786901	0.00102098462903	0.000445291030798
39	0.105571847507	0.0948191593353	0.00111616326603	0.000350112393792
40	0.0841479309221	0.0932714239166	0.00111509194244	0.000351183717383
41	0.0690778755295	0.0697295536005	0.00100914479079	0.000457130869037
42	0.0319322254806	0.059954382535	0.00105720358419	0.000409072075636
43	0.224014336918	0.10247637667	0.00113315085615	0.000333124803672
44	0.128380579993	0.0759204952753	0.00109686698046	0.000369408679361
45	0.0951449983708	0.0475724991854	0.00102228179457	0.000443993865259
46	0.227191267514	0.096366894754	0.00113917765129	0.000327098008538
47	0.158765070055	0.0912349299446	0.00113277684816	0.00033349881166
48	0.149315738025	0.091642228739	0.0011117467136	0.000354528946225
49	0.163082437276	0.0698110133594	0.00111935233995	0.000346923319872
50	0.133268165526	0.0954708374063	0.00105418935699	0.000412086302835
51	0.0928641251222	0.0750244379277	0.00106682010157	0.000399455558249
52	0.18532095145	0.0590583251874	0.00114666121067	0.000319614449155
53	0.178152492669	0.0707070707071	0.00114672628481	0.000319549375017
54	0.192082111437	0.0877321603128	0.00109154672739	0.000374728932433
55	0.119012707722	0.0857771260997	0.00110601842143	0.000360257238394
56	0.115998696644	0.0399152818508	0.00104389307633	0.000422382583493
57	0.137748452265	0.0601987618117	0.00111807098528	0.000348204674545
58	0.0953079178886	0.0527859237537	0.00112980996698	0.000336465692845
59	0.253502769632	0.0856956663408	0.00110532239276	0.000360953267067
60	0.198517432388	0.0779569892473	0.00111161531615	0.000354660343674
61	0.188009123493	0.0996252851092	0.00111650000402	0.000349775655808
62	0.172368849788	0.0768980123819	0.00112260804322	0.000343667616606
63	0.252688172043	0.0882209188661	0.00110802807804	0.000358247581788
64	0.244460736396	0.0999511241447	0.00113088665612	0.000335389003702
65	0.166503747149	0.109644835451	0.00105145206908	0.000414823590742
66	0.140029325513	0.0549853372434	0.00116103626437	0.000305239395452
67	0.164874551971	0.0518084066471	0.00104329475082	0.000422980909001
68	0.182632779407	0.0467579015966	0.0011410525896	0.000325223070226
69	0.176441837732	0.0834147930922	0.00106641176896	0.00039986389086
70	0.201775822744	0.0983219289671	0.0010526692085	0.000413606451328
71	0.216682958618	0.0694851743239	0.00111313462498	0.000353141034842
72	0.278999674161	0.107608341479	0.00109554599649	0.000370729663337
73	0.281850765722	0.105490387748	0.00111848399682	0.000347791663005
74	0.0709514499837	0.047816878462	0.00099472102716	0.000471554632664
75	0.219208211144	0.0987292277615	0.00111024855402	0.000356027105799
76	0.280791788856	0.10174323884	0.00112869619193	0.000337579467896
77	0.222629521017	0.100114043662	0.0010866436748	0.000379631985024
78	0.253258390355	0.0693222548061	0.00113466627632	0.000331609383501
79	0.211876832845	0.0740469208211	0.00106028500237	0.000405990657451
80	0.250896057348	0.0997882046269	0.00110775598161	0.000358519678214
81	0.270935158032	0.0983219289671	0.00110987173584	0.00035640392398
82	0.265803193223	0.0726621049202	0.00107949539478	0.000386780265043
83	0.231590094493	0.0763277940697	0.00113540433291	0.000330871326919
84	0.264336917563	0.0874063212773	0.0011049972084	0.000361278451419
85	0.208211143695	0.0746171391333	0.00104023591536	0.000426039744464
86	0.219208211144	0.0838220918866	0.00109425705262	0.0003720186072
87	0.255050505051	0.10027696318	0.0010663677964	0.000399907863421
88	0.208781362007	0.0966112740306	0.0010370968869	0.000429178772928
89	0.280058651026	0.102720755947	0.00105381153694	0.000412464122881
90	0.294802867384	0.0971000325839	0.00105110758667	0.000415168073157
91	0.226132290648	0.0655751058977	0.00118587404494	0.000280401614881
92	0.232811990877	0.0898501140437	0.00102756035869	0.000438715301138
93	0.257005539264	0.0952264581297	0.00108569287422	0.000380582785602
94	0.260834147931	0.0874063212773	0.00111614636873	0.000350129291096
95	0.300097751711	0.10101010101	0.00112189421194	0.000344381447888
96	0.288611925709	0.0887096774194	0.00108285233834	0.000383423321485
97	0.228087324862	0.070055392636	0.00108910904989	0.000377166609934
98	0.166177908113	0.0446399478658	0.00130815508401	0.000158120575818
99	0.263766699251	0.0844737699576	0.00112443781788	0.000341837841942
100	0.267269468882	0.0827631150212	0.00107011232982	0.000396163330002