site	ns_changes	s_changes	ns_sites	s_sites
1	0.00219833903273	0.0112359550562	0.000490317315429	0.000242462362148
2	0.00415241817294	0.0163654127992	0.00049037616724	0.000242403510337
3	0.00293111871031	0.0180752320469	0.000492805883337	0.00023997379424
4	0.00122129946263	0.00635075720567	0.000575206109778	0.000157573567799
5	0.00122129946263	0.0102589154861	0.000488669512703	0.000244110164874
6	0.00378602833415	0.0101367855398	0.000490684276346	0.000242095401231
7	0.000977039570103	0.013922813874	0.00048862477	0.000244154907577
8	0.00317537860283	0.0148998534441	0.000489659691621	0.000243119985956
9	0.000977039570103	0.0148998534441	0.000488642267492	0.000244137410085
10	0.000732779677577	0.0148998534441	0.000488767294249	0.000244012383328
11	0.00122129946263	0.00708353688324	0.000573495457464	0.000159284220113
12	0.00415241817294	0.0131900341964	0.000490588794375	0.000242190883202
13	0.00512945774304	0.0095261358085	0.00049497986836	0.000237799809217
14	0.00219833903273	0.00488519785051	0.000572689036483	0.000160090641094
15	0.0	0.00732779677577	0.000573658292404	0.000159121385173
16	0.0127015144113	0.0134342940889	0.000561424445181	0.000171355232396
17	0.00512945774304	0.0095261358085	0.000577857531159	0.000154922146418
18	0.00122129946263	0.00537371763556	0.000575682867545	0.000157096810032
19	0.00635075720567	0.0166096726917	0.000493956900596	0.000238822776981
20	0.0536150464094	0.0108695652174	0.000530997077681	0.000201782599896
21	0.00293111871031	0.0109916951637	0.000514345920701	0.000218433756876
22	0.00293111871031	0.00341963849536	0.000576698607519	0.000156081070058
23	0.00146555935515	0.00683927699072	0.0005744226323	0.000158357045277
24	0.0186858817782	0.0108695652174	0.000578419203643	0.000154360473934
25	0.0075720566683	0.00415241817294	0.000619737578668	0.000113042098909
26	0.00635075720567	0.0134342940889	0.000492026735877	0.0002407529417
27	0.0107474352711	0.00635075720567	0.000617282331034	0.000115497346543
28	0.00488519785051	0.00659501709819	0.000560023502835	0.000172756174742
29	0.00488519785051	0.00512945774304	0.000623633222978	0.000109146454599
30	0.00964826575476	0.00915974596971	0.00049846365124	0.000234316026337
31	0.00500732779678	0.0150219833903	0.000492376357519	0.000240403320058
32	0.00170981924768	0.00512945774304	0.000576445603643	0.000156334073934
33	0.00439667806546	0.00708353688324	0.000490333153272	0.000242446524305
34	0.0141670737665	0.00561797752809	0.000618464641202	0.000114315036375
35	0.0109916951637	0.00610649731314	0.00061529926575	0.000117480411827
36	0.00806057645335	0.0146555935515	0.000491978290943	0.000240801386634
37	0.00366389838788	0.00390815828041	0.000575960578113	0.000156819099464
38	0.00781631656082	0.0178309721544	0.00049126232085	0.000241517356727
39	0.0141670737665	0.00781631656082	0.000619929157364	0.000112850520213
40	0.03529555447	0.0135564240352	0.000557216076649	0.000175563600928
41	0.0150219833903	0.0113580850024	0.000577941550377	0.0001548381272
42	0.00317537860283	0.0075720566683	0.000569000598467	0.00016377907911
43	0.00415241817294	0.00586223742062	0.000575874605251	0.000156905072326
44	0.0319980459209	0.0117244748412	0.000501021397726	0.000231758279851
45	0.0119687347338	0.00610649731314	0.000619290649356	0.000113489028221
46	0.0183194919394	0.0100146555936	0.000554391896829	0.000178387780748
47	0.0379824132877	0.0042745481192	0.000618814278673	0.000113965398904
48	0.0296775769419	0.0150219833903	0.000507043163226	0.000225736514351
49	0.00586223742062	0.00781631656082	0.000561621388285	0.000171158289292
50	0.00732779677577	0.00464093795799	0.000619851812125	0.000112927865452
51	0.00708353688324	0.0109916951637	0.000492054388268	0.000240725289309
52	0.0202735710796	0.00830483634587	0.000584231442372	0.000148548235205
53	0.0300439667807	0.00439667806546	0.000620134663904	0.000112645013672
54	0.0107474352711	0.00610649731314	0.000574293241126	0.00015848643645
55	0.019052271617	0.00708353688324	0.0005840538755	0.000148725802077
56	0.0210063507572	0.0095261358085	0.000492485602195	0.000240294075382
57	0.0180752320469	0.0075720566683	0.000578613497292	0.000154166180285
58	0.0095261358085	0.00317537860283	0.000602968455935	0.000129811221642
59	0.0370053737176	0.0140449438202	0.000513051364748	0.000219728312829
60	0.0189301416707	0.0128236443576	0.000559276101545	0.000173503576032
61	0.0234489496825	0.00488519785051	0.000628736424335	0.000104043253242
62	0.0191744015633	0.0052515876893	0.000615296640206	0.000117483037371
63	0.00903761602345	0.00439667806546	0.00057575683619	0.000157022841387
64	0.00610649731314	0.0102589154861	0.000520771202699	0.000212008474878
65	0.0164875427455	0.00964826575476	0.000577834417994	0.000154945259583
66	0.019052271617	0.00635075720567	0.000583975898084	0.000148803779493
67	0.0214948705423	0.00879335613092	0.000587058119567	0.00014572155801
68	0.0287005373718	0.011602344895	0.000581688624986	0.000151091052591
69	0.028334147533	0.00879335613092	0.000582300774043	0.000150478903534
70	0.026013678554	0.00793844650708	0.000621754052517	0.00011102562506
71	0.0200293111871	0.00464093795799	0.000613959047102	0.000118820630474
72	0.0156326331216	0.00708353688324	0.000551354571903	0.000181425105674
73	0.00867122618466	0.00574010747435	0.000615740427681	0.000117039249896
74	0.0222276502198	0.00977039570103	0.00056591023516	0.000166869442417
75	0.0214948705423	0.00537371763556	0.000616415020559	0.000116364657018
76	0.0185637518319	0.0151441133366	0.000572273315226	0.000160506362351
77	0.0254030288227	0.00781631656082	0.000595562606727	0.00013721707085
78	0.031143136297	0.00500732779678	0.000511640561537	0.00022113911604
79	0.0280898876404	0.0100146555936	0.000546912550918	0.000185867126659
80	0.0284562774792	0.0130679042501	0.000543897065201	0.000188882612376
81	0.0166096726917	0.0100146555936	0.000499392731029	0.000233386946547
82	0.0122129946263	0.00903761602345	0.00057373797989	0.000159041697687
83	0.0240595994138	0.0145334636053	0.000567398991428	0.000165380686148
84	0.021372740596	0.0172203224231	0.000490761380432	0.000242018297145
85	0.026502198339	0.00867122618466	0.000579961801884	0.000152817875693
86	0.0272349780166	0.00769418661456	0.000580227498083	0.000152552179494
87	0.023693209575	0.00635075720567	0.000603668691565	0.000129110986012
88	0.021861260381	0.00598436736688	0.000615750025365	0.000117029652212
89	0.0170981924768	0.0085490962384	0.00060955649042	0.000123223187157
90	0.0280898876404	0.0085490962384	0.000587519196844	0.000145260480733
91	0.0258915486077	0.00928187591597	0.000578299739557	0.00015447993802
92	0.0247923790914	0.0062286272594	0.00061881329072	0.000113966386857
93	0.0186858817782	0.0138006839277	0.000515884834611	0.000216894842966
94	0.0177088422081	0.0108695652174	0.000566613677009	0.000166166000568
95	0.0250366389839	0.00940400586224	0.00053675911894	0.000196020558637
96	0.0178309721544	0.00610649731314	0.000607523831983	0.000125255845594
97	0.0280898876404	0.00561797752809	0.000615910943204	0.000116868734373
98	0.0273571079629	0.0166096726917	0.000341996980696	0.000390782696881
99	0.0310210063508	0.0134342940889	0.00047370199176	0.000259077685816
100	0.0287005373718	0.0150219833903	0.000398558133375	0.000334221544202