site	ns_changes	s_changes	ns_sites	s_sites
1	0.0	0.00146627565982	0.000977517106549	0.000488758553275
2	0.00146627565982	0.0	0.00130455933228	0.000161716327544
3	0.000488758553275	0.000488758553275	0.00130575005357	0.000160525606256
4	0.0	0.00146627565982	0.000977517106549	0.000488758553275
5	0.0	0.00146627565982	0.000977517106549	0.000488758553275
6	0.0	0.0	0.00121165071017	0.000254624949656
7	0.000488758553275	0.000488758553275	0.00130683593592	0.000159439723906
8	0.0	0.000488758553275	0.000977517106549	0.000488758553275
9	0.0	0.00146627565982	0.000977517106549	0.000488758553275
10	0.0	0.0	0.000977517106549	0.000488758553275
11	0.0	0.0	0.00121165071017	0.000254624949656
12	0.000488758553275	0.000488758553275	0.000977754188305	0.000488521471519
13	0.000488758553275	0.000488758553275	0.00130642874184	0.000159846917983
14	0.00146627565982	0.000488758553275	0.00117032292769	0.000295952732138
15	0.0	0.0	0.00130705583782	0.000159219822004
16	0.00146627565982	0.000488758553275	0.000998938734731	0.000467336925093
17	0.0	0.000488758553275	0.0010155337422	0.000450741917626
18	0.0019550342131	0.00146627565982	0.00117133678358	0.000294938876244
19	0.00146627565982	0.000488758553275	0.00112115240858	0.000345123251248
20	0.000488758553275	0.0	0.00114670312392	0.000319572535903
21	0.000977517106549	0.0	0.00114572203827	0.000320553621557
22	0.00146627565982	0.0	0.00117126031747	0.000295015342351
23	0.000977517106549	0.000488758553275	0.00112027685326	0.000345998806565
24	0.000977517106549	0.0	0.00130654479627	0.000159730863553
25	0.0	0.0	0.00121165071017	0.000254624949656
26	0.000977517106549	0.000488758553275	0.0011208053727	0.000345470287127
27	0.00488758553275	0.00146627565982	0.000982164672846	0.000484110986978
28	0.0	0.000488758553275	0.00121141101698	0.000254864642846
29	0.0	0.00146627565982	0.00114675890708	0.000319516752747
30	0.00146627565982	0.00146627565982	0.00101439670445	0.000451878955377
31	0.00244379276637	0.000977517106549	0.00112062542333	0.000345650236489
32	0.000488758553275	0.0	0.00130703252278	0.00015924313704
33	0.000977517106549	0.000488758553275	0.00112099531742	0.000345280342401
34	0.000977517106549	0.0	0.00130705583782	0.000159219822004
35	0.000977517106549	0.0	0.0011236821072	0.00034259355262
36	0.0	0.0	0.00130705583782	0.000159219822004
37	0.000977517106549	0.0	0.00121240241856	0.000253873241264
38	0.00244379276637	0.000488758553275	0.00112416918446	0.000342106475361
39	0.0	0.000977517106549	0.00112515587391	0.000341119785911
40	0.000977517106549	0.000488758553275	0.00128664063265	0.000179635027172
41	0.0	0.000488758553275	0.00130654471197	0.000159730947856
42	0.00146627565982	0.000488758553275	0.00117078468149	0.000295490978334
43	0.00146627565982	0.000488758553275	0.00117132197516	0.000294953684661
44	0.00244379276637	0.000488758553275	0.00114672351034	0.000319552149485
45	0.00342130987292	0.0	0.00146476874904	1.50691078445e-06
46	0.000977517106549	0.0	0.00120844653573	0.000257829124095
47	0.0	0.0	0.00130705583782	0.000159219822004
48	0.0	0.0	0.00130705583782	0.000159219822004
49	0.0	0.000488758553275	0.00114620846385	0.000320067195972
50	0.00146627565982	0.0	0.00146502070308	1.25495673967e-06
51	0.000977517106549	0.00146627565982	0.00130092452061	0.000165351139218
52	0.000488758553275	0.0	0.00121159349277	0.000254682167057
53	0.000488758553275	0.000977517106549	0.00121119463882	0.000255081021
54	0.000488758553275	0.000977517106549	0.00120564850301	0.00026062715681
55	0.000488758553275	0.000977517106549	0.00114586925489	0.000320406404932
56	0.000488758553275	0.000977517106549	0.0011522550284	0.000314020631426
57	0.0	0.000488758553275	0.00112084039491	0.000345435264914
58	0.000488758553275	0.00146627565982	0.00114586188501	0.00032041377481
59	0.0019550342131	0.0	0.000977998160791	0.000488277499033
60	0.00146627565982	0.0	0.00116766406509	0.000298611594731
61	0.000488758553275	0.00146627565982	0.000977754188305	0.000488521471519
62	0.0	0.0	0.00121165071017	0.000254624949656
63	0.00293255131965	0.000977517106549	0.00130693169285	0.000159343966975
64	0.0	0.000977517106549	0.00130461816068	0.000161657499146
65	0.000977517106549	0.00146627565982	0.000977754188305	0.000488521471519
66	0.0019550342131	0.0019550342131	0.00100550471253	0.000460770947293
67	0.00244379276637	0.0	0.00130639350653	0.000159882153291
68	0.0	0.000488758553275	0.00121141101698	0.000254864642846
69	0.00146627565982	0.0	0.00130174069699	0.000164534962831
70	0.0039100684262	0.0	0.000979180997579	0.000487094662245
71	0.00244379276637	0.0	0.00146352653927	2.7491205524e-06
72	0.000488758553275	0.00146627565982	0.00101258910861	0.000453686551219
73	0.0	0.0	0.00114616914648	0.000320106513345
74	0.0	0.000977517106549	0.00099513586341	0.000471139796414
75	0.0019550342131	0.00244379276637	0.000977178815165	0.000489096844659
76	0.000977517106549	0.000488758553275	0.00112089283497	0.000345382824857
77	0.000977517106549	0.0	0.00130694810253	0.000159327557289
78	0.000977517106549	0.000977517106549	0.00101592383813	0.000450351821695
79	0.000488758553275	0.000977517106549	0.00130674965195	0.000159526007871
80	0.00146627565982	0.000977517106549	0.00116938485271	0.000296890807113
81	0.00146627565982	0.000488758553275	0.000977690773179	0.000488584886645
82	0.000977517106549	0.000977517106549	0.0011421766533	0.000324099006523
83	0.0019550342131	0.000488758553275	0.00117244537157	0.000293830288251
84	0.00146627565982	0.0	0.00146549523517	7.80424655635e-07
85	0.000977517106549	0.00146627565982	0.00115582931984	0.000310446339988
86	0.000488758553275	0.0	0.00146281182843	3.46383138929e-06
87	0.00146627565982	0.00146627565982	0.00127068551073	0.000195590149099
88	0.000977517106549	0.000488758553275	0.000977564522901	0.000488711136923
89	0.00146627565982	0.0	0.00112350373911	0.00034277192071
90	0.0019550342131	0.0	0.000978017161388	0.000488258498436
91	0.000977517106549	0.0	0.00130705583782	0.000159219822004
92	0.00146627565982	0.000488758553275	0.00120963109826	0.000256644561565
93	0.0019550342131	0.000488758553275	0.00112102145808	0.000345254201742
94	0.00146627565982	0.0	0.000981490562612	0.000484785097212
95	0.00146627565982	0.000488758553275	0.00130453143539	0.000161744224433
96	0.00342130987292	0.000488758553275	0.00121202279483	0.000254252864998
97	0.0	0.000488758553275	0.00121141101698	0.000254864642846
98	0.0019550342131	0.0	0.000977597638986	0.000488678020838
99	0.00146627565982	0.000488758553275	0.000977588663907	0.000488686995917
100	0.0019550342131	0.0	0.000984875122824	0.000481400537