site	ns_changes	s_changes	ns_sites	s_sites
1	0.000732779677577	0.00170981924768	0.000489176236147	0.00024360344143
2	0.000244259892526	0.00293111871031	0.000488529582829	0.000244250094748
3	0.0	0.000488519785051	0.000488519785051	0.000244259892526
4	0.0	0.0	0.00058277977377	0.000149999903807
5	0.0	0.00146555935515	0.000488519785051	0.000244259892526
6	0.000732779677577	0.000488519785051	0.000567696741687	0.00016508293589
7	0.0	0.000977039570103	0.000488519785051	0.000244259892526
8	0.0	0.00195407914021	0.000488519785051	0.000244259892526
9	0.00244259892526	0.000488519785051	0.000577512404315	0.000155267273262
10	0.0	0.000977039570103	0.000508853403899	0.000223926273678
11	0.0	0.000977039570103	0.000488519785051	0.000244259892526
12	0.000732779677577	0.000732779677577	0.000625132728506	0.000107646949071
13	0.000244259892526	0.000488519785051	0.000567853599845	0.000164926077732
14	0.0	0.0	0.000626516389173	0.000106263288404
15	0.000244259892526	0.000977039570103	0.000488532328915	0.000244247348662
16	0.00170981924768	0.000977039570103	0.000568305516461	0.000164474161116
17	0.000244259892526	0.000977039570103	0.000488529582829	0.000244250094748
18	0.0	0.000977039570103	0.000488519785051	0.000244259892526
19	0.0	0.00146555935515	0.000508871630321	0.000223908047256
20	0.000244259892526	0.000488519785051	0.00062618771494	0.000106591962637
21	0.00146555935515	0.00122129946263	0.000491789367513	0.000240990310064
22	0.000488519785051	0.000244259892526	0.000508300707012	0.000224478970565
23	0.00244259892526	0.000244259892526	0.00048975092072	0.000243028756857
24	0.000488519785051	0.0	0.000626516389173	0.000106263288404
25	0.0	0.0	0.00058277977377	0.000149999903807
26	0.00537371763556	0.000488519785051	0.000491044957777	0.0002417347198
27	0.000488519785051	0.0	0.000626490531248	0.000106289146329
28	0.000488519785051	0.0	0.00058238836688	0.000150391310697
29	0.000488519785051	0.00122129946263	0.000488656953937	0.00024412272364
30	0.000244259892526	0.000732779677577	0.00050840445779	0.000224375219787
31	0.0	0.000244259892526	0.000582770660559	0.000150009017018
32	0.00195407914021	0.00122129946263	0.000569813205189	0.000162966472388
33	0.000488519785051	0.000488519785051	0.000568116787022	0.000164662890555
34	0.000488519785051	0.000488519785051	0.000591201480807	0.00014157819677
35	0.00146555935515	0.00122129946263	0.000326162796347	0.00040661688123
36	0.000244259892526	0.000732779677577	0.00050828260178	0.000224497075797
37	0.000488519785051	0.000732779677577	0.000626212131118	0.000106567546459
38	0.000488519785051	0.000488519785051	0.000582649401301	0.000150130276276
39	0.000244259892526	0.000244259892526	0.000626354295778	0.000106425381799
40	0.000244259892526	0.000977039570103	0.000509205938569	0.000223573739008
41	0.000488519785051	0.000244259892526	0.000489564703158	0.000243214974419
42	0.000977039570103	0.000732779677577	0.000555335217547	0.00017744446003
43	0.000488519785051	0.000488519785051	0.000626458451041	0.000106321226536
44	0.000244259892526	0.000977039570103	0.00048858250437	0.000244197173207
45	0.0	0.000244259892526	0.000626480447019	0.000106299230558
46	0.000244259892526	0.000488519785051	0.000582640676845	0.000150139000732
47	0.00146555935515	0.000244259892526	0.000591368507183	0.000141411170394
48	0.00122129946263	0.00244259892526	0.0004888039206	0.000243975756977
49	0.00122129946263	0.0	0.0007314600901	1.31958747723e-06
50	0.000977039570103	0.000244259892526	0.000625026091172	0.000107753586405
51	0.000977039570103	0.000488519785051	0.000567662230411	0.000165117447166
52	0.00122129946263	0.000977039570103	0.000568864682722	0.000163914994855
53	0.000977039570103	0.000488519785051	0.000566516430825	0.000166263246752
54	0.00122129946263	0.000488519785051	0.000630102404175	0.000102677273402
55	0.00219833903273	0.000488519785051	0.000568769815091	0.000164009862486
56	0.00122129946263	0.0	0.000630236765576	0.000102542912001
57	0.00170981924768	0.000488519785051	0.00062968075984	0.000103098917737
58	0.0	0.000244259892526	0.000582515490643	0.000150264186934
59	0.00146555935515	0.000977039570103	0.000568119973901	0.000164659703676
60	0.000977039570103	0.000244259892526	0.000626471184052	0.000106308493525
61	0.0	0.000488519785051	0.000626329489975	0.000106450187602
62	0.000244259892526	0.000488519785051	0.000503108069718	0.000229671607859
63	0.00219833903273	0.000732779677577	0.00048907595114	0.000243703726437
64	0.000488519785051	0.000732779677577	0.000554766191216	0.000178013486361
65	0.00170981924768	0.0	0.00073236604041	4.13637167123e-07
66	0.000244259892526	0.0	0.000626511047622	0.000106268629955
67	0.000732779677577	0.000244259892526	0.000626196609017	0.00010658306856
68	0.00122129946263	0.000488519785051	0.000567662230411	0.000165117447166
69	0.00195407914021	0.0	0.000730456961247	2.32271632992e-06
70	0.000732779677577	0.000977039570103	0.000573182660896	0.000159597016681
71	0.0	0.000244259892526	0.000626480447019	0.000106299230558
72	0.00122129946263	0.000732779677577	0.000568820559852	0.000163959117725
73	0.000977039570103	0.000488519785051	0.000568057754681	0.000164721922896
74	0.000732779677577	0.000244259892526	0.000625659347524	0.000107120330053
75	0.00219833903273	0.000977039570103	0.000568314508823	0.000164465168754
76	0.00244259892526	0.000732779677577	0.000591392077373	0.000141387600204
77	0.00219833903273	0.000732779677577	0.000568913131658	0.000163866545919
78	0.00268685881778	0.000488519785051	0.000489039819173	0.000243739858404
79	0.000488519785051	0.000732779677577	0.000488595048234	0.000244184629343
80	0.00244259892526	0.000488519785051	0.000567931579482	0.000164848098095
81	0.00122129946263	0.000977039570103	0.000626280051685	0.000106499625892
82	0.00122129946263	0.00122129946263	0.000566306053934	0.000166473623643
83	0.00512945774304	0.0	0.000489411371825	0.000243368305752
84	0.0	0.00122129946263	0.000567750968236	0.000165028709341
85	0.00170981924768	0.00122129946263	0.000488568773939	0.000244210903638
86	0.000732779677577	0.000244259892526	0.000582275236684	0.000150504440893
87	0.00170981924768	0.000488519785051	0.000568137229539	0.000164642448038
88	0.000244259892526	0.00122129946263	0.000488519785051	0.000244259892526
89	0.00268685881778	0.000244259892526	0.000489609922161	0.000243169755416
90	0.00219833903273	0.000244259892526	0.000567514794469	0.000165264883108
91	0.00122129946263	0.000977039570103	0.000568758199149	0.000164021478428
92	0.000977039570103	0.000977039570103	0.000485508065327	0.00024727161225
93	0.00122129946263	0.000244259892526	0.00056764686033	0.000165132817247
94	0.000977039570103	0.000977039570103	0.000569002078077	0.0001637775995
95	0.00195407914021	0.000488519785051	0.000488902074411	0.000243877603166
96	0.00244259892526	0.000488519785051	0.000590424677764	0.000142354999813
97	0.00195407914021	0.000488519785051	0.000590944682619	0.000141834994958
98	0.00195407914021	0.0	0.000555304154153	0.000177475523424
99	0.00293111871031	0.000977039570103	0.000488759857809	0.000244019819768
100	0.00195407914021	0.000488519785051	0.000488729540246	0.000244050137331