site	ns_changes	s_changes	ns_sites	s_sites
1	0.0	0.000488758553275	0.00103107243556	0.000435203224263
2	0.0	0.000488758553275	0.000977517106549	0.000488758553275
3	0.014173998045	0.000977517106549	0.0010085284669	0.000457747192926
4	0.0	0.00244379276637	0.00103400551171	0.000432270148109
5	0.0	0.000977517106549	0.00103098444328	0.000435291216548
6	0.000488758553275	0.00488758553275	0.000977563371648	0.000488712288176
7	0.0	0.000488758553275	0.000977517106549	0.000488758553275
8	0.000977517106549	0.00635386119257	0.000977637207545	0.000488638452279
9	0.0	0.00782013685239	0.000977517106549	0.000488758553275
10	0.000488758553275	0.000977517106549	0.000977577157047	0.000488698502777
11	0.0	0.000488758553275	0.000977517106549	0.000488758553275
12	0.0	0.000977517106549	0.000977517106549	0.000488758553275
13	0.000977517106549	0.00537634408602	0.000978210599064	0.00048806506076
14	0.0	0.00146627565982	0.000977517106549	0.000488758553275
15	0.00537634408602	0.00244379276637	0.00116645570095	0.000299819958872
16	0.0	0.00146627565982	0.000977517106549	0.000488758553275
17	0.000488758553275	0.000488758553275	0.00116680898505	0.00029946667477
18	0.0	0.00146627565982	0.00115050729655	0.000315768363269
19	0.0	0.00146627565982	0.000977517106549	0.000488758553275
20	0.00146627565982	0.0019550342131	0.000977697258043	0.000488578401781
21	0.00733137829912	0.00146627565982	0.00115884830677	0.000307427353058
22	0.0	0.000488758553275	0.000977517106549	0.000488758553275
23	0.000488758553275	0.000488758553275	0.000977555633911	0.000488720025913
24	0.00244379276637	0.00293255131965	0.00122156801267	0.000244707647152
25	0.00293255131965	0.00439882697947	0.00122131570942	0.000244959950406
26	0.0019550342131	0.00146627565982	0.00122202147535	0.000244254184469
27	0.0	0.000977517106549	0.00103098444328	0.000435291216548
28	0.000488758553275	0.000488758553275	0.00103088985265	0.000435385807177
29	0.000488758553275	0.00146627565982	0.000979258570986	0.000487017088838
30	0.00146627565982	0.0	0.00115138518717	0.000314890472656
31	0.000488758553275	0.0019550342131	0.00115202725064	0.00031424840918
32	0.00977517106549	0.0058651026393	0.000985861989947	0.000480413669877
33	0.0	0.000977517106549	0.000977517106549	0.000488758553275
34	0.0	0.00146627565982	0.0010321870045	0.000434088655325
35	0.000488758553275	0.000977517106549	0.000979258570986	0.000487017088838
36	0.000977517106549	0.000977517106549	0.00122216304104	0.000244112618787
37	0.0	0.0019550342131	0.00103121908937	0.000435056570456
38	0.000488758553275	0.000488758553275	0.00115018500471	0.000316090655116
39	0.00293255131965	0.00244379276637	0.00114847678805	0.000317798871773
40	0.00146627565982	0.000977517106549	0.00115042238637	0.000315853273453
41	0.00293255131965	0.000977517106549	0.00122279803938	0.000243477620447
42	0.000488758553275	0.000488758553275	0.00103216075573	0.000434114904098
43	0.000977517106549	0.00146627565982	0.0010317796929	0.000434495966922
44	0.00635386119257	0.00488758553275	0.00113900397383	0.000327271685999
45	0.00293255131965	0.0	0.00114868303628	0.000317592623547
46	0.00537634408602	0.000488758553275	0.00115068695757	0.000315588702255
47	0.00537634408602	0.00146627565982	0.00121943339462	0.000246842265203
48	0.0039100684262	0.000488758553275	0.000977602346171	0.000488673313653
49	0.00146627565982	0.000977517106549	0.00115030506332	0.0003159705965
50	0.0039100684262	0.00439882697947	0.00116141813743	0.000304857522391
51	0.00244379276637	0.0019550342131	0.00121784799525	0.000248427664572
52	0.000977517106549	0.00342130987292	0.00113296791948	0.000333307740346
53	0.00782013685239	0.00244379276637	0.00102526198123	0.000441013678591
54	0.0	0.00244379276637	0.00115068328112	0.0003155923787
55	0.0058651026393	0.00293255131965	0.00111084970153	0.000355425958299
56	0.00635386119257	0.00439882697947	0.00103021106279	0.000436064597032
57	0.0019550342131	0.0019550342131	0.000978627468906	0.000487648190918
58	0.000977517106549	0.00146627565982	0.00115084794922	0.0003154277106
59	0.00537634408602	0.00146627565982	0.00121282120629	0.000253454453531
60	0.00342130987292	0.000977517106549	0.00103082781559	0.000435447844236
61	0.00928641251222	0.0019550342131	0.00116649935219	0.000299776307632
62	0.00293255131965	0.00146627565982	0.00115172583274	0.000314549827084
63	0.00782013685239	0.000977517106549	0.00115324199785	0.000313033661975
64	0.000977517106549	0.00146627565982	0.00115060496928	0.00031567069054
65	0.000488758553275	0.000977517106549	0.00115084621372	0.000315429446104
66	0.00537634408602	0.00146627565982	0.0011355200292	0.000330755630626
67	0.00830889540567	0.000977517106549	0.000979499715385	0.000486775944439
68	0.0039100684262	0.0	0.00145869249492	7.58316490377e-06
69	0.0039100684262	0.0019550342131	0.00115167772358	0.000314597936243
70	0.00488758553275	0.0	0.000978359621008	0.000487916038816
71	0.00244379276637	0.00146627565982	0.00116456181531	0.000301713844518
72	0.00488758553275	0.00342130987292	0.0011661483547	0.000300127305127
73	0.00146627565982	0.0	0.000981415933176	0.000484859726648
74	0.00146627565982	0.000977517106549	0.00122063614956	0.000245639510268
75	0.0058651026393	0.000488758553275	0.000980516058096	0.000485759601728
76	0.00879765395894	0.000488758553275	0.00121841315582	0.000247862504
77	0.00146627565982	0.00342130987292	0.00114696429389	0.00031931136593
78	0.0019550342131	0.000977517106549	0.00114684763625	0.000319428023574
79	0.00146627565982	0.000488758553275	0.000977909913583	0.000488365746241
80	0.00146627565982	0.00146627565982	0.000980616868128	0.000485658791696
81	0.00684261974585	0.0019550342131	0.00121936795417	0.000246907705649
82	0.0039100684262	0.000977517106549	0.000975426533705	0.000490849126119
83	0.0039100684262	0.00488758553275	0.00114934055856	0.000316935101261
84	0.0019550342131	0.00439882697947	0.00103297541882	0.000433300241007
85	0.0019550342131	0.000977517106549	0.0011507496712	0.000315525988627
86	0.00537634408602	0.0039100684262	0.00115537883146	0.000310896828365
87	0.0102639296188	0.00293255131965	0.00114061446613	0.000325661193696
88	0.00244379276637	0.000488758553275	0.00116617505908	0.000300100600745
89	0.0019550342131	0.0	0.00145844997885	7.82568097711e-06
90	0.00293255131965	0.0	0.000604006117345	0.000862269542479
91	0.00488758553275	0.0019550342131	0.000980032080769	0.000486243579055
92	0.00488758553275	0.0	0.00116215768367	0.00030411797615
93	0.00928641251222	0.00635386119257	0.000928376303469	0.000537899356355
94	0.0039100684262	0.000488758553275	0.000978801759524	0.0004874739003
95	0.00635386119257	0.00488758553275	0.00102397374684	0.000442301912988
96	0.00244379276637	0.0019550342131	0.000977994965335	0.000488280694489
97	0.00146627565982	0.000488758553275	0.000892601275164	0.00057367438466
98	0.0151515151515	0.00439882697947	0.000862237901106	0.000604037758718
99	0.00635386119257	0.000977517106549	0.000990713715357	0.000475561944467
100	0.00537634408602	0.0019550342131	0.000977228315504	0.00048904734432