site	ns_changes	s_changes	ns_sites	s_sites
1	0.0	0.0	0.000977517106549	0.000488758553275
2	0.0	0.0019550342131	0.000977517106549	0.000488758553275
3	0.000977517106549	0.00684261974585	0.00111582025742	0.000350455402407
4	0.00488758553275	0.0146627565982	0.000979612170574	0.00048666348925
5	0.0	0.00146627565982	0.000977517106549	0.000488758553275
6	0.0161290322581	0.00806451612903	0.00115035296065	0.00031592269917
7	0.0	0.00244379276637	0.00103646873275	0.000429806927075
8	0.0	0.0058651026393	0.000977517106549	0.000488758553275
9	0.0	0.0058651026393	0.000977517106549	0.000488758553275
10	0.0	0.0019550342131	0.00103589711621	0.000430378543613
11	0.000977517106549	0.00244379276637	0.0011729905907	0.000293285069127
12	0.000488758553275	0.00342130987292	0.000978744229143	0.000487531430681
13	0.00537634408602	0.0156402737048	0.00098582584392	0.000480449815904
14	0.0	0.00782013685239	0.000977517106549	0.000488758553275
15	0.019550342131	0.0127077223851	0.00112700003756	0.000339275622267
16	0.000488758553275	0.0019550342131	0.0010370633852	0.000429212274619
17	0.000977517106549	0.00342130987292	0.000977596766719	0.000488678893105
18	0.00635386119257	0.00439882697947	0.00121576400126	0.000250511658568
19	0.00244379276637	0.00537634408602	0.000978063384394	0.00048821227543
20	0.014173998045	0.00537634408602	0.00114369176736	0.000322583892461
21	0.00635386119257	0.00146627565982	0.00123588445789	0.000230391201937
22	0.000488758553275	0.0039100684262	0.00097772867941	0.000488546980414
23	0.0019550342131	0.0131964809384	0.00116393341029	0.000302342249537
24	0.0039100684262	0.0175953079179	0.000979046619279	0.000487229040545
25	0.0210166177908	0.0166177908113	0.00114870574531	0.000317569914513
26	0.0131964809384	0.00879765395894	0.00122336128576	0.000242914374062
27	0.00928641251222	0.00439882697947	0.00114261177542	0.0003236638844
28	0.00342130987292	0.00244379276637	0.000978706555669	0.000487569104155
29	0.00342130987292	0.000488758553275	0.000985778067555	0.000480497592269
30	0.0146627565982	0.0166177908113	0.00115017456969	0.000316101090138
31	0.0019550342131	0.0215053763441	0.000977601735694	0.00048867392413
32	0.00635386119257	0.0161290322581	0.000980058317486	0.000486217342338
33	0.0131964809384	0.00635386119257	0.00122773882591	0.00023853683391
34	0.00635386119257	0.00879765395894	0.000986064635841	0.000480211023983
35	0.00488758553275	0.00439882697947	0.00118418830301	0.000282087356819
36	0.0102639296188	0.0039100684262	0.00113822864146	0.000328047018361
37	0.0171065493646	0.00733137829912	0.00103216707376	0.000434108586067
38	0.0175953079179	0.00635386119257	0.00129614426303	0.000170131396791
39	0.00782013685239	0.00439882697947	0.00115515872769	0.000311116932138
40	0.0261485826002	0.00708699902248	0.00101936398615	0.000446911673679
41	0.00757575757576	0.0227272727273	0.000983694205927	0.000482581453897
42	0.00293255131965	0.00439882697947	0.000664895491153	0.000801380168671
43	0.00879765395894	0.0171065493646	0.000980108546552	0.000486167113272
44	0.0122189638319	0.00342130987292	0.00121771139044	0.00024856426938
45	0.0117302052786	0.00342130987292	0.00114568490909	0.000320590750735
46	0.00928641251222	0.00733137829912	0.00114445004434	0.000321825615488
47	0.00782013685239	0.014173998045	0.00114926223363	0.000317013426191
48	0.0039100684262	0.0122189638319	0.00116847900191	0.000297796657914
49	0.0361681329423	0.0102639296188	0.00103788220543	0.000428393454395
50	0.00537634408602	0.00293255131965	0.000978194170199	0.000488081489625
51	0.0293255131965	0.0161290322581	0.000967293033173	0.000498982626651
52	0.00782013685239	0.0039100684262	0.00123170867453	0.000234566985291
53	0.0134408602151	0.00415444770283	0.000982160242879	0.000484115416945
54	0.010752688172	0.00146627565982	0.00114550765506	0.000320768004764
55	0.00928641251222	0.00977517106549	0.00123049992697	0.000235775732854
56	0.0127077223851	0.00146627565982	0.00122527776225	0.000240997897577
57	0.0122189638319	0.00146627565982	0.00122699052705	0.000239285132771
58	0.00928641251222	0.0019550342131	0.00114397406794	0.00032230159188
59	0.00830889540567	0.00488758553275	0.00114661492651	0.000319660733314
60	0.0383675464321	0.00513196480938	0.00104377993746	0.000422495722367
61	0.0117302052786	0.0122189638319	0.00114849644174	0.000317779218079
62	0.0210166177908	0.00879765395894	0.00114268246796	0.00032359319186
63	0.00635386119257	0.00684261974585	0.00117151743189	0.000294758227931
64	0.00879765395894	0.0210166177908	0.00098030249314	0.000485973166685
65	0.0127077223851	0.00488758553275	0.00102999617467	0.00043627948515
66	0.0127077223851	0.00342130987292	0.0011520083795	0.000314267280326
67	0.0136852394917	0.00439882697947	0.000988255957501	0.000478019702323
68	0.0219941348974	0.00977517106549	0.00114355330408	0.000322722355748
69	0.00733137829912	0.0136852394917	0.000980091097708	0.000486184562116
70	0.0347018572825	0.0117302052786	0.00105476603144	0.000411509628387
71	0.0224828934506	0.0127077223851	0.00115009080973	0.000316184850097
72	0.0304659498208	0.0120560443141	0.000988539450095	0.000477736209729
73	0.0496089931574	0.00904203323558	0.00102851096309	0.000437764696729
74	0.014173998045	0.00244379276637	0.000983211168411	0.000483064491413
75	0.00659824046921	0.00610948191593	0.000981221208855	0.000485054450969
76	0.0127077223851	0.00537634408602	0.00114822106575	0.000318054594075
77	0.0351906158358	0.0127077223851	0.00110837950361	0.000357896156217
78	0.0185728250244	0.00977517106549	0.00114580747132	0.000320468188506
79	0.0273704789834	0.00782013685239	0.0012223302444	0.00024394541542
80	0.0122189638319	0.00537634408602	0.000988538454091	0.000477737205733
81	0.0109970674487	0.00366568914956	0.00100789012166	0.000458385538163
82	0.0307917888563	0.0019550342131	0.00127207958864	0.000194196071185
83	0.0376344086022	0.00782013685239	0.00114272068952	0.000323554970304
84	0.014173998045	0.00635386119257	0.00122570864192	0.000240567017908
85	0.010752688172	0.00342130987292	0.000994368223758	0.000471907436066
86	0.0161290322581	0.0	0.00144549401035	2.07816494736e-05
87	0.0268817204301	0.0039100684262	0.00122467510252	0.000241600557306
88	0.0197947214076	0.00855327468231	0.00118148605736	0.000284789602462
89	0.0234604105572	0.00782013685239	0.00120774312227	0.000258532537555
90	0.0180840664712	0.00684261974585	0.00115071174009	0.000315563919737
91	0.0124633431085	0.00317693059629	0.000943327884583	0.000522947775241
92	0.030303030303	0.00684261974585	0.00122621508775	0.000240060572075
93	0.0185728250244	0.00635386119257	0.00119429275412	0.000271982905703
94	0.0122189638319	0.00488758553275	0.00122036414309	0.000245911516734
95	0.0254154447703	0.00146627565982	0.000993392539223	0.000472883120601
96	0.0178396871945	0.0119745845552	0.00112557950424	0.000340696155587
97	0.0122189638319	0.0122189638319	0.00114987792381	0.000316397736016
98	0.00415444770283	0.000488758553275	0.00146110831147	5.1673483561e-06
99	0.0283479960899	0.00146627565982	0.00121236003158	0.000253915628241
100	0.0100195503421	0.000488758553275	0.00144589957514	2.03760846851e-05