site	ns_changes	s_changes	ns_sites	s_sites
1	0.00708353688324	0.0466536394724	0.000529910884418	0.000202868793159
2	0.0164875427455	0.0962383976551	0.000543670029709	0.000189109647868
3	0.0968490473864	0.0748656570591	0.00057197322412	0.000160806453456
4	0.0290669272106	0.0903761602345	0.000503183190935	0.000229596486642
5	0.00769418661456	0.0672936003908	0.000489862281947	0.00024291739563
6	0.0195407914021	0.108939912066	0.000492055425925	0.000240724251652
7	0.0105031753786	0.0959941377626	0.000489837741931	0.000242941935646
8	0.0183194919394	0.0803615046409	0.000492542463845	0.000240237213732
9	0.00439667806546	0.0896433805569	0.000489455999488	0.000243323678089
10	0.0191744015633	0.0514167073766	0.000492825374869	0.000239954302708
11	0.0170981924768	0.0659501709819	0.000570592930331	0.000162186747246
12	0.0216984204527	0.0861423220974	0.000540680906569	0.000192098771008
13	0.143991206644	0.114435759648	0.000561098851975	0.000171680825602
14	0.0191744015633	0.0911496498942	0.000560792529936	0.000171987147641
15	0.0554469956033	0.113825109917	0.000502531378452	0.000230248299125
16	0.0393258426966	0.100635075721	0.000498580475547	0.00023419920203
17	0.0468978993649	0.0851245725452	0.000498059695334	0.000234719982243
18	0.0180752320469	0.0810942843185	0.000562957089753	0.000169822587824
19	0.12734082397	0.0918417195896	0.000553593070558	0.000179186607019
20	0.0758426966292	0.140327308256	0.000507773933704	0.000225005743872
21	0.125142484937	0.114720729523	0.000543986171074	0.000188793506503
22	0.0559355153884	0.0515388373229	0.000499901240125	0.000232878437452
23	0.123351245725	0.106008793356	0.000522825597179	0.000209954080398
24	0.128236443576	0.0890327308256	0.000579778313577	0.000153001364
25	0.0459615697769	0.0858166422407	0.000563486156441	0.000169293521136
26	0.131778212018	0.0925744992672	0.000540646388958	0.000192133288619
27	0.125468164794	0.0970525972969	0.00058435044085	0.000148429236727
28	0.0229197199153	0.0549991858004	0.000535700269292	0.000197079408285
29	0.0843917928676	0.0519052271617	0.000522996733398	0.000209782944179
30	0.0884220810943	0.108207132389	0.00051481367504	0.000217966002536
31	0.126078814525	0.151644683276	0.000519048232042	0.000213731445535
32	0.0992916463117	0.122252076209	0.000527851702632	0.000204927974944
33	0.0665201107312	0.119035987624	0.000502150013558	0.000230629664018
34	0.073888617489	0.0925744992672	0.000549488245028	0.000183291432549
35	0.102751994789	0.0965640775118	0.000514895052857	0.00021788462472
36	0.0574824947077	0.0656244911252	0.000502204482934	0.000230575194643
37	0.123310535743	0.105560983553	0.000522582930382	0.000210196747194
38	0.144601856375	0.0532486565706	0.000567805395739	0.000164974281838
39	0.0573603647614	0.0798729848559	0.000542061380583	0.000190718296994
40	0.172895293926	0.114110079792	0.000556692733374	0.000176086944203
41	0.0945692883895	0.0842289529393	0.000516549879314	0.000216229798262
42	0.0648102914835	0.0651359713402	0.00054690307393	0.000185876603647
43	0.197199153232	0.115209249308	0.000545847303034	0.000186932374543
44	0.203468490474	0.0847581827064	0.000564238077129	0.000168541600448
45	0.111097541117	0.0471828692395	0.000522744499369	0.000210035178208
46	0.201270151441	0.088747760951	0.000544788111719	0.000187991565858
47	0.165078977365	0.0944471584433	0.000558598105713	0.000174181571864
48	0.108451392281	0.0907018400912	0.000547450843823	0.000185328833754
49	0.190685556098	0.0645253216089	0.000563464283204	0.000169315394373
50	0.181688650057	0.101164305488	0.000535708723472	0.000197070954104
51	0.0641996417522	0.067822830158	0.000537691498076	0.000195088179501
52	0.160519459371	0.0597215437225	0.000593987726596	0.000138791950981
53	0.194837974271	0.0833740433154	0.000543525125898	0.000189254551679
54	0.143177007002	0.111708190848	0.000522913881866	0.000209865795711
55	0.151400423384	0.105438853607	0.000528493605256	0.000204286072321
56	0.18234000977	0.0464093795799	0.000538126611152	0.000194653066424
57	0.218001954079	0.0611871030777	0.000549739230356	0.000183040447221
58	0.189627096564	0.0783260055366	0.000556273953657	0.00017650572392
59	0.218653313793	0.05947728383	0.000636722086857	9.60575907196e-05
60	0.180630190523	0.085490962384	0.000535842921505	0.000196936756072
61	0.205503989578	0.0944471584433	0.000544569699544	0.000188209978033
62	0.165445367204	0.114964989415	0.00053406145493	0.000198718222647
63	0.212343266569	0.0849210226348	0.000565062494171	0.000167717183405
64	0.17745481192	0.0788959452858	0.000560698231953	0.000172081445624
65	0.179164631168	0.101734245237	0.000523598710959	0.000209180966618
66	0.124450415242	0.0655837811431	0.00052508018669	0.000207699490887
67	0.155552841557	0.0667643706237	0.000546743494878	0.000186036182699
68	0.20611463931	0.0588666340987	0.000560687946876	0.000172091730701
69	0.222927861912	0.086427291972	0.00055929593867	0.000173483738907
70	0.225858980622	0.0875671714704	0.000561960476424	0.000170819201153
71	0.145660315909	0.0711610486891	0.000516328029017	0.00021645164856
72	0.184375508875	0.117570428269	0.000511476308482	0.000221303369095
73	0.22756879987	0.0968897573685	0.000554401166391	0.000178378511186
74	0.234693046735	0.0600065135971	0.000551217842984	0.000181561834593
75	0.258508386256	0.0861423220974	0.000557354618452	0.000175425059125
76	0.272268360202	0.0779189057157	0.000575359596708	0.000157420080869
77	0.181037290344	0.101693535255	0.000528991688088	0.000203787989489
78	0.230337078652	0.0775525158769	0.00055790575352	0.000174873924057
79	0.255414427618	0.0920859794822	0.00055472608727	0.000178053590307
80	0.2418172936	0.0939179286761	0.00054683055146	0.000185949126117
81	0.225126200944	0.0914753297509	0.000561606039013	0.000171173638564
82	0.181078000326	0.0806464745156	0.00055048296494	0.000182296712637
83	0.208435108289	0.0795473049992	0.000518949006789	0.000213830670788
84	0.236484285947	0.0863865819899	0.000550569408987	0.00018221026859
85	0.248005210878	0.0855316723661	0.000557653751442	0.000175125926135
86	0.226836020192	0.0761683764859	0.000567580956747	0.00016519872083
87	0.239496824621	0.0885849210226	0.000550777686328	0.000182001991249
88	0.241328773815	0.096197687673	0.000557882962604	0.000174896714973
89	0.28900016284	0.0847581827064	0.000559092999969	0.000173686677608
90	0.290384302231	0.0937143787657	0.000561390419489	0.000171389258088
91	0.277479237909	0.0908646800195	0.000552389634884	0.000180390042692
92	0.286150464094	0.100635075721	0.000546623541307	0.00018615613627
93	0.295228790099	0.0936329588015	0.000544886309994	0.000187893367583
94	0.298037778863	0.0887070509689	0.00056165855518	0.000171121122397
95	0.281428106172	0.0932258589806	0.00054843804855	0.000184341629027
96	0.267586712262	0.0943657384791	0.000553995715126	0.000178783962451
97	0.256879986973	0.0730744178473	0.000551758122366	0.00018102155521
98	0.297467839114	0.0836997231721	0.000556006691325	0.000176772986252
99	0.251791239212	0.0751913369158	0.000552395721414	0.000180383956162
100	0.300806057645	0.0903354502524	0.000544795001055	0.000187984676522