site	ns_changes	s_changes	ns_sites	s_sites
1	0.0	0.0	0.00226544650081	0.000669974242827
2	0.0	0.00195694716243	0.00195694716243	0.000978473581213
3	0.0	0.000978473581213	0.00195694716243	0.000978473581213
4	0.000978473581213	0.0	0.00233581095893	0.000599609784709
5	0.0	0.0	0.00195694716243	0.000978473581213
6	0.0	0.0	0.00195694716243	0.000978473581213
7	0.0	0.000978473581213	0.00195694716243	0.000978473581213
8	0.0	0.000978473581213	0.00195694716243	0.000978473581213
9	0.0	0.0	0.00233572474047	0.000599696003174
10	0.000978473581213	0.00293542074364	0.00230177289794	0.000633647845697
11	0.0	0.000978473581213	0.00195694716243	0.000978473581213
12	0.0	0.0	0.00195694716243	0.000978473581213
13	0.00293542074364	0.000978473581213	0.00228470156838	0.000650719175263
14	0.0	0.00195694716243	0.00195694716243	0.000978473581213
15	0.0	0.000978473581213	0.00195694716243	0.000978473581213
16	0.0	0.0	0.0025119552832	0.000423465460441
17	0.0	0.000978473581213	0.00195694716243	0.000978473581213
18	0.0	0.00195694716243	0.00204212324237	0.000893297501269
19	0.0	0.0	0.00233572474047	0.000599696003174
20	0.000978473581213	0.000978473581213	0.00251047703007	0.000424943713565
21	0.0	0.00293542074364	0.00251111107504	0.0004243096686
22	0.000978473581213	0.000978473581213	0.00195661938638	0.000978801357262
23	0.000978473581213	0.000978473581213	0.00228511716187	0.000650303581768
24	0.0	0.000978473581213	0.00233557630695	0.000599844436691
25	0.0	0.0	0.0025119552832	0.000423465460441
26	0.0	0.00293542074364	0.0020339593989	0.000901461344745
27	0.00195694716243	0.000978473581213	0.00251131737124	0.000424103372397
28	0.0	0.00293542074364	0.00195694716243	0.000978473581213
29	0.0	0.0	0.0020323266302	0.00090309411344
30	0.0	0.0	0.0025119552832	0.000423465460441
31	0.0	0.0	0.00226544650081	0.000669974242827
32	0.00293542074364	0.0	0.00237482493615	0.000560595807492
33	0.000978473581213	0.0	0.00251168375281	0.000423736990833
34	0.0	0.0	0.00195694716243	0.000978473581213
35	0.0	0.0	0.00233572474047	0.000599696003174
36	0.00195694716243	0.0	0.00196835143888	0.000967069304759
37	0.0	0.000978473581213	0.00195694716243	0.000978473581213
38	0.0	0.0	0.00251734455355	0.00041807619009
39	0.00195694716243	0.000978473581213	0.00228453376995	0.000650886973687
40	0.00293542074364	0.000978473581213	0.00196078550072	0.000974635242918
41	0.00195694716243	0.0	0.00226521839918	0.000670202344462
42	0.000978473581213	0.0	0.00226544650081	0.000669974242827
43	0.0	0.0	0.00195694716243	0.000978473581213
44	0.00293542074364	0.0	0.00291561132215	1.98094214879e-05
45	0.000978473581213	0.0	0.00226544650081	0.000669974242827
46	0.0	0.0	0.00233572474047	0.000599696003174
47	0.0	0.00195694716243	0.00195694716243	0.000978473581213
48	0.000978473581213	0.0	0.00292153829068	1.38824529624e-05
49	0.00293542074364	0.0	0.00195749022321	0.00097793052043
50	0.0	0.0	0.00195694716243	0.000978473581213
51	0.0	0.0	0.00226544650081	0.000669974242827
52	0.0	0.0	0.0025119552832	0.000423465460441
53	0.0	0.00195694716243	0.00195694716243	0.000978473581213
54	0.0	0.0	0.00195694716243	0.000978473581213
55	0.0	0.0	0.00195155789208	0.000983862851564
56	0.00195694716243	0.0	0.00237696612453	0.000558454619112
57	0.0	0.0	0.0025119552832	0.000423465460441
58	0.000978473581213	0.000978473581213	0.00195694716243	0.000978473581213
59	0.000978473581213	0.0	0.00293302721727	2.39352637283e-06
60	0.0	0.000978473581213	0.00251135227737	0.000424068466269
61	0.000978473581213	0.000978473581213	0.00251520533854	0.000420215405104
62	0.0	0.0	0.00222441471372	0.00071100602992
63	0.000978473581213	0.000978473581213	0.0025100059015	0.000425414842136
64	0.000978473581213	0.0	0.00226529557159	0.000670125172053
65	0.00195694716243	0.00195694716243	0.00226526453245	0.000670156211191
66	0.00195694716243	0.0	0.00251172838931	0.000423692354331
67	0.0	0.0	0.0020323266302	0.00090309411344
68	0.0	0.0	0.00228535016756	0.000650070576083
69	0.000978473581213	0.0	0.00195721869282	0.000978202050822
70	0.000978473581213	0.0	0.0025119552832	0.000423465460441
71	0.00195694716243	0.0	0.00293282267901	2.5980646263e-06
72	0.000978473581213	0.0	0.00237400066125	0.00056142008239
73	0.00195694716243	0.0	0.00293121557164	4.20517200312e-06
74	0.000978473581213	0.0	0.00226469185468	0.000670728888958
75	0.0	0.0	0.00293542074364	0.0
76	0.000978473581213	0.0	0.00251058444809	0.000424836295546
77	0.00195694716243	0.0	0.00292686628302	8.55446062092e-06
78	0.00195694716243	0.0	0.00203210535975	0.000903315383893
79	0.00293542074364	0.0	0.00228535016756	0.000650070576083
80	0.000978473581213	0.0	0.00195694716243	0.000978473581213
81	0.000978473581213	0.000978473581213	0.00203318284861	0.000902237895034
82	0.000978473581213	0.0	0.00222624349425	0.00070917724939
83	0.000978473581213	0.0	0.00251168375281	0.000423736990833
84	0.000978473581213	0.0	0.00222511809085	0.000710302652793
85	0.000978473581213	0.0	0.00237502335252	0.000560397391123
86	0.0	0.000978473581213	0.00222431121757	0.000711109526072
87	0.0	0.0	0.00237502335252	0.000560397391123
88	0.000978473581213	0.000978473581213	0.0023723204838	0.000563100259839
89	0.00293542074364	0.0	0.00231505602315	0.000620364720492
90	0.000978473581213	0.0	0.00225623981801	0.000679180925626
91	0.00391389432485	0.0	0.00187218179874	0.0010632389449
92	0.00489236790607	0.000978473581213	0.00202099572918	0.000914425014461
93	0.000978473581213	0.000978473581213	0.00194733371626	0.000988087027382
94	0.00195694716243	0.0	0.00251168375281	0.000423736990833
95	0.00195694716243	0.0	0.00195721869282	0.000978202050822
96	0.00195694716243	0.0	0.00222611263928	0.000709308104356
97	0.000978473581213	0.00195694716243	0.00226713491713	0.000668285826509
98	0.00195694716243	0.0	0.00293131323677	4.10750687105e-06
99	0.00195694716243	0.0	0.00237502335252	0.000560397391123
100	0.00489236790607	0.0	0.00195530828218	0.000980112461455