site	ns_changes	s_changes	ns_sites	s_sites
1	0.000488758553275	0.00146627565982	0.000977740522083	0.000488535137741
2	0.00488758553275	0.00293255131965	0.0011466596981	0.000319615961725
3	0.0	0.00146627565982	0.000977517106549	0.000488758553275
4	0.00830889540567	0.00488758553275	0.0011433227149	0.000322952944925
5	0.000977517106549	0.0039100684262	0.000977607868606	0.000488667791218
6	0.0	0.00879765395894	0.00105362425347	0.000412651406353
7	0.000977517106549	0.00635386119257	0.000977815651054	0.00048846000877
8	0.00244379276637	0.00879765395894	0.000979133079864	0.00048714257996
9	0.0	0.00537634408602	0.000977517106549	0.000488758553275
10	0.000488758553275	0.00342130987292	0.000977730882525	0.000488544777299
11	0.0	0.00537634408602	0.00112688271514	0.000339392944686
12	0.00293255131965	0.0122189638319	0.000979321310692	0.000486954349132
13	0.00146627565982	0.00293255131965	0.000978255190062	0.000488020469762
14	0.0019550342131	0.00537634408602	0.000978832834088	0.000487442825736
15	0.000977517106549	0.00635386119257	0.000977810576744	0.00048846508308
16	0.0244379276637	0.00439882697947	0.00103141109641	0.000434864563418
17	0.0156402737048	0.00537634408602	0.00109943144146	0.000366844218366
18	0.00733137829912	0.0156402737048	0.000979606918085	0.000486668741739
19	0.0185728250244	0.00488758553275	0.00116541619946	0.000300859460366
20	0.00733137829912	0.0171065493646	0.000988056229661	0.000478219430163
21	0.00830889540567	0.0156402737048	0.00098272425777	0.000483551402054
22	0.00537634408602	0.00488758553275	0.0011775698707	0.000288705789128
23	0.000977517106549	0.0039100684262	0.00104165580904	0.000424619850782
24	0.00244379276637	0.00439882697947	0.00097899164907	0.000487284010754
25	0.00244379276637	0.00342130987292	0.000978050166864	0.00048822549296
26	0.0019550342131	0.00488758553275	0.000978337199342	0.000487938460482
27	0.00782013685239	0.0058651026393	0.00114475597619	0.000321519683634
28	0.00488758553275	0.0215053763441	0.00099103569206	0.000475239967764
29	0.000977517106549	0.00244379276637	0.00112764571765	0.000338629942176
30	0.0136852394917	0.00439882697947	0.00113966881999	0.000326606839831
31	0.0019550342131	0.00928641251222	0.00097831322523	0.000487962434595
32	0.014173998045	0.00488758553275	0.00115765856854	0.000308617091287
33	0.00293255131965	0.00782013685239	0.00112187150392	0.000344404155908
34	0.00635386119257	0.00782013685239	0.00099032381536	0.000475951844464
35	0.0112414467253	0.0161290322581	0.00101996376835	0.000446311891475
36	0.0039100684262	0.00439882697947	0.00104213240634	0.000424143253479
37	0.00488758553275	0.00635386119257	0.00117922966273	0.000287045997092
38	0.0127077223851	0.0122189638319	0.0009900705119	0.000476205147924
39	0.00635386119257	0.0151515151515	0.00097956733853	0.000486708321294
40	0.00904203323558	0.0183284457478	0.000985319795994	0.00048095586383
41	0.00293255131965	0.00146627565982	0.00097891031424	0.000487365345584
42	0.0019550342131	0.00293255131965	0.000978008620723	0.000488267039101
43	0.0146627565982	0.00488758553275	0.00116175150091	0.000304524158919
44	0.0039100684262	0.00488758553275	0.00114496269407	0.000321312965756
45	0.0119745845552	0.00415444770283	0.00100121425712	0.000465061402703
46	0.0117302052786	0.00537634408602	0.00114282469831	0.000323450961511
47	0.00928641251222	0.00782013685239	0.00104173450895	0.00042454115087
48	0.010752688172	0.0175953079179	0.000982077090595	0.000484198569229
49	0.0039100684262	0.0019550342131	0.000979157292134	0.00048711836769
50	0.00928641251222	0.00439882697947	0.000982571227283	0.000483704432541
51	0.0019550342131	0.00439882697947	0.00104276893389	0.000423506725936
52	0.00562072336266	0.00171065493646	0.00117959179295	0.000286683866873
53	0.0175953079179	0.00439882697947	0.00117641073481	0.000289864925019
54	0.0039100684262	0.00488758553275	0.000978315941126	0.000487959718698
55	0.00684261974585	0.00342130987292	0.00114116321831	0.000325112441515
56	0.036412512219	0.0207722385142	0.000986384058704	0.00047989160112
57	0.00342130987292	0.00488758553275	0.00104420069904	0.00042207496078
58	0.00342130987292	0.00146627565982	0.00097780269379	0.000488472966034
59	0.00293255131965	0.00488758553275	0.000977666378802	0.000488609281022
60	0.0171065493646	0.00782013685239	0.0010638017321	0.000402473927721
61	0.00537634408602	0.0234604105572	0.000978055610992	0.000488220048832
62	0.00488758553275	0.00635386119257	0.00104683184264	0.000419443817187
63	0.0019550342131	0.00439882697947	0.00104237285082	0.000423902809004
64	0.0039100684262	0.00537634408602	0.000980629719014	0.00048564594081
65	0.00342130987292	0.00439882697947	0.000978812916644	0.00048746274318
66	0.0205278592375	0.0	0.00144158274997	2.46929098579e-05
67	0.00684261974585	0.00488758553275	0.000981035141899	0.000485240517925
68	0.00830889540567	0.00342130987292	0.00112259284369	0.000343682816134
69	0.0200391006843	0.0019550342131	0.00133065437276	0.00013562128706
70	0.0254154447703	0.00537634408602	0.00116344747454	0.000302828185289
71	0.0112414467253	0.00293255131965	0.00113233324198	0.000333942417843
72	0.0202834799609	0.00708699902248	0.00114605845477	0.000320217205055
73	0.0112414467253	0.00879765395894	0.00113748047287	0.000328795186951
74	0.00928641251222	0.00342130987292	0.00112627323833	0.000340002421496
75	0.0290811339198	0.00464320625611	0.00114374191302	0.000322533746799
76	0.0327468230694	0.00879765395894	0.00117244879486	0.000293826864965
77	0.0320136852395	0.00415444770283	0.00117638016064	0.00028989549918
78	0.00806451612903	0.00610948191593	0.00113100174406	0.000335273915764
79	0.00439882697947	0.00342130987292	0.000977845143666	0.000488430516158
80	0.0112414467253	0.00488758553275	0.00117277833518	0.000293497324645
81	0.0139296187683	0.00806451612903	0.00111925303556	0.000347022624268
82	0.0413000977517	0.00464320625611	0.00114478397613	0.000321491683697
83	0.0166177908113	0.000977517106549	0.00127580709839	0.000190468561432
84	0.0288367546432	0.00782013685239	0.00113218852908	0.000334087130743
85	0.0190615835777	0.0161290322581	0.000980404929627	0.000485870730197
86	0.0058651026393	0.00244379276637	0.00104098937599	0.000425286283838
87	0.0102639296188	0.00342130987292	0.00104432225828	0.000421953401548
88	0.019550342131	0.0171065493646	0.000946348049154	0.00051992761067
89	0.0178396871945	0.0100195503421	0.00115205930611	0.00031421635371
90	0.0327468230694	0.0102639296188	0.000994141467228	0.000472134192596
91	0.0263929618768	0.0112414467253	0.0010564867521	0.000409788907726
92	0.0342130987292	0.00830889540567	0.0012342870327	0.000231988627128
93	0.0295698924731	0.0105083088954	0.00108559072972	0.000380684930101
94	0.0117302052786	0.00488758553275	0.000978946965964	0.00048732869386
95	0.0278592375367	0.00293255131965	0.00117752414349	0.000288751516334
96	0.0273704789834	0.00488758553275	0.00114517926739	0.000321096392434
97	0.0183284457478	0.00953079178886	0.000988123309985	0.000478152349839
98	0.0278592375367	0.0131964809384	0.00101770422548	0.000448571434341
99	0.0185728250244	0.0019550342131	0.000985441141414	0.00048083451841
100	0.0254154447703	0.00439882697947	0.00100305269857	0.000463222961253