site	ns_changes	s_changes	ns_sites	s_sites
1	0.0	0.00146555935515	0.000488519785051	0.000244259892526
2	0.000244259892526	0.00170981924768	0.000488563661789	0.000244216015788
3	0.000244259892526	0.00170981924768	0.0004885737828	0.000244205894777
4	0.0	0.00122129946263	0.000488519785051	0.000244259892526
5	0.0	0.000732779677577	0.000488519785051	0.000244259892526
6	0.00146555935515	0.000244259892526	0.000576287552734	0.000156492124843
7	0.000244259892526	0.000244259892526	0.000488819640493	0.000243960037084
8	0.0	0.000977039570103	0.000545726299966	0.000187053377611
9	0.0	0.00146555935515	0.000488519785051	0.000244259892526
10	0.0	0.00122129946263	0.000488519785051	0.000244259892526
11	0.0	0.000244259892526	0.000544051808103	0.000188727869474
12	0.000977039570103	0.000488519785051	0.000576913383401	0.000155866294176
13	0.0	0.000244259892526	0.000544052627426	0.000188727050151
14	0.000732779677577	0.000732779677577	0.000488546111094	0.000244233566483
15	0.00122129946263	0.000977039570103	0.000558119942108	0.000174659735469
16	0.000732779677577	0.000488519785051	0.000570865594286	0.000161914083291
17	0.0	0.000488519785051	0.000488519785051	0.000244259892526
18	0.0	0.000488519785051	0.000488519785051	0.000244259892526
19	0.0	0.000732779677577	0.000488519785051	0.000244259892526
20	0.00219833903273	0.0	0.000491429632911	0.000241350044666
21	0.000977039570103	0.000244259892526	0.000567143690091	0.000165635987486
22	0.000488519785051	0.000244259892526	0.000573174413455	0.000159605264121
23	0.000244259892526	0.000732779677577	0.000571072960941	0.000161706716635
24	0.000732779677577	0.000977039570103	0.000571036255349	0.000161743422228
25	0.0	0.0	0.000545728757936	0.000187050919641
26	0.0	0.000977039570103	0.00054572220335	0.000187057474227
27	0.000244259892526	0.000732779677577	0.000488519785051	0.000244259892526
28	0.00219833903273	0.000732779677577	0.000489187320679	0.000243592356898
29	0.000244259892526	0.000488519785051	0.000488530124894	0.000244249552683
30	0.00195407914021	0.000732779677577	0.000560425214067	0.00017235446351
31	0.0	0.000732779677577	0.000545728143443	0.000187051534134
32	0.000488519785051	0.000977039570103	0.000488529865141	0.000244249812436
33	0.000244259892526	0.000732779677577	0.000544171859655	0.000188607817922
34	0.000488519785051	0.000732779677577	0.000571049373677	0.0001617303039
35	0.0	0.000732779677577	0.000545723227504	0.000187056450073
36	0.000977039570103	0.000732779677577	0.000560385547044	0.000172394130533
37	0.000732779677577	0.000488519785051	0.000573235126336	0.000159544551241
38	0.000244259892526	0.000488519785051	0.000488529865141	0.000244249812436
39	0.000244259892526	0.000732779677577	0.000544080914776	0.000188698762801
40	0.000732779677577	0.000732779677577	0.000573047836865	0.000159731840712
41	0.0	0.000977039570103	0.000571057635493	0.000161722042084
42	0.000488519785051	0.000488519785051	0.000573160521091	0.000159619156486
43	0.00170981924768	0.000732779677577	0.00048891290854	0.000243866769037
44	0.000244259892526	0.0	0.000544017692782	0.000188761984795
45	0.000244259892526	0.000732779677577	0.000488529865141	0.000244249812436
46	0.000488519785051	0.000732779677577	0.0004885737828	0.000244205894777
47	0.000977039570103	0.000244259892526	0.000572699643381	0.000160080034196
48	0.000244259892526	0.000488519785051	0.000488563661789	0.000244216015788
49	0.000244259892526	0.000244259892526	0.000543964460152	0.000188815217425
50	0.000488519785051	0.000977039570103	0.000573101676751	0.000159678000826
51	0.000488519785051	0.00195407914021	0.000489789876322	0.000242989801255
52	0.000488519785051	0.000244259892526	0.00057103565704	0.000161744020537
53	0.000732779677577	0.000244259892526	0.000661008416541	7.17712610364e-05
54	0.000732779677577	0.000244259892526	0.000571006455785	0.000161773221792
55	0.0	0.0	0.000488519785051	0.000244259892526
56	0.00170981924768	0.000488519785051	0.000572259579497	0.00016052009808
57	0.000244259892526	0.000488519785051	0.000488519785051	0.000244259892526
58	0.00170981924768	0.000732779677577	0.000659132732529	7.36469450478e-05
59	0.00195407914021	0.000732779677577	0.000488581824108	0.000244197853469
60	0.000244259892526	0.000732779677577	0.000488519785051	0.000244259892526
61	0.00268685881778	0.000732779677577	0.000576543434101	0.000156236243476
62	0.00122129946263	0.00170981924768	0.000489295273263	0.000243484404314
63	0.00219833903273	0.000488519785051	0.000570904211003	0.000161875466574
64	0.00122129946263	0.000732779677577	0.000536601980522	0.000196177697055
65	0.00146555935515	0.000732779677577	0.000571051883398	0.000161727794179
66	0.000244259892526	0.000977039570103	0.000488519785051	0.000244259892526
67	0.000244259892526	0.000244259892526	0.000488519785051	0.000244259892526
68	0.000732779677577	0.000244259892526	0.000544582601776	0.000188197075801
69	0.000488519785051	0.000244259892526	0.000573119080227	0.00015966059735
70	0.000488519785051	0.000732779677577	0.00057103721556	0.000161742462016
71	0.00219833903273	0.000244259892526	0.000560331363921	0.000172448313656
72	0.000732779677577	0.0	0.000731985615124	7.94062453161e-07
73	0.000244259892526	0.000244259892526	0.000569894871456	0.000162884806121
74	0.000977039570103	0.000732779677577	0.000577106153214	0.000155673524363
75	0.000488519785051	0.000488519785051	0.000573169480674	0.000159610196903
76	0.000732779677577	0.000732779677577	0.000488519785051	0.000244259892526
77	0.000732779677577	0.00146555935515	0.000488529865141	0.000244249812436
78	0.00122129946263	0.000977039570103	0.00048849079207	0.000244288885507
79	0.00146555935515	0.00146555935515	0.000488584761469	0.000244194916108
80	0.00195407914021	0.000244259892526	0.000560119869623	0.000172659807954
81	0.00195407914021	0.000732779677577	0.000560348609428	0.000172431068149
82	0.000244259892526	0.000977039570103	0.000546387971687	0.00018639170589
83	0.000977039570103	0.000977039570103	0.000560932049109	0.000171847628467
84	0.000488519785051	0.000488519785051	0.000488563661789	0.000244216015788
85	0.000977039570103	0.0	0.000732643097395	1.36580181486e-07
86	0.000488519785051	0.000732779677577	0.000544144354712	0.000188635322865
87	0.00146555935515	0.000977039570103	0.000561928300508	0.000170851377069
88	0.000977039570103	0.000732779677577	0.000488563661789	0.000244216015788
89	0.00146555935515	0.000244259892526	0.000560288900386	0.000172490777191
90	0.00146555935515	0.000732779677577	0.000573149440281	0.000159630237296
91	0.00170981924768	0.000977039570103	0.000488654203008	0.000244125474569
92	0.000977039570103	0.00146555935515	0.000488422327028	0.000244357350549
93	0.000244259892526	0.00122129946263	0.000398535500891	0.000334244176686
94	0.00317537860283	0.000732779677577	0.000490121832018	0.000242657845559
95	0.000977039570103	0.000244259892526	0.000576930077648	0.000155849599929
96	0.000977039570103	0.00122129946263	0.000488519785051	0.000244259892526
97	0.00195407914021	0.00122129946263	0.000488660906304	0.000244118771273
98	0.00244259892526	0.000488519785051	0.000489388702626	0.000243390974951
99	0.00244259892526	0.00122129946263	0.000488821282178	0.000243958395399
100	0.00170981924768	0.000488519785051	0.000568478691114	0.000164300986463