site	ns_changes	s_changes	ns_sites	s_sites
1	0.0	0.00733137829912	0.000977517106549	0.000488758553275
2	0.0	0.00635386119257	0.00117021439447	0.000296061265351
3	0.000488758553275	0.00537634408602	0.00116106172472	0.0003052139351
4	0.00733137829912	0.00635386119257	0.00116414447716	0.000302131182665
5	0.0	0.0019550342131	0.00117412427537	0.000292151384454
6	0.000488758553275	0.0127077223851	0.000977560691529	0.000488714968295
7	0.0	0.0039100684262	0.00116771347966	0.000298562180159
8	0.0019550342131	0.0146627565982	0.000977778616426	0.000488497043398
9	0.0	0.0112414467253	0.000977517106549	0.000488758553275
10	0.0	0.0058651026393	0.00103301632156	0.000433259338266
11	0.00146627565982	0.0278592375367	0.000979840923266	0.000486434736558
12	0.0	0.00439882697947	0.000977517106549	0.000488758553275
13	0.00244379276637	0.00488758553275	0.000979827110459	0.000486448549365
14	0.0193059628543	0.00855327468231	0.00108688228744	0.00037939337238
15	0.00244379276637	0.0146627565982	0.000980436719883	0.000485838939941
16	0.0122189638319	0.00537634408602	0.00115387949416	0.000312396165664
17	0.00146627565982	0.0039100684262	0.000978592305329	0.000487683354495
18	0.000977517106549	0.00830889540567	0.00117300919479	0.000293266465038
19	0.0039100684262	0.0219941348974	0.000980974123609	0.000485301536215
20	0.0342130987292	0.00293255131965	0.00103877900213	0.000427496657698
21	0.00146627565982	0.00488758553275	0.00103686717686	0.000429408482963
22	0.0219941348974	0.000488758553275	0.00144150254965	2.4773110172e-05
23	0.0161290322581	0.0117302052786	0.00116062257063	0.000305653089192
24	0.00342130987292	0.0039100684262	0.00097837522097	0.000487900438854
25	0.0019550342131	0.0131964809384	0.00104277508551	0.000423500574316
26	0.0112414467253	0.00684261974585	0.000921468971515	0.000544806688309
27	0.00953079178886	0.00317693059629	0.00115334229192	0.000312933367902
28	0.00342130987292	0.00928641251222	0.00117042738439	0.000295848275438
29	0.0112414467253	0.00977517106549	0.00116730820592	0.000298967453907
30	0.0234604105572	0.00684261974585	0.00115893248551	0.000307343174311
31	0.00244379276637	0.0185728250244	0.00103827413549	0.000428001524335
32	0.00146627565982	0.0039100684262	0.000977810824118	0.000488464835706
33	0.024926686217	0.00977517106549	0.000991806490252	0.000474469169572
34	0.0039100684262	0.010752688172	0.00123898404917	0.000227291610658
35	0.030303030303	0.0190615835777	0.000990388161006	0.000475887498818
36	0.0229716520039	0.00733137829912	0.00115936008674	0.00030691557308
37	0.0019550342131	0.00537634408602	0.000977725209539	0.000488550450285
38	0.000977517106549	0.00439882697947	0.00116599297748	0.000300282682348
39	0.00928641251222	0.0224828934506	0.000981531165383	0.000484744494441
40	0.00879765395894	0.0112414467253	0.00116840860419	0.000297867055635
41	0.0146627565982	0.0058651026393	0.00114474688897	0.000321528770857
42	0.00537634408602	0.00439882697947	0.00116271336299	0.00030356229683
43	0.00439882697947	0.0117302052786	0.00116264398477	0.000303631675055
44	0.0144183773216	0.011485826002	0.00112902322691	0.000337252432912
45	0.0019550342131	0.00439882697947	0.00104075280606	0.00042552285376
46	0.00953079178886	0.0183284457478	0.00097851071272	0.000487764947104
47	0.0136852394917	0.00537634408602	0.001242470484	0.000223805175828
48	0.0112414467253	0.00244379276637	0.00125245670511	0.000213818954714
49	0.00537634408602	0.00342130987292	0.00117296048593	0.000293315173895
50	0.00219941348974	0.00317693059629	0.00117271665627	0.000293559003555
51	0.0136852394917	0.00439882697947	0.00124781152354	0.000218464136282
52	0.0136852394917	0.00537634408602	0.00114646328184	0.000319812377982
53	0.0305474095797	0.0149071358749	0.000994782961726	0.000471492698098
54	0.0171065493646	0.00928641251222	0.00111893315569	0.000347342504134
55	0.0146627565982	0.00244379276637	0.0013430557965	0.00012321986332
56	0.0158846529814	0.00562072336266	0.000979491048419	0.000486784611405
57	0.011485826002	0.0237047898338	0.000981154484039	0.000485121175785
58	0.0234604105572	0.00684261974585	0.00121482379527	0.000251451864549
59	0.0166177908113	0.00782013685239	0.000984996791176	0.000481278868648
60	0.0112414467253	0.00244379276637	0.00124917335959	0.000217102300239
61	0.00733137829912	0.0039100684262	0.00117148914981	0.000294786510014
62	0.0166177908113	0.00537634408602	0.00124084395373	0.000225431706099
63	0.0153958944282	0.0100195503421	0.00115663997402	0.000309635685804
64	0.010752688172	0.00635386119257	0.00116024174055	0.000306033919269
65	0.0266373411535	0.00219941348974	0.00117251447938	0.000293761180443
66	0.00342130987292	0.00488758553275	0.00117313778263	0.00029313787719
67	0.0180840664712	0.0039100684262	0.00124527275812	0.000221002901706
68	0.016862170088	0.00855327468231	0.00124112797119	0.000225147688631
69	0.0351906158358	0.0131964809384	0.00101045174158	0.000455823918245
70	0.0193059628543	0.0149071358749	0.00098980635851	0.000476469301314
71	0.0156402737048	0.00733137829912	0.00116105591487	0.000305219744956
72	0.010752688172	0.00782013685239	0.00123665036267	0.00022962529715
73	0.0127077223851	0.0117302052786	0.00117405934759	0.000292216312235
74	0.019550342131	0.00684261974585	0.00124273520286	0.000223540456964
75	0.0112414467253	0.00342130987292	0.00125249641285	0.000213779246978
76	0.0131964809384	0.00830889540567	0.00124256917185	0.000223706487976
77	0.0146627565982	0.000977517106549	0.00141036932371	5.59063361162e-05
78	0.0227272727273	0.0124633431085	0.000979631893501	0.000486643766323
79	0.0456989247312	0.016862170088	0.00102558171919	0.000440693940637
80	0.00879765395894	0.00537634408602	0.000990950153438	0.000475325506386
81	0.0134408602151	0.00610948191593	0.00111570510638	0.000350570553446
82	0.0244379276637	0.0058651026393	0.00103305946063	0.000433216199197
83	0.019550342131	0.00342130987292	0.00139301291053	7.32627492895e-05
84	0.0131964809384	0.00733137829912	0.00107162738631	0.000394648273511
85	0.0200391006843	0.00635386119257	0.00123409948729	0.000232176172536
86	0.011485826002	0.0144183773216	0.000975862080166	0.000490413579658
87	0.0151515151515	0.00635386119257	0.00115409390126	0.000312181758565
88	0.014173998045	0.000977517106549	0.00143235079436	3.3924865468e-05
89	0.0180840664712	0.0117302052786	0.00112666738496	0.000339608274868
90	0.0122189638319	0.00342130987292	0.000977326078603	0.000488949581221
91	0.0205278592375	0.00782013685239	0.00116887498302	0.0002974006768
92	0.0234604105572	0.00244379276637	0.00131493591625	0.000151339743577
93	0.010752688172	0.0	0.00141443485072	5.18408091063e-05
94	0.0215053763441	0.0127077223851	0.00112391607911	0.000342359580714
95	0.0298142717498	0.0122189638319	0.00111656477184	0.000349710887981
96	0.0156402737048	0.0122189638319	0.00114534796758	0.000320927692243
97	0.0405669599218	0.0175953079179	0.000959852422362	0.000506423237462
98	0.0229716520039	0.0146627565982	0.00117341706585	0.00029285859397
99	0.0102639296188	0.00733137829912	0.00103438846919	0.000431887190638
100	0.0190615835777	0.00830889540567	0.0012008687728	0.000265406887027