site	ns_changes	s_changes	ns_sites	s_sites
1	0.00196078431373	0.0137254901961	0.0039250655606	0.00195728738058
2	0.00196078431373	0.0274509803922	0.00392401212116	0.00195834082002
3	0.0529411764706	0.0392156862745	0.00452899489939	0.00135335804179
4	0.00588235294118	0.0607843137255	0.00392959247357	0.00195276046761
5	0.0	0.0156862745098	0.00392156862745	0.00196078431373
6	0.0	0.021568627451	0.00418054324084	0.00170180970034
7	0.00196078431373	0.021568627451	0.00392205732619	0.00196029561498
8	0.0	0.0294117647059	0.00392156862745	0.00196078431373
9	0.0	0.0313725490196	0.00392156862745	0.00196078431373
10	0.0	0.0137254901961	0.00392156862745	0.00196078431373
11	0.00196078431373	0.00980392156863	0.00392205732619	0.00196029561498
12	0.0078431372549	0.0666666666667	0.00392674234471	0.00195561059647
13	0.00490196078431	0.0186274509804	0.00395205756755	0.00193029537362
14	0.0254901960784	0.0196078431373	0.00443762915515	0.00144472378602
15	0.0156862745098	0.0274509803922	0.00471609063465	0.00116626230653
16	0.00588235294118	0.0117647058824	0.00392625364597	0.00195609929521
17	0.00196078431373	0.0117647058824	0.00467829495274	0.00120405798844
18	0.0529411764706	0.0313725490196	0.00456958537646	0.00131276756472
19	0.05	0.0323529411765	0.00494070000609	0.000941652935084
20	0.00392156862745	0.0156862745098	0.00392315411251	0.00195919882866
21	0.0529411764706	0.0411764705882	0.00459219428941	0.00129015865177
22	0.0411764705882	0.0137254901961	0.00458745549612	0.00129489744506
23	0.00588235294118	0.0254901960784	0.00421809635495	0.00166425658623
24	0.0176470588235	0.0156862745098	0.00501834802711	0.000864004914065
25	0.0480392156863	0.0303921568627	0.00482115056715	0.00106120237402
26	0.00392156862745	0.0529411764706	0.00433119972843	0.00155115321274
27	0.0392156862745	0.021568627451	0.00462648298447	0.0012558699567
28	0.0490196078431	0.0450980392157	0.00456970728698	0.0013126456542
29	0.00392156862745	0.0156862745098	0.00444489921073	0.00143745373044
30	0.0196078431373	0.0274509803922	0.00474157212578	0.0011407808154
31	0.00392156862745	0.0078431372549	0.00467683799628	0.0012055149449
32	0.00980392156863	0.0333333333333	0.00462703390603	0.00125531903515
33	0.0	0.0235294117647	0.00465899723222	0.00122335570896
34	0.0941176470588	0.0323529411765	0.00461287019197	0.0012694827492
35	0.103921568627	0.0333333333333	0.00450526215291	0.00137709078827
36	0.0578431372549	0.0460784313725	0.00453649840387	0.00134585453731
37	0.00392156862745	0.0294117647059	0.00393057589268	0.00195177704849
38	0.0735294117647	0.0343137254902	0.00447238879982	0.00140996414136
39	0.0117647058824	0.0176470588235	0.0039333098535	0.00194904308767
40	0.00686274509804	0.0343137254902	0.00444724129967	0.0014351116415
41	0.0480392156863	0.0382352941176	0.00486893942338	0.00101341351779
42	0.0588235294118	0.0274509803922	0.00496397280005	0.000918380141129
43	0.0490196078431	0.0196078431373	0.0042426575152	0.00163969542597
44	0.0637254901961	0.0617647058824	0.00471722534652	0.00116512759465
45	0.0588235294118	0.0372549019608	0.00448165331092	0.00140069963025
46	0.093137254902	0.0235294117647	0.00506182443055	0.000820528510628
47	0.0676470588235	0.0441176470588	0.00451336309227	0.0013689898489
48	0.05	0.0323529411765	0.00494824163472	0.000934111306454
49	0.0352941176471	0.0176470588235	0.00395887220768	0.0019234807335
50	0.00686274509804	0.0245098039216	0.00393453730098	0.00194781564019
51	0.0254901960784	0.0254901960784	0.00423584098477	0.0016465119564
52	0.043137254902	0.0352941176471	0.00473191384633	0.00115043909484
53	0.0176470588235	0.0137254901961	0.00466543916305	0.00121691377812
54	0.0529411764706	0.0372549019608	0.00488050078491	0.00100185215627
55	0.043137254902	0.0274509803922	0.00474853729534	0.00113381564583
56	0.0637254901961	0.0343137254902	0.00468256760087	0.0011997853403
57	0.0450980392157	0.0235294117647	0.00480153273656	0.00108082020462
58	0.119607843137	0.0411764705882	0.00425589471325	0.00162645822792
59	0.0647058823529	0.0235294117647	0.00490543237932	0.000976920561855
60	0.0686274509804	0.021568627451	0.00472087349773	0.00116147944344
61	0.0745098039216	0.0529411764706	0.00481889566643	0.00106345727474
62	0.0666666666667	0.0450980392157	0.00447337532993	0.00140897761124
63	0.0254901960784	0.0352941176471	0.00444912034479	0.00143323259639
64	0.0450980392157	0.043137254902	0.00464945129471	0.00123290164646
65	0.0549019607843	0.0294117647059	0.00495863174584	0.00092372119534
66	0.0333333333333	0.0294117647059	0.00488657498334	0.000995777957835
67	0.0441176470588	0.0264705882353	0.00466678622782	0.00121556671335
68	0.0950980392157	0.0480392156863	0.00443649526746	0.00144585767372
69	0.0941176470588	0.0313725490196	0.00487012589206	0.00101222704912
70	0.0764705882353	0.0156862745098	0.00489506584716	0.000987287094019
71	0.0862745098039	0.0274509803922	0.00445761490438	0.0014247380368
72	0.0578431372549	0.0205882352941	0.00429806899304	0.00158428394814
73	0.0656862745098	0.0303921568627	0.00489067990553	0.000991673035642
74	0.0803921568627	0.0411764705882	0.00439451148787	0.00148784145331
75	0.0539215686275	0.0196078431373	0.00457975504732	0.00130259789386
76	0.0421568627451	0.0313725490196	0.00457298501039	0.00130936793079
77	0.0441176470588	0.0539215686275	0.00366204705425	0.00222030588693
78	0.0460784313725	0.0225490196078	0.00476279203342	0.00111956090776
79	0.0235294117647	0.0392156862745	0.00432506917492	0.00155728376626
80	0.0509803921569	0.043137254902	0.00470156492727	0.00118078801391
81	0.0686274509804	0.0078431372549	0.005688102816	0.000194250125179
82	0.0607843137255	0.0176470588235	0.00489223048032	0.000990122460855
83	0.0980392156863	0.0156862745098	0.00470120338343	0.00118114955775
84	0.0754901960784	0.0401960784314	0.00436666591898	0.00151568702219
85	0.0588235294118	0.0176470588235	0.0045907689938	0.00129158394738
86	0.0725490196078	0.0196078431373	0.00465554970501	0.00122680323617
87	0.0745098039216	0.043137254902	0.00447269200051	0.00140966094066
88	0.113071895425	0.0496732026144	0.00391077661693	0.00197157632425
89	0.0666666666667	0.0176470588235	0.00489634382516	0.000986009116014
90	0.0862745098039	0.0333333333333	0.00503125066765	0.000851102273527
91	0.100980392157	0.0460784313725	0.00450339223455	0.00137896070662
92	0.078431372549	0.021568627451	0.00413691997406	0.00174543296711
93	0.0872549019608	0.0303921568627	0.00470966258134	0.00117269035984
94	0.125490196078	0.0372549019608	0.00425862637842	0.00162372656275
95	0.0598039215686	0.0401960784314	0.00445529394197	0.00142705899921
96	0.0794117647059	0.0166666666667	0.00494860210991	0.000933750831267
97	0.0823529411765	0.0392156862745	0.00459718096458	0.0012851719766
98	0.0803921568627	0.0225490196078	0.00451778168611	0.00136457125507
99	0.0843137254902	0.0392156862745	0.00487708543776	0.00100526750341
100	0.105882352941	0.0372549019608	0.00452633640019	0.00135601654098