site	ns_changes	s_changes	ns_sites	s_sites
1	0.0420743639922	0.0303326810176	0.00225839522917	0.000677025514473
2	0.00489236790607	0.0430528375734	0.00195880697192	0.000976613771718
3	0.0	0.0332681017613	0.00215967578216	0.000775744961477
4	0.00587084148728	0.0616438356164	0.00196617082303	0.000969249920606
5	0.00195694716243	0.0352250489237	0.00199558710617	0.00093983363747
6	0.0684931506849	0.0293542074364	0.00240942488301	0.000525995860632
7	0.00293542074364	0.0489236790607	0.00195745410853	0.000977966635106
8	0.00391389432485	0.0352250489237	0.00221010326046	0.000725317483177
9	0.00293542074364	0.0538160469667	0.00195879590984	0.000976624833802
10	0.00293542074364	0.0401174168297	0.00212885128614	0.0008065694575
11	0.0264187866928	0.0381604696673	0.00237361427584	0.000561806467797
12	0.00391389432485	0.0489236790607	0.00196004044974	0.000975380293901
13	0.0381604696673	0.0264187866928	0.00238124990362	0.000554170840019
14	0.0454990215264	0.0484344422701	0.0022468811387	0.000688539604942
15	0.00587084148728	0.0283757338552	0.00237593847956	0.000559482264078
16	0.0464774951076	0.0357142857143	0.00241639648445	0.000519024259189
17	0.0391389432485	0.0362035225049	0.00246674862307	0.000468672120572
18	0.0611545988258	0.0406066536204	0.00223538702406	0.000700033719577
19	0.0308219178082	0.0494129158513	0.00219678053257	0.00073864021107
20	0.0283757338552	0.0391389432485	0.00241692422932	0.000518496514323
21	0.0503913894325	0.0259295499022	0.00229090330741	0.000644517436234
22	0.00195694716243	0.0381604696673	0.0021331748693	0.000802245874336
23	0.011252446184	0.0220156555773	0.00238054254146	0.000554878202175
24	0.00684931506849	0.0362035225049	0.00232290093029	0.000612519813355
25	0.0166340508806	0.0489236790607	0.0020091402195	0.000926280524144
26	0.0337573385519	0.0249510763209	0.00252004200471	0.000415378738935
27	0.00782778864971	0.0342465753425	0.0022813037131	0.000654117030541
28	0.0479452054795	0.0420743639922	0.00221848161039	0.000716939133246
29	0.00440313111546	0.0259295499022	0.00224480111828	0.000690619625361
30	0.0562622309198	0.0220156555773	0.00226298102478	0.00067243971886
31	0.0714285714286	0.0176125244618	0.00251012099215	0.000425299751495
32	0.0518590998043	0.0381604696673	0.00229272214672	0.00064269859692
33	0.0503913894325	0.0313111545988	0.00243177917229	0.000503641571347
34	0.0587084148728	0.0469667318982	0.00217605722589	0.000759363517753
35	0.0812133072407	0.0205479452055	0.00256736585149	0.000368054892151
36	0.0430528375734	0.027397260274	0.00244879932883	0.00048662141481
37	0.0694716242661	0.00880626223092	0.00275161945519	0.000183801288445
38	0.0127201565558	0.041095890411	0.00214308359621	0.00079233714743
39	0.0288649706458	0.0552837573386	0.0019638475924	0.00097157315124
40	0.0543052837573	0.0210371819961	0.00247265283289	0.000462767910753
41	0.0523483365949	0.0318003913894	0.00250704197403	0.00042837876961
42	0.0601761252446	0.0366927592955	0.00245825199359	0.000477168750051
43	0.059686888454	0.0371819960861	0.00236386080577	0.00057155993787
44	0.0303326810176	0.0293542074364	0.00252091297857	0.000414507765067
45	0.084637964775	0.0386497064579	0.00221933598682	0.000716084756824
46	0.0821917808219	0.0244618395303	0.00229653983844	0.000638880905199
47	0.0763209393346	0.0381604696673	0.0022775474521	0.000657873291545
48	0.0450097847358	0.0185909980431	0.00249827575795	0.000437144985692
49	0.0244618395303	0.0499021526419	0.00196717959848	0.000968241145157
50	0.0748532289628	0.0425636007828	0.00222171466488	0.000713706078764
51	0.0890410958904	0.0244618395303	0.0026086288492	0.000326791894438
52	0.0415851272016	0.0249510763209	0.00249487722332	0.000440543520319
53	0.0660469667319	0.0357142857143	0.00240388269986	0.000531538043782
54	0.0401174168297	0.0401174168297	0.00199124897975	0.000944171763891
55	0.0288649706458	0.057240704501	0.0019780428623	0.000957377881339
56	0.12133072407	0.0499021526419	0.00209912088277	0.000836299860869
57	0.0311480756686	0.031474233529	0.00236510022289	0.00057032052075
58	0.0636007827789	0.0464774951076	0.00204575827436	0.000889662469276
59	0.0777886497065	0.0406066536204	0.00228974832666	0.000645672416975
60	0.0494129158513	0.0425636007828	0.00228674617004	0.000648674573596
61	0.0526744944553	0.0422374429224	0.00203677925914	0.0008986414845
62	0.0313111545988	0.0342465753425	0.00212236800635	0.000813052737293
63	0.0660469667319	0.0229941291585	0.00229621586081	0.000639204882835
64	0.0719178082192	0.0464774951076	0.00226468447513	0.00067073626851
65	0.0885518590998	0.0313111545988	0.00240292680229	0.000532493941347
66	0.0127201565558	0.0342465753425	0.00212486470322	0.000810556040419
67	0.100782778865	0.0225048923679	0.00255782337264	0.000377597370998
68	0.0631115459883	0.0308219178082	0.00240763844091	0.000527782302728
69	0.100293542074	0.0518590998043	0.00191891759056	0.00101650315308
70	0.101761252446	0.0225048923679	0.00214480955741	0.00079061118623
71	0.0753424657534	0.0386497064579	0.00228576008233	0.00064966066131
72	0.0764840182648	0.0340834964123	0.00225931902972	0.000676101713922
73	0.0973581213307	0.0357142857143	0.00245017082858	0.000485249915057
74	0.070939334638	0.0464774951076	0.0021298075628	0.000805613180844
75	0.087084148728	0.0366927592955	0.0022176559373	0.00071776480634
76	0.0978473581213	0.029843444227	0.00219233230954	0.000743088434104
77	0.0763209393346	0.0244618395303	0.00252693999006	0.000408480753577
78	0.0660469667319	0.0454990215264	0.0019811677656	0.000954252978042
79	0.0934442270059	0.0376712328767	0.0022371498428	0.000698270900841
80	0.0523483365949	0.0406066536204	0.00198907004906	0.000946350694585
81	0.0782778864971	0.00880626223092	0.00266487062681	0.000270550116832
82	0.0909980430528	0.045988258317	0.00237243770118	0.00056298304246
83	0.0836594911937	0.0386497064579	0.00224268713557	0.000692733608074
84	0.102739726027	0.0420743639922	0.00227374932452	0.000661671419121
85	0.0675146771037	0.0244618395303	0.00247579680206	0.000459623941575
86	0.0797455968689	0.0278864970646	0.00247631945089	0.000459101292753
87	0.0587084148728	0.0264187866928	0.00231483344211	0.00062058730153
88	0.0562622309198	0.0269080234834	0.00235781518527	0.000577605558371
89	0.102739726027	0.0469667318982	0.00206165255868	0.000873768184964
90	0.0619699934768	0.0260926288324	0.00234680646342	0.000588614280224
91	0.0805609915199	0.0368558382257	0.00226743115624	0.000667989587395
92	0.0880626223092	0.00684931506849	0.00271187471459	0.000223546029049
93	0.0954011741683	0.0386497064579	0.00223374674068	0.000701674002964
94	0.0949119373777	0.0269080234834	0.00230210401635	0.000633316727291
95	0.0787671232877	0.00342465753425	0.00273958040482	0.00019584033882
96	0.123287671233	0.0430528375734	0.00231834665339	0.000617074090251
97	0.0543052837573	0.0176125244618	0.00270546099572	0.000229959747917
98	0.116927592955	0.0474559686888	0.00211014757027	0.000825273173369
99	0.084637964775	0.0342465753425	0.00228564006234	0.000649780681295
100	0.121819960861	0.043542074364	0.00205398933646	0.000881431407182