site	ns_changes	s_changes	ns_sites	s_sites
1	0.00293255131965	0.121212121212	0.00110247913323	0.00036379652659
2	0.0312805474096	0.196480938416	0.000997320961205	0.000468954698619
3	0.0127077223851	0.181818181818	0.00098310455541	0.000483171104414
4	0.0221570544151	0.184099055067	0.000988480655813	0.000477795004012
5	0.000977517106549	0.192082111437	0.000978035679921	0.000488239979903
6	0.0361681329423	0.16568914956	0.00100050536273	0.000465770297095
7	0.00757575757576	0.182551319648	0.00098063646086	0.000485639198964
8	0.0315249266862	0.172287390029	0.000999413259307	0.000466862400517
9	0.00513196480938	0.197214076246	0.000980196317141	0.000486079342683
10	0.0153958944282	0.192326490714	0.000983543268315	0.000482732391509
11	0.036412512219	0.184017595308	0.00100538083206	0.000460894827767
12	0.05522971652	0.17008797654	0.00100645920376	0.000459816456065
13	0.0884652981427	0.159335288368	0.00107015539714	0.000396120262686
14	0.024926686217	0.129521016618	0.00110444156401	0.000361834095816
15	0.0341316389703	0.179455848811	0.000994832919923	0.000471442739901
16	0.0610948191593	0.173020527859	0.00100820363593	0.000458072023891
17	0.0282665363311	0.140355164549	0.0011000756072	0.000366200052626
18	0.114613880743	0.125529488433	0.00112230516836	0.000343970491462
19	0.0393450635386	0.121456500489	0.00110670783006	0.000359567829766
20	0.13082437276	0.132372108179	0.00108966076583	0.000376614893993
21	0.12430759205	0.139133268166	0.00108234008266	0.000383935577169
22	0.0271260997067	0.125366568915	0.00110469756176	0.000361578098062
23	0.149560117302	0.122189638319	0.00111117016827	0.000355105491549
24	0.0733137829912	0.170576735093	0.00101133149157	0.000454944168254
25	0.0871619420007	0.162593678723	0.00101634127511	0.000449934384717
26	0.129765395894	0.123900293255	0.00107659451217	0.000389681147654
27	0.0926197458456	0.159579667644	0.00105026396315	0.000416011696671
28	0.183528836755	0.11339198436	0.00109814926561	0.000368126394217
29	0.0715216682959	0.167481264255	0.00100781415738	0.000458461502442
30	0.156891495601	0.14027370479	0.00106872252201	0.000397553137815
31	0.049853372434	0.162267839687	0.000993867446993	0.000472408212831
32	0.169191919192	0.12210817856	0.00113847339122	0.000327802268601
33	0.115428478332	0.157787552949	0.00105686031895	0.000409415340875
34	0.184261974585	0.119745845552	0.00111321854111	0.000353057118716
35	0.19183773216	0.123737373737	0.0011471509148	0.000319124745024
36	0.197621375041	0.112740306289	0.0011123762797	0.000353899380127
37	0.0777126099707	0.121293580971	0.00109884496155	0.000367430698269
38	0.102231997393	0.165118931248	0.00100972453832	0.000456551121501
39	0.0528673835125	0.108422939068	0.00110270131558	0.00036357434424
40	0.211143695015	0.120967741935	0.0011051386671	0.000361136992727
41	0.177419354839	0.127077223851	0.00111468358226	0.000351592077567
42	0.197051156729	0.125040729879	0.00108201241977	0.000384263240055
43	0.138888888889	0.142636037797	0.00105333491332	0.000412940746499
44	0.205848810688	0.121945259042	0.00109273374238	0.000373541917447
45	0.151515151515	0.127077223851	0.00111064259949	0.000355633060334
46	0.216357119583	0.124796350603	0.0010931975031	0.000373078156723
47	0.140843923102	0.160720104268	0.00102008922706	0.000446186432762
48	0.127240143369	0.115428478332	0.00110209619109	0.000364179468737
49	0.230123818833	0.123981753014	0.00110445226457	0.000361823395251
50	0.206174649723	0.127403062887	0.00111264487643	0.000353630783394
51	0.112577386771	0.16063864451	0.00100934604237	0.000456929617451
52	0.115998696644	0.165281850766	0.00100698236234	0.000459293297488
53	0.200716845878	0.138725969371	0.00110454303897	0.000361732620857
54	0.0921309872923	0.13954056696	0.00110278932546	0.000363486334368
55	0.142310198762	0.160231345715	0.00103257868021	0.000433696979613
56	0.202590420332	0.14247311828	0.00107755146833	0.000388724191497
57	0.186135549039	0.149152818508	0.00105903909015	0.000407236569679
58	0.173753665689	0.150293255132	0.00103140022735	0.000434875432475
59	0.257412838058	0.113554903877	0.00113711293779	0.000329162722033
60	0.144020853698	0.120886282177	0.00110600619189	0.000360269467936
61	0.22238514174	0.122189638319	0.00110133554764	0.000364940112186
62	0.164793092212	0.164141414141	0.00103486739472	0.000431408265101
63	0.238106875204	0.128869338547	0.00105496419543	0.000411311464396
64	0.222140762463	0.118686868687	0.0010752724972	0.000391003162626
65	0.220104268491	0.136445096123	0.00107254108978	0.000393734570046
66	0.150130335614	0.122189638319	0.00111520537397	0.000351070285856
67	0.264011078527	0.124796350603	0.00111052487575	0.000355750784069
68	0.18532095145	0.123330074943	0.0011056520214	0.000360623638428
69	0.224910394265	0.138400130336	0.00105981826152	0.000406457398307
70	0.252117953731	0.133349625285	0.00108529846684	0.000380977192984
71	0.263277940697	0.129846855653	0.0011047399291	0.000361535730721
72	0.273460410557	0.116813294233	0.00109458313099	0.000371692528837
73	0.226865428478	0.118686868687	0.00110654034845	0.000359735311372
74	0.254317367221	0.126914304334	0.00112352303563	0.000342752624195
75	0.260426849137	0.110052134246	0.00111506926022	0.000351206399607
76	0.261974584555	0.126344086022	0.00109130481621	0.00037497084361
77	0.214890843923	0.152655588139	0.00106169041355	0.000404585246275
78	0.265640273705	0.126099706745	0.00108034673128	0.000385928928548
79	0.281524926686	0.133431085044	0.00107536066204	0.000390914997789
80	0.255620723363	0.119745845552	0.00110867414468	0.00035760151514
81	0.260101010101	0.112984685565	0.00108249270778	0.000383782952041
82	0.246497230368	0.115998696644	0.00106862825214	0.000397647407688
83	0.275659824047	0.121945259042	0.0010966812663	0.000369594393519
84	0.293499511241	0.109644835451	0.00112172806273	0.000344547597098
85	0.263766699251	0.125285109156	0.00108621523562	0.000380060424207
86	0.273460410557	0.106875203649	0.00110089698773	0.000365378672093
87	0.27394916911	0.130009775171	0.00106143570019	0.000404839959637
88	0.268735744542	0.105164548713	0.0011633031816	0.000302972478222
89	0.267025089606	0.109807754969	0.00110730018537	0.000358975474457
90	0.220837406321	0.0669599217986	0.00124141462544	0.000224861034383
91	0.309221244705	0.123818833496	0.00111295333542	0.000353322324408
92	0.268084066471	0.115021179537	0.00111773739113	0.000348538268693
93	0.315656565657	0.0973444118605	0.00111402810293	0.000352247556893
94	0.324209840339	0.125448028674	0.00107039507012	0.000395880589699
95	0.312968393614	0.127810361681	0.0010941163756	0.000372159284228
96	0.290566959922	0.127077223851	0.00107226131331	0.000394014346517
97	0.268328445748	0.113229064842	0.00108243814338	0.000383837516446
98	0.33137829912	0.0994623655914	0.0010961581373	0.000370117522528
99	0.307510589769	0.11624307592	0.00109166284127	0.000374612818553
100	0.276963180189	0.1206419029	0.00107396818865	0.000392307471171