site	ns_changes	s_changes	ns_sites	s_sites
1	0.0	0.0	0.0083671239243	0.00344389969774
2	0.0	0.00787401574803	0.00787401574803	0.00393700787402
3	0.0	0.00393700787402	0.00915724806061	0.00265377556143
4	0.0	0.0	0.00787401574803	0.00393700787402
5	0.0	0.0	0.00787401574803	0.00393700787402
6	0.0	0.00393700787402	0.00949308427224	0.00231793934981
7	0.0	0.0	0.00787401574803	0.00393700787402
8	0.0	0.0	0.00898281875247	0.00282820486958
9	0.0	0.00393700787402	0.00787401574803	0.00393700787402
10	0.0	0.00393700787402	0.00787401574803	0.00393700787402
11	0.00393700787402	0.0	0.00977379435726	0.00203722926478
12	0.0	0.00393700787402	0.00787401574803	0.00393700787402
13	0.0	0.00787401574803	0.00787401574803	0.00393700787402
14	0.00393700787402	0.00787401574803	0.00787779264387	0.00393323097817
15	0.0	0.0	0.00787401574803	0.00393700787402
16	0.0	0.0	0.00787401574803	0.00393700787402
17	0.00393700787402	0.00787401574803	0.00898850542941	0.00282251819264
18	0.0	0.00393700787402	0.00787401574803	0.00393700787402
19	0.0	0.00787401574803	0.00913968974647	0.00267133387557
20	0.0	0.0	0.00787401574803	0.00393700787402
21	0.0	0.0	0.0083671239243	0.00344389969774
22	0.0	0.00393700787402	0.00787401574803	0.00393700787402
23	0.0	0.00393700787402	0.00937583609281	0.00243518752924
24	0.0	0.0	0.00917799879551	0.00263302482654
25	0.0	0.0	0.0083671239243	0.00344389969774
26	0.0	0.0	0.00787401574803	0.00393700787402
27	0.00393700787402	0.0	0.00787401574803	0.00393700787402
28	0.0	0.00393700787402	0.00908062996255	0.0027303936595
29	0.0	0.0	0.00787401574803	0.00393700787402
30	0.0	0.0	0.00979267883648	0.00201834478557
31	0.00393700787402	0.0	0.00895444387244	0.00285657974961
32	0.00393700787402	0.00393700787402	0.0097897007593	0.00202132286275
33	0.00393700787402	0.00393700787402	0.00937599744954	0.00243502617251
34	0.0	0.0	0.00949010619506	0.00232091742699
35	0.0	0.00393700787402	0.00979208322104	0.002018940401
36	0.0	0.0	0.00887358375735	0.0029374398647
37	0.00787401574803	0.0	0.00842637775299	0.00338464586906
38	0.0	0.0	0.00937974282582	0.00243128079623
39	0.0	0.0	0.00787401574803	0.00393700787402
40	0.011811023622	0.0	0.00882021211138	0.00299081151067
41	0.0	0.00393700787402	0.00787401574803	0.00393700787402
42	0.0	0.0	0.00979267883648	0.00201834478557
43	0.0	0.0	0.00787401574803	0.00393700787402
44	0.00787401574803	0.0	0.00937974282582	0.00243128079623
45	0.00393700787402	0.00393700787402	0.00949466791532	0.00231635570673
46	0.011811023622	0.0	0.00937974282582	0.00243128079623
47	0.0	0.0	0.00787401574803	0.00393700787402
48	0.0	0.00393700787402	0.00787401574803	0.00393700787402
49	0.0	0.0	0.00787401574803	0.00393700787402
50	0.011811023622	0.0	0.00948867309628	0.00232235052577
51	0.00393700787402	0.0	0.00937974282582	0.00243128079623
52	0.011811023622	0.0	0.00948511320842	0.00232591041362
53	0.00393700787402	0.00393700787402	0.00949286702151	0.00231815660053
54	0.0	0.00393700787402	0.00787401574803	0.00393700787402
55	0.0	0.0	0.00917799879551	0.00263302482654
56	0.0	0.0	0.00979267883648	0.00201834478557
57	0.00393700787402	0.0	0.00947419979302	0.00233682382902
58	0.00393700787402	0.0	0.00978861450567	0.00202240911638
59	0.0	0.0	0.00787401574803	0.00393700787402
60	0.00393700787402	0.0	0.00949010619506	0.00232091742699
61	0.00393700787402	0.00393700787402	0.00948752053009	0.00232350309196
62	0.0	0.0	0.00787401574803	0.00393700787402
63	0.00393700787402	0.00393700787402	0.00787401574803	0.00393700787402
64	0.0	0.00787401574803	0.00838308602807	0.00342793759398
65	0.00393700787402	0.00393700787402	0.00897268668367	0.00283833693837
66	0.0	0.0	0.00787401574803	0.00393700787402
67	0.0	0.00393700787402	0.00979208322104	0.002018940401
68	0.0157480314961	0.00393700787402	0.00977537055923	0.00203565306282
69	0.0	0.0	0.00917799879551	0.00263302482654
70	0.011811023622	0.0	0.00948471431963	0.00232630930241
71	0.00787401574803	0.011811023622	0.00787779264387	0.00393323097817
72	0.0	0.00393700787402	0.00787401574803	0.00393700787402
73	0.011811023622	0.0	0.00791855367374	0.00389246994831
74	0.0	0.0	0.00787401574803	0.00393700787402
75	0.00393700787402	0.0	0.00938082907945	0.0024301945426
76	0.0	0.0	0.00820633186062	0.00360469176143
77	0.00787401574803	0.0	0.0117464658394	6.45577826433e-05
78	0.0	0.0	0.00937974282582	0.00243128079623
79	0.0	0.00787401574803	0.00885519492555	0.0029558286965
80	0.0	0.00393700787402	0.00977540598884	0.00203561763321
81	0.00787401574803	0.0	0.00902905092262	0.00278197269943
82	0.0	0.0	0.00979267883648	0.00201834478557
83	0.00393700787402	0.00787401574803	0.00936974291781	0.00244128070424
84	0.011811023622	0.0	0.00787816771383	0.00393285590822
85	0.0	0.0	0.00917799879551	0.00263302482654
86	0.011811023622	0.0	0.00894449279552	0.00286653082653
87	0.00393700787402	0.011811023622	0.00886242168789	0.00294860193416
88	0.00787401574803	0.0	0.0118003095769	1.07140451807e-05
89	0.00787401574803	0.0	0.00947419979302	0.00233682382902
90	0.011811023622	0.0	0.00786487827785	0.0039461453442
91	0.00393700787402	0.00787401574803	0.00949526353076	0.00231576009129
92	0.0	0.00393700787402	0.00899297625829	0.00281804736376
93	0.0	0.0	0.011811023622	0.0
94	0.0196850393701	0.00787401574803	0.0082049005753	0.00360612304675
95	0.011811023622	0.0	0.00978890194064	0.00202212168141
96	0.0	0.0	0.00787401574803	0.00393700787402
97	0.011811023622	0.0	0.00974039076499	0.00207063285706
98	0.00787401574803	0.0	0.00854232485522	0.00326869876682
99	0.00787401574803	0.0	0.00979186597032	0.00201915765173
100	0.00787401574803	0.0	0.00787619843111	0.00393482519094