site	ns_changes	s_changes	ns_sites	s_sites
1	0.0	0.0511811023622	0.00787401574803	0.00393700787402
2	0.0511811023622	0.011811023622	0.00900964768374	0.00280137593831
3	0.0	0.0433070866142	0.00787401574803	0.00393700787402
4	0.00787401574803	0.0669291338583	0.00788864836447	0.00392237525758
5	0.00393700787402	0.0433070866142	0.00787645451744	0.00393456910461
6	0.00787401574803	0.0354330708661	0.00789827810919	0.00391274551286
7	0.0	0.0511811023622	0.00870998705496	0.00310103656709
8	0.0	0.0236220472441	0.00871026887617	0.00310075474588
9	0.0	0.0511811023622	0.00870712997098	0.00310389365107
10	0.0	0.0393700787402	0.00787401574803	0.00393700787402
11	0.00393700787402	0.0354330708661	0.00871427703181	0.00309674659023
12	0.0	0.0511811023622	0.00787401574803	0.00393700787402
13	0.011811023622	0.0354330708661	0.00788858569802	0.00392243792403
14	0.00393700787402	0.0314960629921	0.00870689868168	0.00310412494037
15	0.0157480314961	0.0472440944882	0.00813286876274	0.00367815485931
16	0.0236220472441	0.0393700787402	0.00908959887239	0.00272142474966
17	0.0374015748031	0.0334645669291	0.00900503033398	0.00280599328807
18	0.0	0.0511811023622	0.00787401574803	0.00393700787402
19	0.011811023622	0.0590551181102	0.00794440166197	0.00386662196008
20	0.00787401574803	0.0511811023622	0.0087183629665	0.00309266065555
21	0.00787401574803	0.0314960629921	0.00873390683986	0.00307711678219
22	0.0433070866142	0.011811023622	0.00909590086314	0.00271512275891
23	0.0551181102362	0.0472440944882	0.00910241451181	0.00270860911023
24	0.0944881889764	0.0433070866142	0.00826372733335	0.0035472962887
25	0.0570866141732	0.0334645669291	0.00862328648024	0.00318773714181
26	0.0570866141732	0.0334645669291	0.00918129556941	0.00262972805264
27	0.0196850393701	0.0433070866142	0.00817266441654	0.0036383592055
28	0.0196850393701	0.0511811023622	0.00789352590328	0.00391749771877
29	0.0354330708661	0.0314960629921	0.00897876387165	0.0028322597504
30	0.0354330708661	0.0196850393701	0.00873867003326	0.00307235358879
31	0.011811023622	0.0196850393701	0.00874969233854	0.0030613312835
32	0.0393700787402	0.0236220472441	0.00908241969937	0.00272860392268
33	0.0295275590551	0.0137795275591	0.00902489000485	0.00278613361719
34	0.00393700787402	0.0708661417323	0.00794443926184	0.0038665843602
35	0.0314960629921	0.0314960629921	0.00911695795865	0.00269406566339
36	0.0196850393701	0.0236220472441	0.00909285291994	0.00271817070211
37	0.0236220472441	0.0472440944882	0.00794198398618	0.00386903963586
38	0.0157480314961	0.0590551181102	0.00788614692861	0.00392487669344
39	0.0944881889764	0.0669291338583	0.00653828158827	0.00527274203378
40	0.00787401574803	0.0433070866142	0.00787355546493	0.00393746815711
41	0.0295275590551	0.0492125984252	0.0080821025863	0.00372892103575
42	0.0944881889764	0.0354330708661	0.00888507506202	0.00292594856003
43	0.0413385826772	0.0374015748031	0.00831147611567	0.00349954750638
44	0.0826771653543	0.0236220472441	0.00841313998741	0.00339788363464
45	0.0846456692913	0.0236220472441	0.00942781164001	0.00238321198204
46	0.0196850393701	0.0236220472441	0.00791040928977	0.00390061433228
47	0.0590551181102	0.0354330708661	0.00895307018077	0.00285795344128
48	0.0236220472441	0.0511811023622	0.00789827810919	0.00391274551286
49	0.0551181102362	0.0511811023622	0.00885397919587	0.00295704442618
50	0.00393700787402	0.0236220472441	0.00869820571366	0.00311281790839
51	0.0314960629921	0.0551181102362	0.00794680283151	0.00386422079054
52	0.0688976377953	0.0492125984252	0.00877718987206	0.00303383374999
53	0.011811023622	0.0354330708661	0.00869693008242	0.00311409353963
54	0.0951443569554	0.0702099737533	0.00708495659446	0.00472606702759
55	0.0590551181102	0.0236220472441	0.00913607634772	0.00267494727432
56	0.0433070866142	0.0157480314961	0.00892031121926	0.00289071240279
57	0.0334645669291	0.0570866141732	0.00911469556553	0.00269632805652
58	0.0649606299213	0.0216535433071	0.00938666456381	0.00242435905824
59	0.0275590551181	0.0669291338583	0.00791272266269	0.00389830095936
60	0.0885826771654	0.0334645669291	0.0089882466376	0.00282277698444
61	0.0669291338583	0.0629921259843	0.00850448903493	0.00330653458712
62	0.0570866141732	0.0374015748031	0.00906857738208	0.00274244623997
63	0.0393700787402	0.0275590551181	0.00905702716262	0.00275399645943
64	0.0649606299213	0.0177165354331	0.00893451477342	0.00287650884863
65	0.0551181102362	0.0433070866142	0.00913334829242	0.00267767532963
66	0.0511811023622	0.0433070866142	0.00905928180415	0.0027517418179
67	0.0807086614173	0.0413385826772	0.00824422701042	0.00356679661163
68	0.0433070866142	0.0314960629921	0.00910077840205	0.00271024522
69	0.110236220472	0.0511811023622	0.00803258661957	0.00377843700248
70	0.107611548556	0.0577427821522	0.00860851652285	0.0032025070992
71	0.0472440944882	0.0551181102362	0.00872429866283	0.00308672495922
72	0.125984251969	0.0433070866142	0.00848321659704	0.00332780702501
73	0.0807086614173	0.0374015748031	0.00906462694443	0.00274639667761
74	0.0314960629921	0.0236220472441	0.0090462448507	0.00276477877135
75	0.0925196850394	0.0570866141732	0.00611301914109	0.00569800448095
76	0.0826771653543	0.0551181102362	0.00864158721264	0.00316943640941
77	0.0787401574803	0.0236220472441	0.00896380945704	0.002847214165
78	0.0531496062992	0.0374015748031	0.00793862375377	0.00387239986827
79	0.0669291338583	0.0511811023622	0.00928482019182	0.00252620343023
80	0.0984251968504	0.0236220472441	0.00900359797217	0.00280742564988
81	0.0866141732283	0.0236220472441	0.0101172161337	0.00169380748831
82	0.0944881889764	0.011811023622	0.00967317488341	0.00213784873864
83	0.0708661417323	0.0275590551181	0.00806495728588	0.00374606633617
84	0.0511811023622	0.0	0.0113461464187	0.000464877203355
85	0.141732283465	0.0433070866142	0.00851916016944	0.00329186345261
86	0.124015748031	0.0531496062992	0.00838385296951	0.00342717065254
87	0.120078740157	0.0531496062992	0.00908641845632	0.00272460516573
88	0.116141732283	0.0216535433071	0.00792399011926	0.00388703350278
89	0.0905511811024	0.0669291338583	0.00646222614667	0.00534879747538
90	0.102362204724	0.0236220472441	0.00912483301449	0.00268619060755
91	0.0984251968504	0.0314960629921	0.00901206118273	0.00279896243932
92	0.11811023622	0.0314960629921	0.00751364746183	0.00429737616021
93	0.0787401574803	0.011811023622	0.0090665852613	0.00274443836075
94	0.106299212598	0.0551181102362	0.00796558996731	0.00384543365473
95	0.0925196850394	0.0295275590551	0.0079710671759	0.00383995644615
96	0.0708661417323	0.0393700787402	0.00900228486098	0.00280873876107
97	0.125984251969	0.0393700787402	0.00855632935197	0.00325469427008
98	0.11811023622	0.0393700787402	0.00819261662456	0.00361840699748
99	0.0393700787402	0.0433070866142	0.00906076094869	0.00275026267336
100	0.0314960629921	0.00787401574803	0.0115498453935	0.000261178228582