site	ns_changes	s_changes	ns_sites	s_sites
1	0.0	0.114173228346	0.00787401574803	0.00393700787402
2	0.0748031496063	0.110236220472	0.00931590671215	0.0024951169099
3	0.00787401574803	0.188976377953	0.00788000430226	0.00393101931979
4	0.00196850393701	0.0885826771654	0.00787760367834	0.00393341994371
5	0.0	0.110236220472	0.00894764637014	0.0028633772519
6	0.0196850393701	0.122047244094	0.00791959724135	0.0038914263807
7	0.0177165354331	0.127952755906	0.00791077932775	0.0039002442943
8	0.00787401574803	0.185039370079	0.00789766653115	0.00391335709089
9	0.00590551181102	0.198818897638	0.00789650405078	0.00391451957127
10	0.0	0.0354330708661	0.00787401574803	0.00393700787402
11	0.00787401574803	0.0551181102362	0.00920506010239	0.00260596351966
12	0.0236220472441	0.0866141732283	0.00789283503504	0.003918188587
13	0.0708661417323	0.165354330709	0.00829836411899	0.00351265950306
14	0.00984251968504	0.100393700787	0.00790490498312	0.00390611863892
15	0.0	0.145669291339	0.00787401574803	0.00393700787402
16	0.124015748031	0.124015748031	0.00821305318729	0.00359797043475
17	0.0649606299213	0.187007874016	0.00793464551013	0.00387637811192
18	0.00787401574803	0.106299212598	0.00866300033244	0.00314802328961
19	0.0669291338583	0.157480314961	0.00827590881272	0.00353511480933
20	0.0157480314961	0.125984251969	0.00790114368265	0.00390987993939
21	0.206036745407	0.0971128608924	0.0094836990958	0.00232732452625
22	0.102362204724	0.137795275591	0.00828613358144	0.00352489004061
23	0.173228346457	0.0905511811024	0.00873898637855	0.0030720372435
24	0.0807086614173	0.0570866141732	0.00800841648246	0.00380260713959
25	0.0531496062992	0.0610236220472	0.00797591739012	0.00383510623193
26	0.143700787402	0.0610236220472	0.00945917002214	0.00235185359991
27	0.0971128608924	0.119422572178	0.00952964777069	0.00228137585135
28	0.0472440944882	0.149606299213	0.00890048180008	0.00291054182196
29	0.0413385826772	0.127952755906	0.0079831189912	0.00382790463084
30	0.0374015748031	0.124015748031	0.00888569090474	0.00292533271731
31	0.135826771654	0.0610236220472	0.00929161925058	0.00251940437147
32	0.0255905511811	0.124015748031	0.00801527943818	0.00379574418386
33	0.165354330709	0.133858267717	0.00873798082267	0.00307304279938
34	0.113517060367	0.146325459318	0.00825868207499	0.00355234154705
35	0.0505249343832	0.130577427822	0.00866473385509	0.00314628976696
36	0.19750656168	0.121391076115	0.00894024996436	0.00287077365769
37	0.0885826771654	0.100393700787	0.00807066775888	0.00374035586317
38	0.0918635170604	0.128608923885	0.00940091910974	0.00241010451231
39	0.248031496063	0.0787401574803	0.00859229232868	0.00321873129337
40	0.114173228346	0.11811023622	0.00912360848833	0.00268741513372
41	0.0590551181102	0.11811023622	0.00798146569096	0.00382955793108
42	0.198818897638	0.0826771653543	0.00938938007746	0.00242164354459
43	0.0715223097113	0.0977690288714	0.00808155910648	0.00372946451557
44	0.232283464567	0.0944881889764	0.00916344718854	0.0026475764335
45	0.218503937008	0.104330708661	0.00922665264544	0.0025843709766
46	0.168635170604	0.122703412073	0.00847866909476	0.00333235452729
47	0.0728346456693	0.0728346456693	0.00921618110424	0.00259484251781
48	0.228346456693	0.0688976377953	0.0101355494106	0.00167547421146
49	0.225721784777	0.118766404199	0.00891870196355	0.0028923216585
50	0.232283464567	0.145669291339	0.0089023146266	0.00290870899545
51	0.0629921259843	0.112204724409	0.00868481024173	0.00312621338032
52	0.122047244094	0.0944881889764	0.00812163640964	0.00368938721241
53	0.206692913386	0.104330708661	0.00856184965961	0.00324917396244
54	0.263779527559	0.0393700787402	0.0102097673574	0.00160125626465
55	0.159448818898	0.120078740157	0.00923714095102	0.00257388267103
56	0.252624671916	0.0820209973753	0.00941565819096	0.00239536543109
57	0.207349081365	0.0367454068241	0.0105840941527	0.00122692946938
58	0.174540682415	0.132545931759	0.00890460481306	0.00290641880898
59	0.163385826772	0.0964566929134	0.00900617563414	0.00280484798791
60	0.172572178478	0.114829396325	0.00835508000343	0.00345594361861
61	0.226377952756	0.133858267717	0.00933451005013	0.00247651357191
62	0.149606299213	0.114173228346	0.00888278324703	0.00292824037502
63	0.23031496063	0.0964566929134	0.00924995555597	0.00256106806608
64	0.185039370079	0.0807086614173	0.00866409212465	0.0031469314974
65	0.122047244094	0.114173228346	0.00909061201535	0.00272041160669
66	0.149606299213	0.129921259843	0.00923446852712	0.00257655509493
67	0.286745406824	0.106955380577	0.00885074881624	0.0029602748058
68	0.212598425197	0.11811023622	0.00849583511063	0.00331518851141
69	0.129921259843	0.0590551181102	0.0087974465429	0.00301357707915
70	0.165354330709	0.102362204724	0.00940087540433	0.00241014821771
71	0.246062992126	0.108267716535	0.00922447112021	0.00258655250184
72	0.25	0.0964566929134	0.00939927827169	0.00241174535035
73	0.173228346457	0.149606299213	0.00811158026378	0.00369944335827
74	0.324803149606	0.0984251968504	0.00879264525464	0.0030183783674
75	0.192913385827	0.0787401574803	0.00925213084997	0.00255889277207
76	0.253280839895	0.0892388451444	0.00848268023938	0.00332834338266
77	0.242782152231	0.0708661417323	0.00821121307706	0.00359981054499
78	0.255905511811	0.0590551181102	0.00999633357583	0.00181469004621
79	0.255905511811	0.125984251969	0.00855277137352	0.00325825224852
80	0.246062992126	0.0853018372703	0.00926313432069	0.00254788930136
81	0.298556430446	0.0400262467192	0.00888372307537	0.00292730054668
82	0.228346456693	0.0688976377953	0.0092983175278	0.00251270609424
83	0.25	0.13188976378	0.00862775164567	0.00318327197638
84	0.281496062992	0.0610236220472	0.00941446349974	0.00239656012231
85	0.275590551181	0.102362204724	0.00915186016567	0.00265916345637
86	0.316929133858	0.0925196850394	0.00857550219724	0.0032355214248
87	0.246062992126	0.0846456692913	0.00893318829626	0.00287783532578
88	0.287401574803	0.102362204724	0.00941018974599	0.00240083387605
89	0.221784776903	0.0734908136483	0.00853445708665	0.00327656653539
90	0.271653543307	0.0629921259843	0.00912702767952	0.00268399594253
91	0.241469816273	0.101049868766	0.0085835298992	0.00322749372285
92	0.285433070866	0.0511811023622	0.00893510985931	0.00287591376274
93	0.312992125984	0.101049868766	0.00878397432048	0.00302704930157
94	0.297244094488	0.120078740157	0.00825586924622	0.00355515437583
95	0.316929133858	0.0984251968504	0.00909241799883	0.00271860562322
96	0.32874015748	0.112204724409	0.00906655380527	0.00274446981677
97	0.227034120735	0.0984251968504	0.008475593422	0.00333543020004
98	0.323490813648	0.101706036745	0.00882603118658	0.00298499243546
99	0.195538057743	0.0958005249344	0.00868249994373	0.00312852367831
100	0.25	0.108267716535	0.00863959737738	0.00317142624467