site	ns_changes	s_changes	ns_sites	s_sites
1	0.0	0.0156555772994	0.00195694716243	0.000978473581213
2	0.00195694716243	0.0146771037182	0.00195732384718	0.000978096896465
3	0.0	0.00684931506849	0.00242067276161	0.000514747982026
4	0.000978473581213	0.00880626223092	0.00204995311006	0.000885467633578
5	0.00587084148728	0.0117416829746	0.00211089888166	0.000824521861975
6	0.000978473581213	0.013698630137	0.00195727019658	0.000978150547061
7	0.0	0.00195694716243	0.00242586079809	0.000509559945548
8	0.0	0.0117416829746	0.0020696156266	0.000865805117041
9	0.0	0.00880626223092	0.00242105706061	0.000514363683028
10	0.00195694716243	0.00978473581213	0.00196146964056	0.000973951103083
11	0.00587084148728	0.00782778864971	0.00224243911182	0.000692981631817
12	0.000978473581213	0.00587084148728	0.00241596208444	0.000519458659196
13	0.00195694716243	0.00684931506849	0.00242466569895	0.000510755044693
14	0.0303326810176	0.0117416829746	0.00226431242195	0.000671108321689
15	0.00880626223092	0.00782778864971	0.00260403380386	0.000331386939782
16	0.000978473581213	0.0146771037182	0.0020572069117	0.000878213831935
17	0.0107632093933	0.013698630137	0.00259248603018	0.000342934713463
18	0.00293542074364	0.0107632093933	0.00195695819753	0.000978462546114
19	0.00342465753425	0.011252446184	0.00195782647036	0.000977594273275
20	0.00391389432485	0.00880626223092	0.00260891507656	0.000326505667078
21	0.0107632093933	0.00782778864971	0.00214868958721	0.000786731156429
22	0.00195694716243	0.0117416829746	0.00240420314065	0.000531217602989
23	0.00489236790607	0.00782778864971	0.00196615882491	0.00096926191873
24	0.00489236790607	0.00782778864971	0.00230129439162	0.000634126352019
25	0.00195694716243	0.00880626223092	0.00241176658309	0.000523654160549
26	0.00293542074364	0.00587084148728	0.00242073567753	0.000514685066108
27	0.0146771037182	0.00978473581213	0.00233981923586	0.000595601507777
28	0.00293542074364	0.00782778864971	0.00239601789775	0.000539402845892
29	0.0239726027397	0.0073385518591	0.00234126843531	0.000594152308326
30	0.00587084148728	0.0127201565558	0.0019587730332	0.000976647710439
31	0.000978473581213	0.00391389432485	0.00242172656942	0.00051369417422
32	0.00195694716243	0.00782778864971	0.00241903950422	0.000516381239423
33	0.0166340508806	0.0146771037182	0.00226540564704	0.000670015096599
34	0.0205479452055	0.00782778864971	0.00234347825864	0.000591942485002
35	0.0127201565558	0.013698630137	0.00233465381492	0.000600766928715
36	0.00782778864971	0.00587084148728	0.00260750737157	0.000327913372069
37	0.0107632093933	0.00587084148728	0.00233623765007	0.000599183093573
38	0.00978473581213	0.00293542074364	0.00259224689582	0.000343173847823
39	0.0244618395303	0.0107632093933	0.00233053643102	0.000604884312618
40	0.00391389432485	0.0107632093933	0.0024162878174	0.000519132926244
41	0.0176125244618	0.00880626223092	0.00233896518772	0.000596455555922
42	0.0	0.00684931506849	0.00242105706061	0.000514363683028
43	0.00195694716243	0.00489236790607	0.00242703440548	0.000508386338158
44	0.00880626223092	0.0107632093933	0.00230858041719	0.000626840326447
45	0.0254403131115	0.00880626223092	0.00204028447614	0.000895136267501
46	0.0611545988258	0.00538160469667	0.0021674576079	0.000767963135738
47	0.0107632093933	0.00489236790607	0.00233519554215	0.000600225201488
48	0.0234833659491	0.00880626223092	0.00248996365201	0.000445457091627
49	0.0366927592955	0.00831702544031	0.00223362877463	0.000701791969013
50	0.00782778864971	0.00782778864971	0.00205439533459	0.000881025409046
51	0.0117416829746	0.00489236790607	0.00230813999751	0.000627280746127
52	0.00978473581213	0.00489236790607	0.00253883025398	0.000396590489656
53	0.0200587084149	0.0073385518591	0.00231004076046	0.000625379983176
54	0.0117416829746	0.00293542074364	0.0025814568118	0.000353963931837
55	0.0107632093933	0.00293542074364	0.00260928205219	0.000326138691449
56	0.0293542074364	0.00195694716243	0.00279667191176	0.000138748831878
57	0.0107632093933	0.00587084148728	0.00259971182365	0.000335708919993
58	0.0205479452055	0.0107632093933	0.00223502140537	0.000700399338266
59	0.00587084148728	0.0215264187867	0.0019588954487	0.000976525294935
60	0.00978473581213	0.013698630137	0.00204280686572	0.000892613877923
61	0.00782778864971	0.00978473581213	0.00204349241135	0.000891928332292
62	0.0146771037182	0.00880626223092	0.00225208654349	0.000683334200151
63	0.027397260274	0.0117416829746	0.00198778634186	0.000947634401783
64	0.03228962818	0.00978473581213	0.00228630449662	0.00064911624702
65	0.00782778864971	0.00684931506849	0.00258546918914	0.000349951554497
66	0.0166340508806	0.00880626223092	0.00232750666331	0.000607914080334
67	0.0166340508806	0.0	0.00285871391018	7.67068334569e-05
68	0.0229941291585	0.011252446184	0.00239133309202	0.000544087651622
69	0.0225048923679	0.0117416829746	0.0022501393755	0.000685281368139
70	0.0283757338552	0.013698630137	0.00194273958304	0.000992681160603
71	0.029843444227	0.0132093933464	0.00205738884451	0.000878031899128
72	0.0127201565558	0.00880626223092	0.0025828980007	0.000352522742943
73	0.0185909980431	0.0117416829746	0.00204672049676	0.000888700246883
74	0.00782778864971	0.00880626223092	0.00205981410001	0.000875606643634
75	0.0229941291585	0.0073385518591	0.00226269091704	0.000672729826599
76	0.0205479452055	0.00391389432485	0.00254276656537	0.000392654178268
77	0.00489236790607	0.00684931506849	0.0024042114227	0.000531209320936
78	0.0117416829746	0.00587084148728	0.00259493717868	0.00034048356496
79	0.0303326810176	0.00782778864971	0.00231521683571	0.000620203907927
80	0.0225048923679	0.00880626223092	0.00258732937322	0.00034809137042
81	0.0347358121331	0.00831702544031	0.00196574916512	0.000969671578521
82	0.013698630137	0.013698630137	0.00229634923653	0.000639071507114
83	0.0185909980431	0.00293542074364	0.00259865483936	0.000336765904279
84	0.0234833659491	0.00880626223092	0.00200902036934	0.000926400374304
85	0.01614481409	0.0141878669276	0.00224799802994	0.0006874227137
86	0.0244618395303	0.0127201565558	0.00223256044409	0.00070286029955
87	0.045988258317	0.00782778864971	0.002526830061	0.000408590682644
88	0.0450097847358	0.00391389432485	0.00258605682693	0.000349363916706
89	0.013698630137	0.00684931506849	0.0024097680916	0.000525652652037
90	0.013698630137	0.00587084148728	0.00260196622025	0.000333454523387
91	0.0234833659491	0.00684931506849	0.0025976632755	0.00033775746814
92	0.0215264187867	0.00782778864971	0.0023325509486	0.000602869795039
93	0.0234833659491	0.00391389432485	0.00234342878241	0.00059199196123
94	0.0166340508806	0.00782778864971	0.00224486466634	0.000690556077296
95	0.0117416829746	0.0	0.00285944684645	7.59738971897e-05
96	0.0234833659491	0.0156555772994	0.0013598397523	0.00157558099134
97	0.0215264187867	0.00391389432485	0.00258419921454	0.000351221529097
98	0.027397260274	0.0156555772994	0.00211714002334	0.000818280720297
99	0.0225048923679	0.0127201565558	0.00235906538197	0.00057635536167
100	0.0176125244618	0.00195694716243	0.00197878294739	0.000956637796253