site	ns_changes	s_changes	ns_sites	s_sites
1	0.0	0.00196078431373	0.00392156862745	0.00196078431373
2	0.0	0.0	0.00508339593111	0.000798957010069
3	0.0	0.00392156862745	0.00392156862745	0.00196078431373
4	0.00196078431373	0.00196078431373	0.0039223407634	0.00196001217778
5	0.0	0.00196078431373	0.00392156862745	0.00196078431373
6	0.0	0.00196078431373	0.00410352457915	0.00177882836203
7	0.0	0.00588235294118	0.00392156862745	0.00196078431373
8	0.0	0.00392156862745	0.00417176469228	0.0017105882489
9	0.0	0.00588235294118	0.00392156862745	0.00196078431373
10	0.0	0.0	0.00392156862745	0.00196078431373
11	0.0	0.00196078431373	0.00392156862745	0.00196078431373
12	0.00196078431373	0.00392156862745	0.00395460097236	0.00192775196882
13	0.0	0.0	0.00508339593111	0.000798957010069
14	0.0078431372549	0.00392156862745	0.00473398958923	0.00114836335195
15	0.00196078431373	0.0	0.00503753212786	0.000844820813321
16	0.00196078431373	0.0176470588235	0.00407156619837	0.0018107867428
17	0.0	0.00196078431373	0.00392156862745	0.00196078431373
18	0.0	0.00196078431373	0.00465927206048	0.0012230808807
19	0.00392156862745	0.00392156862745	0.0041039761642	0.00177837677698
20	0.0	0.0	0.00508339593111	0.000798957010069
21	0.00588235294118	0.0078431372549	0.00499207576294	0.000890277178233
22	0.00196078431373	0.00392156862745	0.00468495817515	0.00119739476603
23	0.0	0.0	0.00508339593111	0.000798957010069
24	0.0	0.0	0.00440362688798	0.0014787260532
25	0.00196078431373	0.00196078431373	0.00473684694419	0.00114550599698
26	0.00392156862745	0.0	0.00473239621141	0.00114995672977
27	0.00392156862745	0.0078431372549	0.00474035871864	0.00114199422253
28	0.0117647058824	0.00196078431373	0.00395399833736	0.00192835460382
29	0.0078431372549	0.00196078431373	0.00396215902449	0.00192019391668
30	0.00196078431373	0.00196078431373	0.00441741447616	0.00146493846501
31	0.0	0.0	0.00392156862745	0.00196078431373
32	0.0	0.0	0.00392156862745	0.00196078431373
33	0.00196078431373	0.00196078431373	0.00508126007175	0.00080109286943
34	0.0078431372549	0.0	0.00466590768337	0.00121644525781
35	0.0	0.00196078431373	0.00464398627514	0.00123836666604
36	0.0078431372549	0.00196078431373	0.00470679163178	0.00117556130939
37	0.00392156862745	0.00196078431373	0.00440490318147	0.00147744975971
38	0.00588235294118	0.00196078431373	0.00470421495106	0.00117813799012
39	0.0	0.00196078431373	0.00509409707468	0.0007882558665
40	0.00588235294118	0.00196078431373	0.00509914396318	0.000783208977992
41	0.00392156862745	0.0	0.00508018052223	0.000802172418944
42	0.00196078431373	0.00196078431373	0.00470807563081	0.00117427731037
43	0.00196078431373	0.0	0.00508225688473	0.000800096056446
44	0.0	0.00588235294118	0.00392156862745	0.00196078431373
45	0.00392156862745	0.0	0.00470914729657	0.0011732056446
46	0.00196078431373	0.0	0.00440355994195	0.00147879299923
47	0.0	0.00392156862745	0.00465654245595	0.00122581048522
48	0.00196078431373	0.0078431372549	0.00393527420545	0.00194707873573
49	0.00196078431373	0.00196078431373	0.00506420530521	0.000818147635963
50	0.00196078431373	0.0	0.00473209990171	0.00115025303947
51	0.0	0.0	0.00410297865824	0.00177937428293
52	0.0	0.00392156862745	0.00465217508871	0.00123017785246
53	0.0	0.00196078431373	0.00473274032878	0.0011496126124
54	0.0156862745098	0.00196078431373	0.00398527895501	0.00189707398617
55	0.00196078431373	0.00196078431373	0.00470887055981	0.00117348238136
56	0.00196078431373	0.00196078431373	0.00473378435708	0.00114856858409
57	0.00196078431373	0.0	0.00588158080523	7.72135950119e-07
58	0.00588235294118	0.0	0.00471103762488	0.00117131531629
59	0.0	0.0	0.00392156862745	0.00196078431373
60	0.0	0.0	0.00392156862745	0.00196078431373
61	0.0	0.0	0.00465981798138	0.00122253495979
62	0.0078431372549	0.0	0.00471134875913	0.00117100418205
63	0.0117647058824	0.0	0.00472803736641	0.00115431557476
64	0.0	0.00196078431373	0.00508305181373	0.000799301127442
65	0.00196078431373	0.00588235294118	0.0041037271561	0.00177862578508
66	0.00980392156863	0.0	0.00585321071598	2.91422251923e-05
67	0.0078431372549	0.0078431372549	0.00393274554897	0.00194960739221
68	0.00196078431373	0.00196078431373	0.00507972160302	0.000802631338152
69	0.00196078431373	0.00196078431373	0.00473349972224	0.00114885321894
70	0.00196078431373	0.00196078431373	0.00470884776676	0.00117350517442
71	0.00196078431373	0.00392156862745	0.00465040667759	0.00123194626358
72	0.0117647058824	0.00196078431373	0.00469649359156	0.00118585934962
73	0.00980392156863	0.00588235294118	0.00442328272089	0.00145907022028
74	0.00196078431373	0.0078431372549	0.00507781679122	0.000804536149961
75	0.0078431372549	0.0	0.00507245411526	0.00080989882592
76	0.0078431372549	0.00392156862745	0.00392349096501	0.00195886197616
77	0.0078431372549	0.00196078431373	0.00473240409912	0.00114994884205
78	0.00392156862745	0.00196078431373	0.00392156862745	0.00196078431373
79	0.0176470588235	0.00196078431373	0.00469263291181	0.00118972002937
80	0.00196078431373	0.00588235294118	0.00470822606568	0.0011741268755
81	0.00588235294118	0.00588235294118	0.00440758815615	0.00147476478503
82	0.0156862745098	0.0	0.0043048301759	0.00157752276527
83	0.0	0.0	0.00224429980641	0.00363805313477
84	0.00196078431373	0.0	0.00470724775206	0.00117510518911
85	0.00980392156863	0.00196078431373	0.00392623291902	0.00195612002216
86	0.0078431372549	0.0	0.00394434955497	0.0019380033862
87	0.0	0.00196078431373	0.00404059885596	0.00184175408522
88	0.00196078431373	0.0078431372549	0.0047337726809	0.00114858026028
89	0.00196078431373	0.0	0.00427734316608	0.00160500977509
90	0.00196078431373	0.0	0.00392151285127	0.00196084008991
91	0.0	0.0	0.00392156862745	0.00196078431373
92	0.00980392156863	0.00588235294118	0.00397241044188	0.0019099424993
93	0.00392156862745	0.00196078431373	0.0027873956175	0.00309495732367
94	0.0137254901961	0.00588235294118	0.00392661133743	0.00195574160374
95	0.00392156862745	0.0	0.00581699346405	6.53594771242e-05
96	0.0156862745098	0.00196078431373	0.00322793131302	0.00265442162816
97	0.00196078431373	0.00196078431373	0.00470884776676	0.00117350517442
98	0.00588235294118	0.00196078431373	0.00508016938744	0.000802183553733
99	0.00980392156863	0.00196078431373	0.00440247922887	0.0014798737123
100	0.0078431372549	0.00392156862745	0.00406382160707	0.0018185313341