site	ns_changes	s_changes	ns_sites	s_sites
1	0.0205278592375	0.074780058651	0.00100184845323	0.000464427206592
2	0.111111111111	0.101987618117	0.00115412647148	0.00031214918834
3	0.0767350928641	0.126588465298	0.00115081989366	0.000315455766167
4	0.0158846529814	0.11119257087	0.00109296726568	0.000373308394148
5	0.0102639296188	0.08357771261	0.00101183559276	0.000454440067061
6	0.0598729227761	0.0953079178886	0.00118718323084	0.000279092428984
7	0.0100195503421	0.171798631476	0.000985090911728	0.000481184748096
8	0.0129521016618	0.147849462366	0.000982942771949	0.000483332887875
9	0.00904203323558	0.125366568915	0.000980860664212	0.000485414995612
10	0.00244379276637	0.0982404692082	0.00107650973599	0.000389765923834
11	0.0217497556207	0.0911534701857	0.000987926153941	0.000478349505883
12	0.0246823069404	0.0945747800587	0.0011512801616	0.000314995498228
13	0.0527859237537	0.143206256109	0.00101310719517	0.000453168464652
14	0.0283479960899	0.14027370479	0.000994759146304	0.00047151651352
15	0.0129521016618	0.10972629521	0.00112977630998	0.000336499349842
16	0.0155588139459	0.0958781362007	0.00107806158382	0.000388214076005
17	0.0488758553275	0.106549364614	0.00100930210499	0.00045697355483
18	0.0234604105572	0.104594330401	0.00114051661561	0.000325759044212
19	0.0461876832845	0.149315738025	0.00100871287471	0.000457562785116
20	0.0461876832845	0.125366568915	0.000996720074608	0.000469555585216
21	0.164467253177	0.0931085043988	0.0011450565999	0.000321219059926
22	0.112821766048	0.125203649397	0.00111879072133	0.000347484938495
23	0.0505865102639	0.119012707722	0.00101486186836	0.000451413791461
24	0.140029325513	0.0935972629521	0.00111944946138	0.000346826198445
25	0.162593678723	0.121863799283	0.00115741639705	0.000308859262779
26	0.101091560769	0.114450961225	0.00108223699548	0.000384038664344
27	0.14605734767	0.0792603453894	0.00116169930587	0.000304576353949
28	0.177500814598	0.125773867709	0.0011338720464	0.000332403613425
29	0.086917562724	0.0929455848811	0.00106880979741	0.000397465862417
30	0.0664711632454	0.109481915934	0.00101464409546	0.000451631564363
31	0.125366568915	0.0882209188661	0.00115480962904	0.000311466030785
32	0.134815900945	0.101254480287	0.00110213958762	0.0003641360722
33	0.0907461713913	0.105979146302	0.00116726288149	0.000299012778333
34	0.126914304334	0.136526555881	0.00104096580719	0.000425309852636
35	0.102720755947	0.12430759205	0.00102636245713	0.000439913202694
36	0.0856956663408	0.110785272076	0.00112315932129	0.00034311633853
37	0.194933202998	0.106630824373	0.00110469650275	0.000361579157075
38	0.0333985011404	0.118361029651	0.00111178122356	0.000354494436261
39	0.183610296514	0.108178559791	0.0011088688381	0.000357406821722
40	0.111111111111	0.122026718801	0.00114411456079	0.000322161099035
41	0.0993809058325	0.152574128381	0.0010249542893	0.00044132137052
42	0.146871945259	0.0779569892473	0.00113420690592	0.0003320687539
43	0.191023134572	0.0919680677745	0.00113193222999	0.000334343429831
44	0.219289670903	0.115021179537	0.00114935519551	0.000316920464313
45	0.130905832519	0.0834147930922	0.00110433450199	0.000361941157832
46	0.137666992506	0.0993809058325	0.00117765630222	0.000288619357602
47	0.148093841642	0.0861029651352	0.00117850244303	0.000287773216798
48	0.163815575106	0.0971814923428	0.00112370702611	0.000342568633712
49	0.246741609645	0.109563375692	0.00114344993852	0.000322825721308
50	0.200391006843	0.11412512219	0.0011481523587	0.000318123301124
51	0.161290322581	0.0782828282828	0.00112429145488	0.000341984204946
52	0.114695340502	0.126995764093	0.00113562238315	0.000330653276676
53	0.182062561095	0.108585858586	0.00110863785139	0.000357637808434
54	0.20568589117	0.123737373737	0.00113391047731	0.000332365182513
55	0.11917562724	0.102231997393	0.00115092599387	0.000315349665954
56	0.211876832845	0.0901759530792	0.00113607258485	0.000330203074975
57	0.22816878462	0.104431410883	0.0011137364949	0.000352539164924
58	0.235174323884	0.114043662431	0.00113347476656	0.000332800893267
59	0.178885630499	0.115184099055	0.00106237177165	0.000403903888174
60	0.209595959596	0.102720755947	0.00112602115466	0.000340254505162
61	0.142228739003	0.126914304334	0.00104514393344	0.000421131726385
62	0.228250244379	0.0811339198436	0.001215958573	0.000250317086829
63	0.130905832519	0.0890355164549	0.00118221055422	0.000284065105606
64	0.19477028348	0.0878950798306	0.00113109827848	0.000335177381341
65	0.209107201043	0.104512870642	0.00116643998249	0.000299835677333
66	0.230205278592	0.110052134246	0.00112882246608	0.000337453193748
67	0.274193548387	0.104594330401	0.00113449967288	0.000331775986939
68	0.23981753014	0.11844248941	0.00107081190074	0.000395463759083
69	0.238269794721	0.0838220918866	0.00113176437639	0.000334511283438
70	0.232160312805	0.0860215053763	0.00115202092891	0.000314254730917
71	0.256109481916	0.103128054741	0.00112419706593	0.000342078593893
72	0.219859889215	0.090990550668	0.00117647328247	0.00028980237735
73	0.2238514174	0.103128054741	0.00108725309686	0.000379022562965
74	0.197295536005	0.105327468231	0.0011205663126	0.000345709347221
75	0.227109807755	0.0680188986641	0.00112544534992	0.000340830309906
76	0.22311827957	0.10174323884	0.00113495055977	0.000331325100056
77	0.0941674812643	0.0624796350603	0.00101366785663	0.00045260780319
78	0.23403388726	0.0910720104268	0.00116135053793	0.000304925121898
79	0.253095470837	0.120560443141	0.00110995720113	0.000356318458696
80	0.273297491039	0.09229390681	0.00113036374698	0.000335911912841
81	0.166340827631	0.0874063212773	0.00112318711489	0.000343088544938
82	0.198191593353	0.104431410883	0.0011358375244	0.000330438135424
83	0.230938416422	0.111844248941	0.00107979908937	0.000386476570453
84	0.241446725318	0.109970674487	0.00107152008477	0.000394755575056
85	0.284946236559	0.0672043010753	0.00120360759209	0.000262668067729
86	0.278673835125	0.100358422939	0.00116435440221	0.000301921257612
87	0.255050505051	0.0812153796025	0.00120343887939	0.000262836780434
88	0.141414141414	0.0531932225481	0.00116481514336	0.000301460516468
89	0.188009123493	0.0450472466601	0.00121742766587	0.000248847993953
90	0.15404040404	0.0413815575106	0.00131419226906	0.000152083390761
91	0.264336917563	0.0958781362007	0.00107948595476	0.000386789705063
92	0.264418377322	0.0867546432063	0.00113818417679	0.00032809148303
93	0.287960247638	0.0879765395894	0.00112486162421	0.000341414035617
94	0.312886933855	0.0744542196155	0.00115854765149	0.000307728008335
95	0.263440860215	0.0979960899316	0.00111199854643	0.000354277113395
96	0.299283154122	0.104512870642	0.00113734713406	0.00032892852576
97	0.261730205279	0.101173020528	0.00110876207317	0.000357513586654
98	0.25651678071	0.101498859563	0.00105285480132	0.000413420858506
99	0.291463017269	0.1119257087	0.00111270818917	0.000353567470654
100	0.237943955686	0.0858585858586	0.00111231097747	0.000353964682358