site	ns_changes	s_changes	ns_sites	s_sites
1	0.0	0.00293255131965	0.000977517106549	0.000488758553275
2	0.00293255131965	0.0019550342131	0.00113223118941	0.000334044470413
3	0.0	0.0058651026393	0.000977517106549	0.000488758553275
4	0.000488758553275	0.00293255131965	0.000977517106549	0.000488758553275
5	0.0	0.00439882697947	0.000977517106549	0.000488758553275
6	0.0	0.00293255131965	0.0010948392481	0.00037143641172
7	0.000488758553275	0.0039100684262	0.000977555572813	0.000488720087011
8	0.0	0.00244379276637	0.000977517106549	0.000488758553275
9	0.0	0.00293255131965	0.000977517106549	0.000488758553275
10	0.0	0.00439882697947	0.00109791509078	0.000368360569041
11	0.00342130987292	0.00342130987292	0.00111705707936	0.000349218580466
12	0.000977517106549	0.00342130987292	0.000977592158159	0.000488683501665
13	0.000488758553275	0.00146627565982	0.000977555572813	0.000488720087011
14	0.00146627565982	0.00146627565982	0.00113467118107	0.000331604478755
15	0.0	0.00342130987292	0.000977517106549	0.000488758553275
16	0.0	0.00733137829912	0.000977517106549	0.000488758553275
17	0.00293255131965	0.00244379276637	0.00113084010142	0.000335435558401
18	0.00146627565982	0.00342130987292	0.000979590158947	0.000486685500877
19	0.000488758553275	0.00439882697947	0.000977554632354	0.00048872102747
20	0.0	0.00146627565982	0.00109487517152	0.000371400488304
21	0.000977517106549	0.0039100684262	0.000977704735573	0.000488570924251
22	0.00342130987292	0.00488758553275	0.00119217744798	0.000274098211846
23	0.00244379276637	0.000977517106549	0.00113476521061	0.00033151044921
24	0.000488758553275	0.0019550342131	0.00109485609008	0.000371419569742
25	0.00293255131965	0.00146627565982	0.00113392177923	0.000332353880596
26	0.00146627565982	0.000488758553275	0.00113489311409	0.000331382545732
27	0.00782013685239	0.0039100684262	0.000980251901862	0.000486023757963
28	0.000977517106549	0.00146627565982	0.00098005587996	0.000486219779864
29	0.0	0.000977517106549	0.00109482328214	0.000371452377682
30	0.0019550342131	0.000488758553275	0.00113437655994	0.000331899099887
31	0.0	0.00146627565982	0.000977517106549	0.000488758553275
32	0.000977517106549	0.0019550342131	0.000977709437868	0.000488566221956
33	0.0	0.00439882697947	0.000977517106549	0.000488758553275
34	0.0	0.00342130987292	0.000977517106549	0.000488758553275
35	0.00537634408602	0.00244379276637	0.000977709437868	0.000488566221956
36	0.0	0.00244379276637	0.00109483844981	0.000371437210018
37	0.00146627565982	0.00293255131965	0.000977704735573	0.000488570924251
38	0.000488758553275	0.0039100684262	0.00109778293292	0.000368492726908
39	0.00488758553275	0.00244379276637	0.00113325173697	0.00033302392285
40	0.00830889540567	0.00244379276637	0.000981373405431	0.000484902254393
41	0.000977517106549	0.00293255131965	0.000977572428291	0.000488703231533
42	0.00537634408602	0.00439882697947	0.000981607419255	0.000484668240569
43	0.000977517106549	0.00146627565982	0.00113427444745	0.000332001212374
44	0.00342130987292	0.00342130987292	0.000978094100506	0.000488181559318
45	0.000977517106549	0.00293255131965	0.00109432005237	0.000371955607459
46	0.00537634408602	0.00293255131965	0.0011140806308	0.000352195029023
47	0.00146627565982	0.00146627565982	0.000977704735573	0.000488570924251
48	0.00439882697947	0.00488758553275	0.00097882112338	0.000487454536444
49	0.00488758553275	0.00244379276637	0.00113021545631	0.000336060203514
50	0.00146627565982	0.00244379276637	0.00109688715321	0.000369388506615
51	0.00146627565982	0.00244379276637	0.000977555572813	0.000488720087011
52	0.00977517106549	0.0019550342131	0.00113486893234	0.00033140672748
53	0.00293255131965	0.00342130987292	0.0011314073479	0.000334868311925
54	0.00733137829912	0.0	0.00143899827666	2.72773831604e-05
55	0.00342130987292	0.00146627565982	0.00113343241065	0.000332843249173
56	0.0019550342131	0.00146627565982	0.00113375353343	0.000332522126389
57	0.00977517106549	0.00439882697947	0.000976067449013	0.000490208210811
58	0.00293255131965	0.0039100684262	0.000977959680484	0.00048831597934
59	0.0161290322581	0.00342130987292	0.000979646060786	0.000486629599038
60	0.00782013685239	0.00244379276637	0.00113202069721	0.000334254962612
61	0.0039100684262	0.0019550342131	0.00112008267498	0.00034619298484
62	0.0	0.00293255131965	0.00109806756572	0.000368208094099
63	0.0019550342131	0.00244379276637	0.000977517106549	0.000488758553275
64	0.00635386119257	0.000488758553275	0.0011308925511	0.000335383108723
65	0.00146627565982	0.00244379276637	0.00109912936351	0.00036714629631
66	0.0175953079179	0.00342130987292	0.00100212478153	0.000464150878291
67	0.000977517106549	0.00244379276637	0.00109920236611	0.000367073293718
68	0.00488758553275	0.000488758553275	0.0011134983487	0.000352777311127
69	0.00733137829912	0.00293255131965	0.0011200536535	0.000346222006324
70	0.00684261974585	0.00439882697947	0.000982669090601	0.000483606569223
71	0.00244379276637	0.00342130987292	0.00113008379286	0.000336191866968
72	0.00439882697947	0.0019550342131	0.00120213445914	0.000264141200682
73	0.0019550342131	0.000977517106549	0.00097800494201	0.000488270717814
74	0.00537634408602	0.0019550342131	0.00111733150446	0.000348944155368
75	0.00635386119257	0.00293255131965	0.00108310659644	0.000383169063379
76	0.0019550342131	0.00488758553275	0.0010975866924	0.000368688967424
77	0.00782013685239	0.00146627565982	0.00119078514541	0.00027549051441
78	0.0019550342131	0.00146627565982	0.0010977799555	0.000368495704328
79	0.0112414467253	0.00733137829912	0.00098475693839	0.000481518721434
80	0.000977517106549	0.00293255131965	0.00113462066646	0.000331654993361
81	0.00488758553275	0.00342130987292	0.00113042604159	0.000335849618232
82	0.0112414467253	0.00244379276637	0.000981747314485	0.000484528345339
83	0.0039100684262	0.0019550342131	0.00120242913221	0.000263846527616
84	0.00635386119257	0.00244379276637	0.00113194206128	0.000334333598549
85	0.00782013685239	0.00342130987292	0.000978267622642	0.000488008037182
86	0.00708699902248	0.00219941348974	0.00119981410684	0.000266461552984
87	0.00684261974585	0.00293255131965	0.000978286431825	0.000487989227999
88	0.00635386119257	0.0039100684262	0.00108888217539	0.000377393484439
89	0.00488758553275	0.0019550342131	0.00112678796483	0.000339487694994
90	0.0058651026393	0.000488758553275	0.00123587115121	0.000230404508618
91	0.00488758553275	0.0	0.00146342036897	2.85529085347e-06
92	0.00684261974585	0.00684261974585	0.000983649061729	0.000482626598095
93	0.00684261974585	0.0019550342131	0.00109751555589	0.000368760103935
94	0.00782013685239	0.0019550342131	0.000980075130721	0.000486200529103
95	0.00537634408602	0.0039100684262	0.000825276124236	0.000640999535588
96	0.00977517106549	0.0	0.00132988467228	0.000136390987546
97	0.00244379276637	0.00146627565982	0.00112916623616	0.00033710942366
98	0.0058651026393	0.0039100684262	0.000857214883476	0.000609060776348
99	0.0058651026393	0.00488758553275	0.000978005882469	0.000488269777355
100	0.0039100684262	0.00439882697947	0.00113400579755	0.000332269862276