site	ns_changes	s_changes	ns_sites	s_sites
1	0.000488758553275	0.000488758553275	0.00116400559897	0.000302270060853
2	0.000488758553275	0.000977517106549	0.00116447347166	0.000301802188162
3	0.0	0.0	0.000977517106549	0.000488758553275
4	0.0	0.0	0.000977517106549	0.000488758553275
5	0.0	0.00146627565982	0.000977517106549	0.000488758553275
6	0.0	0.000488758553275	0.000977517106549	0.000488758553275
7	0.0	0.000977517106549	0.000977517106549	0.000488758553275
8	0.0	0.000488758553275	0.0011167958781	0.000349479781724
9	0.0	0.000488758553275	0.000977517106549	0.000488758553275
10	0.0	0.000488758553275	0.000977517106549	0.000488758553275
11	0.0	0.00146627565982	0.00111663211833	0.000349643541498
12	0.0	0.00146627565982	0.000977517106549	0.000488758553275
13	0.000488758553275	0.000977517106549	0.000977912777812	0.000488362882012
14	0.0	0.000977517106549	0.000977517106549	0.000488758553275
15	0.0	0.000977517106549	0.00116457700032	0.000301698659505
16	0.0	0.00146627565982	0.000977517106549	0.000488758553275
17	0.000488758553275	0.00146627565982	0.00111672284607	0.000349552813756
18	0.00244379276637	0.000488758553275	0.000978029797449	0.000488245862375
19	0.0	0.000488758553275	0.00110109833406	0.000365177325766
20	0.0	0.00146627565982	0.000977517106549	0.000488758553275
21	0.00244379276637	0.000488758553275	0.00116359925056	0.000302676409269
22	0.0	0.000977517106549	0.000977517106549	0.000488758553275
23	0.0	0.000488758553275	0.00110086439152	0.0003654112683
24	0.000488758553275	0.000488758553275	0.000977517106549	0.000488758553275
25	0.0	0.000488758553275	0.00116459996281	0.000301675697013
26	0.0	0.000488758553275	0.000977517106549	0.000488758553275
27	0.000488758553275	0.000488758553275	0.000978709812658	0.000487565847166
28	0.000488758553275	0.0	0.00116459287662	0.0003016827832
29	0.0	0.0	0.000977517106549	0.000488758553275
30	0.0	0.000488758553275	0.00116458159282	0.000301694067007
31	0.0	0.0	0.00110086049248	0.000365415167342
32	0.000488758553275	0.00146627565982	0.00110400310344	0.000362272556388
33	0.0	0.0	0.000977517106549	0.000488758553275
34	0.0	0.000977517106549	0.000977517106549	0.000488758553275
35	0.000488758553275	0.00146627565982	0.0011457847009	0.000320490958922
36	0.000977517106549	0.0	0.00110207293719	0.000364202722637
37	0.00146627565982	0.0	0.00134182182949	0.000124453830338
38	0.0	0.000977517106549	0.00110093067524	0.000365344984582
39	0.0	0.000977517106549	0.000977517106549	0.000488758553275
40	0.000488758553275	0.0	0.00116345143559	0.000302824224235
41	0.0	0.000977517106549	0.0011458212362	0.000320454423624
42	0.0	0.00244379276637	0.00111671789726	0.000349557762569
43	0.000488758553275	0.00146627565982	0.000977517106549	0.000488758553275
44	0.0	0.0019550342131	0.00114584879119	0.000320426868633
45	0.0019550342131	0.000488758553275	0.000977972047408	0.000488303612416
46	0.0039100684262	0.000488758553275	0.000979208757479	0.000487066902345
47	0.0019550342131	0.0	0.00146032409492	5.95156490001e-06
48	0.000488758553275	0.0	0.000977744576979	0.000488531082845
49	0.0	0.000977517106549	0.000977517106549	0.000488758553275
50	0.0	0.0	0.00111681537331	0.000349460286513
51	0.000488758553275	0.000977517106549	0.00109783914285	0.000368436516973
52	0.000488758553275	0.0	0.000977517106549	0.000488758553275
53	0.00146627565982	0.0	0.00114577092341	0.000320504736418
54	0.000488758553275	0.000488758553275	0.00110110931929	0.000365166340537
55	0.000977517106549	0.00146627565982	0.000977517106549	0.000488758553275
56	0.000977517106549	0.000977517106549	0.000977791428322	0.000488484231502
57	0.000488758553275	0.000488758553275	0.000977517106549	0.000488758553275
58	0.00293255131965	0.0019550342131	0.00110767447115	0.00035860118867
59	0.00146627565982	0.000488758553275	0.00116344265317	0.00030283300665
60	0.000488758553275	0.000488758553275	0.000977517106549	0.000488758553275
61	0.00244379276637	0.000488758553275	0.00116110524094	0.000305170418889
62	0.000977517106549	0.000488758553275	0.00116421556063	0.000302060099194
63	0.00244379276637	0.000488758553275	0.000977846128924	0.0004884295309
64	0.00293255131965	0.000977517106549	0.000976484996221	0.000489790663603
65	0.00146627565982	0.00244379276637	0.000978154023752	0.000488121636072
66	0.00146627565982	0.000488758553275	0.00110207730348	0.000364198356348
67	0.000977517106549	0.00146627565982	0.00114464710478	0.000321628555048
68	0.0019550342131	0.00146627565982	0.00109934556223	0.000366930097592
69	0.000977517106549	0.000488758553275	0.0010998551404	0.000366420519424
70	0.000977517106549	0.0	0.0011457752897	0.000320500370129
71	0.00146627565982	0.000977517106549	0.00109852972129	0.000367745938532
72	0.0	0.000488758553275	0.000977517106549	0.000488758553275
73	0.00146627565982	0.000488758553275	0.00114578949809	0.000320486161733
74	0.0	0.0	0.00111681537331	0.000349460286513
75	0.000488758553275	0.0	0.00110100330046	0.00036527235936
76	0.0	0.0019550342131	0.00111667500779	0.000349600652033
77	0.00244379276637	0.000977517106549	0.00098270357524	0.000483572084584
78	0.00439882697947	0.0	0.000978968477316	0.000487307182508
79	0.000977517106549	0.000977517106549	0.000977912777812	0.000488362882012
80	0.000488758553275	0.000977517106549	0.0011007331739	0.000365542485926
81	0.00146627565982	0.00146627565982	0.0011644466776	0.000301828982223
82	0.0	0.000488758553275	0.00116366384818	0.00030261181164
83	0.0039100684262	0.000488758553275	0.00110146857846	0.000364807081368
84	0.00293255131965	0.0	0.0013419384662	0.00012433719362
85	0.0019550342131	0.0	0.00114560641222	0.000320669247605
86	0.00146627565982	0.0	0.00110085513349	0.00036542052633
87	0.0019550342131	0.00146627565982	0.0011354280647	0.000330847595124
88	0.0019550342131	0.000488758553275	0.000978078202487	0.000488197457337
89	0.00244379276637	0.0	0.00114542853028	0.000320847129542
90	0.00293255131965	0.0	0.000973093776571	0.000493181883253
91	0.0	0.000977517106549	0.000977517106549	0.000488758553275
92	0.00244379276637	0.000488758553275	0.00116392579658	0.000302349863244
93	0.000977517106549	0.0	0.000977562826845	0.000488712832979
94	0.00146627565982	0.000488758553275	0.00098913006158	0.000477145598244
95	0.000977517106549	0.0019550342131	0.000980919533306	0.000485356126518
96	0.00146627565982	0.0	0.00114592798204	0.000320347677784
97	0.00146627565982	0.0	0.000977517106549	0.000488758553275
98	0.000977517106549	0.0	0.00116375285439	0.00030252280543
99	0.0	0.000977517106549	0.000977517106549	0.000488758553275
100	0.00537634408602	0.000977517106549	0.00109954961821	0.000366726041619