site	ns_changes	s_changes	ns_sites	s_sites
1	0.0	0.0	0.00787401574803	0.00393700787402
2	0.0	0.00393700787402	0.00889579120656	0.00291523241548
3	0.0	0.0	0.00787401574803	0.00393700787402
4	0.0	0.0	0.00889616951761	0.00291485410444
5	0.0	0.00393700787402	0.00889427796239	0.00291674565966
6	0.0	0.0	0.00927406978797	0.00253695383408
7	0.00393700787402	0.0	0.00902777059462	0.00278325302743
8	0.0	0.00393700787402	0.00787401574803	0.00393700787402
9	0.0	0.011811023622	0.00787401574803	0.00393700787402
10	0.0	0.0	0.00787401574803	0.00393700787402
11	0.0	0.011811023622	0.00787401574803	0.00393700787402
12	0.0	0.00393700787402	0.00889579120656	0.00291523241548
13	0.00787401574803	0.00393700787402	0.0078934564733	0.00391756714875
14	0.0	0.0	0.00787401574803	0.00393700787402
15	0.0	0.0	0.00787401574803	0.00393700787402
16	0.0	0.00787401574803	0.00870625737379	0.00310476624826
17	0.0	0.0	0.00787401574803	0.00393700787402
18	0.00787401574803	0.00393700787402	0.00903925690686	0.00277176671519
19	0.0	0.0	0.00889616951761	0.00291485410444
20	0.0	0.00393700787402	0.00787401574803	0.00393700787402
21	0.0	0.00393700787402	0.00889579120656	0.00291523241548
22	0.00393700787402	0.0	0.00787401574803	0.00393700787402
23	0.0	0.0	0.00787401574803	0.00393700787402
24	0.0	0.0	0.00889616951761	0.00291485410444
25	0.0	0.0	0.00787401574803	0.00393700787402
26	0.0	0.0	0.00889616951761	0.00291485410444
27	0.0	0.0	0.00870398750752	0.00310703611452
28	0.0	0.0	0.00903923933067	0.00277178429138
29	0.0	0.0	0.00889616951761	0.00291485410444
30	0.0	0.00787401574803	0.00787401574803	0.00393700787402
31	0.0	0.00787401574803	0.00787401574803	0.00393700787402
32	0.0	0.00393700787402	0.00889579120656	0.00291523241548
33	0.011811023622	0.0	0.00902172347462	0.00278930014743
34	0.0157480314961	0.0	0.00875022718222	0.00306079643983
35	0.0	0.0	0.00870398750752	0.00310703611452
36	0.0	0.0	0.00787401574803	0.00393700787402
37	0.011811023622	0.0	0.00927406978797	0.00253695383408
38	0.0	0.0	0.00870398750752	0.00310703611452
39	0.00787401574803	0.0	0.00902366603675	0.0027873575853
40	0.0	0.00787401574803	0.00787401574803	0.00393700787402
41	0.0	0.0	0.00787401574803	0.00393700787402
42	0.0	0.00393700787402	0.00787401574803	0.00393700787402
43	0.011811023622	0.00393700787402	0.00789055181937	0.00392047180268
44	0.00393700787402	0.00787401574803	0.00951021713399	0.00230080648805
45	0.00787401574803	0.00393700787402	0.00787627786692	0.00393474575513
46	0.0216535433071	0.00196850393701	0.00794053441712	0.00387048920493
47	0.00393700787402	0.0	0.00787401574803	0.00393700787402
48	0.0	0.0	0.00902317214375	0.0027878514783
49	0.0	0.0	0.00870398750752	0.00310703611452
50	0.0	0.0	0.0106618672263	0.00114915639572
51	0.0	0.0	0.00903923933067	0.00277178429138
52	0.0	0.0	0.00648621830967	0.00532480531238
53	0.0	0.0	0.0106618672263	0.00114915639572
54	0.011811023622	0.0	0.00902317214375	0.0027878514783
55	0.0	0.0	0.00927406978797	0.00253695383408
56	0.00393700787402	0.00393700787402	0.00787401574803	0.00393700787402
57	0.0	0.0	0.00889616951761	0.00291485410444
58	0.0	0.0	0.00903923933067	0.00277178429138
59	0.0	0.0	0.00787401574803	0.00393700787402
60	0.00787401574803	0.00393700787402	0.00790157586693	0.00390944775512
61	0.00787401574803	0.00393700787402	0.00513496906639	0.00667605455566
62	0.00787401574803	0.00393700787402	0.00878373907836	0.00302728454369
63	0.0	0.0	0.00787401574803	0.00393700787402
64	0.0	0.00393700787402	0.00889427796239	0.00291674565966
65	0.00787401574803	0.0	0.00903923933067	0.00277178429138
66	0.00393700787402	0.00393700787402	0.00887681203481	0.00293421158724
67	0.0314960629921	0.0196850393701	0.00808631381933	0.00372470980271
68	0.00787401574803	0.0	0.00889765731395	0.0029133663081
69	0.0157480314961	0.00787401574803	0.00788235450365	0.0039286691184
70	0.0	0.011811023622	0.00889200809613	0.00291901552592
71	0.00393700787402	0.0	0.00903694558346	0.00277407803859
72	0.011811023622	0.0	0.0117488016693	6.22219527113e-05
73	0.00787401574803	0.00393700787402	0.00807166312157	0.00373936050048
74	0.0	0.00393700787402	0.00889579120656	0.00291523241548
75	0.0275590551181	0.0	0.00795200315317	0.00385902046888
76	0.0	0.0	0.011811023622	0.0
77	0.0	0.0	0.00951999715388	0.00229102646817
78	0.0	0.00787401574803	0.00948674508627	0.00232427853578
79	0.00393700787402	0.00393700787402	0.00866152527348	0.00314949834857
80	0.0	0.0	0.00903923933067	0.00277178429138
81	0.0	0.00393700787402	0.00875127638796	0.00305974723409
82	0.011811023622	0.0	0.00781928486465	0.0039917387574
83	0.0	0.0	0.00787401574803	0.00393700787402
84	0.00393700787402	0.0	0.0118049074092	6.11621282386e-06
85	0.00787401574803	0.00393700787402	0.00788176576353	0.00392925785852
86	0.0196850393701	0.0	0.00901630185857	0.00279472176348
87	0.00787401574803	0.0	0.011330522661	0.000480500961002
88	0.00787401574803	0.00393700787402	0.00787401574803	0.00393700787402
89	0.00787401574803	0.00393700787402	0.00791276582553	0.00389825779652
90	0.00393700787402	0.0	0.00902777059462	0.00278325302743
91	0.0	0.00393700787402	0.00926806034713	0.00254296327492
92	0.0	0.0	0.011811023622	0.0
93	0.00393700787402	0.0	0.010623036343	0.0011879872791
94	0.00393700787402	0.00393700787402	0.00919368317849	0.00261734044356
95	0.0177165354331	0.00984251968504	0.00797732170011	0.00383370192193
96	0.00393700787402	0.00787401574803	0.0051295127981	0.00668151082395
97	0.00787401574803	0.00787401574803	0.0087572302387	0.00305379338335
98	0.00787401574803	0.0	0.00906513888245	0.00274588473959
99	0.011811023622	0.0	0.0116734591522	0.000137564469881
100	0.00787401574803	0.00393700787402	0.00712535734109	0.00468566628095