site	ns_changes	s_changes	ns_sites	s_sites
1	0.0	0.000978473581213	0.00195694716243	0.000978473581213
2	0.0	0.00195694716243	0.00195694716243	0.000978473581213
3	0.0	0.0	0.00195694716243	0.000978473581213
4	0.0	0.0	0.00195694716243	0.000978473581213
5	0.0	0.00195694716243	0.00195694716243	0.000978473581213
6	0.0	0.0	0.00231501325549	0.000620407488145
7	0.0	0.0	0.00231501325549	0.000620407488145
8	0.00195694716243	0.0	0.00221382486211	0.000721595881533
9	0.0	0.00195694716243	0.00195694716243	0.000978473581213
10	0.0	0.0	0.00195694716243	0.000978473581213
11	0.0	0.0	0.00219239850278	0.000743022240859
12	0.0	0.0	0.00219239850278	0.000743022240859
13	0.0	0.000978473581213	0.00195694716243	0.000978473581213
14	0.00195694716243	0.0	0.00229361425277	0.000641806490874
15	0.0	0.0	0.00220173694629	0.00073368379735
16	0.0	0.0	0.00220173694629	0.00073368379735
17	0.0	0.0	0.00230339400695	0.00063202673669
18	0.0	0.0	0.00220173694629	0.00073368379735
19	0.0	0.000978473581213	0.0023035588593	0.000631861884337
20	0.0	0.0	0.00195694716243	0.000978473581213
21	0.0	0.0	0.00195694716243	0.000978473581213
22	0.0	0.0	0.00231501325549	0.000620407488145
23	0.0	0.0	0.00219239850278	0.000743022240859
24	0.0	0.00195694716243	0.00231497914811	0.000620441595529
25	0.0	0.000978473581213	0.00231500757093	0.000620413172709
26	0.000978473581213	0.0	0.00195867563556	0.000976745108079
27	0.0	0.0	0.00195694716243	0.000978473581213
28	0.0	0.000978473581213	0.00231498483268	0.000620435910965
29	0.00195694716243	0.0	0.00231392626179	0.000621494481848
30	0.0	0.0	0.00222871632296	0.000706704420682
31	0.000978473581213	0.0	0.00222919127887	0.000706229464766
32	0.0	0.000978473581213	0.00231493935616	0.000620481387476
33	0.000978473581213	0.0	0.00220179236523	0.000733628378412
34	0.0	0.0	0.00195694716243	0.000978473581213
35	0.000978473581213	0.0	0.00231500327123	0.000620417472408
36	0.0	0.0	0.00220173694629	0.00073368379735
37	0.000978473581213	0.0	0.00230339400695	0.00063202673669
38	0.0	0.00293542074364	0.00195694716243	0.000978473581213
39	0.0	0.00195694716243	0.00195694716243	0.000978473581213
40	0.013698630137	0.000978473581213	0.00196807019925	0.000967350544391
41	0.0	0.000978473581213	0.00219240307149	0.000743017672149
42	0.0	0.000978473581213	0.00195694716243	0.000978473581213
43	0.0	0.0	0.00195694716243	0.000978473581213
44	0.00293542074364	0.0	0.00289293591442	4.24848292186e-05
45	0.0	0.0	0.00195694716243	0.000978473581213
46	0.00195694716243	0.000978473581213	0.00223010186921	0.000705318874431
47	0.0	0.000978473581213	0.00231500757093	0.000620413172709
48	0.0	0.0	0.00195694716243	0.000978473581213
49	0.000978473581213	0.0	0.00219421607186	0.000741204671776
50	0.000978473581213	0.000978473581213	0.00231500757093	0.000620413172709
51	0.0	0.0	0.00219239850278	0.000743022240859
52	0.0	0.000978473581213	0.00220173237758	0.00073368836606
53	0.0	0.00195694716243	0.00220172780887	0.00073369293477
54	0.0	0.000978473581213	0.00219242134633	0.000742999397308
55	0.0	0.0	0.00219239850278	0.000743022240859
56	0.0	0.000978473581213	0.00219240307149	0.000743017672149
57	0.0	0.000978473581213	0.0023035588593	0.000631861884337
58	0.0	0.000978473581213	0.00195694716243	0.000978473581213
59	0.0	0.0	0.00230339400695	0.00063202673669
60	0.0	0.0	0.00231501325549	0.000620407488145
61	0.000978473581213	0.000978473581213	0.00195694716243	0.000978473581213
62	0.000978473581213	0.00293542074364	0.00195694716243	0.000978473581213
63	0.00195694716243	0.0	0.00231497103586	0.00062044970778
64	0.0127201565558	0.00293542074364	0.0019604243798	0.000974996363835
65	0.000978473581213	0.0	0.00220113814545	0.000734282598191
66	0.00195694716243	0.0	0.0019570801219	0.000978340621741
67	0.00391389432485	0.000978473581213	0.00196040436457	0.000975016379065
68	0.0	0.0	0.00222871632296	0.000706704420682
69	0.000978473581213	0.0	0.00222871632296	0.000706704420682
70	0.0	0.0	0.00216394289476	0.000771477848884
71	0.00195694716243	0.00195694716243	0.00222849880281	0.000706921940831
72	0.00587084148728	0.000978473581213	0.00197437662298	0.000961044120665
73	0.00195694716243	0.0	0.00134078904064	0.001594631703
74	0.00195694716243	0.0	0.00159965100195	0.00133576974169
75	0.0	0.0	0.00230339400695	0.00063202673669
76	0.0	0.0	0.00293542074364	0.0
77	0.000978473581213	0.0	0.00229460542182	0.000640815321815
78	0.000978473581213	0.0	0.00266312958605	0.000272291157594
79	0.00293542074364	0.00195694716243	0.00214498875138	0.000790431992258
80	0.0	0.000978473581213	0.00230339969151	0.000632021052126
81	0.000978473581213	0.000978473581213	0.00230305394571	0.000632366797928
82	0.0	0.00195694716243	0.00195694716243	0.000978473581213
83	0.000978473581213	0.0	0.00220245739248	0.000732963351156
84	0.000978473581213	0.000978473581213	0.00231498483268	0.000620435910965
85	0.000978473581213	0.0	0.00231413735996	0.000621283383676
86	0.000978473581213	0.0	0.00230333970387	0.000632081039774
87	0.0	0.000978473581213	0.00195694716243	0.000978473581213
88	0.000978473581213	0.000978473581213	0.00229457318645	0.000640847557186
89	0.000978473581213	0.000978473581213	0.00195694716243	0.000978473581213
90	0.000978473581213	0.00195694716243	0.00231477450381	0.000620646239828
91	0.00195694716243	0.00391389432485	0.00231479259988	0.000620628143763
92	0.00195694716243	0.0	0.00154479279531	0.00139062794833
93	0.000978473581213	0.000978473581213	0.00195729290823	0.000978127835411
94	0.000978473581213	0.0	0.00218044989601	0.000754970847629
95	0.0	0.0	0.00229460542182	0.000640815321815
96	0.00293542074364	0.0	0.00195718668276	0.000978234060877
97	0.0	0.00195694716243	0.00230342811433	0.000631992629306
98	0.000978473581213	0.00195694716243	0.00195694716243	0.000978473581213
99	0.00195694716243	0.000978473581213	0.00195729752064	0.000978123223001
100	0.0	0.000978473581213	0.00195694716243	0.000978473581213