site	ns_changes	s_changes	ns_sites	s_sites
1	0.0	0.011811023622	0.00787401574803	0.00393700787402
2	0.0	0.011811023622	0.00925161677174	0.00255940685031
3	0.0	0.0157480314961	0.00925364520544	0.00255737841661
4	0.00393700787402	0.0196850393701	0.00968356713584	0.00212745648621
5	0.011811023622	0.0157480314961	0.00988525139988	0.00192577222217
6	0.00787401574803	0.00393700787402	0.00788244159889	0.00392858202316
7	0.0	0.00787401574803	0.00787401574803	0.00393700787402
8	0.0	0.0314960629921	0.00787401574803	0.00393700787402
9	0.0	0.00393700787402	0.00787401574803	0.00393700787402
10	0.0	0.00393700787402	0.00928001484351	0.00253100877853
11	0.0157480314961	0.00787401574803	0.00940782761712	0.00240319600492
12	0.00393700787402	0.0157480314961	0.0078771515408	0.00393387208124
13	0.00787401574803	0.0157480314961	0.00789508037517	0.00391594324687
14	0.0	0.0196850393701	0.00787401574803	0.00393700787402
15	0.0157480314961	0.00393700787402	0.00943425018213	0.00237677343992
16	0.0157480314961	0.0196850393701	0.00991063610216	0.00190038751988
17	0.00787401574803	0.00393700787402	0.00951651789069	0.00229450573136
18	0.00787401574803	0.00787401574803	0.00937496944263	0.00243605417942
19	0.00393700787402	0.011811023622	0.00997496304426	0.00183606057779
20	0.00393700787402	0.00393700787402	0.00914445028295	0.0026665733391
21	0.00787401574803	0.0	0.0100141818657	0.00179684175632
22	0.011811023622	0.00787401574803	0.009241776905	0.00256924671705
23	0.0	0.0275590551181	0.00940059707828	0.00241042654377
24	0.0	0.00787401574803	0.00942463442046	0.00238638920158
25	0.0	0.00393700787402	0.00937276436627	0.00243825925578
26	0.0275590551181	0.00393700787402	0.00987652114854	0.00193450247351
27	0.0	0.00393700787402	0.00825362739225	0.0035573962298
28	0.0157480314961	0.011811023622	0.00910418635504	0.00270683726701
29	0.0	0.00787401574803	0.00787401574803	0.00393700787402
30	0.0	0.00787401574803	0.00922119026627	0.00258983335578
31	0.00787401574803	0.0196850393701	0.00997514733793	0.00183587628412
32	0.0	0.00787401574803	0.00787401574803	0.00393700787402
33	0.0	0.00787401574803	0.00825565582595	0.0035553677961
34	0.0	0.0157480314961	0.00829216763251	0.00351885598953
35	0.0354330708661	0.00393700787402	0.0079632689687	0.00384775465334
36	0.00393700787402	0.00787401574803	0.00995010304729	0.00186092057475
37	0.00393700787402	0.00393700787402	0.00928499315128	0.00252603047077
38	0.0196850393701	0.0157480314961	0.00911777519545	0.0026932484266
39	0.00393700787402	0.011811023622	0.0082312510025	0.00357977261955
40	0.00393700787402	0.0157480314961	0.00787401574803	0.00393700787402
41	0.011811023622	0.011811023622	0.00990581127629	0.00190521234576
42	0.0275590551181	0.0	0.0103376908505	0.00147333277153
43	0.0157480314961	0.00787401574803	0.00944084324092	0.00237018038113
44	0.0393700787402	0.00787401574803	0.00929583879883	0.00251518482322
45	0.011811023622	0.0	0.0100099689403	0.00180105468175
46	0.0236220472441	0.00393700787402	0.0112665523956	0.000544471226488
47	0.00393700787402	0.011811023622	0.00951861701154	0.00229240661051
48	0.0275590551181	0.00787401574803	0.00895020235437	0.00286082126768
49	0.0	0.00393700787402	0.00825362739225	0.0035573962298
50	0.00393700787402	0.00787401574803	0.00826597408886	0.00354504953319
51	0.0196850393701	0.00393700787402	0.00946734526576	0.00234367835629
52	0.0393700787402	0.00787401574803	0.00809203766549	0.00371898595656
53	0.00393700787402	0.0	0.00787401574803	0.00393700787402
54	0.00393700787402	0.00393700787402	0.00922044699223	0.00259057662982
55	0.0157480314961	0.00393700787402	0.00936013804643	0.00245088557562
56	0.00393700787402	0.00787401574803	0.00827479220134	0.00353623142071
57	0.0196850393701	0.00393700787402	0.00932386370649	0.00248715991556
58	0.0236220472441	0.00393700787402	0.00986488470438	0.00194613891767
59	0.00787401574803	0.00393700787402	0.00881258036805	0.002998443254
60	0.0314960629921	0.011811023622	0.00905133698518	0.00275968663687
61	0.00787401574803	0.00393700787402	0.00937801284998	0.00243301077207
62	0.0157480314961	0.0	0.0117740987638	3.69248582352e-05
63	0.00787401574803	0.00393700787402	0.00936686876196	0.00244415486009
64	0.00787401574803	0.0157480314961	0.009402347606	0.00240867601604
65	0.0314960629921	0.00393700787402	0.00947088801592	0.00234013560612
66	0.00787401574803	0.00393700787402	0.00949729167345	0.0023137319486
67	0.0196850393701	0.00393700787402	0.00918521167283	0.00262581194921
68	0.0236220472441	0.011811023622	0.00989981538458	0.00191120823747
69	0.00787401574803	0.0314960629921	0.00720633634389	0.00460468727816
70	0.0157480314961	0.0354330708661	0.00885258830958	0.00295843531246
71	0.0177165354331	0.00590551181102	0.00944673851198	0.00236428511007
72	0.00393700787402	0.011811023622	0.00999605258429	0.00181497103776
73	0.0275590551181	0.00393700787402	0.00939855223619	0.00241247138586
74	0.0	0.00787401574803	0.00926987267502	0.00254115094702
75	0.0393700787402	0.00787401574803	0.0099100307218	0.00190099290025
76	0.011811023622	0.011811023622	0.00787401574803	0.00393700787402
77	0.00787401574803	0.00787401574803	0.00996515740984	0.0018458662122
78	0.00393700787402	0.00787401574803	0.00937108168738	0.00243994193466
79	0.0157480314961	0.011811023622	0.00916582162936	0.00264520199269
80	0.0236220472441	0.0	0.00830170669797	0.00350931692408
81	0.0196850393701	0.00787401574803	0.00938618833117	0.00242483529087
82	0.0157480314961	0.011811023622	0.00787401574803	0.00393700787402
83	0.0275590551181	0.0354330708661	0.00724690157915	0.0045641220429
84	0.0334645669291	0.00590551181102	0.0079921479748	0.00381887564725
85	0.0472440944882	0.00393700787402	0.00995864619646	0.00185237742558
86	0.0314960629921	0.00393700787402	0.0100022410211	0.00180878260096
87	0.00393700787402	0.0	0.011760081624	5.09419980821e-05
88	0.0275590551181	0.0157480314961	0.00951069767622	0.00230032594583
89	0.0157480314961	0.0	0.0117709720288	4.0051593253e-05
90	0.0196850393701	0.00393700787402	0.00936981656411	0.00244120705794
91	0.0196850393701	0.00787401574803	0.00937733419288	0.00243368942917
92	0.0196850393701	0.0	0.0116315600554	0.000179463566667
93	0.0157480314961	0.00393700787402	0.00932165823803	0.00248936538401
94	0.0196850393701	0.011811023622	0.00926372059941	0.00254730302264
95	0.0511811023622	0.0	0.00934094677933	0.00247007684271
96	0.0354330708661	0.011811023622	0.00891534210163	0.00289568152042
97	0.0354330708661	0.00787401574803	0.00998462934574	0.0018263942763
98	0.0393700787402	0.00787401574803	0.00789834143931	0.00391268218274
99	0.0314960629921	0.0236220472441	0.00904094621253	0.00277007740952
100	0.0236220472441	0.00787401574803	0.00820637651371	0.00360464710834