site	ns_changes	s_changes	ns_sites	s_sites
1	0.0	0.00195694716243	0.00195694716243	0.000978473581213
2	0.0	0.00391389432485	0.00195694716243	0.000978473581213
3	0.0	0.00391389432485	0.00195694716243	0.000978473581213
4	0.0	0.00293542074364	0.00195694716243	0.000978473581213
5	0.0	0.00293542074364	0.00195694716243	0.000978473581213
6	0.0	0.00391389432485	0.00195694716243	0.000978473581213
7	0.000978473581213	0.00391389432485	0.00200624538975	0.00092917535389
8	0.0	0.000978473581213	0.00195694716243	0.000978473581213
9	0.0	0.00195694716243	0.00216769689868	0.00076772384496
10	0.0	0.00391389432485	0.00195694716243	0.000978473581213
11	0.000978473581213	0.00489236790607	0.00195774019619	0.000977680547454
12	0.0	0.00293542074364	0.00195694716243	0.000978473581213
13	0.000978473581213	0.00684931506849	0.00195948027292	0.000975940470718
14	0.0	0.00195694716243	0.00195694716243	0.000978473581213
15	0.0	0.00293542074364	0.00195694716243	0.000978473581213
16	0.00293542074364	0.000978473581213	0.00225818572665	0.000677235016993
17	0.0	0.00195694716243	0.00218472010967	0.000750700633972
18	0.0	0.00195694716243	0.00218478766209	0.000750633081548
19	0.0	0.00293542074364	0.00195694716243	0.000978473581213
20	0.00195694716243	0.00489236790607	0.00195916765695	0.000976253086688
21	0.00195694716243	0.00391389432485	0.00195726437593	0.00097815636771
22	0.0	0.00195694716243	0.00228107592689	0.000654344816746
23	0.00684931506849	0.00684931506849	0.00195893494935	0.000976485794294
24	0.0	0.00195694716243	0.00216766312247	0.000767757621173
25	0.00195694716243	0.0	0.00224869430649	0.000686726437151
26	0.00293542074364	0.0	0.0022524846166	0.000682936127043
27	0.0	0.00587084148728	0.00216796710838	0.000767453635262
28	0.00587084148728	0.000978473581213	0.00225759520705	0.00067782553659
29	0.0	0.0	0.00218487210262	0.000750548641017
30	0.000978473581213	0.00195694716243	0.00225991087209	0.000675509871552
31	0.00195694716243	0.00195694716243	0.00195723673776	0.000978184005884
32	0.00880626223092	0.00391389432485	0.00196689365374	0.000968527089899
33	0.0	0.00587084148728	0.00216837242293	0.000767048320715
34	0.000978473581213	0.00195694716243	0.00195694716243	0.000978473581213
35	0.000978473581213	0.000978473581213	0.00216784574636	0.000767574997277
36	0.00391389432485	0.00195694716243	0.00216105173754	0.0007743690061
37	0.00489236790607	0.00195694716243	0.00225906497835	0.000676355765291
38	0.000978473581213	0.00195694716243	0.00218480098337	0.000750619760275
39	0.000978473581213	0.00391389432485	0.00195694716243	0.000978473581213
40	0.00293542074364	0.00195694716243	0.00228031914104	0.000655101602603
41	0.0	0.00293542074364	0.00195694716243	0.000978473581213
42	0.0	0.00293542074364	0.00195694716243	0.000978473581213
43	0.00489236790607	0.00195694716243	0.00226972808823	0.000665692655414
44	0.000978473581213	0.00293542074364	0.00226030668793	0.000675114055706
45	0.00195694716243	0.00391389432485	0.00228050460308	0.000654916140558
46	0.00195694716243	0.00293542074364	0.00225999111676	0.00067542962688
47	0.00587084148728	0.00391389432485	0.0022796942043	0.000655726539345
48	0.00195694716243	0.00489236790607	0.00195714201708	0.00097827872656
49	0.00391389432485	0.00195694716243	0.00215909623761	0.000776324506033
50	0.000978473581213	0.00195694716243	0.00218611971296	0.000749301030679
51	0.00195694716243	0.00587084148728	0.00225976128608	0.000675659457561
52	0.00391389432485	0.00489236790607	0.00234716389979	0.000588256843845
53	0.00293542074364	0.000978473581213	0.0022810864996	0.00065433424404
54	0.0	0.00391389432485	0.00195694716243	0.000978473581213
55	0.00489236790607	0.000978473581213	0.00235437107124	0.000581049672403
56	0.000978473581213	0.000978473581213	0.0021847521493	0.000750668594336
57	0.0	0.0	0.00225952875116	0.000675891992482
58	0.00489236790607	0.00195694716243	0.00262628727766	0.000309133465976
59	0.00293542074364	0.0	0.00292946694746	5.95379618146e-06
60	0.00391389432485	0.0	0.00293265405927	2.76668436741e-06
61	0.00489236790607	0.00195694716243	0.0022797039887	0.000655716754935
62	0.0117416829746	0.00391389432485	0.00200542275734	0.000929997986303
63	0.00782778864971	0.000978473581213	0.00196372934351	0.000971691400125
64	0.0185909980431	0.00391389432485	0.00197046548736	0.000964955256279
65	0.00195694716243	0.00195694716243	0.00196154675823	0.000973873985411
66	0.0	0.00195694716243	0.00195694716243	0.000978473581213
67	0.00489236790607	0.00195694716243	0.00195616253227	0.000979258211372
68	0.00684931506849	0.00195694716243	0.00224717141307	0.000688249330565
69	0.00489236790607	0.00489236790607	0.00226115621196	0.000674264531679
70	0.00195694716243	0.00293542074364	0.00218411016244	0.000751310581198
71	0.00293542074364	0.00293542074364	0.00215508024734	0.000780340496303
72	0.00782778864971	0.00489236790607	0.00223089017674	0.000704530566898
73	0.00391389432485	0.000978473581213	0.00225850308555	0.000676917658094
74	0.0146771037182	0.00489236790607	0.00198075770226	0.000954663041381
75	0.00684931506849	0.000978473581213	0.00225522666232	0.000680194081316
76	0.000978473581213	0.00195694716243	0.00228101452695	0.000654406216691
77	0.0	0.00195694716243	0.00216783200353	0.000767588740111
78	0.0146771037182	0.00293542074364	0.00200201512312	0.00093340562052
79	0.00587084148728	0.00293542074364	0.00225673780623	0.000678682937411
80	0.00782778864971	0.00684931506849	0.00202886631026	0.000906554433378
81	0.00195694716243	0.0	0.00195694716243	0.000978473581213
82	0.00880626223092	0.0	0.00235136953875	0.000584051204892
83	0.00782778864971	0.00195694716243	0.00214297584731	0.000792444896332
84	0.00684931506849	0.00293542074364	0.00130618398355	0.00162923676009
85	0.0117416829746	0.00391389432485	0.00199007933354	0.000945341410098
86	0.00293542074364	0.0	0.00292499773267	1.04230109728e-05
87	0.0117416829746	0.00489236790607	0.00228114086663	0.000654279877009
88	0.00587084148728	0.0	0.00293068554442	4.73519921524e-06
89	0.00293542074364	0.000978473581213	0.00218458640889	0.000750834334754
90	0.0127201565558	0.00293542074364	0.00225508029541	0.000680340448234
91	0.0156555772994	0.00293542074364	0.00224450168649	0.00069091905715
92	0.00489236790607	0.00195694716243	0.0022783316944	0.00065708904924
93	0.00489236790607	0.00293542074364	0.00225968565452	0.000675735089119
94	0.00391389432485	0.00195694716243	0.00227300305035	0.000662417693289
95	0.00978473581213	0.00195694716243	0.00263238230195	0.000303038441687
96	0.000978473581213	0.000978473581213	0.00195694716243	0.000978473581213
97	0.00391389432485	0.00489236790607	0.00196372025469	0.000971700488951
98	0.0107632093933	0.00391389432485	0.00227055767407	0.000664863069575
99	0.00880626223092	0.00293542074364	0.00196635591588	0.000969064827765
100	0.00587084148728	0.00391389432485	0.00196577920996	0.000969641533676