site	ns_changes	s_changes	ns_sites	s_sites
1	0.00196078431373	0.021568627451	0.00392230212949	0.00196005081168
2	0.00392156862745	0.0294117647059	0.00447637311775	0.00140597982342
3	0.00196078431373	0.0392156862745	0.00392208055495	0.00196027238622
4	0.00392156862745	0.0843137254902	0.00392920547608	0.0019531474651
5	0.00196078431373	0.00392156862745	0.00468667458633	0.00119567835485
6	0.0156862745098	0.0725490196078	0.00394344124312	0.00193891169805
7	0.0	0.0294117647059	0.00392156862745	0.00196078431373
8	0.0	0.0294117647059	0.00392156862745	0.00196078431373
9	0.0	0.0490196078431	0.00392156862745	0.00196078431373
10	0.00588235294118	0.0196078431373	0.00393262907483	0.00194972386635
11	0.0	0.00980392156863	0.00392156862745	0.00196078431373
12	0.00196078431373	0.0294117647059	0.00457116120128	0.0013111917399
13	0.0480392156863	0.0264705882353	0.00490384056413	0.000978512377046
14	0.0450980392157	0.0372549019608	0.00468915679141	0.00119319614977
15	0.00196078431373	0.0313725490196	0.00461927796293	0.00126307497824
16	0.00490196078431	0.00882352941176	0.00393693153232	0.00194542140885
17	0.0	0.0274509803922	0.00462444636906	0.00125790657212
18	0.0137254901961	0.0490196078431	0.00455854996552	0.00132380297566
19	0.00882352941176	0.0205882352941	0.00392490161653	0.00195745132465
20	0.00882352941176	0.0245098039216	0.00459386204908	0.00128849089209
21	0.0539215686275	0.028431372549	0.00469548513405	0.00118686780713
22	0.00588235294118	0.0470588235294	0.00416221076665	0.00172014217453
23	0.0137254901961	0.0352941176471	0.00434184659788	0.0015405063433
24	0.00392156862745	0.0352941176471	0.00420515425827	0.0016771986829
25	0.0529411764706	0.0392156862745	0.00442345202525	0.00145890091592
26	0.00392156862745	0.0392156862745	0.00392233231231	0.00196002062886
27	0.0254901960784	0.0117647058824	0.00494142262904	0.000940930312139
28	0.00588235294118	0.0235294117647	0.00392515211998	0.0019572008212
29	0.00392156862745	0.0254901960784	0.00392284423982	0.00195950870136
30	0.102941176471	0.0460784313725	0.00418417747345	0.00169817546773
31	0.0186274509804	0.0617647058824	0.00394644359584	0.00193590934534
32	0.00392156862745	0.0196078431373	0.00392267962381	0.00195967331737
33	0.00588235294118	0.0509803921569	0.00393478967023	0.00194756327095
34	0.0588235294118	0.0362745098039	0.00460841039438	0.0012739425468
35	0.0676470588235	0.0205882352941	0.00402039245313	0.00186196048804
36	0.0196078431373	0.0274509803922	0.00396299061925	0.00191936232192
37	0.0676470588235	0.0343137254902	0.00456770707542	0.00131464586575
38	0.00882352941176	0.0343137254902	0.00396497091555	0.00191738202563
39	0.0333333333333	0.0372549019608	0.00467553497839	0.00120681796279
40	0.0696078431373	0.0343137254902	0.00454656462194	0.00133578831923
41	0.0137254901961	0.0392156862745	0.00458922346358	0.0012931294776
42	0.043137254902	0.00980392156863	0.00393119726256	0.00195115567862
43	0.0421568627451	0.0264705882353	0.00497528959236	0.000907063348821
44	0.0274509803922	0.0254901960784	0.00482408919801	0.00105826374317
45	0.00392156862745	0.0117647058824	0.00413090928449	0.00175144365669
46	0.0519607843137	0.0382352941176	0.00462514583018	0.001257207111
47	0.0833333333333	0.0323529411765	0.00450881499772	0.00137353794346
48	0.0382352941176	0.0264705882353	0.00465265351097	0.00122969943021
49	0.0392156862745	0.0313725490196	0.00452365028629	0.00135870265489
50	0.0117647058824	0.021568627451	0.00393045659832	0.00195189634286
51	0.0362745098039	0.0127450980392	0.00498454082855	0.000897812112628
52	0.0254901960784	0.0156862745098	0.0048143422864	0.00106801065478
53	0.0392156862745	0.0176470588235	0.00499496236088	0.000887390580299
54	0.021568627451	0.0274509803922	0.00464652817793	0.00123582476324
55	0.0450980392157	0.0294117647059	0.00439154050566	0.00149081243552
56	0.0843137254902	0.0352941176471	0.00464836376912	0.00123398917205
57	0.0774509803922	0.0343137254902	0.00465716644254	0.00122518649863
58	0.0627450980392	0.043137254902	0.00397465991563	0.00190769302555
59	0.0450980392157	0.0196078431373	0.0047222085482	0.00116014439297
60	0.0372549019608	0.021568627451	0.00465858809818	0.001223764843
61	0.0516339869281	0.0169934640523	0.00439062684217	0.00149172609901
62	0.105882352941	0.0509803921569	0.0042395779998	0.00164277494138
63	0.0333333333333	0.0352941176471	0.00426464534927	0.00161770759191
64	0.114705882353	0.0186274509804	0.00399471219563	0.00188764074555
65	0.100326797386	0.0388888888889	0.00427774983603	0.00160460310514
66	0.0803921568627	0.00392156862745	0.00560224462757	0.000280108313611
67	0.0578431372549	0.0382352941176	0.00448470992374	0.00139764301743
68	0.0549019607843	0.0176470588235	0.00473617256646	0.00114618037471
69	0.109803921569	0.0460784313725	0.00372490563715	0.00215744730403
70	0.0921568627451	0.0294117647059	0.00437175429734	0.00151059864384
71	0.078431372549	0.0333333333333	0.00447730165014	0.00140505129103
72	0.106862745098	0.0323529411765	0.00422819432442	0.00165415861676
73	0.071568627451	0.0323529411765	0.00475327530348	0.0011290776377
74	0.0813725490196	0.0460784313725	0.00464017002533	0.00124218291585
75	0.0745098039216	0.0254901960784	0.00467921454593	0.00120313839525
76	0.0882352941176	0.0411764705882	0.00468507344933	0.00119727949184
77	0.0921568627451	0.0156862745098	0.00467435430443	0.00120799863675
78	0.0813725490196	0.028431372549	0.00469216287452	0.00119019006666
79	0.0892156862745	0.0205882352941	0.00482754537858	0.0010548075626
80	0.102941176471	0.0264705882353	0.0048436863292	0.00103866661198
81	0.0921568627451	0.0137254901961	0.00408177953961	0.00180057340156
82	0.0803921568627	0.0196078431373	0.00500688566103	0.000875467280148
83	0.128431372549	0.0205882352941	0.00437270898154	0.00150964395964
84	0.0676470588235	0.0558823529412	0.00456555823912	0.00131679470206
85	0.0686274509804	0.0294117647059	0.00492317264271	0.000959180298466
86	0.100980392157	0.05	0.00462214970231	0.00126020323887
87	0.11862745098	0.0362745098039	0.00465777545913	0.00122457748205
88	0.0382352941176	0.0225490196078	0.00463588036456	0.00124647257662
89	0.0558823529412	0.028431372549	0.00458956991635	0.00129278302483
90	0.0901960784314	0.0333333333333	0.00463475557371	0.00124759736746
91	0.0813725490196	0.0225490196078	0.00491268842351	0.000969664517665
92	0.0872549019608	0.0245098039216	0.0046275662757	0.00125478666547
93	0.0529411764706	0.0196078431373	0.00468429378248	0.0011980591587
94	0.108496732026	0.0395424836601	0.00427939906078	0.0016029538804
95	0.0754901960784	0.00686274509804	0.0041611850367	0.00172116790447
96	0.0843137254902	0.0156862745098	0.00474745035248	0.0011349025887
97	0.0549019607843	0.00392156862745	0.00569759429123	0.000184758649944
98	0.0960784313725	0.00980392156863	0.00524657056154	0.000635782379639
99	0.0872549019608	0.0245098039216	0.00485569746211	0.00102665547907
100	0.0676470588235	0.0343137254902	0.00423648465081	0.00164586829037