site	ns_changes	s_changes	ns_sites	s_sites
1	0.0	0.00293542074364	0.00195694716243	0.000978473581213
2	0.0	0.00195694716243	0.00195694716243	0.000978473581213
3	0.00293542074364	0.00489236790607	0.00222961698484	0.000705803758803
4	0.000978473581213	0.00195694716243	0.00195712742841	0.000978293315232
5	0.0	0.000978473581213	0.00195694716243	0.000978473581213
6	0.0	0.00587084148728	0.00195694716243	0.000978473581213
7	0.000978473581213	0.00195694716243	0.00231939665402	0.000616024089616
8	0.000978473581213	0.00195694716243	0.00195694716243	0.000978473581213
9	0.0	0.00684931506849	0.00195694716243	0.000978473581213
10	0.0	0.00391389432485	0.00195694716243	0.000978473581213
11	0.0	0.00293542074364	0.00195694716243	0.000978473581213
12	0.0	0.00587084148728	0.00195694716243	0.000978473581213
13	0.0	0.00195694716243	0.00195694716243	0.000978473581213
14	0.0	0.000978473581213	0.00195694716243	0.000978473581213
15	0.0	0.00195694716243	0.00218019845473	0.00075522228891
16	0.00293542074364	0.000978473581213	0.00232179868192	0.000613622061718
17	0.0	0.00391389432485	0.00221829832787	0.000717122415769
18	0.000978473581213	0.00391389432485	0.00195694716243	0.000978473581213
19	0.0	0.00195694716243	0.00219966294951	0.000735757794134
20	0.0	0.00587084148728	0.00221904848081	0.000716372262827
21	0.00195694716243	0.00195694716243	0.00195880083289	0.000976619910754
22	0.0	0.00195694716243	0.00217964571046	0.000755775033183
23	0.00195694716243	0.00391389432485	0.00227465822066	0.000660762522975
24	0.0	0.00391389432485	0.00195694716243	0.000978473581213
25	0.00391389432485	0.0	0.00232159232299	0.000613828420653
26	0.000978473581213	0.00195694716243	0.00195694716243	0.000978473581213
27	0.0	0.00293542074364	0.00221958148422	0.00071583925942
28	0.0	0.00195694716243	0.00195694716243	0.000978473581213
29	0.000978473581213	0.00195694716243	0.00221744113657	0.000717979607066
30	0.00195694716243	0.000978473581213	0.00227391557338	0.000661505170256
31	0.00195694716243	0.0	0.00227115576565	0.000664264977992
32	0.0	0.000978473581213	0.00221930511208	0.000716115631557
33	0.000978473581213	0.000978473581213	0.0022746927787	0.00066072796494
34	0.000978473581213	0.00195694716243	0.00217969225715	0.000755728486495
35	0.00195694716243	0.00489236790607	0.00196235514185	0.000973065601785
36	0.000978473581213	0.000978473581213	0.00221982978147	0.000715590962169
37	0.0	0.000978473581213	0.00195694716243	0.000978473581213
38	0.000978473581213	0.000978473581213	0.00196502386943	0.000970396874214
39	0.0	0.00195694716243	0.00195694716243	0.000978473581213
40	0.0	0.00293542074364	0.00221981837462	0.000715602369017
41	0.00195694716243	0.00195694716243	0.00227459749863	0.00066082324501
42	0.00391389432485	0.00195694716243	0.00215397821244	0.000781442531198
43	0.0	0.00195694716243	0.00195694716243	0.000978473581213
44	0.00195694716243	0.00391389432485	0.00195712668625	0.00097829405739
45	0.00489236790607	0.00293542074364	0.00231439961224	0.000621021131398
46	0.00195694716243	0.00195694716243	0.00195784478154	0.000977575962096
47	0.0127201565558	0.00489236790607	0.00232324689646	0.000612173847181
48	0.0	0.00195694716243	0.0021800405278	0.000755380215845
49	0.00587084148728	0.00293542074364	0.00223139327941	0.000704027464226
50	0.0	0.00587084148728	0.00221849573654	0.0007169250071
51	0.000978473581213	0.00293542074364	0.00195694716243	0.000978473581213
52	0.00391389432485	0.00391389432485	0.00230011282268	0.000635307920961
53	0.00782778864971	0.00587084148728	0.00226824266638	0.000667178077264
54	0.00391389432485	0.00195694716243	0.00232250099856	0.000612919745075
55	0.00978473581213	0.00391389432485	0.00232487022112	0.000610550522518
56	0.00195694716243	0.00195694716243	0.00218008762691	0.000755333116726
57	0.00489236790607	0.00489236790607	0.00195853602282	0.00097688472082
58	0.00587084148728	0.00195694716243	0.00222398933309	0.000711431410548
59	0.00684931506849	0.0	0.0022752580024	0.000660162741236
60	0.00195694716243	0.00293542074364	0.00195694716243	0.000978473581213
61	0.00391389432485	0.00391389432485	0.00195787980881	0.000977540934833
62	0.00587084148728	0.000978473581213	0.00222628932109	0.00070913142255
63	0.00489236790607	0.00293542074364	0.00231928246453	0.000616138279107
64	0.0234833659491	0.0	0.00197793590201	0.000957484841629
65	0.00489236790607	0.00489236790607	0.00222839534116	0.000707025402484
66	0.000978473581213	0.000978473581213	0.00217985870303	0.000755562040609
67	0.000978473581213	0.00489236790607	0.00195694716243	0.000978473581213
68	0.00293542074364	0.00391389432485	0.00217787886341	0.000757541880229
69	0.000978473581213	0.000978473581213	0.00218944673127	0.000745974012368
70	0.00880626223092	0.00489236790607	0.00232234705087	0.000613073692771
71	0.00489236790607	0.0	0.00292277364959	1.26470940546e-05
72	0.00489236790607	0.00195694716243	0.00136363341023	0.00157178733341
73	0.000978473581213	0.00293542074364	0.00221979029974	0.000715630443903
74	0.00782778864971	0.00293542074364	0.0023234370275	0.000611983716144
75	0.0	0.00684931506849	0.00195694716243	0.000978473581213
76	0.000978473581213	0.000978473581213	0.00217646803271	0.00075895271093
77	0.0	0.00489236790607	0.00195694716243	0.000978473581213
78	0.00782778864971	0.00391389432485	0.0023291548624	0.000606265881245
79	0.00391389432485	0.00195694716243	0.00232231317063	0.000613107573007
80	0.00293542074364	0.00293542074364	0.00157027172747	0.00136514901617
81	0.000978473581213	0.00195694716243	0.00195694716243	0.000978473581213
82	0.00489236790607	0.000978473581213	0.00227210283366	0.000663317909985
83	0.00880626223092	0.00489236790607	0.00167950061399	0.00125592012965
84	0.00391389432485	0.000978473581213	0.00231712608507	0.000618294658574
85	0.0146771037182	0.00489236790607	0.00197657373815	0.000958847005495
86	0.00782778864971	0.00391389432485	0.00226378497116	0.000671635772476
87	0.00391389432485	0.00391389432485	0.00232275102355	0.000612669720089
88	0.00684931506849	0.00391389432485	0.0015819843108	0.00135343643284
89	0.00293542074364	0.00293542074364	0.0023244799469	0.000610940796741
90	0.00880626223092	0.00195694716243	0.00232954753686	0.000605873206776
91	0.00391389432485	0.0	0.00196215335331	0.00097326739033
92	0.0185909980431	0.00293542074364	0.00197043511798	0.000964985625662
93	0.00684931506849	0.000978473581213	0.00195710260349	0.00097831814015
94	0.00684931506849	0.00195694716243	0.00231217444997	0.000623246293665
95	0.00880626223092	0.0	0.00291815568019	1.72650634522e-05
96	0.00684931506849	0.00195694716243	0.00219763106281	0.000737789680831
97	0.00391389432485	0.00391389432485	0.00232235844697	0.000613062296668
98	0.00880626223092	0.00489236790607	0.00196829436005	0.000967126383588
99	0.00880626223092	0.00293542074364	0.00227797152837	0.000657449215269
100	0.00195694716243	0.0	0.00292993781207	5.48293157309e-06