site	ns_changes	s_changes	ns_sites	s_sites
1	0.0	0.149606299213	0.00873069219821	0.00308033142384
2	0.00984251968504	0.0767716535433	0.00788371187634	0.00392731174571
3	0.011811023622	0.0708661417323	0.00900354227652	0.00280748134553
4	0.0787401574803	0.0708661417323	0.00884515204491	0.00296587157713
5	0.00393700787402	0.141732283465	0.00789576660415	0.00391525701789
6	0.0196850393701	0.161417322835	0.00903988241374	0.00277114120831
7	0.00196850393701	0.155511811024	0.00787673746073	0.00393428616132
8	0.0177165354331	0.167322834646	0.0078920373728	0.00391898624925
9	0.00787401574803	0.122047244094	0.0078836728699	0.00392735075214
10	0.0374015748031	0.13188976378	0.00844116363772	0.00336985998433
11	0.0708661417323	0.133858267717	0.0090200800565	0.00279094356555
12	0.0433070866142	0.0866141732283	0.00819397521263	0.00361704840941
13	0.0255905511811	0.116141732283	0.00911859351169	0.00269243011036
14	0.110236220472	0.106299212598	0.00962851440989	0.00218250921216
15	0.0787401574803	0.0944881889764	0.00947042452387	0.00234059909818
16	0.0196850393701	0.0669291338583	0.00844226568807	0.00336875793397
17	0.0629921259843	0.0629921259843	0.00906536012831	0.00274566349374
18	0.0971128608924	0.0905511811024	0.0093464557391	0.00246456788295
19	0.125984251969	0.133858267717	0.00903802542585	0.0027729981962
20	0.0511811023622	0.106299212598	0.00932570411345	0.0024853195086
21	0.0354330708661	0.157480314961	0.00804062601223	0.00377039760981
22	0.0590551181102	0.0708661417323	0.00857367795549	0.00323734566655
23	0.122047244094	0.11811023622	0.00908293260964	0.0027280910124
24	0.0610236220472	0.183070866142	0.00809254649927	0.00371847712278
25	0.0984251968504	0.0905511811024	0.00861472260878	0.00319630101327
26	0.0629921259843	0.0433070866142	0.00887952286862	0.00293150075342
27	0.148950131234	0.103018372703	0.00911633736404	0.00269468625801
28	0.153543307087	0.0708661417323	0.00943774433853	0.00237327928352
29	0.21062992126	0.104330708661	0.00939045058437	0.00242057303768
30	0.192913385827	0.114173228346	0.00929994575383	0.00251107786822
31	0.153543307087	0.0754593175853	0.00933305441546	0.00247796920659
32	0.137795275591	0.125984251969	0.00905330505476	0.00275771856728
33	0.0275590551181	0.0826771653543	0.00898184595084	0.00282917767121
34	0.0472440944882	0.145669291339	0.00917561419245	0.0026354094296
35	0.225065616798	0.0898950131234	0.00907500795044	0.00273601567161
36	0.0971128608924	0.103674540682	0.00811910847168	0.00369191515036
37	0.192257217848	0.150262467192	0.00948348782749	0.00232753579456
38	0.0511811023622	0.0826771653543	0.00913273116663	0.00267829245541
39	0.114173228346	0.161417322835	0.00843403816385	0.0033769854582
40	0.165354330709	0.114173228346	0.00927035903528	0.00254066458676
41	0.172572178478	0.103018372703	0.00945294424251	0.00235807937954
42	0.0610236220472	0.0649606299213	0.00828406686892	0.00352695675313
43	0.120078740157	0.135826771654	0.00957782671661	0.00223319690544
44	0.0964566929134	0.112204724409	0.00941226244688	0.00239876117516
45	0.204724409449	0.0905511811024	0.00933027196176	0.00248075166028
46	0.0748031496063	0.0944881889764	0.00799579856167	0.00381522506038
47	0.0826771653543	0.110236220472	0.00957520766832	0.00223581595373
48	0.231627296588	0.0833333333333	0.00862571661201	0.00318530701004
49	0.145669291339	0.153543307087	0.00852467433921	0.00328634928284
50	0.213910761155	0.128608923885	0.00939007648743	0.00242094713461
51	0.0295275590551	0.108267716535	0.00856123949266	0.00324978412938
52	0.220472440945	0.106299212598	0.00918119465224	0.00262982896981
53	0.102362204724	0.102362204724	0.00947355172578	0.00233747189626
54	0.271653543307	0.0925196850394	0.00915997061871	0.00265105300334
55	0.242125984252	0.112204724409	0.00935932493232	0.00245169868973
56	0.102362204724	0.0944881889764	0.00834354521058	0.00346747841147
57	0.185039370079	0.0748031496063	0.0091212178062	0.00268980581585
58	0.236220472441	0.106299212598	0.00936825215509	0.00244277146695
59	0.175196850394	0.0807086614173	0.00774307868318	0.00406794493887
60	0.125984251969	0.11811023622	0.00902809023273	0.00278293338932
61	0.185039370079	0.102362204724	0.00914637898593	0.00266464463612
62	0.196850393701	0.0971128608924	0.00937138671109	0.00243963691096
63	0.11154855643	0.0656167979003	0.00808066341635	0.0037303602057
64	0.200787401575	0.0826771653543	0.00970179529501	0.00210922832704
65	0.124015748031	0.145669291339	0.00910355992973	0.00270746369232
66	0.127952755906	0.155511811024	0.00968781558525	0.0021232080368
67	0.236220472441	0.110236220472	0.00916418254947	0.00264684107258
68	0.247375328084	0.0734908136483	0.00901308951586	0.00279793410619
69	0.127296587927	0.0866141732283	0.00945772876011	0.00235329486194
70	0.212598425197	0.0905511811024	0.00924671340026	0.00256431022179
71	0.145669291339	0.0826771653543	0.00940707469363	0.00240394892842
72	0.274278215223	0.11154855643	0.00913013147837	0.00268089214367
73	0.185695538058	0.0951443569554	0.00868692291155	0.0031241007105
74	0.215223097113	0.0741469816273	0.00890134288535	0.00290968073669
75	0.19094488189	0.0177165354331	0.00989192964332	0.00191909397872
76	0.242782152231	0.0958005249344	0.00882899844977	0.00298202517228
77	0.149606299213	0.0944881889764	0.00872775989499	0.00308326372706
78	0.292650918635	0.0853018372703	0.00789454249888	0.00391648112317
79	0.25	0.127952755906	0.00931650028672	0.00249452333533
80	0.176509186352	0.0833333333333	0.00918425743095	0.0026267661911
81	0.224409448819	0.0492125984252	0.00964917163936	0.00216185198269
82	0.257874015748	0.108267716535	0.00951232217896	0.00229870144309
83	0.255249343832	0.110892388451	0.0083537168858	0.00345730673625
84	0.228346456693	0.102362204724	0.00919523754717	0.00261578607488
85	0.271653543307	0.102362204724	0.00903027590265	0.0027807477194
86	0.271653543307	0.122047244094	0.00926421425938	0.00254680936267
87	0.209973753281	0.108923884514	0.00893001571693	0.00288100790512
88	0.257217847769	0.0918635170604	0.00933199744493	0.00247902617712
89	0.222440944882	0.0295275590551	0.00902813492299	0.00278288869905
90	0.328083989501	0.132545931759	0.00860234448643	0.00320867913562
91	0.292650918635	0.120734908136	0.00920037542231	0.00261064819974
92	0.32874015748	0.0846456692913	0.00930999823806	0.00250102538398
93	0.281496062992	0.0767716535433	0.00987301075709	0.00193801286495
94	0.320866141732	0.104330708661	0.00873309568757	0.00307792793448
95	0.233595800525	0.106955380577	0.00907211238636	0.00273891123568
96	0.335958005249	0.10498687664	0.00877988991729	0.00303113370475
97	0.340551181102	0.0925196850394	0.00898970460288	0.00282131901917
98	0.133202099738	0.0577427821522	0.00751825882423	0.00429276479782
99	0.198818897638	0.0925196850394	0.00913724846236	0.00267377515968
100	0.267716535433	0.0767716535433	0.00900776531039	0.00280325831165