site	ns_changes	s_changes	ns_sites	s_sites
1	0.0166096726917	0.18759159746	0.000492293997423	0.000240485680154
2	0.0330972154372	0.172325354177	0.000499562676391	0.000233217001186
3	0.0285784074255	0.188812896922	0.00049527439986	0.000237505277717
4	0.0113580850024	0.130556912555	0.000547785544391	0.000184994133186
5	0.0702247191011	0.143746946751	0.000526657202566	0.000206122475011
6	0.0228382999511	0.182095749878	0.000491901609171	0.000240878068406
7	0.0191744015633	0.191621885686	0.000495417441421	0.000237362236156
8	0.00732779677577	0.128724963361	0.000548211069523	0.000184568608054
9	0.00793844650708	0.178676111383	0.000490075026333	0.000242704651244
10	0.00732779677577	0.136052760137	0.000548467372274	0.000184312305303
11	0.0909868099658	0.135442110405	0.000542384749699	0.000190394927878
12	0.0417277316398	0.186899527764	0.000499764746574	0.000233014931003
13	0.0461651196873	0.181973619932	0.000497849634191	0.000234930043386
14	0.0380638332519	0.177373391956	0.000495852213243	0.000236927464334
15	0.0947728383	0.151441133366	0.000529765443257	0.00020301423432
16	0.040872822016	0.130516202573	0.000547634547762	0.000185145129815
17	0.146108125712	0.132714541606	0.000546414418436	0.000186365259141
18	0.107800032568	0.158076860446	0.000523299675848	0.000209480001729
19	0.0422162514248	0.173343103729	0.000496802951083	0.000235976726494
20	0.0438446507084	0.177943331705	0.000496548868001	0.000236230809576
21	0.116104868914	0.144031916626	0.00052997964519	0.000202800032387
22	0.0540628562123	0.182380719752	0.000500778495693	0.000232001181884
23	0.0635482820388	0.172162514248	0.000500347961186	0.000232431716391
24	0.15054551376	0.13377300114	0.000546144020639	0.000186635656938
25	0.110405471422	0.139106008793	0.000547749792087	0.00018502988549
26	0.0328122455626	0.123269825761	0.000548379853369	0.000184399824208
27	0.0747842370949	0.11524995929	0.000560771404383	0.000172008273194
28	0.100105845953	0.158076860446	0.000515515466699	0.000217264210878
29	0.0279677576942	0.121071486729	0.000548912985456	0.000183866692121
30	0.105235303696	0.173913043478	0.000513224836873	0.000219554840704
31	0.151888943169	0.126811594203	0.000544053370015	0.000188726307561
32	0.0491776583618	0.130597622537	0.000551899482428	0.000180880195149
33	0.0493404982902	0.1209086468	0.000549359266599	0.000183420410978
34	0.144764696304	0.130923302394	0.000540808935823	0.000191970741754
35	0.176884872171	0.132958801498	0.000540776364775	0.000192003312802
36	0.174279433317	0.126893014167	0.000555537180486	0.000177242497091
37	0.116756228627	0.159623839766	0.000512467522105	0.000220312155472
38	0.131452532161	0.134057971014	0.0005477528477	0.000185026829876
39	0.12265917603	0.1524995929	0.000526966998392	0.000205812679185
40	0.121152906693	0.154005862237	0.000521230842766	0.000211548834811
41	0.095709167888	0.165893177007	0.000509809599939	0.000222970077638
42	0.0541035661944	0.119443087445	0.000546988485015	0.000185791192562
43	0.201880801172	0.118628887803	0.000549659001245	0.000183120676332
44	0.217147044455	0.13104543234	0.000549299912302	0.000183479765275
45	0.231599088096	0.10609021332	0.000579363328035	0.000153416349541
46	0.217106334473	0.119565217391	0.000558582445358	0.000174197232219
47	0.206236769256	0.131167562286	0.000548953203962	0.000183826473615
48	0.116634098681	0.120664386908	0.000549369263768	0.000183410413809
49	0.213645985996	0.125264614884	0.000547473051379	0.000185306626198
50	0.218897573685	0.126893014167	0.000548451941908	0.000184327735669
51	0.142729197199	0.137111219671	0.000550477901634	0.000182301775943
52	0.21938609347	0.131818922	0.00054557458741	0.000187205090167
53	0.154209412148	0.127910763719	0.000547913807224	0.000184865870353
54	0.0964826575476	0.12734082397	0.000547393324094	0.000185386353483
55	0.171877544374	0.120827226836	0.000555028126175	0.000177751551402
56	0.224719101124	0.114232209738	0.000566523848703	0.000166255828873
57	0.132755251588	0.122618466048	0.000548395905023	0.000184383772554
58	0.139065298811	0.166666666667	0.00050856920039	0.000224210477187
59	0.254111708191	0.141833577593	0.000518332931707	0.00021444674587
60	0.189260706725	0.150138413939	0.00051638309455	0.000216396583027
61	0.249918580036	0.127747923791	0.00055387122372	0.000178908453857
62	0.227853769744	0.116878358574	0.000566853326153	0.000165926351424
63	0.244015632633	0.102344894968	0.000582766708136	0.000150012969441
64	0.197606253053	0.14509037616	0.000529817789661	0.000202961887916
65	0.222439342127	0.136134180101	0.000537710264613	0.000195069412964
66	0.109998371601	0.121722846442	0.000546484218643	0.000186295458934
67	0.173098843837	0.123514085654	0.000541609560048	0.000191170117529
68	0.245114802149	0.117407588341	0.000552115790709	0.000180663886868
69	0.240229604299	0.13202247191	0.000533992891909	0.000198786785668
70	0.238071975248	0.143054877056	0.000528951566745	0.000203828110832
71	0.253012538674	0.136744829832	0.000538701993795	0.000194077683782
72	0.246783911415	0.129498453021	0.000544747889179	0.000188031788398
73	0.252971828692	0.125183194919	0.000543471469203	0.000189308208374
74	0.251384139391	0.120420127015	0.000551855482801	0.000180924194776
75	0.205178309722	0.147532975085	0.000520639485305	0.000212140192272
76	0.258508386256	0.114110079792	0.000548791811162	0.000183987866415
77	0.224271291321	0.131656082071	0.000543077751066	0.000189701926511
78	0.275321608858	0.120460836997	0.000545275381311	0.000187504296266
79	0.260177495522	0.116756228627	0.000539829210966	0.000192950466611
80	0.211447646963	0.114761439505	0.000548336130825	0.000184443546752
81	0.220322423058	0.130964012376	0.000539728314918	0.000193051362659
82	0.20652173913	0.121356456603	0.000544984815957	0.00018779486162
83	0.279311187103	0.141833577593	0.000522538118745	0.000210241558832
84	0.260258915486	0.118018238072	0.000546853287142	0.000185926390434
85	0.283626445204	0.112807360365	0.000556508306392	0.000176271371185
86	0.268319491939	0.120420127015	0.000539160180041	0.000193619497536
87	0.25565868751	0.11797752809	0.000546290660302	0.000186489017274
88	0.248371600716	0.108573522228	0.000556498274663	0.000176281402914
89	0.284399934864	0.124084025403	0.000535419271382	0.000197360406195
90	0.303696466374	0.118791727732	0.000540330659519	0.000192449018058
91	0.296572219508	0.139798078489	0.000532032564736	0.000200747112841
92	0.296816479401	0.119565217391	0.000537368688076	0.000195410989501
93	0.317782120176	0.121560006514	0.000535204609267	0.00019757506831
94	0.306220485263	0.136744829832	0.000531099014631	0.000201680662946
95	0.290058622374	0.120542256961	0.000534503383296	0.000198276294281
96	0.297508549096	0.118343917929	0.000537107793825	0.000195671883752
97	0.288593063019	0.112400260544	0.000552895076327	0.00017988460125
98	0.309314443902	0.113255170168	0.000546410767505	0.000186368910072
99	0.302149487054	0.1290913532	0.000537017465042	0.000195762212535
100	0.300236117896	0.123514085654	0.00054650558936	0.000186274088217