site	ns_changes	s_changes	ns_sites	s_sites
1	0.0	0.000978473581213	0.00195694716243	0.000978473581213
2	0.000978473581213	0.0234833659491	0.00195866792957	0.000976752814067
3	0.000978473581213	0.0156555772994	0.00195694716243	0.000978473581213
4	0.000978473581213	0.00391389432485	0.00236369400377	0.000571726739866
5	0.0	0.00684931506849	0.00195694716243	0.000978473581213
6	0.0176125244618	0.00880626223092	0.00216833662676	0.00076708411688
7	0.000978473581213	0.00489236790607	0.00195707952913	0.00097834121451
8	0.000978473581213	0.00978473581213	0.00195866792957	0.000976752814067
9	0.0	0.0127201565558	0.00232021026165	0.000615210481992
10	0.0	0.000978473581213	0.00195694716243	0.000978473581213
11	0.00195694716243	0.000978473581213	0.00236325526307	0.000572165480565
12	0.0	0.00489236790607	0.00195694716243	0.000978473581213
13	0.0107632093933	0.00684931506849	0.00229393011317	0.000641490630467
14	0.00489236790607	0.0176125244618	0.00236627224911	0.000569148494531
15	0.0	0.0117416829746	0.00195694716243	0.000978473581213
16	0.00293542074364	0.00782778864971	0.00236615040847	0.000569270335169
17	0.00587084148728	0.00684931506849	0.00223232086353	0.000703099880107
18	0.00391389432485	0.0127201565558	0.00235356162898	0.000581859114658
19	0.00978473581213	0.00587084148728	0.00249686879764	0.000438551946003
20	0.00782778864971	0.00782778864971	0.00232129745122	0.000614123292421
21	0.00587084148728	0.0127201565558	0.00196026087305	0.00097515987059
22	0.00293542074364	0.00587084148728	0.00195860401774	0.000976816725902
23	0.00391389432485	0.00587084148728	0.0025145266973	0.000420894046341
24	0.0	0.00195694716243	0.00195694716243	0.000978473581213
25	0.0176125244618	0.00489236790607	0.00196084501145	0.000974575732192
26	0.000978473581213	0.00293542074364	0.00236300050936	0.000572420234282
27	0.000978473581213	0.00978473581213	0.00209987298607	0.000835547757566
28	0.00195694716243	0.00978473581213	0.0019606350967	0.000974785646943
29	0.00391389432485	0.0244618395303	0.00195988559379	0.000975535149847
30	0.00293542074364	0.00684931506849	0.00236154858006	0.000573872163576
31	0.00391389432485	0.00391389432485	0.00251747520924	0.0004179455344
32	0.00782778864971	0.00293542074364	0.00229266656057	0.000642754183071
33	0.00489236790607	0.0146771037182	0.00196257411024	0.000972846633401
34	0.0107632093933	0.00782778864971	0.00233503460177	0.000600386141865
35	0.00880626223092	0.00489236790607	0.00196674229849	0.000968678445148
36	0.00782778864971	0.00195694716243	0.00252011176986	0.000415308973777
37	0.00293542074364	0.0195694716243	0.00195810696114	0.000977313782495
38	0.00391389432485	0.00587084148728	0.00236270814481	0.00057271259883
39	0.0107632093933	0.00684931506849	0.00250338528137	0.000432035462268
40	0.0156555772994	0.00587084148728	0.00250749071887	0.000427930024767
41	0.00978473581213	0.00880626223092	0.00200549842395	0.000929922319686
42	0.0195694716243	0.0156555772994	0.00210425647683	0.000831164266805
43	0.0117416829746	0.00195694716243	0.0024474242543	0.000487996489341
44	0.00391389432485	0.0107632093933	0.00209572068092	0.000839700062717
45	0.00782778864971	0.00587084148728	0.00197129904582	0.000964121697815
46	0.0166340508806	0.00391389432485	0.00246380456162	0.000471616182023
47	0.00391389432485	0.0156555772994	0.00208677654775	0.000848644195891
48	0.00782778864971	0.00684931506849	0.00252128826335	0.000414132480289
49	0.0220156555773	0.0220156555773	0.00166401514924	0.0012714055944
50	0.0293542074364	0.0205479452055	0.00203375537939	0.000901665364246
51	0.0127201565558	0.0	0.00291632921919	1.90915244545e-05
52	0.0181017612524	0.00342465753425	0.00228364183644	0.0006517789072
53	0.00293542074364	0.00587084148728	0.00235064464301	0.00058477610063
54	0.0156555772994	0.00684931506849	0.00229158361257	0.000643837131069
55	0.0195694716243	0.00880626223092	0.00229731371594	0.000638107027699
56	0.00489236790607	0.00293542074364	0.00236665627061	0.000568764473027
57	0.00244618395303	0.00342465753425	0.00195713721589	0.000978283527754
58	0.0107632093933	0.00684931506849	0.00234094455321	0.000594476190426
59	0.0107632093933	0.00489236790607	0.00251388292772	0.000421537815915
60	0.0225048923679	0.0127201565558	0.00223525246955	0.000700168274087
61	0.0406066536204	0.0200587084149	0.00198799674238	0.000947424001264
62	0.0313111545988	0.013698630137	0.00199248353112	0.000942937212524
63	0.01614481409	0.00440313111546	0.00198785143069	0.000947569312948
64	0.00880626223092	0.00293542074364	0.00229707077765	0.00063834996599
65	0.00782778864971	0.00489236790607	0.0023349724242	0.000600448319444
66	0.0156555772994	0.0117416829746	0.00234545688678	0.000589963856863
67	0.00489236790607	0.00489236790607	0.00195750252831	0.000977918215333
68	0.0146771037182	0.0127201565558	0.00223675622804	0.000698664515605
69	0.0156555772994	0.00587084148728	0.00223679560089	0.000698625142746
70	0.00782778864971	0.00684931506849	0.00208480619772	0.000850614545922
71	0.00684931506849	0.00587084148728	0.00195681915504	0.000978601588595
72	0.0185909980431	0.00880626223092	0.00220112837082	0.000734292372821
73	0.0127201565558	0.0107632093933	0.00235158435551	0.000583836388134
74	0.0117416829746	0.00587084148728	0.00249452269021	0.00044089805343
75	0.0205479452055	0.00587084148728	0.00229461235575	0.000640808387894
76	0.0195694716243	0.000978473581213	0.00280504621519	0.000130374528454
77	0.0	0.0	0.00195694716243	0.000978473581213
78	0.00684931506849	0.00978473581213	0.00195707952913	0.00097834121451
79	0.027397260274	0.00782778864971	0.00229216338102	0.000643257362623
80	0.0371819960861	0.00684931506849	0.00246391142333	0.000471509320311
81	0.00880626223092	0.00195694716243	0.00252056418486	0.000414856558784
82	0.00978473581213	0.00782778864971	0.00234196482752	0.000593455916122
83	0.00782778864971	0.00684931506849	0.00232307923711	0.000612341506532
84	0.0244618395303	0.0107632093933	0.00226724013225	0.000668180611386
85	0.0440313111546	0.00978473581213	0.00202511112464	0.000910309619001
86	0.0195694716243	0.0166340508806	0.00189239146146	0.00104302928218
87	0.0200587084149	0.013698630137	0.00222774100969	0.000707679733949
88	0.0254403131115	0.013698630137	0.00196974314529	0.000965677598345
89	0.0127201565558	0.000978473581213	0.00196583301651	0.000969587727134
90	0.0127201565558	0.00293542074364	0.00259325209472	0.000342168648918
91	0.0146771037182	0.00782778864971	0.00223628819718	0.000699132546455
92	0.0283757338552	0.00195694716243	0.00213191403451	0.000803506709125
93	0.0264187866928	0.0166340508806	0.00194765429079	0.000987766452851
94	0.0205479452055	0.0107632093933	0.00235084707275	0.000584573670894
95	0.0264187866928	0.00587084148728	0.00199005241065	0.000945368332986
96	0.0254403131115	0.00684931506849	0.00247065147417	0.00046476926947
97	0.0313111545988	0.00195694716243	0.00255945574836	0.000375964995283
98	0.0264187866928	0.00782778864971	0.002233528088	0.000701892655639
99	0.0176125244618	0.00782778864971	0.00234009644493	0.00059532429871
100	0.0195694716243	0.00587084148728	0.00218675852789	0.000748662215749