site	ns_changes	s_changes	ns_sites	s_sites
1	0.0	0.0236220472441	0.00787401574803	0.00393700787402
2	0.0236220472441	0.0	0.0090700787505	0.00274094487154
3	0.0	0.0157480314961	0.00880323047524	0.00300779314681
4	0.0	0.00393700787402	0.00880307785633	0.00300794576572
5	0.0	0.00787401574803	0.00787401574803	0.00393700787402
6	0.011811023622	0.00393700787402	0.00922847157064	0.00258255205141
7	0.00393700787402	0.00393700787402	0.00923176619181	0.00257925743024
8	0.0	0.00787401574803	0.00872722625951	0.00308379736254
9	0.0	0.011811023622	0.00787401574803	0.00393700787402
10	0.0	0.0157480314961	0.00787401574803	0.00393700787402
11	0.00393700787402	0.0236220472441	0.00794141539599	0.00386960822606
12	0.011811023622	0.011811023622	0.00910983355329	0.00270119006875
13	0.0157480314961	0.00393700787402	0.00789138734712	0.00391963627492
14	0.0472440944882	0.0236220472441	0.00778981943485	0.0040212041872
15	0.0	0.00393700787402	0.00880307785633	0.00300794576572
16	0.00393700787402	0.0	0.00923216613424	0.00257885748781
17	0.00393700787402	0.0157480314961	0.00874103472298	0.00306998889907
18	0.0	0.0314960629921	0.00787401574803	0.00393700787402
19	0.0	0.0157480314961	0.00787401574803	0.00393700787402
20	0.00787401574803	0.00393700787402	0.00882200872706	0.00298901489499
21	0.00787401574803	0.00787401574803	0.00913012125751	0.00268090236454
22	0.0157480314961	0.011811023622	0.00932995768681	0.00248106593524
23	0.00393700787402	0.011811023622	0.0087311954134	0.00307982820865
24	0.0	0.011811023622	0.00787401574803	0.00393700787402
25	0.0314960629921	0.00393700787402	0.00806588956411	0.00374513405794
26	0.0	0.00393700787402	0.009137213406	0.00267381021605
27	0.0157480314961	0.00393700787402	0.00932123132106	0.00248979230099
28	0.00393700787402	0.00393700787402	0.00935135961259	0.00245966400945
29	0.00393700787402	0.0196850393701	0.00787633987382	0.00393468374822
30	0.011811023622	0.011811023622	0.00914059715718	0.00267042646487
31	0.0196850393701	0.0196850393701	0.0091344129795	0.00267661064255
32	0.011811023622	0.00393700787402	0.00915916023648	0.00265186338557
33	0.00787401574803	0.011811023622	0.00910111549497	0.00270990812707
34	0.00393700787402	0.00393700787402	0.00910340362158	0.00270762000047
35	0.0334645669291	0.0137795275591	0.00823361995562	0.00357740366643
36	0.011811023622	0.0	0.0117728762086	3.81474134649e-05
37	0.0	0.00787401574803	0.00787401574803	0.00393700787402
38	0.0	0.011811023622	0.00874569314726	0.00306533047478
39	0.00787401574803	0.0196850393701	0.0091294363162	0.00268158730585
40	0.0	0.00787401574803	0.00879743095677	0.00301359266528
41	0.00787401574803	0.0	0.00890401791702	0.00290700570503
42	0.0157480314961	0.0196850393701	0.00567657833019	0.00613444529186
43	0.00393700787402	0.00787401574803	0.00872066895806	0.00309035466398
44	0.011811023622	0.0157480314961	0.00788796050278	0.00392306311927
45	0.00787401574803	0.00393700787402	0.00912595864713	0.00268506497492
46	0.0	0.00393700787402	0.00923281742668	0.00257820619537
47	0.0236220472441	0.0157480314961	0.00792741289263	0.00388361072942
48	0.0236220472441	0.0157480314961	0.00789274205997	0.00391828156208
49	0.00787401574803	0.00393700787402	0.00923014223926	0.00258088138278
50	0.0196850393701	0.00393700787402	0.00906308451499	0.00274793910706
51	0.0	0.00787401574803	0.00880292523742	0.00300809838463
52	0.0157480314961	0.0236220472441	0.00894536699641	0.00286565662564
53	0.00787401574803	0.011811023622	0.00912882748198	0.00268219614006
54	0.00787401574803	0.011811023622	0.0092148309981	0.00259619262394
55	0.00787401574803	0.0196850393701	0.00917477196493	0.00263625165712
56	0.00393700787402	0.011811023622	0.00787669093545	0.0039343326866
57	0.0	0.0	0.00787401574803	0.00393700787402
58	0.00393700787402	0.011811023622	0.00787401574803	0.00393700787402
59	0.0275590551181	0.011811023622	0.00790889521207	0.00390212840997
60	0.0157480314961	0.00393700787402	0.00911218964394	0.00269883397811
61	0.00393700787402	0.0	0.0087246328004	0.00308639082165
62	0.00787401574803	0.011811023622	0.00912596630337	0.00268505731868
63	0.0314960629921	0.00787401574803	0.00923482755058	0.00257619607146
64	0.0354330708661	0.011811023622	0.00807272043605	0.003738303186
65	0.0236220472441	0.0157480314961	0.00903172179637	0.00277930182567
66	0.011811023622	0.00393700787402	0.00880295325993	0.00300807036211
67	0.0314960629921	0.00393700787402	0.00787649740504	0.003934526217
68	0.011811023622	0.00787401574803	0.00878355432166	0.00302746930039
69	0.011811023622	0.0236220472441	0.00879560271682	0.00301542090523
70	0.011811023622	0.0	0.00923033576967	0.00258068785238
71	0.011811023622	0.0157480314961	0.00787401574803	0.00393700787402
72	0.0433070866142	0.0236220472441	0.00801651878083	0.00379450484122
73	0.00393700787402	0.0	0.0118032736065	7.75001550003e-06
74	0.0472440944882	0.011811023622	0.0081781841363	0.00363283948574
75	0.0236220472441	0.00787401574803	0.00931625109902	0.00249477252303
76	0.0157480314961	0.00393700787402	0.00787167680296	0.00393934681908
77	0.0236220472441	0.00393700787402	0.00923991616111	0.00257110746093
78	0.0157480314961	0.0	0.011333924464	0.000477099158076
79	0.0236220472441	0.011811023622	0.00897323999919	0.00283778362286
80	0.0196850393701	0.00393700787402	0.00918198886571	0.00262903475633
81	0.0157480314961	0.011811023622	0.00869119996424	0.00311982365781
82	0.0137795275591	0.00393700787402	0.0093628264258	0.00244819719625
83	0.0314960629921	0.00787401574803	0.00913058814587	0.00268043547617
84	0.0157480314961	0.0	0.0117669510402	4.4072581855e-05
85	0.0354330708661	0.0157480314961	0.00892615073327	0.00288487288878
86	0.0196850393701	0.011811023622	0.00908286638712	0.00272815723492
87	0.0314960629921	0.0	0.00933242807026	0.00247859555179
88	0.0196850393701	0.00787401574803	0.00905178771687	0.00275923590518
89	0.0275590551181	0.00787401574803	0.00896340628939	0.00284761733265
90	0.0433070866142	0.00787401574803	0.0106901296654	0.00112089395661
91	0.0374015748031	0.0374015748031	0.00575608627905	0.006054937343
92	0.0393700787402	0.0	0.0103755122109	0.00143551141119
93	0.0354330708661	0.011811023622	0.00912459848687	0.00268642513518
94	0.0275590551181	0.0236220472441	0.00872814910144	0.00308287452061
95	0.0314960629921	0.00393700787402	0.00802030623325	0.0037907173888
96	0.0492125984252	0.0216535433071	0.00910655692863	0.00270446669342
97	0.0275590551181	0.0196850393701	0.00545910485833	0.00635191876372
98	0.0354330708661	0.011811023622	0.00895220369801	0.00285881992404
99	0.0157480314961	0.0157480314961	0.00908986839234	0.0027211552297
100	0.0275590551181	0.011811023622	0.00788684024204	0.00392418338001