site	ns_changes	s_changes	ns_sites	s_sites
1	0.0	0.0	0.00829104574568	0.00351997787637
2	0.0	0.0	0.00935840967076	0.00245261395128
3	0.0	0.0	0.00787401574803	0.00393700787402
4	0.0	0.0	0.00935840967076	0.00245261395128
5	0.0	0.00393700787402	0.00928936704369	0.00252165657836
6	0.0	0.0	0.00829104574568	0.00351997787637
7	0.0	0.0	0.00787401574803	0.00393700787402
8	0.0	0.0	0.00787401574803	0.00393700787402
9	0.0	0.0	0.00924944776625	0.00256157585579
10	0.0	0.00393700787402	0.00787401574803	0.00393700787402
11	0.0	0.0	0.00787401574803	0.00393700787402
12	0.0	0.0	0.00829104574568	0.00351997787637
13	0.0	0.0	0.00787401574803	0.00393700787402
14	0.0	0.00393700787402	0.00787401574803	0.00393700787402
15	0.0	0.0	0.00829104574568	0.00351997787637
16	0.00393700787402	0.0	0.00994715523153	0.00186386839052
17	0.0	0.0	0.00787401574803	0.00393700787402
18	0.0	0.0	0.00937461196924	0.00243641165281
19	0.0	0.0	0.00787401574803	0.00393700787402
20	0.0	0.0	0.00915210156351	0.00265892205853
21	0.0	0.0	0.00994872338472	0.00186230023732
22	0.0	0.0	0.00935840967076	0.00245261395128
23	0.00787401574803	0.0	0.00920071198608	0.00261031163597
24	0.0	0.0	0.00935840967076	0.00245261395128
25	0.0	0.0	0.00994872338472	0.00186230023732
26	0.0	0.0	0.00994872338472	0.00186230023732
27	0.0	0.0	0.00787401574803	0.00393700787402
28	0.0	0.0	0.00817749889782	0.00363352472423
29	0.0	0.0	0.00994872338472	0.00186230023732
30	0.0	0.0	0.00935840967076	0.00245261395128
31	0.0	0.0	0.00817749889782	0.00363352472423
32	0.0	0.0	0.00787401574803	0.00393700787402
33	0.0	0.0	0.00787401574803	0.00393700787402
34	0.0	0.0	0.00787401574803	0.00393700787402
35	0.00393700787402	0.0	0.00937461196924	0.00243641165281
36	0.0	0.0	0.00787401574803	0.00393700787402
37	0.0	0.0	0.00924944776625	0.00256157585579
38	0.0	0.0	0.00935840967076	0.00245261395128
39	0.0	0.0	0.00900113449134	0.00280988913071
40	0.0	0.0	0.00829104574568	0.00351997787637
41	0.0	0.0	0.00787401574803	0.00393700787402
42	0.0	0.0	0.00935840967076	0.00245261395128
43	0.00393700787402	0.0	0.00994088261877	0.00187014100328
44	0.00393700787402	0.0	0.00787809981818	0.00393292380386
45	0.00393700787402	0.0	0.0091522931899	0.00265873043215
46	0.0	0.0	0.00994872338472	0.00186230023732
47	0.0	0.0	0.00994872338472	0.00186230023732
48	0.0	0.00393700787402	0.00829314685577	0.00351787676628
49	0.00393700787402	0.0	0.00915210156351	0.00265892205853
50	0.00393700787402	0.0	0.00994759324414	0.00186343037791
51	0.0	0.0	0.00935840967076	0.00245261395128
52	0.00393700787402	0.0	0.0092475611481	0.00256346247394
53	0.0	0.0	0.00829104574568	0.00351997787637
54	0.0	0.00393700787402	0.00994734685791	0.00186367676413
55	0.0	0.00393700787402	0.00787401574803	0.00393700787402
56	0.00787401574803	0.0	0.00861329067412	0.00319773294793
57	0.0	0.0	0.00915210156351	0.00265892205853
58	0.0	0.0	0.00915210156351	0.00265892205853
59	0.0	0.0	0.00787401574803	0.00393700787402
60	0.0	0.00393700787402	0.00937417395663	0.00243684966541
61	0.0	0.0	0.00787401574803	0.00393700787402
62	0.0	0.0	0.00994872338472	0.00186230023732
63	0.0	0.0	0.00829104574568	0.00351997787637
64	0.00393700787402	0.0	0.00891545363653	0.00289556998552
65	0.00787401574803	0.0	0.00937461196924	0.00243641165281
66	0.0	0.0	0.00935840967076	0.00245261395128
67	0.0	0.0	0.00924944776625	0.00256157585579
68	0.0	0.0	0.00531243989224	0.00649858372981
69	0.0	0.0	0.00787401574803	0.00393700787402
70	0.0	0.0	0.011811023622	0.0
71	0.0	0.0	0.00787401574803	0.00393700787402
72	0.0	0.0	0.00915210156351	0.00265892205853
73	0.00393700787402	0.00393700787402	0.00830007594607	0.00351094767597
74	0.0	0.0	0.011811023622	0.0
75	0.00787401574803	0.00393700787402	0.00787401574803	0.00393700787402
76	0.0	0.00393700787402	0.00994184075068	0.00186918287136
77	0.00393700787402	0.00393700787402	0.00994326278776	0.00186776083428
78	0.00393700787402	0.0	0.00829022482049	0.00352079880156
79	0.0	0.0	0.00994872338472	0.00186230023732
80	0.0157480314961	0.0	0.00791489034575	0.00389613327629
81	0.0	0.0	0.00994872338472	0.00186230023732
82	0.00787401574803	0.00787401574803	0.00538919481818	0.00642182880387
83	0.0	0.0	0.00935840967076	0.00245261395128
84	0.0	0.0	0.00924944776625	0.00256157585579
85	0.0	0.0	0.00787401574803	0.00393700787402
86	0.0	0.00393700787402	0.00925082429306	0.00256019932898
87	0.00393700787402	0.0	0.00936618405426	0.00244483956778
88	0.0	0.0	0.00935840967076	0.00245261395128
89	0.0	0.0	0.00787401574803	0.00393700787402
90	0.0	0.00393700787402	0.00915429162656	0.00265673199548
91	0.0	0.00393700787402	0.00993082853622	0.00188019508583
92	0.00787401574803	0.00393700787402	0.00923728657635	0.0025737370457
93	0.0	0.0	0.00829104574568	0.00351997787637
94	0.0	0.0	0.00787401574803	0.00393700787402
95	0.0	0.0	0.00994872338472	0.00186230023732
96	0.0	0.0	0.00531243989224	0.00649858372981
97	0.0	0.0	0.00994872338472	0.00186230023732
98	0.00393700787402	0.0	0.0117256506714	8.53729506178e-05
99	0.0	0.0	0.011811023622	0.0
100	0.0	0.0	0.011811023622	0.0