site	ns_changes	s_changes	ns_sites	s_sites
1	0.0	0.000732779677577	0.000488519785051	0.000244259892526
2	0.0	0.000732779677577	0.000488519785051	0.000244259892526
3	0.00146555935515	0.000732779677577	0.00057395107709	0.000158828600487
4	0.0	0.00146555935515	0.000488519785051	0.000244259892526
5	0.0	0.000244259892526	0.000488519785051	0.000244259892526
6	0.0	0.000732779677577	0.000488519785051	0.000244259892526
7	0.0	0.000244259892526	0.000488519785051	0.000244259892526
8	0.0	0.00170981924768	0.000488519785051	0.000244259892526
9	0.0	0.000488519785051	0.000488519785051	0.000244259892526
10	0.0	0.000488519785051	0.000552718748153	0.000180060929424
11	0.0	0.000732779677577	0.000488519785051	0.000244259892526
12	0.000244259892526	0.000977039570103	0.000488528268327	0.00024425140925
13	0.0	0.000488519785051	0.000488519785051	0.000244259892526
14	0.000488519785051	0.000488519785051	0.000553907982244	0.000178871695333
15	0.0	0.000488519785051	0.000539495193261	0.000193284484316
16	0.0	0.000244259892526	0.000488519785051	0.000244259892526
17	0.0	0.000732779677577	0.000557104265131	0.000175675412446
18	0.00170981924768	0.000732779677577	0.000611881066615	0.000120898610962
19	0.0	0.000488519785051	0.000539460610574	0.000193319067003
20	0.00122129946263	0.000488519785051	0.000574256194843	0.000158523482734
21	0.000488519785051	0.000977039570103	0.0004885722327	0.000244207444877
22	0.000977039570103	0.000244259892526	0.000611848493764	0.000120931183813
23	0.0	0.000488519785051	0.000488519785051	0.000244259892526
24	0.0	0.000732779677577	0.000539627039755	0.000193152637822
25	0.000244259892526	0.000244259892526	0.000539450001256	0.000193329676321
26	0.000732779677577	0.000488519785051	0.000574345975353	0.000158433702224
27	0.0	0.000244259892526	0.000535626121818	0.000197153555759
28	0.000244259892526	0.000488519785051	0.000574392558729	0.000158387118848
29	0.000732779677577	0.000488519785051	0.00055394088296	0.000178838794616
30	0.00268685881778	0.000732779677577	0.000489978411615	0.000242801265962
31	0.00122129946263	0.000244259892526	0.000488816699706	0.000243962977871
32	0.0	0.000732779677577	0.000488519785051	0.000244259892526
33	0.000244259892526	0.000244259892526	0.000539426294436	0.000193353383141
34	0.0	0.000732779677577	0.000574320444757	0.00015845923282
35	0.000488519785051	0.000244259892526	0.000574314484516	0.000158465193061
36	0.0	0.000244259892526	0.000488519785051	0.000244259892526
37	0.0	0.000488519785051	0.000557097780878	0.000175681896699
38	0.000244259892526	0.00146555935515	0.000488527771445	0.000244251906132
39	0.000244259892526	0.000244259892526	0.000557254614147	0.00017552506343
40	0.000244259892526	0.000488519785051	0.000488530274581	0.000244249402996
41	0.00268685881778	0.000977039570103	0.000489893303374	0.000242886374203
42	0.000488519785051	0.000244259892526	0.000539485572801	0.000193294104776
43	0.0	0.000977039570103	0.000539499516097	0.00019328016148
44	0.000732779677577	0.0	0.000557149207306	0.000175630470271
45	0.000244259892526	0.000244259892526	0.000488519785051	0.000244259892526
46	0.000244259892526	0.000732779677577	0.000556603945744	0.000176175731833
47	0.0	0.000488519785051	0.000539503838933	0.000193275838644
48	0.000977039570103	0.0	0.000550500029299	0.000182279648278
49	0.000244259892526	0.0	0.000574355606883	0.000158424070694
50	0.000244259892526	0.000488519785051	0.000556952137204	0.000175827540373
51	0.0	0.000977039570103	0.000554112624333	0.000178667053244
52	0.00268685881778	0.000488519785051	0.000611517121974	0.000121262555603
53	0.00537371763556	0.00170981924768	0.000489485322782	0.000243294354795
54	0.000244259892526	0.000488519785051	0.000612022912512	0.000120756765065
55	0.000244259892526	0.000732779677577	0.00057431751004	0.000158462167537
56	0.000732779677577	0.000244259892526	0.000557100741943	0.000175678935634
57	0.00415241817294	0.000244259892526	0.000490186588457	0.00024259308912
58	0.00146555935515	0.000488519785051	0.000558241899279	0.000174537778298
59	0.000732779677577	0.000732779677577	0.000574062161081	0.000158717516496
60	0.000977039570103	0.0	0.00073153128872	1.24838885675e-06
61	0.00146555935515	0.0	0.000730551858921	2.22781865591e-06
62	0.000488519785051	0.00122129946263	0.000488559717018	0.000244219960559
63	0.000244259892526	0.0	0.000539439194166	0.000193340483411
64	0.00122129946263	0.0	0.000574198263937	0.00015858141364
65	0.00146555935515	0.000732779677577	0.000553764207266	0.000179015470311
66	0.00170981924768	0.000488519785051	0.000573730189086	0.000159049488491
67	0.00195407914021	0.0	0.000727873790118	4.9058874586e-06
68	0.000977039570103	0.000732779677577	0.000535602890094	0.000197176787483
69	0.00146555935515	0.000488519785051	0.000553730273484	0.000179049404093
70	0.00146555935515	0.0	0.000731185952754	1.59372482316e-06
71	0.000244259892526	0.000488519785051	0.00055708182228	0.000175697855297
72	0.00244259892526	0.000488519785051	0.0004882576444	0.000244522033177
73	0.00390815828041	0.000977039570103	0.000489148084384	0.000243631593193
74	0.000977039570103	0.000488519785051	0.000557345788117	0.00017543388946
75	0.000488519785051	0.000488519785051	0.000557117587121	0.000175662090456
76	0.00109916951637	0.00146555935515	0.000455500153669	0.000277279523908
77	0.000488519785051	0.000488519785051	0.000553857156665	0.000178922520912
78	0.000977039570103	0.00170981924768	0.000403438081735	0.000329341595842
79	0.00244259892526	0.000977039570103	0.000488587651018	0.000244192026559
80	0.00195407914021	0.00170981924768	0.000489317239	0.000243462438577
81	0.000977039570103	0.000244259892526	0.000553874944588	0.000178904732989
82	0.00219833903273	0.000244259892526	0.000573295092195	0.000159484585381
83	0.00219833903273	0.000977039570103	0.000488442294886	0.000244337382691
84	0.00122129946263	0.00122129946263	0.000553838295399	0.000178941382178
85	0.00195407914021	0.000977039570103	0.000490207036688	0.000242572640889
86	0.000488519785051	0.000488519785051	0.00055388845071	0.000178891226867
87	0.00122129946263	0.000977039570103	0.000539947567177	0.0001928321104
88	0.000977039570103	0.000488519785051	0.000557113026993	0.000175666650584
89	0.00195407914021	0.0	0.000488649756356	0.000244129921221
90	0.00146555935515	0.00122129946263	0.000557178851502	0.000175600826075
91	0.00122129946263	0.0	0.000731841640333	9.38037244102e-07
92	0.00122129946263	0.00122129946263	0.000553592353433	0.000179187324144
93	0.00403028822667	0.00109916951637	0.000573983904987	0.00015879577259
94	0.00170981924768	0.000977039570103	0.000488519785051	0.000244259892526
95	0.00122129946263	0.000244259892526	0.000679995290494	5.27843870828e-05
96	0.00244259892526	0.000977039570103	0.000488953187636	0.000243826489941
97	0.000732779677577	0.000488519785051	0.000539575955748	0.000193203721829
98	0.00146555935515	0.000732779677577	0.000611907013325	0.000120872664252
99	0.000732779677577	0.00122129946263	0.000611791883638	0.000120987793939
100	0.00122129946263	0.0	0.000557973376926	0.000174806300651