site	ns_changes	s_changes	ns_sites	s_sites
1	0.0	0.000978473581213	0.00195694716243	0.000978473581213
2	0.0	0.000978473581213	0.00230080490746	0.000634615836183
3	0.0	0.00195694716243	0.00195694716243	0.000978473581213
4	0.000978473581213	0.000978473581213	0.0019582431557	0.000977177587936
5	0.0	0.0	0.00195694716243	0.000978473581213
6	0.0	0.00195694716243	0.0023006922505	0.000634728493144
7	0.0	0.00195694716243	0.00195694716243	0.000978473581213
8	0.0	0.00293542074364	0.00195694716243	0.000978473581213
9	0.0	0.000978473581213	0.00230080490746	0.000634615836183
10	0.0	0.0	0.00195694716243	0.000978473581213
11	0.0	0.000978473581213	0.00195694716243	0.000978473581213
12	0.0	0.0	0.00248674921433	0.000448671529314
13	0.000978473581213	0.000978473581213	0.0024848151655	0.000450605578136
14	0.0	0.0	0.00195694716243	0.000978473581213
15	0.00195694716243	0.0	0.0019570635309	0.000978357212738
16	0.00195694716243	0.0	0.00248641308115	0.000449007662486
17	0.0	0.000978473581213	0.00238667265621	0.00054874808743
18	0.0	0.0	0.00207064673604	0.000864774007603
19	0.000978473581213	0.0	0.00248545322105	0.000449967522591
20	0.0	0.000978473581213	0.00195694716243	0.000978473581213
21	0.0	0.0	0.00195694716243	0.000978473581213
22	0.0	0.0	0.00195694716243	0.000978473581213
23	0.0	0.0	0.00195694716243	0.000978473581213
24	0.000978473581213	0.0	0.00219468795792	0.000740732785716
25	0.0	0.0	0.0021948043264	0.00074061641724
26	0.0	0.0	0.00248674921433	0.000448671529314
27	0.0	0.0	0.00207064673604	0.000864774007603
28	0.0	0.00293542074364	0.00195694716243	0.000978473581213
29	0.0	0.000978473581213	0.00195694716243	0.000978473581213
30	0.0	0.00195694716243	0.00230024162265	0.000635179120988
31	0.0	0.0	0.00230091756442	0.000634503179221
32	0.0	0.0	0.00195694716243	0.000978473581213
33	0.0	0.0	0.00220017640281	0.000735244340834
34	0.0	0.000978473581213	0.00238785060491	0.000547570138732
35	0.0	0.0	0.0021948043264	0.00074061641724
36	0.000978473581213	0.000978473581213	0.00238646253875	0.00054895820489
37	0.000978473581213	0.0	0.00238642725023	0.000548993493409
38	0.00391389432485	0.00195694716243	0.00195749101253	0.000977929731107
39	0.0	0.0	0.00248674921433	0.000448671529314
40	0.0	0.0	0.00207064673604	0.000864774007603
41	0.0	0.0	0.00207064673604	0.000864774007603
42	0.000978473581213	0.000978473581213	0.00232950610169	0.000605914641955
43	0.0	0.0	0.00248674921433	0.000448671529314
44	0.00195694716243	0.000978473581213	0.00195686492811	0.000978555815528
45	0.000978473581213	0.000978473581213	0.00232871535372	0.000606705389918
46	0.0	0.0	0.00248674921433	0.000448671529314
47	0.0	0.0	0.00238642725023	0.000548993493409
48	0.000978473581213	0.000978473581213	0.0021967270144	0.000738693729237
49	0.000978473581213	0.00195694716243	0.00195715727989	0.000978263463754
50	0.0	0.000978473581213	0.00230080490746	0.000634615836183
51	0.0	0.0	0.00195694716243	0.000978473581213
52	0.0	0.0	0.00238642725023	0.000548993493409
53	0.0	0.0	0.00195694716243	0.000978473581213
54	0.0	0.0	0.00256287284323	0.000372547900406
55	0.0	0.0	0.00232949506283	0.000605925680808
56	0.0	0.0	0.00174613279709	0.00118928794655
57	0.0	0.0	0.00238642725023	0.000548993493409
58	0.00293542074364	0.000978473581213	0.00196446392344	0.000970956820203
59	0.0	0.0	0.00195694716243	0.000978473581213
60	0.000978473581213	0.000978473581213	0.00232942916717	0.000605991576471
61	0.00195694716243	0.0	0.00195694716243	0.000978473581213
62	0.0	0.000978473581213	0.0024743316718	0.000461089071836
63	0.000978473581213	0.000978473581213	0.00221354905152	0.000721871692116
64	0.0	0.0	0.00207064673604	0.000864774007603
65	0.00195694716243	0.000978473581213	0.00238353468699	0.00055188605665
66	0.0	0.000978473581213	0.00219487022206	0.000740550521577
67	0.00195694716243	0.0	0.00195694716243	0.000978473581213
68	0.00195694716243	0.0	0.00219494715658	0.00074047358706
69	0.00391389432485	0.0	0.00248493482374	0.000450485919902
70	0.000978473581213	0.0	0.00232949506283	0.000605925680808
71	0.0	0.0	0.00248674921433	0.000448671529314
72	0.0	0.0	0.00293542074364	0.0
73	0.00195694716243	0.0	0.00232931279869	0.000606107944947
74	0.0	0.0	0.00248674921433	0.000448671529314
75	0.0	0.0	0.00248674921433	0.000448671529314
76	0.000978473581213	0.0	0.00238369572325	0.000551725020386
77	0.0	0.000978473581213	0.00207121002084	0.000864210722798
78	0.0	0.0	0.00238642725023	0.000548993493409
79	0.0	0.0	0.00207064673604	0.000864774007603
80	0.00293542074364	0.000978473581213	0.00238374480445	0.00055167593919
81	0.00195694716243	0.0	0.00174780221325	0.00118761853039
82	0.0	0.0	0.00174613279709	0.00118928794655
83	0.0	0.0	0.00256287284323	0.000372547900406
84	0.0	0.000978473581213	0.00195694716243	0.000978473581213
85	0.0	0.0	0.00195694716243	0.000978473581213
86	0.00195694716243	0.000978473581213	0.00233030499983	0.000605115743809
87	0.00195694716243	0.000978473581213	0.00229870814446	0.000636712599184
88	0.000978473581213	0.0	0.00227988219248	0.000655538551163
89	0.000978473581213	0.0	0.00232949506283	0.000605925680808
90	0.000978473581213	0.000978473581213	0.00248650380835	0.000448916935292
91	0.00391389432485	0.0	0.00232439166694	0.000611029076704
92	0.00195694716243	0.0	0.00232942697569	0.00060599376795
93	0.0	0.0	0.00230091756442	0.000634503179221
94	0.0	0.0	0.00232949506283	0.000605925680808
95	0.000978473581213	0.0	0.0019574258677	0.000977994875939
96	0.00391389432485	0.0	0.00207039945878	0.000865021284857
97	0.00391389432485	0.0	0.00195722790717	0.000978192836469
98	0.000978473581213	0.0	0.00248674921433	0.000448671529314
99	0.0	0.0	0.00238642725023	0.000548993493409
100	0.000978473581213	0.0	0.00195694716243	0.000978473581213