site	ns_changes	s_changes	ns_sites	s_sites
1	0.000244259892526	0.014411333659	0.00048853060264	0.000244249074937
2	0.000244259892526	0.00708353688324	0.000551832838335	0.000180946839241
3	0.00122129946263	0.0134342940889	0.000491385982171	0.000241393695406
4	0.000488519785051	0.00781631656082	0.000554694975079	0.000178084702498
5	0.0	0.0122129946263	0.000488519785051	0.000244259892526
6	0.00915974596971	0.0101367855398	0.000575091725936	0.000157687951641
7	0.000244259892526	0.0129457743039	0.000488527480951	0.000244252196626
8	0.00708353688324	0.0112359550562	0.00057503730644	0.000157742371137
9	0.0	0.00781631656082	0.000551747964012	0.000181031713565
10	0.000244259892526	0.0075720566683	0.000552013203582	0.000180766473995
11	0.000732779677577	0.0158768930142	0.000488570751306	0.00024420892627
12	0.00195407914021	0.0127015144113	0.000489006464928	0.000243773212649
13	0.000977039570103	0.00732779677577	0.000554711529525	0.000178068148052
14	0.00219833903273	0.0107474352711	0.000491573672513	0.000241206005064
15	0.00170981924768	0.0136785539814	0.000488940210854	0.000243839466722
16	0.00170981924768	0.0131900341964	0.000488746954419	0.000244032723158
17	0.00122129946263	0.00879335613092	0.000551743634015	0.000181036043562
18	0.00170981924768	0.00659501709819	0.00055475265472	0.000178027022857
19	0.00244259892526	0.0109916951637	0.000551326595608	0.000181453081969
20	0.00293111871031	0.013922813874	0.00048882762103	0.000243952056547
21	0.0170981924768	0.0075720566683	0.000543106618554	0.000189673059023
22	0.00317537860283	0.0119687347338	0.000489689146104	0.000243090531473
23	0.00879335613092	0.00928187591597	0.000576040685167	0.00015673899241
24	0.00195407914021	0.0112359550562	0.000551580554739	0.000181199122838
25	0.0192965315095	0.0100146555936	0.000528237465305	0.000204542212272
26	0.0119687347338	0.0085490962384	0.000573000969354	0.000159778708223
27	0.00146555935515	0.0161211529067	0.000488990847451	0.000243788830126
28	0.0159990229604	0.0223497801661	0.000357220923858	0.000375558753719
29	0.00146555935515	0.0114802149487	0.000554568540141	0.000178211137436
30	0.00317537860283	0.0153883732291	0.000489006947131	0.000243772730446
31	0.000732779677577	0.00977039570103	0.000551440240951	0.000181339436626
32	0.00586223742062	0.0085490962384	0.000575858399842	0.000156921277735
33	0.00415241817294	0.0131900341964	0.00048884096396	0.000243938713617
34	0.0192965315095	0.00977039570103	0.00055239190189	0.000180387775687
35	0.00598436736688	0.0140449438202	0.000489118872016	0.000243660805561
36	0.00488519785051	0.0095261358085	0.000554138818611	0.000178640858966
37	0.00830483634587	0.00977039570103	0.000576691139238	0.000156088538339
38	0.00781631656082	0.00903761602345	0.000574214715	0.000158564962577
39	0.0118466047875	0.00818270639961	0.000579029345274	0.000153750332303
40	0.00232046897899	0.00891548607719	0.000551713633216	0.000181066044361
41	0.00293111871031	0.0112359550562	0.000553631558902	0.000179148118675
42	0.0109916951637	0.00830483634587	0.000578700384052	0.000154079293525
43	0.0127015144113	0.0151441133366	0.000548008103487	0.000184771574089
44	0.00219833903273	0.00830483634587	0.00055455603182	0.000178223645757
45	0.0181973619932	0.00574010747435	0.000571255859214	0.000161523818363
46	0.0062286272594	0.00891548607719	0.000554007021123	0.000178772656454
47	0.00891548607719	0.0113580850024	0.000493943373253	0.000238836304324
48	0.0208842208109	0.00989252564729	0.000498174844276	0.000234604833301
49	0.0134342940889	0.0095261358085	0.000579170676161	0.000153609001416
50	0.00989252564729	0.00989252564729	0.000575104579406	0.000157675098171
51	0.00830483634587	0.0112359550562	0.000510366149496	0.000222413528081
52	0.014411333659	0.00610649731314	0.000574496634995	0.000158283042582
53	0.00781631656082	0.0134342940889	0.000493371499307	0.00023940817827
54	0.0188080117245	0.014411333659	0.000414980911804	0.000317798765773
55	0.0232046897899	0.000977039570103	0.000704033344299	2.87463332784e-05
56	0.0227161700049	0.0129457743039	0.00049290817274	0.000239871504837
57	0.0278456277479	0.0156326331216	0.00050020472826	0.000232574949317
58	0.0075720566683	0.0109916951637	0.00048908949826	0.000243690179317
59	0.0113580850024	0.0142892037128	0.000489202263255	0.000243577414322
60	0.00977039570103	0.0161211529067	0.000491504542661	0.000241275134915
61	0.0158768930142	0.0075720566683	0.000577879762541	0.000154899915036
62	0.0129457743039	0.00903761602345	0.000547884988287	0.00018489468929
63	0.0118466047875	0.00696140693698	0.000573636700263	0.000159142977314
64	0.00940400586224	0.0128236443576	0.000485442491553	0.000247337186024
65	0.0136785539814	0.00806057645335	0.000571331117998	0.000161448559579
66	0.0212506106497	0.00830483634587	0.000573393489062	0.000159386188515
67	0.0252808988764	0.00964826575476	0.000574503747425	0.000158275930152
68	0.0100146555936	0.0124572545188	0.000489407882829	0.000243371794748
69	0.0256472887152	0.0102589154861	0.000495474234346	0.000237305443231
70	0.0214948705423	0.0109916951637	0.000573262319901	0.000159517357676
71	0.00903761602345	0.0085490962384	0.000555006303962	0.000177773373614
72	0.0194186614558	0.0228382999511	0.000374995428038	0.000357784249538
73	0.0227161700049	0.0124572545188	0.000491739372878	0.000241040304699
74	0.0168539325843	0.00806057645335	0.000577775282099	0.000155004395478
75	0.0212506106497	0.00122129946263	0.000707103808184	2.56758693929e-05
76	0.0133121641426	0.00793844650708	0.000571031824451	0.000161747853126
77	0.0188080117245	0.00928187591597	0.000571193113058	0.000161586564519
78	0.0156326331216	0.00732779677577	0.000571785015734	0.000160994661843
79	0.0232046897899	0.014411333659	0.000522808625828	0.000209971051749
80	0.0164875427455	0.0106253053249	0.000572198532862	0.000160581144715
81	0.0464093795799	0.0107474352711	0.000497769284369	0.000235010393208
82	0.0214948705423	0.0107474352711	0.000552219574541	0.000180560103036
83	0.0400586223742	0.00842696629213	0.000503866038542	0.000228913639035
84	0.0224719101124	0.00879335613092	0.000548667776208	0.000184111901369
85	0.0233268197362	0.0108695652174	0.000483251790191	0.000249527887386
86	0.021372740596	0.0138006839277	0.000494043993079	0.000238735684498
87	0.0156326331216	0.00635075720567	0.000575543156908	0.000157236520669
88	0.0256472887152	0.0175867122618	0.000449914289093	0.000282865388484
89	0.0222276502198	0.00879335613092	0.000574256045862	0.000158523631715
90	0.034399934864	0.0112766650383	0.000498545647456	0.000234234030121
91	0.0245481191988	0.0157547630679	0.000486043125911	0.000246736551666
92	0.0232046897899	0.00879335613092	0.000574930922784	0.000157848754792
93	0.0280898876404	0.00806057645335	0.000572697820459	0.000160081857118
94	0.0244259892526	0.00537371763556	0.000551706157758	0.000181073519819
95	0.021372740596	0.00891548607719	0.000568385936564	0.000164393741013
96	0.0158768930142	0.000732779677577	0.000718510104315	1.42695732624e-05
97	0.0229604298974	0.0085490962384	0.000565130956846	0.000167648720731
98	0.0257694186615	0.0118466047875	0.000501340378802	0.000231439298775
99	0.0271128480703	0.0131900341964	0.000497090927175	0.000235688750402
100	0.0293111871031	0.0105031753786	0.000504667744459	0.000228111933118