site	ns_changes	s_changes	ns_sites	s_sites
1	0.00393700787402	0.110236220472	0.00787765870177	0.00393336492028
2	0.0413385826772	0.167322834646	0.00830862871647	0.00350239490558
3	0.011811023622	0.165354330709	0.00868158088304	0.00312944273901
4	0.0216535433071	0.214566929134	0.00797552518124	0.00383549844081
5	0.0	0.102362204724	0.00787401574803	0.00393700787402
6	0.00393700787402	0.125984251969	0.00876077621018	0.00305024741187
7	0.0	0.157480314961	0.00787401574803	0.00393700787402
8	0.00787401574803	0.0944881889764	0.00787669897527	0.00393432464678
9	0.0	0.0708661417323	0.00787401574803	0.00393700787402
10	0.0137795275591	0.0846456692913	0.00791835948722	0.00389266413482
11	0.0	0.125984251969	0.00904747578656	0.00276354783549
12	0.0452755905512	0.108267716535	0.00807935526364	0.00373166835841
13	0.0374015748031	0.206692913386	0.00807636477117	0.00373465885088
14	0.106299212598	0.102362204724	0.00894672289194	0.00286430073011
15	0.0295275590551	0.100393700787	0.00896748868568	0.00284353493637
16	0.0177165354331	0.100393700787	0.00851769003191	0.00329333359014
17	0.0354330708661	0.137795275591	0.00801559362797	0.00379542999408
18	0.0413385826772	0.139763779528	0.00815084417104	0.003660179451
19	0.129921259843	0.0905511811024	0.00884663515669	0.00296438846536
20	0.0570866141732	0.116141732283	0.00819233369777	0.00361868992428
21	0.0275590551181	0.114173228346	0.00864485183272	0.00316617178932
22	0.0295275590551	0.124015748031	0.0088941135495	0.00291691007255
23	0.0157480314961	0.141732283465	0.00874799688394	0.00306302673811
24	0.0295275590551	0.0807086614173	0.00791924374555	0.0038917798765
25	0.112204724409	0.135826771654	0.00856010341691	0.00325092020514
26	0.0866141732283	0.110236220472	0.00923925806564	0.0025717655564
27	0.0216535433071	0.100393700787	0.00856830059631	0.00324272302574
28	0.0610236220472	0.0925196850394	0.00855308848072	0.00325793514133
29	0.0374015748031	0.15157480315	0.00797694773255	0.0038340758895
30	0.218503937008	0.100393700787	0.00872744114152	0.00308358248053
31	0.0295275590551	0.0570866141732	0.00797086959998	0.00384015402207
32	0.173228346457	0.0866141732283	0.00829603441063	0.00351498921141
33	0.0846456692913	0.112204724409	0.00810011425486	0.00371090936719
34	0.166666666667	0.148293963255	0.00881979282621	0.00299123079584
35	0.218503937008	0.152887139108	0.00868613353222	0.00312489008983
36	0.198818897638	0.13188976378	0.00889569227746	0.00291533134459
37	0.0570866141732	0.120078740157	0.00900397488592	0.00280704873613
38	0.0748031496063	0.0944881889764	0.00877263381453	0.00303838980752
39	0.0406824146982	0.156167979003	0.00861287136781	0.00319815225423
40	0.175196850394	0.159448818898	0.00877328047582	0.00303774314623
41	0.187007874016	0.127952755906	0.00879802795858	0.00301299566346
42	0.11811023622	0.106299212598	0.00931787133774	0.0024931522843
43	0.0688976377953	0.0846456692913	0.00801147668334	0.00379954693871
44	0.0275590551181	0.141732283465	0.00788911086013	0.00392191276191
45	0.0570866141732	0.124015748031	0.00860893761803	0.00320208600401
46	0.176509186352	0.106955380577	0.00902286832468	0.00278815529737
47	0.139763779528	0.0925196850394	0.00897242640562	0.00283859721643
48	0.0334645669291	0.0885826771654	0.00847322068012	0.00333780294193
49	0.152887139108	0.189632545932	0.00806043949377	0.00375058412827
50	0.21719160105	0.121391076115	0.00900693365302	0.00280408996903
51	0.215879265092	0.0459317585302	0.0090711698701	0.00273985375195
52	0.0748031496063	0.145669291339	0.00838843892334	0.0034225846987
53	0.145669291339	0.0551181102362	0.0088705755668	0.00294044805524
54	0.194225721785	0.10498687664	0.00869937320552	0.00311165041653
55	0.0807086614173	0.108267716535	0.00804253949983	0.00376848412222
56	0.196850393701	0.0787401574803	0.00904430181514	0.00276672180691
57	0.0905511811024	0.106299212598	0.00883356362299	0.00297745999905
58	0.108267716535	0.112204724409	0.00798924851596	0.00382177510609
59	0.188976377953	0.141732283465	0.00897107844884	0.00283994517321
60	0.185695538058	0.148950131234	0.00866504490273	0.00314597871932
61	0.240157480315	0.0669291338583	0.0099350209117	0.00187600271035
62	0.232283464567	0.0984251968504	0.00887445002106	0.00293657360098
63	0.277559055118	0.124015748031	0.00846676825788	0.00334425536417
64	0.245406824147	0.0892388451444	0.00920628048135	0.0026047431407
65	0.185695538058	0.124015748031	0.00873911907578	0.00307190454627
66	0.122047244094	0.129921259843	0.00833253228495	0.0034784913371
67	0.255905511811	0.0944881889764	0.00950973923835	0.0023012843837
68	0.285433070866	0.0610236220472	0.00981350507258	0.00199751854947
69	0.162073490814	0.105643044619	0.009309584304	0.00250143931804
70	0.251312335958	0.117454068241	0.00927251692808	0.00253850669397
71	0.26968503937	0.13188976378	0.00887091856637	0.00294010505568
72	0.194881889764	0.104330708661	0.0090453733093	0.00276565031275
73	0.0846456692913	0.0925196850394	0.00792919078135	0.0038818328407
74	0.202099737533	0.183727034121	0.00840571645958	0.00340530716246
75	0.106299212598	0.0787401574803	0.00909225119167	0.00271877243038
76	0.194881889764	0.100393700787	0.0074063284216	0.00440469520045
77	0.234251968504	0.0413385826772	0.00970249302778	0.00210853059427
78	0.246062992126	0.127952755906	0.00954934368318	0.00226167993887
79	0.232283464567	0.0551181102362	0.00974662921193	0.00206439441011
80	0.244094488189	0.0905511811024	0.00916816919922	0.00264285442283
81	0.217847769029	0.0958005249344	0.00893642104868	0.00287460257336
82	0.162729658793	0.0971128608924	0.00901793025558	0.00279309336646
83	0.231627296588	0.146325459318	0.00821919726733	0.00359182635472
84	0.270341207349	0.0879265091864	0.00862429537942	0.00318672824263
85	0.245406824147	0.128608923885	0.00801188031366	0.00379914330839
86	0.257217847769	0.0774278215223	0.0090277838157	0.00278323980635
87	0.234251968504	0.107611548556	0.0095764628954	0.00223456072665
88	0.127296587927	0.101049868766	0.00932724810545	0.0024837755166
89	0.175196850394	0.0885826771654	0.00897807862086	0.00283294500119
90	0.269028871391	0.109580052493	0.00911600814909	0.00269501547295
91	0.283464566929	0.102362204724	0.00899632654313	0.00281469707892
92	0.217847769029	0.0761154855643	0.00946209641269	0.00234892720936
93	0.318897637795	0.0688976377953	0.00853811376946	0.00327290985259
94	0.270997375328	0.110892388451	0.00903962775315	0.0027713958689
95	0.261811023622	0.108267716535	0.00828623553037	0.00352478809168
96	0.293307086614	0.11811023622	0.00835385799845	0.0034571656236
97	0.246062992126	0.0807086614173	0.00840457497604	0.003406448646
98	0.225065616798	0.0885826771654	0.00819341533633	0.00361760828571
99	0.215879265092	0.103018372703	0.00897683914566	0.00283418447639
100	0.297244094488	0.11811023622	0.00868924482579	0.00312177879626