site	ns_changes	s_changes	ns_sites	s_sites
1	0.0	0.00293542074364	0.00195694716243	0.000978473581213
2	0.0	0.00195694716243	0.00233525485506	0.000600165888582
3	0.0	0.0	0.00234128639503	0.000594134348614
4	0.0	0.00195694716243	0.00233870144933	0.000596719294315
5	0.00342465753425	0.00342465753425	0.00229192634641	0.00064349439723
6	0.0	0.00489236790607	0.00195694716243	0.000978473581213
7	0.0	0.00391389432485	0.00204890031466	0.000886520428982
8	0.000978473581213	0.00782778864971	0.00195830481799	0.000977115925647
9	0.0	0.00489236790607	0.00195694716243	0.000978473581213
10	0.0	0.00195694716243	0.00195694716243	0.000978473581213
11	0.0	0.00195694716243	0.00195694716243	0.000978473581213
12	0.0	0.00489236790607	0.00195694716243	0.000978473581213
13	0.000978473581213	0.000978473581213	0.00205206818406	0.00088335255958
14	0.00391389432485	0.00293542074364	0.00234140071666	0.000594020026977
15	0.0	0.00293542074364	0.00195694716243	0.000978473581213
16	0.0	0.00195694716243	0.00205205969274	0.000883361050903
17	0.0	0.0	0.00251195675782	0.00042346398582
18	0.00195694716243	0.00489236790607	0.00230331240453	0.000632108339109
19	0.000978473581213	0.00293542074364	0.00233607207883	0.000599348664813
20	0.0	0.00293542074364	0.00235692154669	0.000578499196949
21	0.00293542074364	0.000978473581213	0.00225677462827	0.000678646115368
22	0.000978473581213	0.00293542074364	0.00195694716243	0.000978473581213
23	0.0	0.00391389432485	0.00205119804417	0.00088422269947
24	0.000978473581213	0.000978473581213	0.00234165383142	0.000593766912219
25	0.00293542074364	0.00195694716243	0.00251094229938	0.000424478444263
26	0.0	0.00195694716243	0.00195694716243	0.000978473581213
27	0.000978473581213	0.000978473581213	0.00234065185277	0.000594768890866
28	0.0	0.0	0.00234128639503	0.000594134348614
29	0.00587084148728	0.00587084148728	0.00226455603462	0.000670864709017
30	0.000978473581213	0.00195694716243	0.00240659353483	0.000528827208808
31	0.0	0.00489236790607	0.00195694716243	0.000978473581213
32	0.00587084148728	0.00195694716243	0.00225799060936	0.000677430134277
33	0.0	0.000978473581213	0.00234114278693	0.000594277956708
34	0.00293542074364	0.0	0.00250901557223	0.000426405171414
35	0.00587084148728	0.00195694716243	0.00196267676368	0.000972743979961
36	0.00293542074364	0.00195694716243	0.00228981359025	0.000645607153394
37	0.0	0.00195694716243	0.00251175073096	0.000423670012679
38	0.00391389432485	0.00391389432485	0.00195745271548	0.000977968028162
39	0.00489236790607	0.00782778864971	0.00196226995221	0.000973150791428
40	0.0	0.00391389432485	0.00195694716243	0.000978473581213
41	0.0127201565558	0.00391389432485	0.00196808393952	0.000967336804121
42	0.000978473581213	0.00195694716243	0.00249106679588	0.000444353947757
43	0.0	0.00195694716243	0.00251092662353	0.000424494120114
44	0.00293542074364	0.00587084148728	0.00250689401395	0.000428526729689
45	0.00293542074364	0.00195694716243	0.00250892418363	0.000426496560005
46	0.00195694716243	0.00293542074364	0.00249139700581	0.000444023737828
47	0.00978473581213	0.00195694716243	0.00226126261795	0.000674158125688
48	0.000978473581213	0.00195694716243	0.00234023671357	0.000595184030073
49	0.00293542074364	0.00195694716243	0.0023463220285	0.00058909871514
50	0.000978473581213	0.00293542074364	0.00195830481799	0.000977115925647
51	0.00782778864971	0.0	0.0029135707898	2.18499538397e-05
52	0.00293542074364	0.00195694716243	0.00195721869354	0.0009782020501
53	0.00195694716243	0.000978473581213	0.00250979455289	0.000425626190746
54	0.00391389432485	0.00195694716243	0.00230897666625	0.000626444077389
55	0.00489236790607	0.00293542074364	0.00234141553642	0.000594005207219
56	0.00195694716243	0.00195694716243	0.00250780877277	0.000427611970868
57	0.00293542074364	0.00195694716243	0.00225805650552	0.00067736423812
58	0.00293542074364	0.00195694716243	0.00229296895671	0.000642451786933
59	0.00782778864971	0.00684931506849	0.0016671736031	0.00126824714054
60	0.00195694716243	0.000978473581213	0.00230069229388	0.000634728449757
61	0.00293542074364	0.00391389432485	0.00231729888558	0.000618121858063
62	0.00195694716243	0.00195694716243	0.00234486141802	0.000590559325617
63	0.00391389432485	0.00293542074364	0.00230132327409	0.00063409746955
64	0.00195694716243	0.00195694716243	0.00233208457066	0.000603336172984
65	0.00391389432485	0.00293542074364	0.00226658196933	0.000668838774315
66	0.00293542074364	0.000978473581213	0.00196645075139	0.000968969992251
67	0.00195694716243	0.00489236790607	0.00205072818947	0.000884692554171
68	0.00538160469667	0.000489236790607	0.00231963513187	0.000615785611769
69	0.00587084148728	0.00587084148728	0.00196099974026	0.000974421003381
70	0.00195694716243	0.000978473581213	0.00250874366205	0.000426677081585
71	0.00293542074364	0.00684931506849	0.00133346627443	0.00160195446921
72	0.00684931506849	0.00391389432485	0.00230180079551	0.000633619948126
73	0.00587084148728	0.00293542074364	0.00232779110396	0.000607629639682
74	0.0107632093933	0.00293542074364	0.00234311663278	0.000592304110865
75	0.00293542074364	0.00587084148728	0.0025084032615	0.000427017482137
76	0.00489236790607	0.00587084148728	0.0019699769295	0.000965443814137
77	0.00293542074364	0.00293542074364	0.00228976901879	0.000645651724847
78	0.0117416829746	0.00293542074364	0.00125991942555	0.00167550131809
79	0.00391389432485	0.000978473581213	0.00247764082413	0.000457779919514
80	0.00880626223092	0.000978473581213	0.00230138680107	0.000634033942571
81	0.0107632093933	0.00782778864971	0.00196402663695	0.000971394106691
82	0.013698630137	0.00587084148728	0.00198474419502	0.000950676548623
83	0.00587084148728	0.00195694716243	0.00225662226663	0.000678798477013
84	0.013698630137	0.00195694716243	0.00201486257622	0.000920558167416
85	0.00489236790607	0.0	0.00290253185572	3.28888879206e-05
86	0.00782778864971	0.00391389432485	0.00198530562714	0.000950115116503
87	0.0117416829746	0.00293542074364	0.00250046362229	0.000434957121347
88	0.00391389432485	0.00195694716243	0.00231571475913	0.000619705984507
89	0.00587084148728	0.0	0.0025112076773	0.000424213066343
90	0.00489236790607	0.00195694716243	0.00234294713258	0.000592473611063
91	0.00684931506849	0.000978473581213	0.00228969013463	0.00064573060901
92	0.00684931506849	0.00293542074364	0.00196772671523	0.000967694028407
93	0.00880626223092	0.000978473581213	0.00248826818592	0.00044715255772
94	0.0156555772994	0.000978473581213	0.00198820260209	0.000947218141545
95	0.00391389432485	0.00293542074364	0.00236825529038	0.000567165453258
96	0.0117416829746	0.00489236790607	0.00195641693135	0.000979003812292
97	0.00293542074364	0.00293542074364	0.00225706506308	0.000678355680563
98	0.00391389432485	0.00195694716243	0.00226565693344	0.000669763810201
99	0.00489236790607	0.000978473581213	0.00195749714028	0.000977923603363
100	0.00880626223092	0.00391389432485	0.00250060316049	0.000434817583148