site	ns_changes	s_changes	ns_sites	s_sites
1	0.0	0.00122129946263	0.000488519785051	0.000244259892526
2	0.0	0.00146555935515	0.000488519785051	0.000244259892526
3	0.0	0.000488519785051	0.000488519785051	0.000244259892526
4	0.0	0.000732779677577	0.000488519785051	0.000244259892526
5	0.0	0.000732779677577	0.000543294303829	0.000189485373748
6	0.0	0.000244259892526	0.000545591289007	0.00018718838857
7	0.0	0.000244259892526	0.000543254917154	0.000189524760422
8	0.0	0.00146555935515	0.000488519785051	0.000244259892526
9	0.0	0.000732779677577	0.000488519785051	0.000244259892526
10	0.0	0.000488519785051	0.000488519785051	0.000244259892526
11	0.000244259892526	0.000244259892526	0.000543293388433	0.000189486289144
12	0.0	0.000977039570103	0.000543256915029	0.000189522762548
13	0.000244259892526	0.000488519785051	0.000488570407647	0.00024420926993
14	0.0	0.000732779677577	0.000488519785051	0.000244259892526
15	0.0	0.000977039570103	0.000488519785051	0.000244259892526
16	0.0	0.000244259892526	0.000543256058797	0.00018952361878
17	0.0	0.000488519785051	0.000543256344208	0.000189523333369
18	0.0	0.000488519785051	0.000488519785051	0.000244259892526
19	0.0	0.000488519785051	0.000568485911272	0.000164293766305
20	0.000244259892526	0.000244259892526	0.00054560706073	0.000187172616847
21	0.000488519785051	0.000732779677577	0.000560899641134	0.000171880036443
22	0.000488519785051	0.000977039570103	0.000560971692417	0.00017180798516
23	0.0	0.000977039570103	0.000488519785051	0.000244259892526
24	0.0	0.000732779677577	0.000488519785051	0.000244259892526
25	0.000977039570103	0.000488519785051	0.000571115306205	0.000161664371372
26	0.00170981924768	0.0	0.000488714356262	0.000244065321315
27	0.0	0.000732779677577	0.000545565602045	0.000187214075532
28	0.000244259892526	0.00146555935515	0.000488651403801	0.000244128273776
29	0.000977039570103	0.000244259892526	0.000581471484378	0.000151308193199
30	0.000488519785051	0.000488519785051	0.000568197131349	0.000164582546228
31	0.0	0.000244259892526	0.000545590147364	0.000187189530213
32	0.000244259892526	0.000732779677577	0.000488529550169	0.000244250127408
33	0.0	0.000488519785051	0.000543255202565	0.000189524475012
34	0.00122129946263	0.000244259892526	0.000535871352982	0.000196908324595
35	0.000244259892526	0.000977039570103	0.000570847042802	0.000161932634775
36	0.0	0.000732779677577	0.000543260054547	0.00018951962303
37	0.000244259892526	0.000977039570103	0.00048852990957	0.000244249768006
38	0.00195407914021	0.0	0.000732151787939	6.2788963829e-07
39	0.0	0.000977039570103	0.000488519785051	0.000244259892526
40	0.00561797752809	0.00146555935515	0.000488742277828	0.000244037399749
41	0.00268685881778	0.000732779677577	0.000560987460039	0.000171792217538
42	0.0	0.000977039570103	0.000488519785051	0.000244259892526
43	0.00170981924768	0.000977039570103	0.000536046167521	0.000196733510056
44	0.000488519785051	0.000244259892526	0.000488519785051	0.000244259892526
45	0.0	0.000977039570103	0.000488519785051	0.000244259892526
46	0.000488519785051	0.000244259892526	0.000568418335524	0.000164361342053
47	0.0	0.00122129946263	0.000545585580793	0.000187194096784
48	0.000488519785051	0.000732779677577	0.000545661611357	0.00018711806622
49	0.00219833903273	0.000244259892526	0.000488991974705	0.000243787702872
50	0.0	0.000977039570103	0.000571413597696	0.000161366079881
51	0.0	0.000977039570103	0.000568488067682	0.000164291609895
52	0.00366389838788	0.000977039570103	0.000489333446476	0.000243446231101
53	0.000732779677577	0.000732779677577	0.000324985266771	0.000407794410806
54	0.00122129946263	0.0	0.000730349252984	2.4304245929e-06
55	0.00195407914021	0.000732779677577	0.000488961992347	0.00024381768523
56	0.000244259892526	0.0	0.00073266470368	1.14973896984e-07
57	0.000977039570103	0.000244259892526	0.000568432413462	0.000164347264115
58	0.00341963849536	0.00122129946263	0.000459998045346	0.000272781632231
59	0.000977039570103	0.000244259892526	0.000568354242084	0.000164425435493
60	0.00341963849536	0.000977039570103	0.000488678891007	0.00024410078657
61	0.00341963849536	0.000732779677577	0.000489394639495	0.000243385038082
62	0.00146555935515	0.000244259892526	0.00057110369102	0.000161675986557
63	0.00219833903273	0.00195407914021	0.000488668277999	0.000244111399578
64	0.000488519785051	0.000244259892526	0.000581216857663	0.000151562819914
65	0.00122129946263	0.000244259892526	0.000561014401004	0.000171765276573
66	0.00170981924768	0.00170981924768	0.000421172160013	0.000311607517564
67	0.00268685881778	0.000732779677577	0.000489152895612	0.000243626781965
68	0.000732779677577	0.0	0.000560997648011	0.000171782029566
69	0.000732779677577	0.000732779677577	0.000488528629197	0.00024425104838
70	0.000244259892526	0.000488519785051	0.000488519785051	0.000244259892526
71	0.00341963849536	0.000244259892526	0.000490076623766	0.000242703053811
72	0.000977039570103	0.000977039570103	0.000488667486322	0.000244112191254
73	0.000488519785051	0.000488519785051	0.000568410349633	0.000164369327944
74	0.00122129946263	0.000244259892526	0.000659715400974	7.30642766027e-05
75	0.00122129946263	0.000244259892526	0.000571084337096	0.000161695340481
76	0.00268685881778	0.000732779677577	0.000488410242423	0.000244369435154
77	0.000732779677577	0.0	0.000732710897581	6.87799954871e-08
78	0.00122129946263	0.000244259892526	0.000571220220991	0.000161559456586
79	0.000977039570103	0.000488519785051	0.000544588965342	0.000188190712235
80	0.00122129946263	0.00122129946263	0.000488576593232	0.000244203084344
81	0.000244259892526	0.00195407914021	0.000543261646693	0.000189518030884
82	0.00170981924768	0.000244259892526	0.000542094284625	0.000190685392952
83	0.00170981924768	0.000488519785051	0.00048887732014	0.000243902357437
84	0.00170981924768	0.0	0.000581522023109	0.000151257654468
85	0.000977039570103	0.00122129946263	0.00056840179428	0.000164377883297
86	0.00146555935515	0.000244259892526	0.000568406787883	0.000164372889694
87	0.00268685881778	0.000732779677577	0.000567885997651	0.000164893679926
88	0.00146555935515	0.000732779677577	0.000488887779161	0.000243891898416
89	0.00146555935515	0.000244259892526	0.000581358321331	0.000151421356246
90	0.000977039570103	0.000244259892526	0.000560853405337	0.00017192627224
91	0.00219833903273	0.000244259892526	0.000561118243491	0.000171661434086
92	0.00122129946263	0.000488519785051	0.000545811695975	0.000186967981602
93	0.00219833903273	0.000244259892526	0.000488646731578	0.000244132945999
94	0.00122129946263	0.000732779677577	0.000581385324309	0.000151394353268
95	0.00244259892526	0.000488519785051	0.000568253186378	0.000164526491199
96	0.00170981924768	0.000732779677577	0.000560955277867	0.00017182439971
97	0.000488519785051	0.000488519785051	0.000571267103152	0.000161512574425
98	0.000732779677577	0.000732779677577	0.000568412174518	0.000164367503059
99	0.00170981924768	0.000977039570103	0.000488519785051	0.000244259892526
100	0.00195407914021	0.00146555935515	0.000489606525334	0.000243173152243