site	ns_changes	s_changes	ns_sites	s_sites
1	0.00684261974585	0.0571847507331	0.000983558566878	0.000482717092946
2	0.00219941348974	0.0422776148583	0.00108680788585	0.000379467773975
3	0.00146627565982	0.0562072336266	0.000978151095521	0.000488124564303
4	0.00684261974585	0.0493646138807	0.000979640064801	0.000486635595023
5	0.00146627565982	0.0513196480938	0.000978872882633	0.000487402777191
6	0.00513196480938	0.0574291300098	0.000980096219899	0.000486179439925
7	0.000488758553275	0.0322580645161	0.00108759875551	0.000378676904312
8	0.0259042033236	0.0376344086022	0.00120142487983	0.000264850779992
9	0.0461876832845	0.0310361681329	0.00116373209271	0.000302543567116
10	0.0019550342131	0.0557184750733	0.000977876923126	0.000488398736698
11	0.00537634408602	0.058651026393	0.000981983518512	0.000484292141312
12	0.0210166177908	0.0327468230694	0.00118120792929	0.000285067730536
13	0.00488758553275	0.0200391006843	0.00114728807883	0.000318987580998
14	0.0173509286413	0.0369012707722	0.00111131134663	0.000354964313192
15	0.0256598240469	0.0432551319648	0.00106965911535	0.000396616544477
16	0.0422776148583	0.0437438905181	0.00111375396179	0.000352521698032
17	0.0413000977517	0.0373900293255	0.00115287379263	0.000313401867189
18	0.0204463994787	0.0489573150863	0.00101533108519	0.000450944574638
19	0.0518084066471	0.0386119257087	0.00111100829589	0.000355267363938
20	0.00439882697947	0.0224828934506	0.00113438507088	0.000331890588942
21	0.0180840664712	0.0459433040078	0.000991161346943	0.000475114312881
22	0.0112414467253	0.0508308895406	0.000981532305998	0.000484743353826
23	0.00708699902248	0.0413000977517	0.00105274229889	0.000413533360939
24	0.0285923753666	0.0388563049853	0.00120821791607	0.00025805774375
25	0.0544965786901	0.0432551319648	0.00111206235309	0.00035421330673
26	0.00733137829912	0.0547409579668	0.000978698933327	0.000487576726497
27	0.0193059628543	0.0564516129032	0.00101071503601	0.000455560623814
28	0.0657380254154	0.0334799608993	0.00113979693841	0.000326478721415
29	0.0537634408602	0.0395894428152	0.00113706712338	0.000329208536442
30	0.0645161290323	0.0449657869013	0.00111364766142	0.0003526279984
31	0.0109970674487	0.0608504398827	0.00098279701736	0.000483478642464
32	0.0662267839687	0.0466764418377	0.00111412591937	0.000352149740457
33	0.0180840664712	0.0474095796676	0.00098602830712	0.000480247352704
34	0.0146627565982	0.0581622678397	0.000984583193975	0.000481692465849
35	0.0757575757576	0.0117302052786	0.00135457093928	0.000111704720539
36	0.08357771261	0.0305474095797	0.00121396004649	0.000252315613336
37	0.0657380254154	0.0310361681329	0.00117646612446	0.000289809535362
38	0.0151515151515	0.0332355816227	0.00112568619072	0.000340589469109
39	0.0119745845552	0.0437438905181	0.00107337230327	0.000392903356558
40	0.0674486803519	0.0459433040078	0.00106267704077	0.000403598619058
41	0.05596285435	0.032991202346	0.00113385832473	0.00033241733509
42	0.0913978494624	0.0522971652004	0.00105767961389	0.000408596045934
43	0.0628054740958	0.0227272727273	0.00122088842643	0.000245387233392
44	0.0740469208211	0.0237047898338	0.00124388405395	0.000222391605872
45	0.0921309872923	0.0290811339198	0.0011559223245	0.000310353335324
46	0.0454545454545	0.0342130987292	0.00120051163489	0.000265764024933
47	0.0224828934506	0.0659824046921	0.000982951149296	0.000483324510528
48	0.0904203323558	0.0327468230694	0.00117776814216	0.000288507517666
49	0.0342130987292	0.0371456500489	0.00117876602223	0.000287509637599
50	0.0725806451613	0.0295698924731	0.00119567407419	0.000270601585634
51	0.0239491691105	0.0547409579668	0.00098415757225	0.000482118087574
52	0.0742913000978	0.0361681329423	0.00117283035879	0.000293445301033
53	0.0551482567612	0.0382046269143	0.00118000004774	0.000286275612089
54	0.0285923753666	0.057917888563	0.000988301538359	0.000477974121465
55	0.0755131964809	0.0427663734115	0.00116801234298	0.000298263316844
56	0.0642717497556	0.0246823069404	0.00120568683143	0.00026058882839
57	0.0896871945259	0.0354349951124	0.00114892810105	0.000317347558774
58	0.0351906158358	0.044477028348	0.00099676573398	0.000469509925844
59	0.0497719126751	0.0298957315086	0.00111912660016	0.000347149059661
60	0.0288367546432	0.030303030303	0.00115243798353	0.000313837676292
61	0.0891984359726	0.0395894428152	0.00113835953539	0.000327916124432
62	0.0806451612903	0.0317693059629	0.00114558594028	0.000320689719549
63	0.0518084066471	0.0386119257087	0.0011798092818	0.000286466378025
64	0.0823558162268	0.0584066471163	0.000993319800319	0.000472955859505
65	0.0641902899967	0.0396709025741	0.00108584749327	0.000380428166551
66	0.0200391006843	0.0351906158358	0.00106177195518	0.00040450370464
67	0.0422776148583	0.0246823069404	0.00113894914808	0.00032732651174
68	0.0674486803519	0.0508308895406	0.000995173010913	0.000471102648911
69	0.0806451612903	0.0146627565982	0.00130950169255	0.000156773967272
70	0.0635386119257	0.0493646138807	0.00101955532674	0.000446720333085
71	0.0972629521017	0.039100684262	0.00110169526603	0.00036458039379
72	0.0588954056696	0.0422776148583	0.00116034811138	0.00030592754844
73	0.0984848484848	0.0369012707722	0.0010542873819	0.000411988277928
74	0.066715542522	0.0109970674487	0.00137372063705	9.25550227736e-05
75	0.0847996089932	0.0312805474096	0.00120520311775	0.000261072542077
76	0.103861192571	0.0369012707722	0.00114770889711	0.000318566762716
77	0.0393450635386	0.0305474095797	0.00109767699665	0.000368598663171
78	0.084229390681	0.0477354187032	0.00100318464917	0.000463091010657
79	0.0948191593353	0.0254154447703	0.00119892970401	0.000267345955811
80	0.0817855979146	0.0272075594656	0.00115245066415	0.000313824995672
81	0.0752688172043	0.0478983382209	0.00113199711447	0.000334278545359
82	0.097018572825	0.0129521016618	0.00135020650454	0.000116069155285
83	0.116568914956	0.039100684262	0.00111384719544	0.000352428464383
84	0.0933528836755	0.0283479960899	0.00116817471284	0.000298100946988
85	0.09229390681	0.0318507657217	0.00116455043619	0.000301725223631
86	0.0733137829912	0.0322580645161	0.00111951918317	0.000346756476656
87	0.11412512219	0.0256598240469	0.00119919866942	0.000267076990408
88	0.0882209188661	0.0403225806452	0.00109424065363	0.000372035006191
89	0.111111111111	0.0452916259368	0.00109934770382	0.000366927956005
90	0.088954056696	0.0359237536657	0.00113046064414	0.000335815015683
91	0.104594330401	0.0327468230694	0.00114275229063	0.000323523369194
92	0.0608504398827	0.0369012707722	0.00108400250912	0.000382273150701
93	0.0796676441838	0.0359237536657	0.0011030989563	0.000363176703522
94	0.0838220918866	0.0300586510264	0.0010806818501	0.000385593809721
95	0.11339198436	0.0405669599218	0.00111544813495	0.000350827524874
96	0.0918866080156	0.0425219941349	0.000988804492005	0.000477471167819
97	0.0891984359726	0.0241935483871	0.00114528559652	0.000320990063305
98	0.113880742913	0.0415444770283	0.00104374996343	0.000422525696398
99	0.0935972629521	0.0376344086022	0.00111429776647	0.000351977893358
100	0.107038123167	0.0190615835777	0.00126178497269	0.000204490687136