site	ns_changes	s_changes	ns_sites	s_sites
1	0.00586223742062	0.125305324866	0.000547568169159	0.000185211508418
2	0.026502198339	0.179164631168	0.000495317016011	0.000237462661566
3	0.0354991043804	0.177984041687	0.000506107633027	0.00022667204455
4	0.0263800683928	0.186858817782	0.000493859183607	0.00023892049397
5	0.00293111871031	0.133610161212	0.000547265835532	0.000185513842045
6	0.0102996254682	0.133813711122	0.000547261514781	0.000185518162796
7	0.00740921673994	0.129376323074	0.000546372188431	0.000186407489146
8	0.00659501709819	0.12188568637	0.000548209520355	0.000184570157222
9	0.00635075720567	0.186370297997	0.000489793218495	0.000242986459082
10	0.0130679042501	0.191133365901	0.000492369415225	0.000240410262351
11	0.013027194268	0.125712424687	0.000547306237263	0.000185473440314
12	0.085490962384	0.148754274548	0.000526940255136	0.000205839422441
13	0.0801986647126	0.154290832112	0.000521056039667	0.000211723637909
14	0.0755170167725	0.125671714704	0.000556048730125	0.000176730947452
15	0.045554469956	0.173058133854	0.000505703467835	0.000227076209742
16	0.0277642077837	0.137111219671	0.000548367410135	0.000184412267442
17	0.10706725289	0.151359713402	0.000526022129172	0.000206757548405
18	0.0282120175867	0.125793844651	0.000548637483682	0.000184142193895
19	0.118710307767	0.135319980459	0.000544193991375	0.000188585686202
20	0.082234163817	0.148835694512	0.000513763306349	0.000219016371228
21	0.0593551538837	0.177821201759	0.000500822111797	0.00023195756578
22	0.0411170819085	0.138006839277	0.000541218795566	0.000191560882011
23	0.0858573522228	0.171348314607	0.000511458528404	0.000221321149173
24	0.053900016284	0.172040384302	0.000497591299301	0.000235188378276
25	0.145334636053	0.148306464745	0.000532947451552	0.000199832226025
26	0.0359062042013	0.118099658036	0.00054543545279	0.000187344224787
27	0.064118221788	0.17647777235	0.000501760423045	0.000231019254532
28	0.0945285784074	0.160967269174	0.000511087860887	0.00022169181669
29	0.0383895131086	0.130556912555	0.000547669073063	0.000185110604514
30	0.0368425337893	0.122170656245	0.000547578697905	0.000185200979672
31	0.0600879335613	0.185393258427	0.000498365280846	0.000234414396731
32	0.147248005211	0.131696792053	0.000546360718528	0.000186418959049
33	0.109998371601	0.15404657222	0.000518028825559	0.000214750852018
34	0.0684741898714	0.120216577105	0.000547545346263	0.000185234331314
35	0.114435759648	0.123595505618	0.000553539312511	0.000179240365065
36	0.0814199641752	0.126323074418	0.000545572052189	0.000187207625388
37	0.0745399772024	0.123188405797	0.000547553180604	0.000185226496973
38	0.0560169353525	0.125468164794	0.00054839511998	0.000184384557597
39	0.216129294903	0.122903435922	0.000547107426039	0.000185672251537
40	0.169719915323	0.122984855887	0.000544201364913	0.000188578312664
41	0.0633447321283	0.132307441785	0.000548539053369	0.000184240624208
42	0.138088259241	0.150911903599	0.00052760725754	0.000205172420037
43	0.0873229115779	0.124206155349	0.000551319693246	0.000181459984331
44	0.0926559192314	0.136459859958	0.000541101816541	0.000191677861036
45	0.107677902622	0.11797752809	0.000550112999674	0.000182666677903
46	0.203509200456	0.143584106823	0.000527010688245	0.000205768989332
47	0.174605113174	0.142322097378	0.000539923462614	0.000192856214963
48	0.134627910764	0.154087282202	0.000516915973551	0.000215863704026
49	0.217961244097	0.122740595994	0.000551407460559	0.000181372217018
50	0.194593714379	0.125508874776	0.000552762123378	0.000180017554199
51	0.152540302882	0.126526624328	0.000555912010261	0.000176867667316
52	0.188935026869	0.139350268686	0.000538568958369	0.000194210719208
53	0.174971503013	0.148184334799	0.000534091057528	0.000198688620049
54	0.193494544862	0.119524507409	0.000547038835427	0.00018574084215
55	0.193983064647	0.126608044292	0.000551303759937	0.00018147591764
56	0.143380556913	0.123025565869	0.000546614453097	0.00018616522448
57	0.137111219671	0.125793844651	0.000549517619667	0.000183262057909
58	0.191621885686	0.154738641915	0.000523153843842	0.000209625833735
59	0.184375508875	0.14509037616	0.000518612998554	0.000214166679023
60	0.223782771536	0.122822015958	0.000553478579092	0.000179301098484
61	0.261398794985	0.111708190848	0.000565421206479	0.000167358471098
62	0.228708679368	0.121600716496	0.000549695189819	0.000183084487758
63	0.180793030451	0.119768767302	0.000547205691742	0.000185573985835
64	0.167887966129	0.124368995278	0.00054911893032	0.000183660747257
65	0.234448786843	0.11895456766	0.000559809934042	0.000172969743535
66	0.196914183358	0.132226021821	0.000541111881508	0.000191667796069
67	0.203712750366	0.121275036639	0.000544207831327	0.00018857184625
68	0.261480214949	0.125671714704	0.000548751004357	0.00018402867322
69	0.193575964827	0.114354339684	0.000544838474463	0.000187941203114
70	0.210144927536	0.110324051457	0.000548639738667	0.00018413993891
71	0.176152092493	0.123758345546	0.000547777302031	0.000185002375546
72	0.23343103729	0.123391955708	0.000541879616396	0.000190900061181
73	0.263027194268	0.128073603648	0.00055335895022	0.000179420727357
74	0.248575150627	0.125753134669	0.000549386735327	0.00018339294225
75	0.248900830484	0.110446181404	0.000558857412446	0.000173922265131
76	0.244422732454	0.135604950334	0.000526569590161	0.000206210087416
77	0.23811268523	0.121071486729	0.000548447143004	0.000184332534572
78	0.259770395701	0.128765673343	0.000542392622414	0.000190387055163
79	0.266853932584	0.119524507409	0.000533511119961	0.000199268557616
80	0.269377951474	0.119239537535	0.000548373099815	0.000184406577762
81	0.259485425826	0.130027682788	0.000529032155795	0.000203747521782
82	0.271739130435	0.106415893177	0.00055060592993	0.000182173747647
83	0.275403028823	0.103606904413	0.000559764306405	0.000173015371172
84	0.288511643055	0.133203061391	0.00052691371432	0.000205865963257
85	0.277438527927	0.111911740759	0.000550914135882	0.000181865541695
86	0.253541768442	0.105805243446	0.000551662397318	0.000181117280259
87	0.284196384954	0.130556912555	0.000538950172436	0.000193829505141
88	0.271413450578	0.113865819899	0.000559159122688	0.000173620554889
89	0.279026217228	0.126933724149	0.000538669835172	0.000194109842405
90	0.318759159746	0.113336590132	0.000548592172608	0.000184187504969
91	0.294740270314	0.120623676926	0.000536151559371	0.000196628118206
92	0.295595179938	0.122333496173	0.00053511114289	0.000197668534687
93	0.312449112522	0.115209249308	0.000553760076451	0.000179019601126
94	0.308418824296	0.108980622049	0.000542649434739	0.000190130242838
95	0.305446995603	0.0998615860609	0.000568892444981	0.000163887232596
96	0.29388536069	0.117936818108	0.000544594032215	0.000188185645362
97	0.278822667318	0.11056831135	0.000552770690556	0.000180008987021
98	0.308988764045	0.124816805081	0.000546754450308	0.000186025227269
99	0.295350920046	0.132714541606	0.000520642760053	0.000212136917524
100	0.258223416382	0.0911089399121	0.000592024857297	0.00014075482028