site	ns_changes	s_changes	ns_sites	s_sites
1	0.00196078431373	0.0196078431373	0.00392209960873	0.00196025333245
2	0.0	0.0078431372549	0.00484179684881	0.00104055609237
3	0.0	0.00392156862745	0.00392156862745	0.00196078431373
4	0.0490196078431	0.00980392156863	0.00424611424699	0.00163623869418
5	0.0	0.00392156862745	0.00483471874622	0.00104763419496
6	0.0	0.00392156862745	0.00392156862745	0.00196078431373
7	0.0	0.0078431372549	0.00392156862745	0.00196078431373
8	0.0	0.0137254901961	0.00392156862745	0.00196078431373
9	0.00196078431373	0.0176470588235	0.00395748491728	0.0019248680239
10	0.0	0.0235294117647	0.00479649699223	0.00108585594894
11	0.0	0.0	0.00392156862745	0.00196078431373
12	0.00196078431373	0.0078431372549	0.00517590035695	0.000706452584224
13	0.0	0.00588235294118	0.00392156862745	0.00196078431373
14	0.0078431372549	0.0235294117647	0.0039463384825	0.00193601445867
15	0.00196078431373	0.00588235294118	0.00392156862745	0.00196078431373
16	0.0	0.0078431372549	0.00392156862745	0.00196078431373
17	0.00588235294118	0.0078431372549	0.00460480618683	0.00127754675435
18	0.00196078431373	0.0137254901961	0.00479753833499	0.00108481460619
19	0.00588235294118	0.0176470588235	0.00392684904029	0.00195550390089
20	0.00392156862745	0.0	0.00486530710456	0.00101704583661
21	0.0254901960784	0.00392156862745	0.00435875656915	0.00152359637203
22	0.00980392156863	0.0078431372549	0.00508471394221	0.000797638998963
23	0.00392156862745	0.00196078431373	0.00484175610354	0.00104059683763
24	0.0117647058824	0.0137254901961	0.00446255480443	0.00141979813675
25	0.0156862745098	0.0117647058824	0.00461231746554	0.00127003547564
26	0.0176470588235	0.00980392156863	0.00445549033075	0.00142686261043
27	0.00196078431373	0.00196078431373	0.00460616665114	0.00127618629004
28	0.0196078431373	0.00980392156863	0.00459323248851	0.00128912045266
29	0.0137254901961	0.00588235294118	0.00465422996705	0.00122812297413
30	0.0	0.00392156862745	0.00482622502311	0.00105612791806
31	0.00392156862745	0.00196078431373	0.00484334885183	0.00103900408935
32	0.0117647058824	0.0	0.0045900036803	0.00129234926088
33	0.0156862745098	0.0078431372549	0.004583601666	0.00129875127518
34	0.00196078431373	0.0078431372549	0.00482436988339	0.00105798305778
35	0.0117647058824	0.00196078431373	0.00514799564972	0.000734357291454
36	0.0	0.00392156862745	0.00392156862745	0.00196078431373
37	0.0176470588235	0.0294117647059	0.00418129717284	0.00170105576833
38	0.0	0.00980392156863	0.00417150053352	0.00171085240765
39	0.00196078431373	0.0117647058824	0.00414653002446	0.00173582291672
40	0.0107843137255	0.0147058823529	0.00396146874671	0.00192088419447
41	0.0156862745098	0.00980392156863	0.00459711824598	0.0012852346952
42	0.00588235294118	0.0078431372549	0.00513770696896	0.000744645972218
43	0.00392156862745	0.0078431372549	0.0051535707609	0.000728782180276
44	0.0137254901961	0.00196078431373	0.0040258760823	0.00185647685888
45	0.00588235294118	0.00392156862745	0.00460407683544	0.00127827610574
46	0.00196078431373	0.0078431372549	0.00392493689419	0.00195741604699
47	0.0117647058824	0.0078431372549	0.00452182480771	0.00136052813346
48	0.00980392156863	0.0117647058824	0.00514161860567	0.000740734335506
49	0.0235294117647	0.00392156862745	0.0056730253604	0.000209327580772
50	0.0196078431373	0.00588235294118	0.00437987412891	0.00150247881226
51	0.00980392156863	0.00196078431373	0.00476371234919	0.00111864059199
52	0.0117647058824	0.0078431372549	0.00460304836411	0.00127930457707
53	0.00392156862745	0.0078431372549	0.00392493689419	0.00195741604699
54	0.0156862745098	0.0137254901961	0.00448714660974	0.00139520633144
55	0.0078431372549	0.00980392156863	0.00433057718782	0.00155177575336
56	0.00392156862745	0.00196078431373	0.0040289778965	0.00185337504468
57	0.00588235294118	0.00196078431373	0.00484941516367	0.00103293777751
58	0.0450980392157	0.0254901960784	0.00410517211875	0.00177718082242
59	0.0254901960784	0.0137254901961	0.00449213555572	0.00139021738546
60	0.00196078431373	0.00588235294118	0.00413624223528	0.00174611070589
61	0.0117647058824	0.00392156862745	0.00449823481667	0.0013841181245
62	0.0156862745098	0.00980392156863	0.00449230188566	0.00139005105551
63	0.0137254901961	0.00588235294118	0.00473147036067	0.00115088258051
64	0.00196078431373	0.00588235294118	0.0039222422808	0.00196011066038
65	0.0333333333333	0.00392156862745	0.00443684558748	0.0014455073537
66	0.0137254901961	0.0176470588235	0.00459929266524	0.00128306027594
67	0.0176470588235	0.00588235294118	0.00394006484111	0.00194228810007
68	0.0235294117647	0.00392156862745	0.00540695322414	0.000475399717041
69	0.0156862745098	0.00196078431373	0.00445122407757	0.00143112886361
70	0.0078431372549	0.00588235294118	0.00412755730012	0.00175479564105
71	0.0176470588235	0.00588235294118	0.00508246553079	0.000799887410385
72	0.0156862745098	0.00588235294118	0.00486842641225	0.00101392652893
73	0.00980392156863	0.0176470588235	0.00465054040142	0.00123181253976
74	0.0539215686275	0.0166666666667	0.00385383482794	0.00202851811323
75	0.00588235294118	0.00588235294118	0.0048947340333	0.000987618907874
76	0.0196078431373	0.0078431372549	0.00526250082082	0.000619852120353
77	0.0196078431373	0.00980392156863	0.00512062346753	0.000761729473645
78	0.0176470588235	0.0137254901961	0.0045885539187	0.00129379902247
79	0.0441176470588	0.00490196078431	0.00410138949327	0.00178096344791
80	0.00588235294118	0.0	0.00392156862745	0.00196078431373
81	0.0235294117647	0.00588235294118	0.00497082421406	0.000911528727119
82	0.0176470588235	0.0078431372549	0.00472239473841	0.00115995820277
83	0.0196078431373	0.0156862745098	0.00451017482257	0.00137217811861
84	0.0372549019608	0.00980392156863	0.00394043666679	0.00194191627439
85	0.043137254902	0.00588235294118	0.0049568473013	0.000925505639878
86	0.0274509803922	0.021568627451	0.0039398784316	0.00194247450958
87	0.0117647058824	0.00196078431373	0.00490326541444	0.000979087526741
88	0.0176470588235	0.00196078431373	0.00484014210495	0.00104221083623
89	0.0117647058824	0.00196078431373	0.00568570077205	0.000196652169127
90	0.0196078431373	0.0117647058824	0.00511079751672	0.000771555424461
91	0.021568627451	0.0137254901961	0.00460142201536	0.00128093092581
92	0.021568627451	0.0078431372549	0.00511670157321	0.000765651367965
93	0.0343137254902	0.0186274509804	0.00396744924913	0.00191490369205
94	0.0372549019608	0.0117647058824	0.00481143237826	0.00107092056292
95	0.0137254901961	0.00588235294118	0.00407202860131	0.00181032433986
96	0.0254901960784	0.00196078431373	0.00563766576265	0.000244687178523
97	0.043137254902	0.0196078431373	0.00442397960744	0.00145837333373
98	0.0254901960784	0.0078431372549	0.00475774796193	0.00112460497924
99	0.0176470588235	0.00588235294118	0.00475783989467	0.00112451304651
100	0.0362745098039	0.0127450980392	0.00464613777724	0.00123621516394