site	ns_changes	s_changes	ns_sites	s_sites
1	0.00341963849536	0.0446995603322	0.000488960946963	0.000243818730614
2	0.00451880801172	0.0472642892037	0.000489288953467	0.00024349072411
3	0.00610649731314	0.0574010747435	0.000489532886529	0.000243246791048
4	0.00146555935515	0.0310210063508	0.000544863864598	0.000187915812979
5	0.0285784074255	0.0341963849536	0.000557979035678	0.000174800641899
6	0.00903761602345	0.0476306790425	0.000490462473821	0.000242317203756
7	0.00158768930142	0.0453102100635	0.000488767615854	0.000244012061723
8	0.00268685881778	0.0403028822667	0.000546561651303	0.000186218026274
9	0.00219833903273	0.0481191988276	0.000490390314646	0.00024238936293
10	0.00232046897899	0.0528822667318	0.000489225205876	0.000243554471701
11	0.00366389838788	0.0544699560332	0.000488855544263	0.000243924133314
12	0.00293111871031	0.0395701025892	0.000546835576867	0.00018594410071
13	0.00903761602345	0.0471421592574	0.000491238381763	0.000241541295813
14	0.00659501709819	0.0556912554958	0.000489648945973	0.000243130731604
15	0.00268685881778	0.0407914020518	0.000546658988548	0.000186120689028
16	0.0654616511969	0.0405471421593	0.000524841153394	0.000207938524182
17	0.0103810454323	0.0533707865169	0.000492790187473	0.000239989490104
18	0.0100146555936	0.0564240351734	0.000491539301434	0.000241240376143
19	0.00732779677577	0.0583781143136	0.000490058931576	0.000242720746001
20	0.0279677576942	0.0396922325354	0.000562459994897	0.00017031968268
21	0.0454323400098	0.0346849047386	0.00056275220314	0.000170027474437
22	0.0085490962384	0.0407914020518	0.000544922729254	0.000187856948323
23	0.0131900341964	0.0495847581827	0.000491217149363	0.000241562528214
24	0.0102589154861	0.0368832437714	0.000543973912907	0.000188805764669
25	0.0123351245725	0.0348070346849	0.000546125112027	0.00018665456555
26	0.00818270639961	0.0597215437225	0.000490668587212	0.000242111090365
27	0.0431118710308	0.0360283341475	0.000560079594309	0.000172700083268
28	0.0667643706237	0.0363133040221	0.00055382733938	0.000178952338197
29	0.0302882266732	0.0366389838788	0.000565471237338	0.000167308440239
30	0.0495847581827	0.0368832437714	0.00055577603135	0.000177003646227
31	0.0140449438202	0.0541035661944	0.000493350655155	0.000239429022422
32	0.0153883732291	0.0493404982902	0.000491715347471	0.000241064330105
33	0.00806057645335	0.0341963849536	0.00054566687455	0.000187112803027
34	0.075720566683	0.0341963849536	0.000565521280198	0.000167258397379
35	0.0562611952451	0.0346034847745	0.000550701216312	0.000182078461265
36	0.0382266731803	0.0365168539326	0.000559217908571	0.000173561769006
37	0.0500732779678	0.0344406448461	0.000557873368302	0.000174906309275
38	0.01209086468	0.0453102100635	0.000490496075303	0.000242283602274
39	0.0125793844651	0.035784074255	0.000547361475714	0.000185418201863
40	0.0245481191988	0.0345627747924	0.000550528825192	0.000182250852385
41	0.0479970688813	0.0372496336102	0.000540832292713	0.000191947384864
42	0.0244259892526	0.0493404982902	0.000497126066933	0.000235653610643
43	0.0131900341964	0.0346849047386	0.000543371763503	0.000189407914074
44	0.0688812896922	0.0368832437714	0.00056785742703	0.000164922250547
45	0.0730337078652	0.0341963849536	0.000558492840284	0.000174286837293
46	0.0788959452858	0.0485670086305	0.000478981509831	0.000253798167746
47	0.033463605276	0.0498290180752	0.000496523143845	0.000236256533732
48	0.0362725940401	0.0511724474841	0.000497166876254	0.000235612801323
49	0.0363947239863	0.0459208597948	0.000498563583655	0.000234216093922
50	0.0683927699072	0.0390815828041	0.000528196380749	0.000204583296828
51	0.110690441296	0.0434782608696	0.000501799071441	0.000230980606136
52	0.0384709330728	0.054347826087	0.000493414148832	0.000239365528745
53	0.0728708679368	0.0324051457417	0.000557629375457	0.00017515030212
54	0.033463605276	0.0459208597948	0.000509087267149	0.000223692410428
55	0.0363947239863	0.0510503175379	0.000497380859111	0.000235398818465
56	0.0626526624328	0.0338299951148	0.00055964008089	0.000173139596687
57	0.0287005373718	0.0358247842371	0.000545160601272	0.000187619076305
58	0.0355398143625	0.0379824132877	0.000552219479913	0.000180560197664
59	0.04368181078	0.046450089562	0.000500081847753	0.000232697829824
60	0.0611871030777	0.0389594528578	0.000557252902794	0.000175526774783
61	0.0429897410845	0.0495847581827	0.000497633855785	0.000235145821792
62	0.0360283341475	0.0348070346849	0.000545127123557	0.00018765255402
63	0.0426233512457	0.054347826087	0.000501229673541	0.000231550004036
64	0.0585816642241	0.0355805243446	0.000559684022815	0.000173095654762
65	0.0688812896922	0.0388373229116	0.000553818417058	0.000178961260519
66	0.0746213971666	0.0348070346849	0.000568094780355	0.000164684897222
67	0.0550806057645	0.0514167073766	0.000496706991501	0.000236072686076
68	0.0919638495359	0.0360283341475	0.000562419690505	0.000170359987072
69	0.0382266731803	0.0372496336102	0.000543196724797	0.000189582952779
70	0.0530043966781	0.0324865657059	0.000546844747873	0.000185934929703
71	0.0751099169516	0.0145334636053	0.000666739867766	6.6039809811e-05
72	0.0560576453346	0.0313873961895	0.000554000293177	0.0001787793844
73	0.0946507083537	0.0453102100635	0.000516255816583	0.000216523860994
74	0.085490962384	0.0437225207621	0.000533070558768	0.000199709118809
75	0.0392037127504	0.0297997068881	0.000548829906886	0.000183949770691
76	0.0609835531672	0.0513759973946	0.000497328121973	0.000235451555604
77	0.0659094609998	0.0383895131086	0.000551699899478	0.000181079778099
78	0.0977039570103	0.0396922325354	0.000534116961637	0.00019866271594
79	0.0591108939912	0.0318759159746	0.000546642671754	0.000186137005823
80	0.0626526624328	0.0389594528578	0.000550430654809	0.000182349022768
81	0.0864680019541	0.0324865657059	0.000561358060069	0.000171421617508
82	0.0671307604625	0.0449845302068	0.000545939734883	0.000186839942694
83	0.0787738153395	0.0337078651685	0.000556520252948	0.000176259424629
84	0.0937550887478	0.039488682625	0.000547850690972	0.000184928986605
85	0.0857352222765	0.0500732779678	0.000512442827763	0.000220336849813
86	0.0801172447484	0.0359062042013	0.000559274577604	0.000173505099973
87	0.0722602182055	0.0391222927862	0.00054846829241	0.000184311385167
88	0.0571161048689	0.0361911740759	0.000557981323709	0.000174798353868
89	0.0925337892851	0.037168213646	0.000562813932303	0.000169965745274
90	0.101245725452	0.0374938935027	0.000544411925892	0.000188367751685
91	0.0873229115779	0.0361504640938	0.000578065880258	0.000154713797319
92	0.115290669272	0.0371275036639	0.000545878223833	0.000186901453744
93	0.0881778212018	0.0117244748412	0.000677670345622	5.51093319546e-05
94	0.104339684091	0.0259729685719	0.00059939713781	0.000133382539767
95	0.103566194431	0.0442110405471	0.000514559398984	0.000218220278593
96	0.0972154372252	0.0456765999023	0.000528112048385	0.000204667629192
97	0.0780410356619	0.0349291646312	0.000544869915663	0.000187909761914
98	0.105723823482	0.0420534114965	0.000540572235279	0.000192207442298
99	0.0909868099658	0.0289447972643	0.000598316253552	0.000134463424025
100	0.0990066764371	0.039488682625	0.000528478263459	0.000204301414118