site	ns_changes	s_changes	ns_sites	s_sites
1	0.0	0.00787401574803	0.00877099767572	0.00304002594632
2	0.0	0.0	0.00890321860107	0.00290780502098
3	0.0	0.0157480314961	0.00787401574803	0.00393700787402
4	0.0	0.011811023622	0.00787401574803	0.00393700787402
5	0.0	0.011811023622	0.00787401574803	0.00393700787402
6	0.0	0.0354330708661	0.00787401574803	0.00393700787402
7	0.0	0.0236220472441	0.00787401574803	0.00393700787402
8	0.00393700787402	0.00787401574803	0.00802368609611	0.00378733752594
9	0.0	0.00787401574803	0.00787401574803	0.00393700787402
10	0.0	0.0196850393701	0.00787401574803	0.00393700787402
11	0.0	0.00393700787402	0.00787401574803	0.00393700787402
12	0.0	0.00787401574803	0.00787401574803	0.00393700787402
13	0.00393700787402	0.00787401574803	0.0078764693603	0.00393455426175
14	0.00787401574803	0.0	0.00910572910432	0.00270529451772
15	0.0	0.011811023622	0.00787401574803	0.00393700787402
16	0.00393700787402	0.011811023622	0.00928486807183	0.00252615555022
17	0.00393700787402	0.0236220472441	0.0078764693603	0.00393455426175
18	0.00393700787402	0.00393700787402	0.00890667597004	0.00290434765201
19	0.0	0.00393700787402	0.00787401574803	0.00393700787402
20	0.00393700787402	0.00393700787402	0.00787401574803	0.00393700787402
21	0.00787401574803	0.0314960629921	0.00790437754798	0.00390664607407
22	0.00393700787402	0.011811023622	0.0078764693603	0.00393455426175
23	0.0	0.0314960629921	0.00787401574803	0.00393700787402
24	0.00393700787402	0.0314960629921	0.00787401574803	0.00393700787402
25	0.00787401574803	0.011811023622	0.00800944389686	0.00380157972519
26	0.00787401574803	0.00393700787402	0.00913030188107	0.00268072174098
27	0.00393700787402	0.011811023622	0.00787401574803	0.00393700787402
28	0.00787401574803	0.00393700787402	0.0106865616809	0.00112446194118
29	0.0	0.0157480314961	0.00787401574803	0.00393700787402
30	0.011811023622	0.011811023622	0.00946105863498	0.00234996498707
31	0.00393700787402	0.011811023622	0.00923875219139	0.00257227143065
32	0.011811023622	0.0157480314961	0.0106002573622	0.0012107662598
33	0.00787401574803	0.00393700787402	0.0078764693603	0.00393455426175
34	0.0157480314961	0.0157480314961	0.0092470593855	0.00256396423654
35	0.00393700787402	0.0236220472441	0.00787678547293	0.00393423814912
36	0.0157480314961	0.011811023622	0.00898041486308	0.00283060875896
37	0.0	0.0157480314961	0.00889746986519	0.00291355375686
38	0.0	0.00787401574803	0.00787401574803	0.00393700787402
39	0.00393700787402	0.011811023622	0.00876243556344	0.00304858805861
40	0.0	0.0157480314961	0.00787401574803	0.00393700787402
41	0.00393700787402	0.00787401574803	0.00890239449904	0.00290862912301
42	0.00393700787402	0.00393700787402	0.00878073766569	0.00303028595636
43	0.00393700787402	0.00393700787402	0.00927771475826	0.00253330886379
44	0.0	0.00393700787402	0.00787401574803	0.00393700787402
45	0.00787401574803	0.00393700787402	0.00928255850366	0.00252846511839
46	0.011811023622	0.0157480314961	0.007901712997	0.00390931062505
47	0.0	0.00787401574803	0.00787401574803	0.00393700787402
48	0.00787401574803	0.0157480314961	0.00790539023879	0.00390563338326
49	0.011811023622	0.0157480314961	0.00788786437251	0.00392315924953
50	0.00787401574803	0.00787401574803	0.00890430357507	0.00290672004698
51	0.0196850393701	0.0157480314961	0.00942508136935	0.0023859422527
52	0.0	0.00393700787402	0.00890191207019	0.00290911155186
53	0.00393700787402	0.0157480314961	0.00897345003546	0.00283757358659
54	0.00393700787402	0.00787401574803	0.00912206254143	0.00268896108061
55	0.0236220472441	0.00393700787402	0.00941920039455	0.0023918232275
56	0.00393700787402	0.0157480314961	0.00787401574803	0.00393700787402
57	0.011811023622	0.0236220472441	0.00788582799709	0.00392519562496
58	0.0157480314961	0.00393700787402	0.00887916478766	0.00293185883438
59	0.0275590551181	0.0196850393701	0.00920653283281	0.00260449078923
60	0.00787401574803	0.011811023622	0.00888471931521	0.00292630430684
61	0.011811023622	0.0196850393701	0.00788702794801	0.00392399567404
62	0.00393700787402	0.00393700787402	0.00876922952403	0.00304179409801
63	0.0196850393701	0.011811023622	0.00792421493324	0.0038868086888
64	0.0	0.0236220472441	0.00787401574803	0.00393700787402
65	0.0570866141732	0.0137795275591	0.0068746132303	0.00493641039175
66	0.00393700787402	0.0157480314961	0.00877325444135	0.00303776918069
67	0.0255905511811	0.00590551181102	0.00911141913172	0.00269960449033
68	0.0236220472441	0.00787401574803	0.0105638546403	0.00124716898175
69	0.0196850393701	0.00787401574803	0.0092809779405	0.00253004568155
70	0.011811023622	0.011811023622	0.00787401574803	0.00393700787402
71	0.0393700787402	0.00393700787402	0.00892981967662	0.00288120394543
72	0.011811023622	0.0	0.0117847240557	2.62995663839e-05
73	0.0236220472441	0.011811023622	0.00576846753179	0.00604255609026
74	0.00787401574803	0.00393700787402	0.00910730966749	0.00270371395456
75	0.00787401574803	0.00787401574803	0.00924139222198	0.00256963140007
76	0.0196850393701	0.0157480314961	0.0078497157944	0.00396130782764
77	0.0196850393701	0.00393700787402	0.00907229752757	0.00273872609447
78	0.0354330708661	0.00787401574803	0.0106149066324	0.00119611698962
79	0.0196850393701	0.00787401574803	0.00894807255604	0.00286295106601
80	0.011811023622	0.00787401574803	0.00787401574803	0.00393700787402
81	0.0157480314961	0.0354330708661	0.00599172149239	0.00581930212966
82	0.00787401574803	0.00393700787402	0.00787401574803	0.00393700787402
83	0.0157480314961	0.011811023622	0.00904301141383	0.00276801220821
84	0.0314960629921	0.011811023622	0.00875553539835	0.00305548822369
85	0.0137795275591	0.0177165354331	0.00699780745763	0.00481321616442
86	0.0275590551181	0.00393700787402	0.00926949851649	0.00254152510556
87	0.0590551181102	0.0275590551181	0.00807219737598	0.00373882624607
88	0.011811023622	0.00393700787402	0.00888221074608	0.00292881287597
89	0.0354330708661	0.0157480314961	0.00939592026763	0.00241510335441
90	0.0157480314961	0.0157480314961	0.00792976370843	0.00388125991361
91	0.0196850393701	0.011811023622	0.00788673618193	0.00392428744012
92	0.0472440944882	0.0157480314961	0.00575370905286	0.00605731456919
93	0.0354330708661	0.0157480314961	0.00795679138229	0.00385423223976
94	0.0295275590551	0.0295275590551	0.00867681155111	0.00313421207093
95	0.0157480314961	0.0196850393701	0.00877773057549	0.00303329304656
96	0.0236220472441	0.00393700787402	0.0104738266973	0.00133719692475
97	0.0275590551181	0.00393700787402	0.00911340605375	0.0026976175683
98	0.0196850393701	0.0236220472441	0.00784629665716	0.00396472696489
99	0.0275590551181	0.0196850393701	0.00884628902934	0.0029647345927
100	0.0196850393701	0.0	0.0106435017972	0.00116752182487