site	ns_changes	s_changes	ns_sites	s_sites
1	0.0	0.0156862745098	0.00392156862745	0.00196078431373
2	0.00294117647059	0.0774509803922	0.00395399050974	0.00192836243143
3	0.0137254901961	0.0274509803922	0.00503387247003	0.000848480471149
4	0.0303921568627	0.0441176470588	0.004919830138	0.000962522803178
5	0.0	0.0549019607843	0.00426415277676	0.00161820016442
6	0.0294117647059	0.0294117647059	0.00469204589316	0.00119030704802
7	0.0	0.0313725490196	0.00422927977306	0.00165307316811
8	0.0941176470588	0.0392156862745	0.00411574102339	0.00176661191779
9	0.0	0.0352941176471	0.00474075049394	0.00114160244723
10	0.00392156862745	0.0117647058824	0.00393805463371	0.00194429830747
11	0.00294117647059	0.0343137254902	0.00393368306235	0.00194866987883
12	0.00196078431373	0.0078431372549	0.00476628559649	0.00111606734468
13	0.00392156862745	0.0254901960784	0.00473908857571	0.00114326436547
14	0.0401960784314	0.0362745098039	0.00449740000631	0.00138495293486
15	0.0274509803922	0.0333333333333	0.00508068656437	0.000801666376809
16	0.0705882352941	0.0352941176471	0.00461446410023	0.00126788884095
17	0.0313725490196	0.0274509803922	0.00511163494034	0.000770718000834
18	0.0558823529412	0.0558823529412	0.00455980182533	0.00132255111584
19	0.0117647058824	0.0509803921569	0.00424471692197	0.00163763601921
20	0.0372549019608	0.0352941176471	0.0044837539409	0.00139859900028
21	0.00980392156863	0.0156862745098	0.00394928630753	0.00193306663365
22	0.0627450980392	0.0156862745098	0.00444389681212	0.00143845612905
23	0.0294117647059	0.0235294117647	0.00506947483167	0.000812878109508
24	0.0176470588235	0.0254901960784	0.00410971477296	0.00177263816821
25	0.0107843137255	0.0205882352941	0.00395174636498	0.0019306065762
26	0.00294117647059	0.0205882352941	0.00392846564708	0.0019538872941
27	0.0421568627451	0.0264705882353	0.00466336501797	0.00121898792321
28	0.00392156862745	0.0333333333333	0.00392156862745	0.00196078431373
29	0.0558823529412	0.028431372549	0.00408285412415	0.00179949881703
30	0.0137254901961	0.0235294117647	0.00463107662269	0.00125127631849
31	0.0117647058824	0.0117647058824	0.00392757111924	0.00195478182194
32	0.0078431372549	0.0470588235294	0.00393612330111	0.00194622964006
33	0.0137254901961	0.0352941176471	0.00475017306871	0.00113217987246
34	0.078431372549	0.0450980392157	0.00443204126325	0.00145031167793
35	0.0274509803922	0.0509803921569	0.00398559376671	0.00189675917447
36	0.0735294117647	0.0107843137255	0.0054652744701	0.000417078471078
37	0.0509803921569	0.0313725490196	0.00466205084532	0.00122030209586
38	0.0549019607843	0.0392156862745	0.00460599290105	0.00127636004013
39	0.00588235294118	0.0313725490196	0.00469546408293	0.00118688885824
40	0.0078431372549	0.0294117647059	0.00417522599085	0.00170712695032
41	0.0676470588235	0.0303921568627	0.00490122677739	0.000981126163782
42	0.0470588235294	0.021568627451	0.00487260468779	0.00100974825339
43	0.0607843137255	0.0254901960784	0.00473171397241	0.00115063896876
44	0.0745098039216	0.0117647058824	0.00539559358176	0.000486759359418
45	0.0450980392157	0.0117647058824	0.00466020838512	0.00122214455605
46	0.0735294117647	0.0362745098039	0.00461999551322	0.00126235742796
47	0.10522875817	0.0385620915033	0.00442280484335	0.00145954809783
48	0.0254901960784	0.0352941176471	0.00430591507527	0.0015764378659
49	0.0235294117647	0.043137254902	0.00423244443998	0.0016499085012
50	0.0696078431373	0.0519607843137	0.00446769062304	0.00141466231813
51	0.0176470588235	0.0137254901961	0.00447725905541	0.00140509388577
52	0.0529411764706	0.0137254901961	0.00500700395986	0.000875348981313
53	0.0705882352941	0.0333333333333	0.00444653107494	0.00143582186624
54	0.0617647058824	0.0166666666667	0.00492167273873	0.000960680202444
55	0.0529411764706	0.043137254902	0.00403936731255	0.00184298562863
56	0.0539215686275	0.0245098039216	0.00465234008838	0.00123001285279
57	0.0705882352941	0.0156862745098	0.00464740122871	0.00123495171247
58	0.0990196078431	0.0401960784314	0.00463977766032	0.00124257528086
59	0.0722222222222	0.0513071895425	0.00471364382754	0.00116870911364
60	0.0656862745098	0.000980392156863	0.0056736412965	0.000208711644678
61	0.0872549019608	0.0343137254902	0.00480514764095	0.00107720530022
62	0.0607843137255	0.0313725490196	0.00495785501489	0.000924497926289
63	0.0745098039216	0.0392156862745	0.00458596171588	0.00129639122529
64	0.0117647058824	0.0176470588235	0.00511878380648	0.000763569134701
65	0.0941176470588	0.0352941176471	0.00500012514778	0.000882227793395
66	0.0490196078431	0.0254901960784	0.00495445891686	0.000927894024312
67	0.0843137254902	0.0352941176471	0.00462502621997	0.00125732672121
68	0.0764705882353	0.00980392156863	0.00558111187362	0.000301241067555
69	0.0196078431373	0.0156862745098	0.004743254043	0.00113909889818
70	0.0833333333333	0.0441176470588	0.00415664339467	0.00172570954651
71	0.0666666666667	0.0235294117647	0.00454195399509	0.00134039894609
72	0.0166666666667	0.0323529411765	0.00507427717809	0.000808075763091
73	0.0764705882353	0.0274509803922	0.00462794029957	0.0012544126416
74	0.0898692810458	0.0375816993464	0.00428894721191	0.00159340572927
75	0.0892156862745	0.0382352941176	0.0044025636105	0.00147978933067
76	0.0764705882353	0.00196078431373	0.00556724841715	0.000315104524022
77	0.0490196078431	0.0137254901961	0.00469218663596	0.00119016630522
78	0.125490196078	0.0529411764706	0.00417796353357	0.00170438940761
79	0.0764705882353	0.0196078431373	0.00401700949722	0.00186534344396
80	0.043137254902	0.028431372549	0.00410227280269	0.00178008013848
81	0.0774509803922	0.0205882352941	0.00496186035684	0.000920492584332
82	0.0490196078431	0.043137254902	0.0039639212506	0.00191843169058
83	0.0705882352941	0.0519607843137	0.0045062100332	0.00137614290798
84	0.0970588235294	0.0245098039216	0.00455964964355	0.00132270329763
85	0.113725490196	0.0254901960784	0.00467669618535	0.00120565675582
86	0.0960784313725	0.0313725490196	0.00474929943181	0.00113305350937
87	0.0549019607843	0.0254901960784	0.00468846513877	0.00119388780241
88	0.0833333333333	0.0539215686275	0.00470812973804	0.00117422320313
89	0.0549019607843	0.0176470588235	0.00403356378804	0.00184878915314
90	0.0519607843137	0.0117647058824	0.00551321998782	0.000369132953358
91	0.0647058823529	0.0254901960784	0.00392830020994	0.00195405273124
92	0.0382352941176	0.0421568627451	0.00484147263833	0.00104088030285
93	0.0725490196078	0.021568627451	0.00463414702126	0.00124820591991
94	0.111764705882	0.0294117647059	0.0045356587944	0.00134669414678
95	0.0833333333333	0.00882352941176	0.00406519861539	0.00181715432578
96	0.100980392157	0.0127450980392	0.00437325397759	0.00150909896359
97	0.0813725490196	0.0303921568627	0.00465581436221	0.00122653857896
98	0.0754901960784	0.0264705882353	0.00425668931657	0.00162566362461
99	0.071568627451	0.0343137254902	0.00441900020572	0.00146335273546
100	0.0607843137255	0.0176470588235	0.00417288166593	0.00170947127525