site	ns_changes	s_changes	ns_sites	s_sites
1	0.00122129946263	0.00464093795799	0.000488824775692	0.000243954901885
2	0.000244259892526	0.00439667806546	0.000584096321733	0.000148683355844
3	0.00122129946263	0.00708353688324	0.00058486332599	0.000147916351586
4	0.000244259892526	0.00561797752809	0.000513956685638	0.000218822991938
5	0.000244259892526	0.00464093795799	0.000488668168265	0.000244111509312
6	0.00244259892526	0.0112359550562	0.000582336604365	0.000150443073212
7	0.000732779677577	0.00903761602345	0.000488572660962	0.000244207016615
8	0.00268685881778	0.0129457743039	0.000489933856531	0.000242845821046
9	0.0	0.00586223742062	0.000584804969659	0.000147974707918
10	0.00122129946263	0.0212506106497	0.000488802183793	0.000243977493784
11	0.0	0.00341963849536	0.000488519785051	0.000244259892526
12	0.00134342940889	0.00671714704446	0.000488982918987	0.00024379675859
13	0.0148998534441	0.0105031753786	0.000570785495891	0.000161994181686
14	0.000977039570103	0.00903761602345	0.000583881898187	0.00014889777939
15	0.00207620908647	0.0189301416707	0.000489635979018	0.000243143698559
16	0.000977039570103	0.00732779677577	0.000515738360001	0.000217041317576
17	0.00268685881778	0.0146555935515	0.0005234510312	0.000209328646377
18	0.00219833903273	0.0178309721544	0.000489404874677	0.0002433748029
19	0.00170981924768	0.00488519785051	0.0004887593442	0.000244020333376
20	0.00146555935515	0.00439667806546	0.000586219045111	0.000146560632465
21	0.00170981924768	0.00903761602345	0.000584654301449	0.000148125376128
22	0.00146555935515	0.0151441133366	0.000521560330505	0.000211219347072
23	0.00488519785051	0.0095261358085	0.000580595574336	0.000152184103241
24	0.00354176844162	0.0133121641426	0.000489407996745	0.000243371680832
25	0.00781631656082	0.00806057645335	0.000579040661309	0.000153739016268
26	0.00170981924768	0.00488519785051	0.000489255573867	0.00024352410371
27	0.000977039570103	0.00415241817294	0.000488651974827	0.000244127702749
28	0.0416463116756	0.0095261358085	0.000556634548637	0.00017614512894
29	0.00195407914021	0.00488519785051	0.00058469781369	0.000148081863887
30	0.00170981924768	0.0105031753786	0.000518865497129	0.000213914180448
31	0.00341963849536	0.00341963849536	0.000489626911755	0.000243152765822
32	0.0301660967269	0.0133121641426	0.000525974458571	0.000206805219006
33	0.0284562774792	0.00842696629213	0.000496141228252	0.000236638449325
34	0.0229604298974	0.0156326331216	0.000564494261466	0.000168285416111
35	0.0142892037128	0.00940400586224	0.000569610078428	0.000163169599149
36	0.00366389838788	0.00781631656082	0.000515426007234	0.000217353670343
37	0.0197850512946	0.00512945774304	0.0006012100952	0.000131569582377
38	0.00317537860283	0.0134342940889	0.000522378676364	0.000210401001213
39	0.00170981924768	0.00439667806546	0.000488957357872	0.000243822319705
40	0.01209086468	0.00989252564729	0.000494018171332	0.000238761506245
41	0.0075720566683	0.0085490962384	0.000584391652381	0.000148388025196
42	0.00977039570103	0.00341963849536	0.000623963763291	0.000108815914286
43	0.00683927699072	0.0102589154861	0.000582725687723	0.000150053989854
44	0.0368832437714	0.00561797752809	0.000616289673909	0.000116490003668
45	0.0114802149487	0.0136785539814	0.000571453013579	0.000161326663998
46	0.0170981924768	0.0107474352711	0.000564920995451	0.000167858682126
47	0.00537371763556	0.00732779677577	0.000624523301223	0.000108256376354
48	0.0192965315095	0.0102589154861	0.000557617373344	0.000175162304233
49	0.023693209575	0.0105031753786	0.000498346854295	0.000234432823282
50	0.00415241817294	0.00439667806546	0.000489086564759	0.000243693112818
51	0.0125793844651	0.00305324865657	0.000620358266199	0.000112421411378
52	0.0348070346849	0.01209086468	0.000522636479916	0.000210143197661
53	0.00537371763556	0.00683927699072	0.000575642633321	0.000157137044256
54	0.0151441133366	0.00561797752809	0.000620599397191	0.000112180280386
55	0.0192965315095	0.0075720566683	0.000578781147532	0.000153998530045
56	0.0136785539814	0.0192965315095	0.000490054522636	0.000242725154941
57	0.0313873961895	0.0201514411334	0.000485147954221	0.000247631723356
58	0.014411333659	0.00659501709819	0.000617245844648	0.000115533832929
59	0.0125793844651	0.00647288715193	0.000620670379628	0.000112109297949
60	0.0252808988764	0.00867122618466	0.0006031483952	0.000129631282377
61	0.0168539325843	0.014411333659	0.000490175818368	0.000242603859209
62	0.0188080117245	0.00830483634587	0.000573950505141	0.000158829172435
63	0.0382266731803	0.00671714704446	0.000541913834969	0.000190865842608
64	0.0119687347338	0.00415241817294	0.000622694763593	0.000110084913984
65	0.0210063507572	0.0102589154861	0.000562643801403	0.000170135876174
66	0.00537371763556	0.00903761602345	0.000489184992089	0.000243594685488
67	0.0191744015633	0.011602344895	0.000545200742461	0.000187578935116
68	0.019052271617	0.000977039570103	0.000711193148311	2.15865292662e-05
69	0.0109916951637	0.00390815828041	0.000557475334452	0.000175304343125
70	0.0351734245237	0.00683927699072	0.000618920594625	0.000113859082952
71	0.0163654127992	0.00464093795799	0.00057927306704	0.000153506610537
72	0.0239374694675	0.00464093795799	0.000622849382172	0.000109930295405
73	0.0105031753786	0.00537371763556	0.000588533054688	0.000144246622889
74	0.0109916951637	0.00635075720567	0.000622000804875	0.000110778872702
75	0.00683927699072	0.00207620908647	0.00047871479669	0.000254064880887
76	0.0196629213483	0.016731802638	0.00049320501197	0.000239574665606
77	0.0252808988764	0.0135564240352	0.000562295366431	0.000170484311146
78	0.0205178309722	0.00439667806546	0.000617821120776	0.000114958556801
79	0.0185637518319	0.00366389838788	0.000618523030773	0.000114256646804
80	0.0117244748412	0.00341963849536	0.000621988873381	0.000110790804196
81	0.0158768930142	0.0075720566683	0.000583119525248	0.000149660152329
82	0.0180752320469	0.0102589154861	0.000586865102623	0.000145914574954
83	0.0227161700049	0.00122129946263	0.000699941415053	3.28382625237e-05
84	0.0122129946263	0.00879335613092	0.000623704179819	0.000109075497758
85	0.0207620908647	0.00170981924768	0.000637085547434	9.56941301429e-05
86	0.016243282853	0.0103810454323	0.000575199471877	0.0001575802057
87	0.0186858817782	0.0101367855398	0.000565103873632	0.000167675803945
88	0.0163654127992	0.0085490962384	0.000562865191874	0.000169914485703
89	0.0123351245725	0.00549584758183	0.000561245729364	0.000171533948213
90	0.0285784074255	0.0131900341964	0.000576209697372	0.000156569980205
91	0.0206399609184	0.0062286272594	0.000537936706809	0.000194842970768
92	0.043234000977	0.013922813874	0.000424131796298	0.000308647881279
93	0.0417684416219	0.00915974596971	0.000547231318939	0.000185548358638
94	0.0373717635564	0.0146555935515	0.00049802793029	0.000234751747287
95	0.0233268197362	0.00488519785051	0.000599490257624	0.000133289419953
96	0.0131900341964	0.000732779677577	0.000718063285751	1.47163918257e-05
97	0.0212506106497	0.00488519785051	0.000572809637587	0.00015997003999
98	0.0322423058134	0.00708353688324	0.000508407361257	0.00022437231632
99	0.026013678554	0.00232046897899	0.000676338311831	5.64413657464e-05
100	0.0185637518319	0.00439667806546	0.000572868664822	0.000159911012755