site	ns_changes	s_changes	ns_sites	s_sites
1	0.0	0.00787401574803	0.00787401574803	0.00393700787402
2	0.0	0.0	0.00927356097941	0.00253746264263
3	0.0	0.00393700787402	0.00890866428623	0.00290235933582
4	0.00393700787402	0.00393700787402	0.00788709239546	0.00392393122659
5	0.0	0.0	0.00787401574803	0.00393700787402
6	0.0	0.0	0.00927356097941	0.00253746264263
7	0.0	0.0	0.00884921044768	0.00296181317436
8	0.0	0.0	0.00787401574803	0.00393700787402
9	0.0	0.00787401574803	0.00787401574803	0.00393700787402
10	0.0	0.0	0.00787401574803	0.00393700787402
11	0.0	0.00393700787402	0.00787401574803	0.00393700787402
12	0.0	0.00393700787402	0.00890819522241	0.00290282839964
13	0.0	0.0	0.00884921044768	0.00296181317436
14	0.0	0.00393700787402	0.00884932771364	0.00296169590841
15	0.0	0.00787401574803	0.00787401574803	0.00393700787402
16	0.0	0.0	0.00884921044768	0.00296181317436
17	0.0	0.011811023622	0.00787401574803	0.00393700787402
18	0.0	0.00393700787402	0.00787401574803	0.00393700787402
19	0.0	0.00393700787402	0.00787401574803	0.00393700787402
20	0.0	0.0	0.00892701753726	0.00288400608479
21	0.0	0.00787401574803	0.00920344121128	0.00260758241077
22	0.0	0.0	0.00927356097941	0.00253746264263
23	0.0	0.00393700787402	0.00787401574803	0.00393700787402
24	0.00393700787402	0.0	0.00891665334642	0.00289437027563
25	0.0	0.00393700787402	0.00884932771364	0.00296169590841
26	0.0	0.00393700787402	0.00787401574803	0.00393700787402
27	0.0	0.0	0.00884921044768	0.00296181317436
28	0.00787401574803	0.0	0.0117082005824	0.000102823039668
29	0.0	0.00393700787402	0.00787401574803	0.00393700787402
30	0.011811023622	0.0	0.00926733288908	0.00254369073297
31	0.0	0.00393700787402	0.00890538083952	0.00290564278253
32	0.0	0.0	0.00884921044768	0.00296181317436
33	0.0	0.0	0.00927356097941	0.00253746264263
34	0.0	0.0	0.00884921044768	0.00296181317436
35	0.0	0.00787401574803	0.00927272289453	0.00253830072751
36	0.00393700787402	0.0	0.0092131425594	0.00259788106265
37	0.0	0.0	0.00884921044768	0.00296181317436
38	0.0	0.0196850393701	0.00787401574803	0.00393700787402
39	0.0	0.00393700787402	0.00787401574803	0.00393700787402
40	0.0	0.0	0.00884921044768	0.00296181317436
41	0.0	0.00393700787402	0.0092734212986	0.00253760232345
42	0.0	0.0	0.00945005767083	0.00236096595122
43	0.00393700787402	0.0	0.00787401574803	0.00393700787402
44	0.0	0.0	0.00884921044768	0.00296181317436
45	0.0	0.0	0.00787401574803	0.00393700787402
46	0.0	0.00393700787402	0.00927174512884	0.0025392784932
47	0.00787401574803	0.0	0.0107317087843	0.00107931483772
48	0.0	0.00393700787402	0.00787401574803	0.00393700787402
49	0.0	0.0	0.0092026031264	0.00260842049564
50	0.00393700787402	0.0	0.00879353988412	0.00301748373793
51	0.00393700787402	0.00393700787402	0.00787663107752	0.00393439254453
52	0.0	0.0	0.00927356097941	0.00253746264263
53	0.0	0.00787401574803	0.00787401574803	0.00393700787402
54	0.00787401574803	0.0	0.00795594798723	0.00385507563481
55	0.0	0.0	0.00927356097941	0.00253746264263
56	0.0	0.00393700787402	0.00920330153047	0.00260772209158
57	0.00393700787402	0.0	0.00918952647898	0.00262149714307
58	0.00393700787402	0.0	0.00945005767083	0.00236096595122
59	0.00393700787402	0.0	0.00944906248533	0.00236196113672
60	0.00393700787402	0.0	0.00788246887841	0.00392855474363
61	0.0	0.00787401574803	0.00787401574803	0.00393700787402
62	0.0	0.0	0.00787401574803	0.00393700787402
63	0.00393700787402	0.0	0.00800045887627	0.00381056474578
64	0.00393700787402	0.00393700787402	0.00944902806427	0.00236199555778
65	0.0	0.00787401574803	0.00787401574803	0.00393700787402
66	0.00393700787402	0.00393700787402	0.00799111589897	0.00381990772307
67	0.0	0.00393700787402	0.00787401574803	0.00393700787402
68	0.00393700787402	0.00393700787402	0.00787401574803	0.00393700787402
69	0.0	0.0	0.0092026031264	0.00260842049564
70	0.0	0.0	0.00890878155218	0.00290224206987
71	0.00393700787402	0.0	0.0075007921625	0.00431023145955
72	0.00787401574803	0.0	0.00790983088191	0.00390119274014
73	0.0275590551181	0.00393700787402	0.00811249063827	0.00369853298378
74	0.00393700787402	0.0	0.00892701753726	0.00288400608479
75	0.00393700787402	0.0	0.00884729077308	0.00296373284897
76	0.0	0.0	0.00787401574803	0.00393700787402
77	0.00393700787402	0.00393700787402	0.00944729089211	0.00236373272994
78	0.00393700787402	0.00787401574803	0.00873765789952	0.00307336572253
79	0.0196850393701	0.00393700787402	0.00804546595497	0.00376555766708
80	0.00393700787402	0.00393700787402	0.0089300927319	0.00288093089015
81	0.00393700787402	0.00787401574803	0.00927259944566	0.00253842417639
82	0.011811023622	0.0	0.00787493266838	0.00393609095367
83	0.0157480314961	0.00393700787402	0.0105301063534	0.00128091726863
84	0.011811023622	0.00393700787402	0.0079418780704	0.00386914555165
85	0.0	0.0	0.00787401574803	0.00393700787402
86	0.0	0.0	0.00787401574803	0.00393700787402
87	0.00393700787402	0.00393700787402	0.00787401574803	0.00393700787402
88	0.0	0.00393700787402	0.00787401574803	0.00393700787402
89	0.00393700787402	0.00393700787402	0.00944868062984	0.00236234299221
90	0.0	0.00393700787402	0.00890819522241	0.00290282839964
91	0.00787401574803	0.0	0.0105954565284	0.00121556709369
92	0.00393700787402	0.0	0.00927080596911	0.00254021765293
93	0.0	0.0	0.00787401574803	0.00393700787402
94	0.00787401574803	0.00393700787402	0.0087318565249	0.00307916709715
95	0.011811023622	0.0	0.00892494469909	0.00288607892296
96	0.00787401574803	0.0	0.00925152089703	0.00255950272502
97	0.0	0.011811023622	0.00787401574803	0.00393700787402
98	0.0	0.0	0.00927356097941	0.00253746264263
99	0.0	0.00787401574803	0.00787401574803	0.00393700787402
100	0.0	0.0	0.00927356097941	0.00253746264263