site	ns_changes	s_changes	ns_sites	s_sites
1	0.00787401574803	0.0787401574803	0.00789187758699	0.00391914603506
2	0.00787401574803	0.0748031496063	0.00807667271974	0.00373435090231
3	0.0	0.0472440944882	0.00912170628782	0.00268931733422
4	0.0157480314961	0.0275590551181	0.00795770129476	0.00385332232729
5	0.0393700787402	0.00787401574803	0.00976643700266	0.00204458661939
6	0.00787401574803	0.0590551181102	0.00791627231334	0.00389475130871
7	0.0	0.0196850393701	0.00787401574803	0.00393700787402
8	0.0393700787402	0.0393700787402	0.00840627205587	0.00340475156617
9	0.0	0.011811023622	0.00787401574803	0.00393700787402
10	0.0	0.011811023622	0.00787401574803	0.00393700787402
11	0.0157480314961	0.0196850393701	0.00930473726743	0.00250628635462
12	0.00393700787402	0.0433070866142	0.00871692944598	0.00309409417607
13	0.00393700787402	0.0551181102362	0.00884577885407	0.00296524476797
14	0.0	0.0236220472441	0.00832580509	0.00348521853205
15	0.00393700787402	0.0669291338583	0.00791690493993	0.00389411868212
16	0.0157480314961	0.0314960629921	0.00928235418274	0.00252866943931
17	0.00787401574803	0.0275590551181	0.00919711999126	0.00261390363079
18	0.0314960629921	0.0314960629921	0.00929070417762	0.00252031944443
19	0.0	0.0314960629921	0.00837085610119	0.00344016752085
20	0.0314960629921	0.0275590551181	0.00911419302807	0.00269683059398
21	0.0511811023622	0.0275590551181	0.00959760167485	0.00221342194719
22	0.0314960629921	0.0236220472441	0.0093232372788	0.00248778634325
23	0.0	0.0236220472441	0.00787401574803	0.00393700787402
24	0.0275590551181	0.0866141732283	0.00790910563901	0.00390191798304
25	0.0393700787402	0.0433070866142	0.00882761293242	0.00298341068962
26	0.0472440944882	0.0314960629921	0.00798625437419	0.00382476924786
27	0.0472440944882	0.0196850393701	0.00952649889848	0.00228452472356
28	0.0807086614173	0.0413385826772	0.00947259587905	0.002338427743
29	0.0236220472441	0.011811023622	0.00810973432229	0.00370128929976
30	0.00393700787402	0.0236220472441	0.00787790327354	0.0039331203485
31	0.0413385826772	0.00196850393701	0.0096732179258	0.00213780569625
32	0.0196850393701	0.0275590551181	0.00928547939673	0.00252554422532
33	0.0137795275591	0.0492125984252	0.00791307022636	0.00389795339568
34	0.011811023622	0.0433070866142	0.00850843701897	0.00330258660308
35	0.011811023622	0.0157480314961	0.00834859043563	0.00346243318642
36	0.0157480314961	0.0157480314961	0.00835262234119	0.00345840128086
37	0.0196850393701	0.0354330708661	0.00926540817112	0.00254561545093
38	0.0196850393701	0.0472440944882	0.00789734090111	0.00391368272094
39	0.0669291338583	0.0275590551181	0.00826091099048	0.00355011263156
40	0.00787401574803	0.0433070866142	0.00790663859556	0.00390438502649
41	0.0393700787402	0.0314960629921	0.00922089951278	0.00259012410927
42	0.0	0.0157480314961	0.00787401574803	0.00393700787402
43	0.00787401574803	0.0196850393701	0.00838515809061	0.00342586553144
44	0.0236220472441	0.0157480314961	0.00728708145669	0.00452394216535
45	0.112204724409	0.0374015748031	0.00940399960333	0.00240702401872
46	0.0629921259843	0.0314960629921	0.00954256769923	0.00226845592282
47	0.0157480314961	0.0590551181102	0.00787703407412	0.00393398954792
48	0.00393700787402	0.0393700787402	0.00843287397126	0.00337814965079
49	0.0393700787402	0.0236220472441	0.00950190941653	0.00230911420552
50	0.0	0.0393700787402	0.00915924879715	0.00265177482489
51	0.00787401574803	0.0	0.00787703407412	0.00393398954792
52	0.0354330708661	0.0551181102362	0.00964059320889	0.00217043041316
53	0.00787401574803	0.0157480314961	0.0078891073785	0.00392191624355
54	0.139763779528	0.0492125984252	0.00786453679797	0.00394648682408
55	0.116141732283	0.00196850393701	0.00920376381937	0.00260725980267
56	0.0551181102362	0.0275590551181	0.00956631668956	0.00224470693249
57	0.0472440944882	0.0275590551181	0.0102086035552	0.00160242006684
58	0.0295275590551	0.0295275590551	0.00835605368775	0.0034549699343
59	0.0629921259843	0.0314960629921	0.00917069717473	0.00264032644731
60	0.0669291338583	0.0196850393701	0.00798675398792	0.00382426963413
61	0.0511811023622	0.0275590551181	0.0091265524917	0.00268447113035
62	0.0511811023622	0.0275590551181	0.0090227295525	0.00278829406954
63	0.0748031496063	0.00393700787402	0.0110166144753	0.000794409146732
64	0.0275590551181	0.0314960629921	0.0083583882433	0.00345263537875
65	0.0905511811024	0.0314960629921	0.0093867383418	0.00242428528025
66	0.0275590551181	0.0669291338583	0.00797060218302	0.00384042143903
67	0.0255905511811	0.0137795275591	0.00812796038218	0.00368306323986
68	0.106299212598	0.00787401574803	0.0111864811899	0.000624542432123
69	0.0905511811024	0.0393700787402	0.00913153317574	0.00267949044631
70	0.0551181102362	0.0196850393701	0.00842513171292	0.00338589190913
71	0.0452755905512	0.0216535433071	0.00909952703877	0.00271149658328
72	0.0433070866142	0.0354330708661	0.00965996437426	0.00215105924778
73	0.0295275590551	0.0177165354331	0.00932526244861	0.00248576117343
74	0.0314960629921	0.0157480314961	0.00924758893496	0.00256343468709
75	0.0728346456693	0.0177165354331	0.00964634024831	0.00216468337374
76	0.0629921259843	0.0314960629921	0.00909191782696	0.00271910579508
77	0.0944881889764	0.0275590551181	0.0091579200771	0.00265310354495
78	0.0846456692913	0.0492125984252	0.00953183497413	0.00227918864792
79	0.104330708661	0.0374015748031	0.00900215407657	0.00280886954547
80	0.141732283465	0.0196850393701	0.00972553716269	0.00208548645936
81	0.0629921259843	0.0393700787402	0.00945715852035	0.00235386510169
82	0.0748031496063	0.0393700787402	0.0094773496446	0.00233367397745
83	0.0846456692913	0.0334645669291	0.00959133020011	0.00221969342194
84	0.11811023622	0.0236220472441	0.00936783918774	0.00244318443431
85	0.0787401574803	0.0551181102362	0.00813475889881	0.00367626472324
86	0.0807086614173	0.0295275590551	0.00785706331147	0.00395396031058
87	0.0629921259843	0.0236220472441	0.0091892287415	0.00262179488055
88	0.011811023622	0.011811023622	0.00928370910048	0.00252731452157
89	0.0669291338583	0.00393700787402	0.00788409641385	0.0039269272082
90	0.108267716535	0.0177165354331	0.0107052157869	0.00110580783516
91	0.108267716535	0.0610236220472	0.00785254252866	0.00395848109338
92	0.114173228346	0.011811023622	0.00906408474847	0.00274693887358
93	0.0669291338583	0.0236220472441	0.00831437127119	0.00349665235085
94	0.104330708661	0.0255905511811	0.00811262119002	0.00369840243203
95	0.155511811024	0.0255905511811	0.00907153313921	0.00273949048284
96	0.0669291338583	0.0433070866142	0.00854726231028	0.00326376131177
97	0.0570866141732	0.0216535433071	0.00871846633073	0.00309255729132
98	0.0570866141732	0.0255905511811	0.00855874902806	0.00325227459399
99	0.0944881889764	0.0275590551181	0.00930356031899	0.00250746330306
100	0.161417322835	0.0354330708661	0.00824722199132	0.00356380163072