site	ns_changes	s_changes	ns_sites	s_sites
1	0.0	0.0	0.00392156862745	0.00196078431373
2	0.0	0.0	0.00392156862745	0.00196078431373
3	0.0	0.00196078431373	0.00418367071164	0.00169868222953
4	0.0	0.0	0.00392156862745	0.00196078431373
5	0.0	0.0	0.00392156862745	0.00196078431373
6	0.00196078431373	0.0	0.00471849590299	0.00116385703819
7	0.0	0.00196078431373	0.00392156862745	0.00196078431373
8	0.0	0.00196078431373	0.00392156862745	0.00196078431373
9	0.0	0.00196078431373	0.00492211666873	0.000960236272451
10	0.0	0.0	0.00392156862745	0.00196078431373
11	0.0	0.0	0.00465914023883	0.00122321270234
12	0.0	0.0	0.00392156862745	0.00196078431373
13	0.0	0.00392156862745	0.00418976046913	0.00169259247204
14	0.0	0.00392156862745	0.00392156862745	0.00196078431373
15	0.00196078431373	0.00196078431373	0.0047193975613	0.00116295537987
16	0.0	0.00196078431373	0.00392156862745	0.00196078431373
17	0.0	0.00196078431373	0.00392156862745	0.00196078431373
18	0.00392156862745	0.0137254901961	0.00392648767077	0.00195586527041
19	0.0	0.00196078431373	0.00392156862745	0.00196078431373
20	0.0	0.0	0.00471927797097	0.0011630749702
21	0.0	0.00196078431373	0.00418179694011	0.00170055600107
22	0.0	0.00392156862745	0.00392156862745	0.00196078431373
23	0.0	0.0	0.00448348891515	0.00139886402603
24	0.0	0.0	0.00495044609579	0.000931906845391
25	0.0078431372549	0.0	0.00447482646489	0.00140752647628
26	0.00588235294118	0.00196078431373	0.0047154814119	0.00116687152928
27	0.0	0.0	0.00392156862745	0.00196078431373
28	0.00588235294118	0.00196078431373	0.00460091559635	0.00128143734482
29	0.0	0.00196078431373	0.00465867179595	0.00122368114523
30	0.0	0.00588235294118	0.00392156862745	0.00196078431373
31	0.0	0.0	0.00461009198423	0.00127226095695
32	0.0	0.00392156862745	0.00447954825105	0.00140280469012
33	0.00196078431373	0.00392156862745	0.00493520256432	0.000947150376856
34	0.0	0.00196078431373	0.00465679802441	0.00122555491676
35	0.00196078431373	0.00392156862745	0.00447978557931	0.00140256736187
36	0.00588235294118	0.0	0.00463211489733	0.00125023804384
37	0.00196078431373	0.00196078431373	0.00447913416347	0.00140321877771
38	0.0	0.00196078431373	0.00494749983537	0.000934853105805
39	0.0	0.0	0.00392156862745	0.00196078431373
40	0.0	0.0	0.00418132849722	0.00170102444395
41	0.0	0.00196078431373	0.00465867179595	0.00122368114523
42	0.00588235294118	0.0	0.00409943904654	0.00178291389464
43	0.0	0.00196078431373	0.00354594772449	0.00233640521668
44	0.00392156862745	0.0	0.00395586454306	0.00192648839811
45	0.00196078431373	0.00196078431373	0.0049493129187	0.000933040022473
46	0.0078431372549	0.00588235294118	0.0039236420965	0.00195871084468
47	0.00392156862745	0.00196078431373	0.00471481219849	0.00116754074269
48	0.0	0.0	0.00461009198423	0.00127226095695
49	0.00196078431373	0.00392156862745	0.00418201071645	0.00170034222472
50	0.0	0.00196078431373	0.00494387366871	0.000938479272469
51	0.00196078431373	0.00196078431373	0.00471559426647	0.00116675867471
52	0.00196078431373	0.00392156862745	0.00393034392514	0.00195200901604
53	0.0	0.00588235294118	0.00392156862745	0.00196078431373
54	0.0078431372549	0.00588235294118	0.00447978195417	0.00140257098701
55	0.00196078431373	0.00392156862745	0.00471919601638	0.0011631569248
56	0.00196078431373	0.00196078431373	0.00482322499366	0.00105912794751
57	0.0	0.0	0.00392156862745	0.00196078431373
58	0.00980392156863	0.00196078431373	0.00460907763991	0.00127327530126
59	0.00588235294118	0.0	0.00417954583145	0.00170280710973
60	0.0	0.0	0.00354529630866	0.00233705663252
61	0.0156862745098	0.00392156862745	0.00414696311552	0.00173538982566
62	0.00196078431373	0.00196078431373	0.00392156862745	0.00196078431373
63	0.00196078431373	0.00588235294118	0.00493829541185	0.000944057529325
64	0.0	0.0	0.00461009198423	0.00127226095695
65	0.0078431372549	0.00196078431373	0.00392156862745	0.00196078431373
66	0.00196078431373	0.00196078431373	0.00447678869749	0.00140556424369
67	0.00392156862745	0.00588235294118	0.00241559723786	0.00346675570332
68	0.00392156862745	0.0	0.00459185344151	0.00129049949967
69	0.00196078431373	0.00392156862745	0.00464880293057	0.00123355001061
70	0.00196078431373	0.0	0.00294531269285	0.00293704024832
71	0.00588235294118	0.0	0.00583161366338	5.07392778005e-05
72	0.00980392156863	0.0	0.00516333013202	0.000719022809161
73	0.0	0.0	0.00471927797097	0.0011630749702
74	0.00392156862745	0.00392156862745	0.00493211379117	0.000950239150003
75	0.0	0.00196078431373	0.00472222423139	0.00116012870979
76	0.00392156862745	0.00196078431373	0.00460525155657	0.0012771013846
77	0.00980392156863	0.0	0.00403105814519	0.00185129479599
78	0.00588235294118	0.00196078431373	0.00392156862745	0.00196078431373
79	0.00588235294118	0.0	0.00583451671645	4.78362247273e-05
80	0.00392156862745	0.0	0.00494672912011	0.000935623821065
81	0.0	0.00196078431373	0.00392156862745	0.00196078431373
82	0.00196078431373	0.0	0.00418107383069	0.00170127911049
83	0.0137254901961	0.0	0.00391894390355	0.00196340903762
84	0.0	0.00392156862745	0.00392156862745	0.00196078431373
85	0.00196078431373	0.00196078431373	0.00447871103505	0.00140364190613
86	0.0	0.00588235294118	0.00392156862745	0.00196078431373
87	0.00196078431373	0.0	0.00392156862745	0.00196078431373
88	0.0	0.00196078431373	0.00410407742599	0.00177827551519
89	0.0	0.00196078431373	0.00471950460639	0.00116284833479
90	0.0117647058824	0.00588235294118	0.00447851823356	0.00140383470761
91	0.0	0.00392156862745	0.00276235053299	0.00312000240819
92	0.0127450980392	0.00294117647059	0.00392224365035	0.00196010929083
93	0.00588235294118	0.00980392156863	0.00322458155269	0.00265777138848
94	0.00392156862745	0.0	0.00461009198423	0.00127226095695
95	0.00588235294118	0.00588235294118	0.00392762084785	0.00195473209332
96	0.00392156862745	0.0	0.00392156862745	0.00196078431373
97	0.0147058823529	0.000980392156863	0.00392754194122	0.00195481099996
98	0.0117647058824	0.0	0.00492309009896	0.000959262842221
99	0.00980392156863	0.0	0.00516848785138	0.000713865089794
100	0.0078431372549	0.0	0.00422970902527	0.0016526439159