Codon,alpha,beta,beta-alpha,Prob[alpha<beta],Prob[alpha>beta],BayesFactor,PSRF,Neff
1,0.9868765866927257,0.078696920374104,-0.9081796663186217,0.0004449992175611099,0.9990574515013189,0.0008310601525436403,1.014392927098426,131.9458277399193
2,0.8601662846948953,0.2825180823515204,-0.5776482023433749,0.01864290534121517,0.9676335621061769,0.03546226217306927,1.006088693592993,227.827840024979
3,0.7546256810265921,0.2088082530399176,-0.5458174279866745,0.01979673225492097,0.9659235882427041,0.03770138212953657,1.011236018631876,156.8484773825786
4,0.752578442657126,0.1252762800302026,-0.6273021626269235,0.03054826346039574,0.9516931842591478,0.05882206176618516,1.008799115176424,183.8575569111891
5,4.610190994638452,0.1325012149937932,-4.477689779644659,0.002734917222201554,0.995338211964761,0.005119334187470541,1.016406824443315,119.894951914091
6,0.7087706121355092,0.1319293441651679,-0.5768412679703413,0.0259388076431159,0.9593173997924633,0.0497099900126876,1.008766281113511,184.2867002899305
7,0.4799453049716768,0.2825949638171658,-0.1973503411545109,0.3073828026785003,0.6260483964001973,0.8284498120632697,1.00695243193748,211.6529717035488
8,0.6843272435998546,0.1327012805561028,-0.5516259630437519,0.02928532598381943,0.9543034318000684,0.05631685271941781,1.008616109798199,186.2758063072521
9,0.7461376105654443,0.3183683525932425,-0.4277692579722018,0.07570961511382146,0.8886409982962491,0.1529052902276318,1.006316845594087,223.3156344655231
10,1.47251417583778,0.1775857782621855,-1.294928397575594,0.0005871487349290848,0.9987273214332761,0.001096688042147463,1.014418256039825,131.7787500861858
11,0.7783435413019058,0.1252069241604386,-0.6531366171414672,0.02970337960608305,0.9529822085457518,0.05714539711796484,1.00888320453709,182.7677516157513
12,0.8541273005228757,0.3706214877720219,-0.4835058127508537,0.08192743555017794,0.8814356149073088,0.1665836064521286,1.003053454183384,312.1437551654246
13,0.8500740304619212,0.6503165386871868,-0.1997574917747345,0.2838155591762354,0.6273091424351748,0.7397606513640338,0.9979400369282563,846.2190818337102
14,0.8967369700929977,0.2014943276307667,-0.695242642462231,0.00867954991880979,0.9842983019001282,0.0163441766726091,1.012664109441134,144.4814166301116
15,0.7721140897522647,0.2923649306786963,-0.4797491590735684,0.1094562555135025,0.8495892788859182,0.2294379416528187,1.009704723020593,172.7759783303567
16,0.7544518420801682,0.2874109074791084,-0.4670409346010598,0.06980046315906854,0.8960337098095472,0.1400754717385705,1.006371401844155,222.2634609763448
17,0.7356502721585223,0.130179327522008,-0.6054709446365143,0.0225771399569718,0.9643215261100082,0.04311876777989645,1.008968164796292,181.6799740194367
18,0.7320612527523825,0.1255000195164571,-0.6065612332359254,0.03198631361290068,0.949498815633121,0.06168259007579626,1.008686175458744,185.3423188278017
19,0.8674638650623425,0.07743449306292989,-0.7900293719994126,0.001035821424324004,0.997868292275381,0.001935596741983861,1.01115451100725,157.6202344558822
20,0.9171094375329394,0.3879228807266397,-0.5291865568062997,0.07165331206622282,0.8932656933014652,0.1440807583852451,1.004161439059827,274.8989739476838
21,0.7643691427662148,0.2956519414453305,-0.4687172013208843,0.1130571012363552,0.8452295250655844,0.2379480189453922,1.009653742061682,173.3634593511441
22,0.55380111879821,0.4533657238600743,-0.1004353949381357,0.3635704069926954,0.5586911112191232,1.066394923960024,1.005330186359185,244.2600790123482
23,0.6751458338375007,0.2993255919925599,-0.3758202418449408,0.1124170308758674,0.8435445420968122,0.2364302592917192,1.009225328905168,178.4665282701765
24,1.627148962188423,0.2805559811155659,-1.346592981072857,0.01425371211776189,0.9762511745557463,0.02699247706958619,1.0059085342474,231.5241028486081
25,1.129377630538065,0.6121593446302697,-0.5172182859077951,0.1431499690177716,0.7925820769688444,0.3118647934829764,0.9971844728338375,1135.944433918038
26,0.5291930864124289,0.1332824601577536,-0.3959106262546753,0.07254032314893097,0.8893444492949104,0.1460038666098067,1.008778964782711,184.1206816703253
27,0.4760236333061855,0.1318845858520938,-0.3441390474540917,0.142826367167991,0.7825714708949457,0.3110423287519766,1.0093466997141,176.9898974703212
28,0.6779106853856065,0.5474801938169087,-0.1304304915686978,0.3468890801163202,0.5745673097899224,0.9914791638578806,1.001624448929066,378.5415835069095
29,0.7774885091683379,0.6507703316185433,-0.1267181775497946,0.4154981682000541,0.5032384374547518,1.326976235285374,0.9982353629468503,769.6157650097355
30,0.6215825086333217,0.4261016837061348,-0.1954808249271869,0.2793980039539905,0.652253068734064,0.7237819473151565,1.005022422470119,251.6359151689765
31,0.4760793357250794,0.1241489276977677,-0.3519304080273117,0.1344076398736396,0.790645066018297,0.2898614423010324,1.009145091393839,179.4566219070034
32,0.7548530687092663,0.3017782839128606,-0.4530747847964057,0.1203055400133972,0.8369178281514669,0.255289926447794,1.009740097914511,172.37072069649
33,0.4760793357250794,0.1241489276977677,-0.3519304080273117,0.1344076398736396,0.790645066018297,0.2898614423010324,1.009145091393839,179.4566219070034
34,1.51030413275775,0.4363880932156201,-1.07391603954213,0.03563426278836754,0.9430927158273367,0.06897725617423635,1.000253036411983,476.1532002692153
35,0.4769386623608252,0.2835022088884439,-0.1934364534723813,0.3108244108492914,0.6223232339968255,0.8419089788688343,1.007015957974764,210.5550559054851
36,0.6982842652131488,0.656555919775763,-0.04172834543738579,0.4257547965679077,0.4820971703770197,1.384019093098621,0.9995945883822165,543.6675642722383
37,1.511689522704674,1.029550390393251,-0.4821391323114237,0.2574070322642484,0.5837165780490552,0.6470673455728422,1.014827453886133,129.1386745869681
38,0.8026431884338816,0.2523864220786385,-0.5502567663552431,0.03680725414290204,0.9427242464773794,0.07133458270678879,1.009773274896929,171.9924047723848
39,2.089691397569818,0.6923708635029617,-1.397320534066856,0.06252403051115522,0.8962846250620448,0.1244992486403795,1.005242483831261,246.316843500932
40,1.134058605423517,0.4323054656453196,-0.7017531397781971,0.1127500329896289,0.8453670599218052,0.2372196135319223,0.9999480615486429,505.1957435258845
41,0.9069505471386039,0.2856917060868435,-0.6212588410517604,0.0323801345492802,0.9481118409900269,0.06246745050785659,1.007662790606402,200.0024260400445
42,3.326947924811033,0.5614717887377686,-2.765476136073264,0.007384676060701069,0.986243579234919,0.01388770177517782,1.001841122665868,366.6931166661097
43,1.223495108768456,0.4601342495835049,-0.7633608591849509,0.1134004711324144,0.8421290993574457,0.2387631341010892,1.002448680147162,337.1399482637793
44,0.7185677349505757,0.780645363188157,0.06207762823758134,0.5414146264893344,0.3580658169668623,2.203888879936123,1.003856968575671,284.2065041276145
45,2.254488031287965,0.306671896542345,-1.94781613474562,0.009787135805231727,0.9837482500833195,0.01845044982397872,1.000381884919383,464.8698233545524
46,0.7585801612432479,0.7215363018577723,-0.03704385938547561,0.4474903113964175,0.4551865144569732,1.511902019336524,1.000580402121436,448.5030389311299
47,1.043269666936982,0.2935189509513587,-0.7497507159856232,0.05122401406925318,0.9248856824839299,0.1007835919092065,1.007826866750593,197.4947027487323
48,0.8910450899584876,0.07749539972145543,-0.8135496902370322,0.001289476965960463,0.9973781836527241,0.002410204378593049,1.010529744159794,163.8046911076608
49,0.9181833964239475,0.2720846413922163,-0.6460987550317312,0.03881571972832537,0.9417516779308261,0.07538429751662951,1.008947843584375,181.93894927018
50,0.7910188302130009,0.2020053970052059,-0.589013433207795,0.0183948049224537,0.9683223554215562,0.03498148538596028,1.010987075042746,159.230275175017
51,0.5591508335653179,0.205254033341956,-0.3538968002233619,0.08019725220174957,0.8733956260497596,0.1627588804846736,1.011480124174174,154.5827927428186
52,1.080231625021353,0.9068831390219385,-0.1733484859994141,0.4186222288117928,0.4469994758695492,1.344137728003997,1.019872344398992,103.724363807626
53,0.8705892886666475,0.4251637822322503,-0.4454255064343972,0.09717733949351841,0.8583185190480915,0.2009289255788091,1.003466706491548,297.1141391560532
54,2.48132411487202,0.5123328491273756,-1.968991265744644,0.005900301934891519,0.9883638324855542,0.01107960308841804,1.002414236091189,338.6861031743744
55,1.059546661348558,0.1273138615453462,-0.9322327998032123,0.01125625926728043,0.9816939846860366,0.02125153226761612,1.012384237998202,146.745086801283
56,0.7422548266642771,0.7400034957316443,-0.002251330932632856,0.4725180336489226,0.4302245528291493,1.672209474719972,1.001669558140571,376.0115219876682
57,0.7647181248505199,0.2944982546092867,-0.4702198702412332,0.1121606813198873,0.8462826338949769,0.2358230070269421,1.009676536485858,173.100282874189
58,0.3383220934408448,0.736911344209262,0.3985892507684172,0.8383817048367366,0.1198679491046916,9.683473749355757,1.003264298949306,304.2879930258032
59,0.8129921700536729,0.4906579930947598,-0.3223341769589131,0.1967659424032991,0.7391227946004773,0.4572858085894794,1.000888520308882,425.2811522846121
60,0.8638049366832681,1.249522637236859,0.385717700553591,0.7078367825172595,0.127806723332504,4.522592899470652,1.021041626933956,99.23903646685078
61,11.98613379950748,0.5529215607776032,-11.43321223872988,0.01627588331686747,0.974072585322854,0.030885252585821,1.002413577686383,338.7157979301806
62,0.4706018586647691,0.414841539962971,-0.0557603187017981,0.4459127910077835,0.4886821991580413,1.502282865583829,1.008863447475457,183.022617645269
63,0.5823666669295193,0.5472961194759814,-0.03507054745353788,0.439046729846358,0.479305254775661,1.461046273452387,1.003844580138834,284.5987616135083
64,1.595230063581661,0.9052499123184432,-0.689980151263218,0.3150278154465552,0.5677015538610379,0.858530787619104,1.014977881915203,128.19531072019
65,0.477895172680504,0.3086166007079343,-0.1692785719725696,0.3336393236622652,0.5998281138999325,0.9346473524827836,1.011860834594252,151.1800556290774
66,0.6175071250786986,0.5825784565521998,-0.0349286685264989,0.5123883877736716,0.4216278269074508,1.961576037291083,1.006410999715797,221.5060698002527
67,0.4610810204900645,0.5350904852216762,0.07400946473161174,0.5663102969599131,0.3702963873983216,2.437559669111636,1.00622038052733,225.2010759904572
68,3.387437111036216,0.7277539960154281,-2.659683115020788,0.01510963395930711,0.9691212744772051,0.02863821613259565,1.006234237687238,224.9282438260014
69,1.027034950014898,0.889488223511961,-0.1375467265029369,0.4418450087177707,0.4348670984519065,1.477729859464976,1.017198525176933,115.7559967514183
70,0.6678414759077855,0.3555252411529105,-0.3123162347548751,0.1546433886831264,0.7902842236323548,0.3414847490447986,1.005738705758656,235.121839981548
71,0.4760793357250794,0.1241489276977677,-0.3519304080273117,0.1344076398736396,0.790645066018297,0.2898614423010324,1.009145091393839,179.4566219070034
72,1.558580059446021,0.512550249955498,-1.046029809490523,0.06122119909264577,0.906527018842114,0.1217358425310782,0.9968992749598179,1304.838835731092
73,1.007825269262035,0.7004667403045234,-0.3073585289575115,0.2687800188469004,0.6404225872862714,0.6861654365249834,1.000732744679366,436.7101567647512
74,0.9233081372090488,0.4630665136813011,-0.4602416235277477,0.09143323941319689,0.8638654946697644,0.1878569083720837,0.999556834024293,548.1285521144615
75,0.8681758759306542,1.037126845932475,0.1689509700018212,0.6645583151405873,0.2052049151161678,3.698247513249092,1.023828205209649,90.01620509275932
76,0.6859878932814232,0.2494319337224469,-0.4365559595589762,0.08054224954570996,0.8824566121110212,0.1635203792074211,1.003990180885542,280.0567944209046
77,0.2622282155946652,0.6557559677642587,0.3935277521695935,0.8621106294012367,0.101885038478114,11.67110883116899,1.002988585549279,314.6439501136738
78,2.072367301152938,0.3445216853786478,-1.727845615774291,0.2286856570086503,0.7217795810821179,0.5534615152579568,1.003795574098156,286.1612652004246
79,0.5508337444172821,0.5955222660302266,0.04468852161294457,0.5269941132055187,0.3906668218720419,2.079788279553443,1.00308408403393,310.9771308050384
80,9.236233355132484,0.5255865400633581,-8.710646815069126,0.03801663641509252,0.947337022073533,0.07377106209583656,0.9974339985688274,1020.471789523841
81,0.6144811787885702,0.7879466977976392,0.1734655190090689,0.6502039085933117,0.2636322453752147,3.469880607578629,1.002405751768948,339.0691587986447
82,0.8367686702143079,0.5538824571558327,-0.2828862130584752,0.3096441617145235,0.619582706866329,0.8372782355283525,0.9988076256613638,654.8900436541709
83,0.7938955339801745,0.4282843321446965,-0.3656112018354781,0.1540651588067534,0.7910527076393575,0.3399753517417748,1.002882046329964,318.8393878299467
84,0.9715929109100804,0.8654578971334663,-0.1061350137766141,0.489950236551601,0.4094216252303222,1.793161184950927,1.012440495023192,146.284235603617
85,0.6679817048626965,0.4223736675748108,-0.2456080372878857,0.2433201484637336,0.6908698166524033,0.6002688557886168,1.004693991100799,260.0229769373968
86,0.3155832456032609,0.5610107595537943,0.2454275139505334,0.7479423607829515,0.1995955438362948,5.539214394481034,1.005282828139495,245.3663526761935
87,2.973483456165129,0.4803853573147734,-2.493098098850356,0.2174019777034198,0.7377603083757354,0.5185667332657666,1.006683029236413,216.4415837703347
88,0.5565639312665485,0.9104043531270983,0.3538404218605499,0.7670173884481291,0.1715679851721361,6.145562062187306,1.015599280786113,124.4443329945323
89,0.9915973071797497,0.7418825799499286,-0.2497147272298211,0.3111919155856285,0.5883970163336266,0.8433541348576279,1.004218852605336,273.2126708280167
90,0.5642129135776932,0.7526803940231479,0.1884674804454547,0.6790716793365241,0.2394830445782897,3.949912575064821,1.000904662337764,424.1312469712476
91,0.4511390086517182,0.7481541250847225,0.2970151164330042,0.7426266835511626,0.200779251390127,5.386255362005422,1.003690610583547,289.5671184845374
92,0.6498813204490987,0.8337896964215712,0.1839083759724724,0.662737721894732,0.2441308083192355,3.668206952472427,1.005921632047922,231.2512742189665
93,0.8798229524938428,1.259552934313491,0.3797299818196485,0.6807927188067939,0.1669430461226081,3.981273575327653,1.021143885883239,98.8658466738152
94,1.063229210970426,0.8920683732720667,-0.1711608376983595,0.3896286119631686,0.4700743849812746,1.191616703522918,1.02066216778686,100.6498436585187
95,0.851727606975359,0.7085525875479159,-0.143175019427443,0.3675438385646204,0.5382921542781818,1.084822357485141,0.9999169044759401,508.3651302921491
96,0.4475467573045309,0.9129209336429129,0.465374176338382,0.8461674972478361,0.1035978088973849,10.26805394916178,1.016455673833589,119.6307329596578
97,1.504987378713334,0.8850886858157724,-0.6198986928975615,0.3113513348858563,0.5741820218569103,0.8439815064662824,1.014745105877369,129.6611800353691
98,0.2699314047608191,0.6089225725651003,0.3389911678042812,0.8177867377558077,0.1395557627098352,8.377992899386085,1.00587184867398,232.2917626467571
99,0.799479596001879,0.5486596074240597,-0.2508199885778193,0.2185600055972133,0.7080415381842695,0.5221015308370157,0.9968263718897118,1356.419348513583
100,0.7850533287790569,0.4829607962161303,-0.3020925325629266,0.1948215927519077,0.7397831901648487,0.4516737778577981,1.002631881257463,329.1503967670064