Codon,alpha,beta,beta-alpha,Prob[alpha<beta],Prob[alpha>beta],BayesFactor,PSRF,Neff
1,1,0.2035310187783343,-0.7964689812216657,0.001879525876865345,0.9976063494204338,0.01298025573514323,1.003236802427373,305.2897023118286
2,1,0.2445883033356293,-0.7554116966643707,0.004396054630598044,0.994494649084537,0.03043647657759894,1.003191668618872,306.9485013796599
3,1,0.2035310301978865,-0.7964689698021135,0.001879527765077733,0.9976063471496845,0.01298026879994482,1.003236801079584,305.2897515760152
4,1,0.2445555369289956,-0.7554444630710043,0.004393125510128118,0.9944982177184125,0.03041610706477848,1.003191956349863,306.9378686228665
5,1,0.2513009305834359,-0.7486990694165641,0.004941493760947296,0.9938275622326221,0.03423162678745025,1.003169781633997,307.7595008539813
6,1,0.2161544373550099,-0.7838455626449901,0.002513019581791385,0.9968168321405919,0.01736626967265474,1.003237900368479,305.249575895337
7,1,0.2035310382026453,-0.7964689617973547,0.001879527556957205,0.9976063473558131,0.01298026735993021,1.003236801882078,305.2897222433886
8,1,0.2445555369289956,-0.7554444630710043,0.004393125510128118,0.9944982177184125,0.03041610706477848,1.003191956349863,306.9378686228665
9,1,0.2035310187660721,-0.796468981233928,0.001879525877566495,0.9976063494197012,0.01298025573999458,1.003236802425173,305.289702392247
10,1,0.9271503048386223,-0.07284969516137774,0.2698336148166006,0.6952869644053088,2.547370527811823,1.002766082486617,323.5365863336555
11,1,0.2445555369289956,-0.7554444630710043,0.004393125510128118,0.9944982177184125,0.03041610706477848,1.003191956349863,306.9378686228665
12,1,0.2035310127197445,-0.7964689872802555,0.0018795261395548,0.9976063491410354,0.01298025755272774,1.003236801699056,305.2897289331425
13,1,0.3832286687843145,-0.6167713312156855,0.009971554600786546,0.9874785944421051,0.06942775185836426,1.004310347001961,270.5682962912865
14,1,0.2445663871032209,-0.7554336128967791,0.004394095620163815,0.9944970358024989,0.03042285333217515,1.003191861005725,306.9413918695605
15,1,0.2513076393636778,-0.7486923606363223,0.004941924343864181,0.9938270289193364,0.03423462441487912,1.003169826527634,307.757832926352
16,1,0.2035310134870894,-0.7964689865129106,0.001879528599575722,0.9976063462499442,0.01298027457395137,1.003236798946167,305.289829556366
17,1,0.5662650734872109,-0.4337349265127891,0.03176370290273298,0.9605111166952712,0.2261349397629628,1.005579834633439,238.5918939987293
18,1,0.244566409964014,-0.755433590035986,0.00439409766398585,0.9944970333124494,0.03042286754518493,1.00319186080489,306.9413992910941
19,1,0.5736755645921487,-0.4263244354078513,0.03416673412387344,0.9576385354634365,0.2438480081036897,1.005563346517547,238.9579980103197
20,1,0.2035309943958542,-0.7964690056041458,0.001879526943035333,0.9976063482852991,0.01298026311212022,1.003236799488683,305.2898097263821
21,1,0.2035309986642128,-0.7964690013357872,0.001879526759144531,0.9976063484807354,0.01298026183975443,1.003236800000802,305.2897910074897
22,1,0.2513076393636778,-0.7486923606363223,0.004941924343864181,0.9938270289193364,0.03423462441487912,1.003169826527634,307.757832926352
23,1,0.2035310066804147,-0.7964689933195853,0.001879526401388538,0.9976063488625233,0.01298025936439144,1.003236800973518,305.2897554529221
24,1,0.3367326413643743,-0.6632673586356257,0.005051607986077572,0.993555607057812,0.03499830330193138,1.004327063041508,270.0907663951285
25,1,0.3832286519338705,-0.6167713480661295,0.009971557821553548,0.9874785910775901,0.06942777450907676,1.004310344469246,270.5683687735087
26,1,0.2513076393636778,-0.7486923606363223,0.004941924343864181,0.9938270289193364,0.03423462441487912,1.003169826527634,307.757832926352
27,1,0.3369591161341263,-0.6630408838658737,0.005070343332553967,0.9935322133764668,0.03512876610397084,1.004327315345721,270.0835718732985
28,1,0.2461818005035605,-0.7538181994964395,0.004520780358135547,0.9943418514401359,0.03130394793128484,1.00318743602539,307.1049980655518
29,1,0.3449335379592773,-0.6550664620407227,0.005760255060113973,0.9926723051318198,0.03993636176634917,1.004334139123589,269.8891373451202
30,1,0.4792762558852265,-0.5207237441147734,0.01785303838347414,0.9776236017348792,0.1253007195820272,1.005074645495559,250.3526366995951
31,1,0.4793994680446985,-0.5206005319553015,0.01787787247918102,0.9775934138116297,0.1254781893089034,1.005074495552005,250.3563022469224
32,1,0.2445555369289956,-0.7554444630710043,0.004393125510128118,0.9944982177184125,0.03041610706477848,1.003191956349863,306.9378686228665
33,1,0.4553709714027,-0.5446290285973,0.01348422300094909,0.9829630978991396,0.09421928298315378,1.005088011043369,250.0263373086137
34,1,0.3832286732338289,-0.6167713267661712,0.009971549815141124,0.9874785997282569,0.06942771820231974,1.004310349526809,270.5682240342067
35,1,0.4796488790340653,-0.5203511209659347,0.01792828224567246,0.9775321462894067,0.1258384558163943,1.00507417954725,250.3640277133156
36,1,0.6816911775481013,-0.3183088224518987,0.07344873338849037,0.9111340220376036,0.5464277675919056,1.005597503220445,238.2008416769231
37,1,0.4796467300083017,-0.5203532699916983,0.01793113091880035,0.9775289114217515,0.1258588157038989,1.005073675890398,250.3763417695002
38,1,0.6372123182268979,-0.3627876817731021,0.06021404110638588,0.9271182924786656,0.4416586356201431,1.005193723376068,247.4756438211869
39,1,1.055123249064024,0.0551232490640241,0.399511805807399,0.5609608075387148,4.586095011317354,1.001328286391098,396.0466240836422
40,1,0.4433905259983186,-0.5566094740016814,0.02016234385054428,0.9751924299043498,0.141841983246788,1.004067542832401,277.7027735083299
41,1,0.727497485091119,-0.272502514908881,0.0938975570581301,0.8869856725832553,0.7143234308472265,1.005756611212083,234.7371700368301
42,1,0.8346204615177328,-0.1653795384822672,0.1752519612817792,0.7948368338039653,1.464736484401327,1.005184943039201,247.6854874432597
43,1,0.4148801070212914,-0.5851198929787086,0.01474424196719923,0.9816833296113897,0.1031552584819413,1.004213613985952,273.365665082524
44,1,0.6480112961238368,-0.3519887038761632,0.05527822345618223,0.9321949660641307,0.4033369916116286,1.005854694991799,232.6524884466708
45,1,0.5541595681552787,-0.4458404318447213,0.0281141956075805,0.9648964819038586,0.1994014569568561,1.005596338904697,238.2265709575564
46,1,0.685326819911767,-0.314673180088233,0.0869601864103937,0.8967719185469539,0.6565210422447798,1.004498426512096,265.2922053458076
47,1,0.5232489077741844,-0.4767510922258156,0.0283351000498648,0.9650185814307713,0.2010139230822158,1.004963213448767,253.1071133268741
48,1,0.8905849522940568,-0.1094150477059432,0.2317455671633871,0.7384764886881432,2.079334046725999,1.001919849664004,362.5715004747145
49,1,0.2461793089866717,-0.7538206910133283,0.004522086176015996,0.994340334890347,0.03131303108548848,1.003186661620233,307.1336485490566
50,1,0.2445664468617167,-0.7554335531382833,0.004394100962747367,0.9944970292934702,0.03042289048521059,1.003191860480739,306.9414112695537
51,1,0.4761111884548342,-0.5238888115451658,0.01722486792297417,0.9783878768920158,0.1208146626824857,1.005077982813674,250.2710802118971
52,1,2.842421650273322,1.842421650273322,0.9303462489319209,0.06304015627739966,92.06997077149407,1.000872648892192,426.4179303352213
53,1,0.4147853600784705,-0.5852146399215294,0.01472123826926303,0.9817105973925742,0.102991912875745,1.004215792397287,273.3020233257232
54,1,0.2445664099638373,-0.7554335900361626,0.004394097663970064,0.9944970333124686,0.03042286754507515,1.003191860804891,306.9413992910366
55,1,0.5843319222810271,-0.4156680777189729,0.04916803748392614,0.9406362567098284,0.3564486757374042,1.004505133066363,265.1079204716525
56,1,0.7726725083878712,-0.2273274916121288,0.1459842165175223,0.8324998579070073,1.178305514081727,1.002382543204884,340.1214846637146
57,1,0.4857867248874506,-0.5142132751125494,0.0192037695326067,0.9759844979894859,0.1349663804559654,1.005064791441046,250.5937626808671
58,1,0.485874728889637,-0.514125271110363,0.01921657836647565,0.9759685595520009,0.1350581662760071,1.005065555465159,250.5750503597626
59,1,0.4502887181311315,-0.5497112818688685,0.02165142174473712,0.9734230336145615,0.1525494707507115,1.004021464755362,279.1000125647154
60,1,0.6513401630230553,-0.3486598369769447,0.05690652656379885,0.930288333107162,0.4159347852469454,1.005837588337953,233.0133612199749
61,1,0.6675480066470879,-0.3324519933529121,0.07639622100199837,0.9086520358644175,0.5701696274559076,1.004804955220672,257.126546894126
62,1,0.675109435282832,-0.324890564717168,0.0696389871357993,0.9155167205616953,0.5159633417493602,1.005659437544737,236.8402970273571
63,1,0.4411092152790643,-0.5588907847209357,0.01968283396583638,0.9757632500452219,0.1384009035217758,1.004082547961803,277.2508244624319
64,1,0.4413772326939861,-0.5586227673060139,0.01973888485486886,0.9756965023730017,0.1388029645937866,1.004080779367777,277.3040163298201
65,1,0.7230454631933402,-0.2769545368066598,0.09068732165307299,0.8906322714379458,0.6874660142161734,1.005811374545286,233.5685665929456
66,1,0.3832171002801399,-0.6167828997198601,0.009970054230821677,0.9874804316002932,0.06941720021117322,1.004310362196486,270.5678614491562
67,1,1.915120580440487,0.9151205804404874,0.7664435712150534,0.2138001824810116,22.62071164201162,0.999986507674078,501.339345407713
68,1,3.286966121807474,2.286966121807474,0.9980134913421713,0.001665854397982084,3463.09060243016,1.00090903159669,423.8210733902836
69,1,1.17110528814662,0.1711052881466202,0.4287726178874111,0.538992894146147,5.174113237915953,0.9993852530320791,569.3672875413833
70,1,1.236134325549066,0.2361343255490655,0.4850624105486908,0.4818455228459516,6.493232128466672,0.9993034706597388,580.0847847213811
71,1,0.5949867897088559,-0.4050132102911441,0.05361787346376953,0.9355228776571927,0.3905358974401006,1.004377123431808,268.6708533715984
72,1,0.4762579853957434,-0.5237420146042566,0.01725485831617644,0.9783514455648057,0.1210287076391676,1.005077654101705,250.2791107918296
73,1,0.7686912200388071,-0.2313087799611929,0.1349584770069525,0.8425814404465793,1.075427450809766,1.003990109855108,280.0589743728256
74,1,0.676050763565905,-0.323949236434095,0.07015024945083789,0.9149242565194813,0.5200371201792495,1.005653919958923,236.9608637004106
75,1,0.4499899626788929,-0.5500100373211071,0.02158731714733783,0.9734992398112869,0.1520878435522936,1.004023062434371,279.0513271768608
76,1,0.8620545304122287,-0.1379454695877713,0.204186770542902,0.7638211011051323,1.768619258040717,1.004512746501479,264.8990305484214
77,1,0.4413500641211677,-0.5586499358788324,0.01973314287802306,0.9757033354377939,0.1387617744558888,1.004080973324781,277.2981819090309
78,1,0.4399746642609185,-0.5600253357390815,0.01108198048847292,0.9859240383310233,0.07724582120942382,1.005086905251194,250.0533007603342
79,1,0.2161800406868826,-0.7838199593131174,0.002514274150007193,0.9968152665246228,0.01737496124319057,1.003237979977006,305.2466668604545
80,1,0.802905810961273,-0.197094189038727,0.1493588869461725,0.8242161497426231,1.210326669862838,1.005167950768219,248.0926183792251
81,1,0.5577345647383,-0.4422654352617,0.039131165763359,0.9522854475921134,0.2807220862530678,1.004758522771179,258.3305406958521
82,1,0.6369032201207616,-0.3630967798792384,0.06006301816748054,0.9272924339366014,0.4404801260003057,1.005196665492613,247.4054101286204
83,1,0.5576140944853488,-0.4423859055146512,0.03908289292096049,0.9523412697777107,0.2803616979033555,1.004760568713043,258.2772484581653
84,1,0.5277356701111546,-0.4722643298888454,0.0211846358556659,0.9733001448017751,0.1491894556691154,1.005602078272833,238.0997959274903
85,1,0.5882871853119858,-0.4117128146880142,0.05077918509437691,0.9387799777169077,0.3687536925113796,1.004461806217826,266.3030714833416
86,1,0.7036160977869514,-0.2963839022130486,0.0985449920877009,0.8838866262943176,0.7535436371609149,1.004125567981461,275.9633049844384
87,1,0.588445394026928,-0.411554605973072,0.0393292323411234,0.9515026192986967,0.2822011620096803,1.00551707969953,239.9914345215894
88,1,0.5855860362427514,-0.4144139637572486,0.04966888869075818,0.9400580337213945,0.3602694194666773,1.004492853485695,265.4455406086538
89,1,0.7655931841641694,-0.2344068158358306,0.1237344508514335,0.8535669450431506,0.9733584456632051,1.005140285900776,248.7583778747855
90,1,0.594930202921136,-0.405069797078864,0.05359484189310768,0.9355494227523445,0.390358642710625,1.004377592715032,268.6576142496641
91,1,0.3444948094509669,-0.6555051905490331,0.005722243248274978,0.992719683904661,0.03967130577184961,1.004333403845426,269.9100744753794
92,1,0.5435532697929339,-0.4564467302070661,0.03440708916660174,0.9578301556907085,0.2456245477906158,1.004856247054985,255.8097196035556
93,1,0.8731545093556923,-0.1268454906443077,0.2158194667189045,0.7515047188961756,1.897109775335755,1.004216402007696,273.2842190863725
94,1,0.8413453920268162,-0.1586546079731838,0.1866058805932243,0.7840054423001461,1.581401699909702,1.00421821195393,273.2313717782084
95,1,0.7356323436301648,-0.2643676563698352,0.1095813000959302,0.8704087003889468,0.8483207311601759,1.004766834530447,258.1141765631205
96,1,0.8200537267111706,-0.1799462732888294,0.1712908178670526,0.8019050056791979,1.424786645901015,1.003803159466738,285.9182777250862
97,1,0.5953355651201281,-0.4046644348798719,0.04190287889940852,0.9484597907301966,0.3014756432189878,1.005489940416391,240.6018668412278
98,1,0.6535711247261209,-0.3464288752738791,0.05802516093973462,0.9289815629025984,0.4246146313102222,1.005824528744543,233.289626284146
99,1,0.7315612111854013,-0.2684387888145987,0.0968627643801354,0.8836234181341691,0.7393005254123469,1.005705941496842,235.8290551815142
100,1,0.6853437406561023,-0.3146562593438977,0.07560384398710548,0.9086602569213312,0.5637721915884143,1.005562130432212,238.9850453165292