dN/dS,LRT,p-value,Log(L)
0.08235324238193673,17.08426756062825,1.787864482960533e-05,-17.86347383733222
0.4102212628551326,5.393050559939297,0.01010854861317678,-64.34717013279082
9.555848176237971e-17,24.65567157027053,3.42713690704155e-07,-28.53902347306647
9.555848176237971e-17,24.65581582923409,3.426880377799257e-07,-38.36275583240307
5.114956077737342e-17,24.65566978034173,3.427140090050962e-07,-13.39029276137052
0.1616394825975461,13.33147754952385,0.0001304938961793067,-63.25350745970268
0.08065361607334726,17.61104228493168,1.355050865203822e-05,-39.93478600637062
0.4996409437654013,3.629647450862706,0.02837941929808668,-48.89599034736207
1,0,1,0
5.114956077737342e-17,18.09880329380379,1.04866602666509e-05,-10.56953569523303
0.2044846525352179,9.114747450790873,0.00126778479831241,-32.66628757756627
0.6747050785188033,1.390856577744046,0.1191302487452644,-69.31422914562233
0.336127949595626,6.958483167185832,0.004171136380878182,-49.84553846451279
0.4226627581090762,4.95479853131522,0.01300917819597253,-60.4818979170708
0.2484483063555885,9.649187502503935,0.0009471767782790463,-39.21570062000515
0.8529691681287939,0.2609949174529334,0.3047187278868253,-72.45680865127656
0.08074978314077212,17.5836822769506,1.374687073896208e-05,-40.24940904075904
0.1101906611435559,11.61084570499644,0.0003278416538460838,-25.4658528380631
6.740639792367023e-18,18.09847460801614,1.048847064155645e-05,-10.27590139670216
1.172999769609467,0.3068173974018578,0.2898198778626206,-84.18315370196846
0.3830111200879695,3.859820642136164,0.02472780745775194,-30.57087525845722
3.17603086687411e-16,24.65567001097347,3.427139679823554e-07,-27.11048196143276
0.2211157062370431,7.956404853254668,0.002395875017389359,-24.91371622677443
2.731941657024047e-16,18.07787514683539,1.06025595533743e-05,-20.43765599850196
9.682324783204268e-17,15.84027771181088,3.445986099048781e-05,-17.792140250976
1.16141974962768,0.2298734429452054,0.3158088422707738,-79.28585617245081
3.17603086687411e-16,17.71457256323486,1.283264472551338e-05,-22.77927950052234
5.114956077737342e-17,15.86556572943547,3.400243032275485e-05,-14.09312874707077
0.6093015126660299,2.288408245793192,0.06517176818002302,-64.29691104037408
0.6800706797268383,1.329840953549422,0.1244167571702579,-68.81758820545035
0.3337777046800533,5.321555316108622,0.01053160157622351,-30.65251847381496
0.3388630559837975,5.141949780748789,0.01167720225685481,-46.77843883229845
0.3319560311085747,7.170087847015019,0.003706457242016958,-29.63529570247399
0.4219992611648481,4.973000027695846,0.01287297699547452,-63.99146991481262
0.1123208829645561,11.30690213687096,0.0003860975000590794,-35.43917588854585
0.06408509355790235,23.47523628117635,6.326599433781332e-07,-35.05972394086501
1.045344997653954,0.02262990643757234,0.4402117410065499,-90.51424630205351
0.3530280160493859,6.397483258778621,0.005714112921179793,-44.62750794841883
0.3245663406883218,7.563827691762356,0.002977568887207349,-44.59535716271638
0.5879402601952745,2.334619266015551,0.06326296128557735,-65.33730564627886
0.3796130588218719,3.94115916799749,0.02355914970257705,-30.54440301286384
0.4095079274077905,5.43082514633403,0.009892164427962147,-57.71715095218111
3.17603086687411e-16,17.71621260120591,1.282158587528892e-05,-16.13210040136498
0.08071143765063324,17.59475844870704,1.366703517308165e-05,-27.07118644974283
0.1024827212506274,12.81303554348645,0.0001721063182802407,-40.58157958985309
0.4178808859774972,5.117662928905247,0.01184174605749772,-52.32654826248938
0.3317179221835221,7.175417726214889,0.003695461837820435,-42.63514608421838
0.3391903561174225,5.131932763635831,0.01174477853108319,-45.30586209042266
9.682324783204268e-17,15.87003329417612,3.392225443238361e-05,-20.57621072749027
0.1258712107951201,9.63654476076686,0.0009537185801806181,-21.25830938900773
0.1123537748777678,11.30413389992793,0.0003866735711657854,-31.65007189294297
0.5161480659121389,3.812834962806491,0.02543064824710523,-54.76042840967943
1.021852337861304,0.004077535431292745,0.4745426099994447,-72.85500178650274
1.898748532034916,6.237607860550298,0.006253264463768671,-112.263552508512
0.3604203668156151,7.451007651780003,0.003170047278819865,-44.56235567868085
0.7717055974486787,0.6448007285790425,0.2109888557358,-70.66540444859351
0.2208788300671768,7.970154591718469,0.002377743864844628,-36.57131808077294
0.951110361933089,0.0273807978759919,0.4342864632641065,-88.19957950450109
0.6791568903597438,1.344663927084852,0.1231065735243991,-62.83302199161267
0.7707741349785316,0.6511464972294903,0.2098515374848438,-65.74961974854283
0.5084759640427595,2.291106662135093,0.0650585594666333,-37.30452550115654
0.1020981174277531,12.88579862747384,0.0001655424160819652,-25.13074180385403
1.211426853332593,0.2369148986040273,0.313221635631885,-84.95622368375074
0.3877679823452505,5.025245240669321,0.01249019388938938,-61.02903848485515
0.6752142767480666,1.380264151807296,0.1200280789328244,-71.9922180651007
0.1119383197720517,11.36481804980905,0.0003742420457616413,-19.63253703563624
2.646597208616185,8.857389896527053,0.001459523375887117,-115.9075309351985
0.5831730635491028,2.430944422610196,0.05948060408232531,-58.22178234099854
0.681787737490351,1.311601084462382,0.1260524874371563,-59.21015148897981
0.3397540297737897,5.114161245039526,0.01186566760977298,-38.79787622610503
0.4937065512826689,3.786318469986753,0.02583659255735432,-55.99571875587081
1.220294327880152,0.5062022429125363,0.2383937569135696,-81.91908601968419
0.7054921512331406,0.9434055917377577,0.1657017734540435,-74.55071781382804
0.6762411978827819,0.8920497727368684,0.1724612214355096,-59.77581552763114
0.7654892613411073,0.689548577956316,0.2031589842867471,-58.42274891293325
0.5585095187926968,2.449386911323785,0.05878539045991049,-52.9406243468386
1.357044309174101,1.328995047568696,0.1244920393093697,-107.0218724503936
1.47275999784884,1.033850802438224,0.154627968957464,-69.35762256198227
1.031228086454616,0.007357396704989583,0.4658225334009727,-59.22277416768716
2.302180585964749,9.931619282693362,0.0008123177424825823,-109.1527045323516
0.6720881827564023,1.599706555179509,0.1029724005799577,-54.40659308392682
2.158417420058462,11.34642396484162,0.0003779669308411893,-138.6706315277964
0.9407226416761327,0.04096351417783239,0.4198041826875811,-84.4150041184666
1.048580918533671,0.02584302668140026,0.436142135171801,-94.42578172881335
0.6642009617142116,1.702362783414543,0.09598963316020248,-76.38459964658884
0.9896392558364439,0.001383787749688281,0.4851630492897459,-99.86352631629576
5.114956077737342e-17,15.81359656185884,3.49492048118405e-05,-10.6515969203331
0.5094221406420799,3.981709922652058,0.02299842356105086,-62.20379255423418
0.5303270415913868,2.94745866680843,0.04300635870227953,-46.64297118731372
0.5160189391300045,3.800634468679533,0.02561658293109897,-45.2304651922457
1.488280124007879,1.089662473739025,0.1482730029615029,-64.01492999063248
1.149117213591228,0.2389487747653618,0.3124831990157431,-84.03263247070933
0.5191894075345599,3.713495957004397,0.02698711572958984,-67.50271473765594
1.135298377133268,0.1403369273029398,0.3539731452542969,-81.77514858692395
0.9476925268787365,0.03153443033897929,0.4295266662472004,-90.25675908226037
0.7227568569971951,0.920346759528698,0.168691970532607,-60.03895700947339
1.128217865655181,0.1800173174884208,0.3356791793079779,-98.2554484312939
1.022906561503766,0.005495595520869756,0.4704525635346712,-71.87385551104569
1.257297593232464,0.6184662494768816,0.2158089044418203,-91.32405029451563
1.04670932678004,0.02827024752107832,0.4332375208063322,-88.38485514133643