Codon,alpha,beta,beta-alpha,Prob[alpha<beta],Prob[alpha>beta],BayesFactor,PSRF,Neff
1,1,0.2944778158255689,-0.705522184174431,0.01335709037223426,0.9837198542405758,0.07136706810271964,0.9987858281156538,658.6266655069146
2,1,0.2944778158207563,-0.7055221841792436,0.01335709037360281,0.9837198542392397,0.07136706811013077,0.9987858281151528,658.6266655932716
3,1,0.2944777969523302,-0.7055222030476698,0.01335707957982586,0.9837198659865554,0.07136700965812397,0.9987858302338782,658.6263003088592
4,1,0.6373463939340764,-0.3626536060659236,0.08060037240785814,0.9044509099644553,0.4621454858382213,0.9972351267088627,1110.429392109631
5,1,0.5291340253062696,-0.4708659746937304,0.05213114987313647,0.9379558902044483,0.2899312603743986,0.9975074894983851,990.8217708133997
6,1,0.3136204153197649,-0.6863795846802351,0.01677211053713853,0.9797098698107544,0.0899248076246444,0.9985345314768731,705.0215824125142
7,1,0.5045412144965271,-0.4954587855034729,0.04320144483347184,0.9481366046873101,0.2380256452635382,0.9977743506976393,896.3049298403013
8,1,0.3136332417198188,-0.6863667582801812,0.01677512858911023,0.9797063941254649,0.08994126519270458,0.9985342773028368,705.0718366921391
9,1,0.3175727423174551,-0.6824272576825449,0.01753638347756858,0.9788177924542806,0.09409565030135331,0.9984833232472363,715.2938421023948
10,1,0.2944777960855102,-0.7055222039144897,0.01335708165694396,0.9837198638584883,0.07136702090643131,0.9987858296557069,658.6263999899684
11,1,0.5291340046530035,-0.4708659953469965,0.05213109964823398,0.9379559379403715,0.2899309656822487,0.997507494162656,990.8199438882804
12,1,0.6059158371594352,-0.3940841628405648,0.06478500593743418,0.9222912759555202,0.3651817219305654,0.9975791479633765,963.5302162406676
13,1,0.5290232502596146,-0.4709767497403854,0.05208862319074958,0.9380040763951056,0.2896817483343758,0.9975086811345272,990.3552445201702
14,1,0.2944778200491607,-0.7055221799508393,0.01335708655401499,0.9837198580746195,0.07136704742575166,0.9987858292783683,658.6264650460035
15,1,0.5044575666696811,-0.4955424333303189,0.04318532508067421,0.9481565267464986,0.237932822171877,0.9977741843078951,896.3582218665687
16,1,0.3136332251205359,-0.6863667748794641,0.01677512468264319,0.979706398624186,0.08994124389050537,0.998534277631871,705.0717716321579
17,1,0.3136204153197649,-0.6863795846802351,0.01677211053713853,0.9797098698107544,0.0899248076246444,0.9985345314768731,705.0215824125142
18,1,0.3136204153197649,-0.6863795846802351,0.01677211053713853,0.9797098698107544,0.0899248076246444,0.9985345314768731,705.0215824125142
19,1,0.586024628837109,-0.413975371162891,0.05585559471030901,0.9325070087120089,0.311870464121786,0.9978015671498661,887.6727477161379
20,1,0.2944777960855102,-0.7055222039144897,0.01335708165694396,0.9837198638584883,0.07136702090643131,0.9987858296557069,658.6263999899684
21,1,0.3175740570678915,-0.6824259429321085,0.01753603592466211,0.9788181430324926,0.09409375213701822,0.9984833960831813,715.2790176581093
22,1,0.2326516184607547,-0.7673483815392453,0.005304204799122432,0.9933652414773586,0.02811098040303215,0.9996370248124716,538.7398309728055
23,1,1.805372888194658,0.8053728881946582,0.6826080952947243,0.2953485647869571,11.33761170925109,0.9960776673120224,2285.350093861298
24,1,0.2944778158255863,-0.7055221841744137,0.0133570903722294,0.9837198542405806,0.07136706810269329,0.9987858281156554,658.6266655066187
25,1,0.3137311606859801,-0.6862688393140199,0.01679436956952398,0.9796839620455495,0.09004618946724025,0.998532920983624,705.340124544554
26,1,0.294903285000806,-0.705096714999194,0.01342573776844087,0.9836386613445249,0.07173884318535242,0.9987805804405374,659.5326568514512
27,1,0.2944778200491607,-0.7055221799508393,0.01335708655401499,0.9837198580746195,0.07136704742575166,0.9987858292783683,658.6264650460035
28,1,0.3175753836666934,-0.6824246163333065,0.0175356969292578,0.9788184842535381,0.09409190071087682,0.9984834677918455,715.2644232549371
29,1,0.7880991011138667,-0.2119008988861333,0.1555255805200155,0.8189853020431878,0.970870539356598,0.9966908430442243,1464.042205707026
30,1,0.4232712266251689,-0.5767287733748311,0.02080502463835996,0.9743109117142097,0.1120069698994006,0.9986574170033482,681.540371491778
31,1,0.8213523541247755,-0.1786476458752245,0.1838124697063516,0.7887912722894522,1.187219456335533,0.996468405482048,1683.373961396897
32,1,0.5291340365728975,-0.4708659634271025,0.05213111202170088,0.9379559239381517,0.2899310382829554,0.9975074938084174,990.8200826380345
33,1,0.2944777942904427,-0.7055222057095573,0.01335708611040507,0.983719859295566,0.07136704502345165,0.9987858284173073,658.6266134994967
34,1,1.205289510730492,0.2052895107304924,0.4353743888385827,0.5351990439538173,4.064885290740507,0.9956338617050541,3851.791768812663
35,1,0.5551186159831573,-0.4448813840168427,0.0626530375481365,0.926109584927778,0.352360928172452,0.997233970518938,1110.998948875424
36,1,0.5300828785582071,-0.4699171214417929,0.05249022535149356,0.9375483125170382,0.2920389166593593,0.9974977663279182,994.6449492012391
37,1,0.3175753836666934,-0.6824246163333065,0.0175356969292578,0.9788184842535381,0.09409190071087682,0.9984834677918455,715.2644232549371
38,1,0.5290803319511503,-0.4709196680488497,0.05211049073351524,0.9379792914656202,0.2898100465222885,0.9975080708475945,990.5941171297059
39,1,0.7682210798443796,-0.2317789201556204,0.1501855293380622,0.8266000953883473,0.9316439283015878,0.9965111832104687,1636.220162715797
40,1,0.3136730969539244,-0.6863269030460756,0.01678387305814577,0.9796962782094047,0.08998894973138204,0.9985335849633967,705.2087598298402
41,1,0.3175753836666934,-0.6824246163333065,0.0175356969292578,0.9788184842535381,0.09409190071087682,0.9984834677918455,715.2644232549371
42,1,0.6428249512185567,-0.3571750487814433,0.08354647663436102,0.9011578610468337,0.4805777772846665,0.9971777802717988,1139.403829320344
43,1,0.2638555744204363,-0.7361444255795637,0.008819004078431766,0.9891163385155964,0.04690429008633195,0.9992019207235157,593.9717097987625
44,1,0.2524026866813046,-0.7475973133186954,0.007407636764455598,0.9908142284397898,0.03934184647293713,0.9993595774927444,572.6888615659778
45,1,0.3136716037876021,-0.6863283962123979,0.01678415908934994,0.9796959948480775,0.08999050950490688,0.9985335167097075,705.2222611750882
46,1,0.2944777962092279,-0.705522203790772,0.01335708648560468,0.9837198588493935,0.07136704705528633,0.9987858283919522,658.6266178709363
47,1,0.31755694817117,-0.68244305182883,0.01753389284297646,0.9788207511309486,0.094082047700558,0.9984834377024913,715.2705470747567
48,1,1.168885566570893,0.1688855665708926,0.4620638080376186,0.503882293292108,4.528112195093736,0.9964411780816915,1714.831934098312
49,1,0.1995302566957597,-0.8004697433042403,0.002678944534692407,0.9965954564500136,0.01416037401279972,1.000109343353928,489.4061032471056
50,1,0.3175740554865629,-0.6824259445134371,0.01753603633561065,0.9788181426184064,0.09409375438141776,0.9984833959966563,715.2790352683805
51,1,0.5700064622225263,-0.4299935377774737,0.04926284823084215,0.9401209467292546,0.2731524140820628,0.9979819450317341,834.4287890254559
52,1,2.036941547739799,1.036941547739799,0.9029641236725435,0.08480489074268967,49.05509864975795,0.9988309878787985,650.9322546093425
53,1,0.2944777969523302,-0.7055222030476698,0.01335707957982586,0.9837198659865554,0.07136700965812397,0.9987858302338782,658.6263003088594
54,1,0.6553114922723775,-0.3446885077276225,0.07443514577692441,0.9101498374039287,0.4239524784022843,0.9976109421954529,951.8986889697587
55,1,0.3764085531045104,-0.6235914468954896,0.03131253932222264,0.9630032042630043,0.1704043201507629,0.9977656897849713,899.0873657742227
56,1,0.2042197134770238,-0.7957802865229762,0.002986463650096286,0.9962136985290186,0.01579072857977682,1.000041755147487,495.9003907683229
57,1,0.2944778181814741,-0.7055221818185259,0.0133570910147355,0.9837198535057002,0.0713670715820844,0.9987858280357451,658.6266792837736
58,1,0.2944777960855102,-0.7055222039144897,0.01335708165694396,0.9837198638584883,0.07136702090643131,0.9987858296557069,658.6263999899671
59,1,0.7125077043431036,-0.2874922956568964,0.1098485432783209,0.8704242420141739,0.650543565270955,0.9969983303964955,1240.74807581327
60,1,0.5765367900441897,-0.4234632099558103,0.07214367820990936,0.9155531115574584,0.4098864296332116,0.9970157833494778,1230.104318556686
61,1,0.9418056809622476,-0.05819431903775241,0.2900551866495292,0.6745331029365996,2.153783449672312,0.9965259606031115,1620.540438464267
62,1,0.6364505548289352,-0.3635494451710648,0.08014260540179409,0.9049664683071142,0.4592920661713592,0.9972434803023014,1106.33163097904
63,1,0.5596333539084479,-0.4403666460915521,0.06459330524832818,0.9239416935193432,0.3640265204698214,0.9971874351386438,1134.419933988422
64,1,1.080003773100055,0.08000377310005469,0.4163138547776587,0.5463200712607682,3.759996753269911,0.9967603186929478,1406.816388940896
65,1,0.5290115231523693,-0.4709884768476307,0.0520840943513983,0.9380092065442256,0.2896551781015786,0.9975088088158255,990.3052833683306
66,1,0.4432035463597881,-0.5567964536402119,0.02534644307357651,0.9689176825735473,0.1370921983560453,0.998443327999103,723.528534462582
67,1,0.737130989802412,-0.262869010197588,0.1411929501934826,0.8384545703202486,0.8666892350296722,0.9963192165607644,1871.52900679269
68,1,0.2944778158304002,-0.7055221841695998,0.01335709037086046,0.9837198542419175,0.07136706809528003,0.9987858281161565,658.6266654202295
69,1,0.4064178969331587,-0.5935821030668413,0.01740664510464882,0.9783815698450296,0.09338717593987347,0.998835840877922,650.1161366236551
70,1,0.7509572058330773,-0.2490427941669227,0.1252207563113156,0.851983263105964,0.754612236180674,0.9970034201869367,1237.625009856833
71,1,0.3739612823097858,-0.6260387176902142,0.01192167507490482,0.9850252237473942,0.06360509400953637,0.9991711705002967,598.3097700697446
72,1,0.7012743751581731,-0.2987256248418269,0.1181898570647361,0.8631244596325039,0.7065633521724499,0.996610747656328,1536.094040468761
73,1,0.812325921661168,-0.187674078338832,0.1835015307994812,0.791292422198744,1.184759792659426,0.9962190466081478,2023.440122483113
74,1,0.7013206443881173,-0.2986793556118827,0.1182190109654641,0.8630929191001087,0.7067610067331332,0.9966103435832512,1536.475564701347
75,1,0.6725645218382856,-0.3274354781617144,0.1005664057637774,0.8823312498384566,0.5894267132060412,0.9968748723957425,1321.66052265789
76,1,3.939421291567613,2.939421291567613,0.9998628541025431,0.0001093193256737322,38432.93963442758,1.00050822192155,454.3177668245223
77,1,0.2944778181868156,-0.7055221818131844,0.01335709099846541,0.9837198535224703,0.07136707149397625,0.9987858280401787,658.6266785193778
78,1,2.512072516738043,1.512072516738043,0.9373013166301931,0.05538887566295451,78.80736312997158,0.997365866771366,1049.596416560572
79,1,1.079694397711528,0.07969439771152809,0.4161077384343728,0.5465190090977521,3.756808547707509,0.9967607206195681,1406.498375022947
80,1,0.9354617974011387,-0.06453820259886134,0.2809422037385713,0.685966021220495,2.059677267203003,0.9962891837188786,1914.620850802733
81,1,1.078799063644105,0.07879906364410472,0.4024182251031244,0.5621962107805032,3.549983117662182,0.9964379941359175,1718.587723206115
82,1,0.2944778181968886,-0.7055221818031114,0.0133570909783191,0.9837198535429967,0.07136707138487708,0.9987858280458944,658.6266775339418
83,1,0.5592896971264893,-0.4407103028735107,0.064445753996764,0.9241065769218488,0.3631376889647694,0.9971908771705877,1132.65369918607
84,1,0.6272597418860342,-0.3727402581139658,0.07530841506244509,0.9103873538124324,0.429331340565176,0.9973435919210177,1059.48371519897
85,1,0.5546194529018742,-0.4453805470981258,0.06244109643396872,0.9263467808627684,0.3510895865529212,0.9972390938730216,1108.479553354489
86,1,1.192675197228766,0.1926751972287657,0.4293981572841171,0.5410346395374448,3.967098619374693,0.9956394133068635,3819.025555701181
87,1,0.6077060192820402,-0.3922939807179598,0.06564369940566031,0.9213164123890824,0.3703620846593901,0.9975583721583507,971.2862034576954
88,1,0.7676891559181225,-0.2323108440818775,0.1497886473602205,0.8270272892443524,0.9287482097599011,0.9965148608113168,1632.28964455238
89,1,0.7784853618706968,-0.2215146381293032,0.1474853779093796,0.8276679856100845,0.9119963896200108,0.9967656645744928,1402.598360065726
90,1,0.7010739429020724,-0.2989260570979276,0.1180635609599114,0.8632610930206941,0.7057072539997727,0.9966125009389969,1534.440795456384
91,1,1.677496378643922,0.6774963786439223,0.6849586848796887,0.2910524474314957,11.46153685563077,0.9966385318694639,1510.30816960319
92,1,1.014304218488202,0.01430421848820207,0.3308128194911878,0.6382832001919461,2.606037786009348,0.9958323282968455,2947.879456847992
93,1,0.5275131483407431,-0.4724868516592569,0.05151134173696802,0.9386585729134357,0.2862969428362059,0.9975248861939242,984.0544500437767
94,1,0.6488512396810787,-0.3511487603189213,0.07093724378720204,0.9141500819722601,0.4025086797338426,0.997684011018827,926.2068786765257
95,1,0.8957242689741252,-0.1042757310258748,0.2432602940185877,0.7294940054146054,1.694613632262594,0.9958272674349122,2965.620930144044
96,1,1.019045770507307,0.01904577050730749,0.333852581014681,0.6352509571639789,2.641985190759911,0.9958238559564178,2977.701427127455
97,1,0.7337922017630301,-0.2662077982369699,0.1247805495604063,0.854044933833829,0.7515812269537462,0.9967964916668961,1378.761401672816
98,1,0.6279917875848003,-0.3720082124151997,0.09724412650422844,0.8881147542738237,0.567857083077043,0.9965381914343948,1607.788794304558
99,1,1.147974180481653,0.1479741804816532,0.449056764493554,0.5165350785619746,4.296752893266384,0.9964375914026714,1719.063963170095
100,1,0.9512343519141109,-0.04876564808588912,0.2987961631033171,0.6656436170390473,2.24634637386891,0.9965138266127578,1633.393053194445