Codon,alpha,beta,beta-alpha,Prob[alpha<beta],Prob[alpha>beta],BayesFactor,PSRF,Neff
1,1,0.05993411519306531,-0.9400658848069346,7.064299114889144e-76,1,1.46710001280357e-74,1.003105237169328,310.1765933554155
2,1,0.0835681707103538,-0.9164318292896462,3.137713685802102e-68,1,6.516343254650592e-67,0.9962403971829983,1989.024411513663
3,1,0.286310488735125,-0.713689511264875,8.392182328997093e-50,1,1.7428722371582e-48,0.9987045618643807,672.9439113776908
4,1,0.08402295188807335,-0.9159770481119267,1.222413839144157e-96,1,2.538685480177034e-95,0.9957999008979741,3065.386756871123
5,1,0.01791045000512768,-0.9820895499948723,3.229237459043562e-88,1,6.706418061380351e-87,0.9979393897501871,846.4037816526039
6,1,0.2327617491640787,-0.7672382508359213,9.696939654345658e-60,1,2.013841721546244e-58,0.9974621861824352,1008.891272430491
7,1,0.1147391052540028,-0.8852608947459972,7.087816642248477e-85,1,1.471984087519102e-83,0.9967529208103788,1412.695629819239
8,1,0.0605365730129868,-0.9394634269870132,9.426999720753833e-75,1,1.957781116865156e-73,1.003101467499994,310.3189503191342
9,1,0.1093258535374294,-0.8906741464625706,5.665915767438062e-88,1,1.176686456754426e-86,0.9965521808291793,1593.44810434072
10,1,0.072130415043112,-0.927869584956888,6.994026550322514e-101,1,1.452505942153568e-99,0.9995672050217824,546.8958064154932
11,1,0.236694104000045,-0.763305895999955,7.716420609975358e-59,1,1.602531346928991e-57,0.9975909937647552,959.1633716816151
12,1,0.1309583541469016,-0.8690416458530984,8.954728165231361e-79,1,1.859700671249052e-77,0.9978176177584113,882.6598375993976
13,1,0.4129629984688017,-0.5870370015311983,2.059315585534241e-29,1,4.276746882838195e-28,0.9984950914440549,712.9066238823821
14,1,0.1808768596804239,-0.8191231403195761,3.191061460064333e-69,1,6.627134883133878e-68,1.000044399895202,495.6430036880123
15,1,0.19529452228705,-0.8047054777129501,8.772164339814396e-66,1,1.821786168160955e-64,0.999001746220751,623.4030023172674
16,1,0.3018454561480602,-0.6981545438519398,7.833118700653636e-35,1,1.626766981284763e-33,0.9985790200542185,696.3350571306299
17,1,0.1139795987971662,-0.8860204012028339,1.101640952555767e-59,1,2.287866679077993e-58,0.9966934206152497,1461.8358529809
18,1,0.1091827681496896,-0.8908172318503104,4.501927370159417e-62,1,9.349515917978323e-61,0.9964910387928761,1658.091062903196
19,1,0.1190116119172963,-0.8809883880827037,2.209954721017918e-59,1,4.589591333508501e-58,0.9969477638512672,1272.656324460177
20,1,0.3341274099694114,-0.6658725900305886,2.507639550791487e-40,1,5.207817445497084e-39,0.9970263932012609,1223.722910677302
21,1,0.0636477462436288,-0.9363522537563712,1.77042188516032e-74,1,3.676778018801636e-73,1.002895632823921,318.2980726994891
22,1,0.3067214050004272,-0.6932785949995728,4.668219803379379e-46,1,9.69486883542762e-45,0.998573069505222,697.4844316631396
23,1,0.2910726300596801,-0.7089273699403199,1.760914038308136e-48,1,3.657032305870012e-47,0.9988246437069007,652.0022530170576
24,1,0.2741710186049752,-0.7258289813950248,1.683435521841215e-38,1,3.496126417469779e-37,0.9983381481237722,746.1224757429422
25,1,0.1061204933666036,-0.8938795066333964,8.469778169627275e-63,1,1.758987191654125e-61,0.9963568172244506,1820.243271278628
26,1,0.3075414438539022,-0.6924585561460979,1.552379458283973e-44,1,3.223951712809311e-43,0.9985178814214465,708.3288536367959
27,1,0.3461458809350202,-0.6538541190649798,2.987727825826636e-28,1,6.204855513953736e-27,0.9966405454998254,1508.473052735013
28,1,0.633294614816256,-0.366705385183744,9.887760744885196e-12,0.9999999999803956,2.053471077546634e-10,0.9957610378517316,3219.192829210001
29,1,0.4881327308965213,-0.5118672691034787,3.722472785024664e-22,1,7.730759671628552e-21,0.9998589922205107,514.3638400289249
30,1,0.3077346206694501,-0.69226537933055,1.588266906132719e-44,1,3.298482072215262e-43,0.9985067742116666,710.552526971984
31,1,0.4145592245445475,-0.5854407754554525,6.557977750865192e-30,1,1.361948168641615e-28,0.9987483232191495,665.1572817626833
32,1,0.2843576156328288,-0.7156423843671712,7.322506833425405e-37,1,1.520724093693932e-35,0.9986346155619777,685.777754743812
33,1,0.3894756085103489,-0.6105243914896511,2.770622432428003e-32,1,5.753975221012098e-31,0.9961755138367574,2097.444300870734
34,1,0.3620697626106673,-0.6379302373893327,3.639027820942586e-37,1,7.557462779916837e-36,0.9958830307925272,2781.202694801942
35,1,0.6555778473849601,-0.3444221526150399,5.834758646434481e-09,0.9999999891258655,1.211751427228553e-07,0.9958067849162731,3039.663424045702
36,1,0.3555676907939843,-0.6444323092060157,1.295209052482384e-36,1,2.689865174982789e-35,0.9961087969541098,2222.011504327961
37,1,0.2668350958282276,-0.7331649041717724,2.368213692555612e-38,1,4.918260512705443e-37,0.9981427270872696,792.1006276373198
38,1,0.4222189680165568,-0.5777810319834432,7.236874423439402e-29,1,1.502940119977124e-27,0.9998662724829409,513.6019044350534
39,1,0.2960160972361384,-0.7039839027638617,6.317851600679343e-47,1,1.312079232986042e-45,0.9988333215711909,650.5395457075248
40,1,0.3791129472081362,-0.6208870527918638,2.306138746810781e-26,1,4.789344462838475e-25,0.9962169526440999,2026.879814899429
41,1,0.2683012938138931,-0.7316987061861069,1.512717057220753e-38,1,3.141581603388225e-37,0.9981780759636569,783.3665873513754
42,1,0.4014862296863526,-0.5985137703136474,2.242906509414714e-36,1,4.658024971994939e-35,0.996910715264647,1297.099536395572
43,1,0.574442504745063,-0.425557495254937,1.738050855924266e-15,0.9999999999999971,3.609550489737106e-14,0.9967053586997823,1451.703419349768
44,1,0.3375812575040621,-0.6624187424959379,3.542893641686012e-29,1,7.357813170911863e-28,0.9969332501110375,1282.121026961472
45,1,0.6455733170969677,-0.3544266829030323,8.354043521394198e-11,0.9999999998368819,1.734951643311784e-09,0.9957656068524416,3200.313457200043
46,1,0.634221130710195,-0.365778869289805,1.323513491100062e-11,0.9999999999738257,2.748647287133974e-10,0.9957607713113871,3220.301075781245
47,1,0.3060213759923652,-0.6939786240076348,5.530728613631542e-35,1,1.148611049434483e-33,0.9984411799425507,723.9761982788076
48,1,0.6547883724611564,-0.3452116275388436,3.833470753728426e-10,0.9999999992600956,7.961278114879651e-09,0.9957813001704585,3137.12287220795
49,1,0.7523861815763139,-0.2476138184236861,2.526161945209572e-05,0.9999555246326084,0.0005246416929906536,0.9982640159066841,762.9184733527985
50,1,0.829259495828744,-0.170740504171256,0.004311877694264052,0.9928886973686092,0.08993603736572296,1.000859798571915,427.3428263622113
51,1,0.5204795585536839,-0.4795204414463161,6.226820665244623e-20,1,1.293174103918061e-18,0.9976104926797569,952.061173609316
52,1,0.7199793558672235,-0.2800206441327765,3.103665292194507e-07,0.9999994247060087,6.44563420812553e-06,0.9968080708133277,1370.016407035964
53,1,0.6938962978557692,-0.3061037021442308,1.123439413527833e-08,0.9999999786123752,2.333137328533248e-07,0.9960644705219271,2313.306310577273
54,1,0.3517686091773157,-0.6482313908226842,3.107479746219362e-27,1,6.453553992152557e-26,0.9965014070674673,1646.761483571671
55,1,0.5249519906241447,-0.4750480093758553,5.162393309614053e-15,0.9999999999999905,1.072115884032854e-13,0.997682023001414,926.8874484154572
56,1,0.5625806121569228,-0.4374193878430772,8.777982320502841e-19,1,1.822994435167164e-17,0.9970408219990966,1215.150379767888
57,1,0.4581230099079177,-0.5418769900920823,2.274051522781235e-18,1,4.722706334952073e-17,1.000756540325064,434.9243687943202
58,1,0.7705674727718453,-0.2294325272281547,3.091835826062897e-05,0.9999446771487669,0.0006421263535476916,0.999317588881254,578.2056945294137
59,1,0.6031533520044159,-0.3968466479955841,2.02674862959129e-11,0.999999999960982,4.209112457053603e-10,0.9960496949277345,2345.431324196789
60,1,0.5468010843272675,-0.4531989156727325,3.781399875624169e-14,0.9999999999999259,7.853138316653661e-13,0.9972745914716851,1091.33372975674
61,1,0.7521157056600953,-0.2478842943399047,2.572464845164948e-06,0.999995241562402,5.342459109628675e-05,0.998458042658271,720.4768387862518
62,1,0.6269866386391314,-0.3730133613608686,1.443122150487838e-11,0.9999999999716497,2.997048243648161e-10,0.995769800411958,3183.179505612602
63,1,0.6627128393549089,-0.3372871606450911,3.185336898811816e-08,0.9999999417118508,6.615246435472107e-07,0.9958599655425695,2854.624502517864
64,1,0.7347102968341598,-0.2652897031658402,5.758796520700086e-07,0.999998926901782,1.195976441158889e-05,0.9974592940551108,1010.067306331223
65,1,0.6027698366853677,-0.3972301633146323,2.530443275348542e-11,0.9999999999514129,5.255175780895217e-10,0.9960626886545302,2317.133620281976
66,1,0.7255651836149719,-0.2744348163850281,2.539558069488265e-07,0.9999995248571615,5.274106548792787e-06,0.9970084574350783,1234.549671247526
67,1,0.5692467278087945,-0.4307532721912055,1.734031289038315e-12,0.9999999999966583,3.601202730774002e-11,0.9968718088234511,1323.803150291066
68,1,0.6023480858321055,-0.3976519141678945,2.055819968688971e-11,0.9999999999604597,4.26948725329386e-10,0.9960667560553992,2308.41566618902
69,1,0.7490301032319919,-0.2509698967680081,4.738744456219919e-06,0.9999913775542385,9.841379709775536e-05,0.9982111722761337,775.3627347391456
70,1,0.7570579388412737,-0.2429420611587263,6.199702429954657e-06,0.9999886742896603,0.0001287550223553686,0.9986902340079138,675.5333182431614
71,1,0.7638715715677959,-0.2361284284322041,1.810081992263656e-05,0.999967453312429,0.0003759211408979854,0.9989842751330212,626.111624543347
72,1,0.6276666190545839,-0.3723333809454161,6.232081390858829e-10,0.9999999988272462,1.294266642072021e-08,0.9958031277433184,3053.275026550818
73,1,0.7964267351258509,-0.2035732648741491,0.0002765137286716704,0.9995185819378261,0.005744172118660663,1.000384584152715,464.6392104467203
74,1,0.703755833730632,-0.296244166269368,4.323283086647235e-08,0.9999999185915799,8.978511304281807e-07,0.9962819911791926,1925.237636151528
75,1,0.7332327984997626,-0.2667672015002374,3.312874234450839e-07,0.999999377490815,6.880115582447869e-06,0.9973795294715451,1043.622966135201
76,1,0.8919641077485082,-0.1080358922514918,0.05943642518030447,0.9092090368536627,1.312366591280836,0.9985246297179732,706.9846584872474
77,1,0.8785710705989056,-0.1214289294010944,0.02519927567375101,0.9594110541571487,0.5368622356034083,0.9999600349309072,503.9883410062048
78,1,0.8367567569556533,-0.1632432430443467,0.005617350840325576,0.9907484967235209,0.117319081076251,1.000950218858301,420.9195298124873
79,1,0.9452584979910107,-0.05474150200898931,0.1774557025377303,0.7390416601923444,4.48044659674326,0.9958534032080143,2876.228564234163
80,1,0.7615746638480451,-0.2384253361519549,1.284572064484805e-05,0.9999767860715355,0.0002667808753428071,0.9988881837743974,641.4428172279281
81,1,0.7654300164278158,-0.2345699835721842,0.0001525918708518932,0.9997393603786255,0.003169482175352779,0.9987422038273006,666.2352133153436
82,1,0.9373922096350474,-0.06260779036495256,0.1581732791113014,0.7676106459539438,3.902123877370848,0.9961166339678498,2206.616018017838
83,1,0.8014409322016132,-0.1985590677983868,0.0003850784625108054,0.9993319832735391,0.008000315975291295,1.000570711173417,449.2749893640915
84,1,0.8009582015430485,-0.1990417984569515,0.001312820586819981,0.997813771068552,0.02730024502128966,1.000131628850402,487.3021878492323
85,1,0.8346288457910106,-0.1653711542089894,0.008200811398210784,0.9867817990222594,0.1717211216735674,1.000555323766912,450.5062225422537
86,1,0.7738405892529505,-0.2261594107470495,7.450719703078653e-05,0.9998690906866337,0.001547466392518063,0.9993608496661358,572.5233656505114
87,1,0.8044488258566638,-0.1955511741433362,0.0004688867599310557,0.9991884408415382,0.009742317823549965,1.000675766847773,441.046882053495
88,1,0.7904798807989131,-0.2095201192010869,0.0002590084089462702,0.9995515135767468,0.005380430249692631,1.000067295710055,493.425984123691
89,1,0.8726539410402088,-0.1273460589597912,0.02032891041567169,0.9670799698832416,0.4309475848124714,1.000269743863184,474.6590532005785
90,1,0.9956656534231838,-0.004334346576816195,0.4986864532004553,0.352628438608584,20.6589750609029,0.9970080557521597,1234.794343930861
91,1,0.9209576352278497,-0.07904236477215032,0.09984113810532318,0.8482707661771357,2.303461737815765,0.9970778354335316,1193.700882912888
92,1,0.9619683662784482,-0.03803163372155183,0.2625575724489303,0.6272252039207384,7.394129781892616,0.9954038297551877,5977.603549552826
93,1,0.9916604737140767,-0.008339526285923271,0.4685005174349085,0.3861384716622132,18.3061859686156,0.9965290484327087,1617.302029848044
94,1,0.9835500226584012,-0.01644997734159881,0.4076696608737564,0.4519033281668401,14.29338380346106,0.9958783643276493,2795.75032552996
95,1,0.945159588225064,-0.05484041177493604,0.1811590869569183,0.7348694897769079,4.594637262896858,0.9958330992211791,2945.195524125731
96,1,0.9129338268028446,-0.08706617319715537,0.08522017204786533,0.8700178654570289,1.934712637538577,0.9975182411203524,986.6284044246946
97,1,0.9789025512065808,-0.02109744879341924,0.3723699101993079,0.4917422182215727,12.32143995121086,0.995631664468741,3864.916103209505
98,1,0.9867225813692235,-0.01327741863077647,0.4308604146449856,0.4244264572806792,15.72202357124006,0.9961245952453057,2191.193698423917
99,1,0.8175629671075088,-0.1824370328924912,0.003274585479266224,0.9946211783822877,0.06822938249511187,1.000522352330594,453.1675036557663
100,1,0.85112627491882,-0.14887372508118,0.01954937003663531,0.9693125830523524,0.4140927991116108,1.00007282450211,492.8936192689491