Codon,alpha,beta,beta-alpha,Prob[alpha<beta],Prob[alpha>beta],BayesFactor,PSRF,Neff
1,2.010428664574379,0.1318374892815562,-1.878591175292823,0.001288116271744531,0.9976690673894634,0.002172414836739623,1.020066485057305,102.9506857706542
2,0.3466925490750157,0.2384318186832449,-0.1082607303917708,0.3767642324879922,0.5290225080927752,1.018228406745596,1.004426779841405,267.277278033857
3,0.3775263006754027,0.1339595272477365,-0.2435667734276662,0.1958068619652256,0.7006113079720487,0.4101053697157178,1.001378379243339,392.9718257670646
4,0.6597024645032759,0.1365950954641596,-0.5231073690391163,0.05379439531950423,0.9174523581732952,0.09575896103073481,1.005774700581867,234.3498457281644
5,1.87809145117166,0.135369876451977,-1.742721574719683,0.003245300913966239,0.9945892635497223,0.005483963956847351,1.019216155307625,106.4311603954473
6,0.9236757005695813,0.1374451519917494,-0.7862305485778318,0.02205190902631672,0.9657252789837527,0.03798029208590327,1.018651268421599,108.8815898390611
7,0.584081493815785,0.1325105278842382,-0.4515709659315468,0.06265126053676204,0.9031228574817112,0.1125787766709042,1.003021363345357,313.3755677525327
8,1.324205861016261,0.2427053924532099,-1.081500468563052,0.01737866074172781,0.9719606339725517,0.02978914410248484,1.028862722534356,77.20111100061538
9,0.7707257589097152,0.1339833639123899,-0.6367423949973252,0.02725429741738205,0.957488775560007,0.04719147823847689,1.016685797311494,118.4020346939801
10,0.2813352026582828,0.1298781129183913,-0.1514570897398915,0.2493763236333534,0.6165449786798736,0.559578307899677,1.002925016961484,317.133683393211
11,0.2377076146432694,0.1298646355269509,-0.1078429791163186,0.2829879675277649,0.5660053632677563,0.6647669775196472,1.004001976695255,279.6952529645997
12,0.3261361777349359,0.1300227189351163,-0.1961134587998196,0.2196966224409089,0.6614520096958187,0.474228668611655,1.002003218423742,358.3077163724205
13,1.233217616273811,0.8739055314053179,-0.3593120848684932,0.3535855326918457,0.5272664099247997,0.9213217647255854,1.009058743410531,180.5347305874708
14,0.6590147639792421,0.1367180964639065,-0.5222966675153355,0.05395800744201753,0.9172255731580374,0.09606681691559747,1.005776455124619,234.3123470698296
15,1.611436766958855,0.3136854195561593,-1.297751347402696,0.008867133947362712,0.9834973550467552,0.01506882199936662,1.027444517197635,80.40876587555468
16,4.473210432586146,0.3170903085666532,-4.156120124019493,6.922203289576986e-05,0.9998297559435677,0.0001166010133059482,1.011778072537662,151.9066443592075
17,0.5843619038695923,0.1325120789228762,-0.4518498249467161,0.06259806647756647,0.9032044329185511,0.1124768086479243,1.003031327112144,312.992054685299
18,2.730795044840657,0.7522696153236893,-1.978525429516968,0.01330534242422383,0.9721964774656229,0.02271282687960387,1.020538741619508,101.117768109984
19,0.9280288770336972,0.1375266281293243,-0.7905022489043729,0.02194962369209465,0.9658867657875415,0.03780017112620576,1.018672212405998,108.7886498648949
20,1.088777258477662,0.3181089011826234,-0.7706683572950382,0.03802181524180036,0.9420987524939438,0.06657260252123298,1.033090848914308,69.05552857215292
21,0.8882842336656178,0.3244746811678351,-0.5638095524977828,0.05411764276526341,0.9196813867953569,0.09636729262437992,1.033935393838709,67.64046758471888
22,0.4035373529678231,0.1310675179483957,-0.2724698350194274,0.1162530539567529,0.8210121802262629,0.2215666319463774,0.9973997523588086,1034.905542977726
23,0.5982413796602929,0.7797179190551122,0.1814765393948193,0.6638945617603087,0.2571755286232427,3.326989905167807,1.012923531676486,142.4462393391655
24,2.156725724560414,0.1438861024912381,-2.012839622069175,0.001857193437824069,0.9967828773692243,0.00313395221787593,1.017223601617111,115.6297149409634
25,0.6576253289690325,0.468472545516029,-0.1891527834530035,0.3061159349622858,0.6232706285729414,0.7430652212457268,1.027298436726732,80.75516640799985
26,0.5728049511319,0.8499368806638012,0.2771319295319012,0.7519629673517079,0.1753814647874039,5.106317764764242,1.013532397616447,137.8933230283869
27,2.078864301637168,0.1318690419594526,-1.946995259677715,0.001114275750469615,0.9979684109158479,0.001878904836322652,1.019150471100937,106.7102052281697
28,2.589171900920214,0.2995130887971675,-2.289658812123046,0.0007851703495806731,0.9982055547291886,0.001323527384380152,1.0103367900937,165.8164698732807
29,0.5272503667381936,0.1321266908277199,-0.3951236759104736,0.07529319039639377,0.8837406320567878,0.1371448663184951,1.000902300170746,424.2991279902468
30,0.2413812786996989,0.3223184934971239,0.08093721479742499,0.5948949240937804,0.3149223405040663,2.473434931643522,1.011938848973756,150.5016444311032
31,0.5336340944857898,0.3260226472397941,-0.2076114472459957,0.2434527089806517,0.6820302461178656,0.5420089305446268,1.023325014508518,91.54741084508369
32,0.6603308262268351,0.5687799473401803,-0.09155087888665481,0.4009001507730061,0.521551425754433,1.127106412705206,1.016469148221858,119.5580635034632
33,0.6596330670339297,0.1366057639841027,-0.5230273030498269,0.05381004644953634,0.9174312306502894,0.09578840590894984,1.005775172107503,234.339766930319
34,0.9062349511263695,0.8503888106272754,-0.05584614049909409,0.4586577581999299,0.4186073239366164,1.427068231735716,1.009000566906847,181.2685924823792
35,0.5854836853010313,0.6502964482368869,0.06481276293585558,0.5480307587134365,0.3724164672028102,2.042320825247575,1.01328916824223,139.6757797756509
36,0.3429044846793409,0.1452786445865602,-0.1976258400927807,0.2299232951930244,0.6585062140555357,0.5028945168737624,1.002290112878301,344.3788388861511
37,0.6667831797172873,0.33175452028405,-0.3350286594332373,0.1795715182630707,0.7622773695407726,0.3686588272722411,1.028743725285446,77.45989392039465
38,2.798571967949342,0.1396668822814805,-2.658905085667862,0.0003263790565375848,0.9993810315605994,0.0005499104362818917,1.01159544039531,153.5356409997019
39,0.8151216193533809,0.1493397823854095,-0.6657818369679714,0.03120533185759658,0.9527793844587933,0.05425315226039354,1.019635469013154,104.6848555531891
40,2.372486359438876,0.301869673755321,-2.070616685683556,0.002780010650799591,0.994655550127636,0.004695516768663172,1.015245702959637,126.5504313616857
41,1.22481326181126,0.8108413972137207,-0.4139718645975397,0.3065847376717974,0.5890225706857466,0.7447063313295674,1.008909833253377,182.4253858051092
42,0.6571746709455367,0.4655588980039259,-0.1916157729416109,0.300527281496476,0.6278705740668525,0.723670774367156,1.024646016181649,87.6384766384314
43,0.3897327311381827,0.648803803309655,0.2590710721714723,0.7361459794418632,0.2101263353768593,4.699245558743869,1.026066217904801,83.80674359961347
44,0.8453635027610094,0.3259558958456829,-0.5194076069153265,0.07364887033014908,0.8941520534235767,0.1339116513791025,1.034327035789324,67.00488708975199
45,0.5366469588372651,0.6458866945487667,0.1092397357115016,0.5913298987448439,0.3322921391636678,2.437164728886211,1.014584831080461,130.6907294087626
46,0.9029501869149741,0.5143693464811434,-0.3885808404338307,0.2011114336465086,0.7369802243173842,0.4240123124144883,1.019226189396447,106.3886659684684
47,0.4956677476172505,1.06662429024034,0.5709565426230899,0.8888617003090411,0.0669711615097706,13.47095411191179,1.013544057401073,137.8090504480935
48,0.9072755937320547,0.4434278237598027,-0.463847769972252,0.1142277274784994,0.8392230286167477,0.2172087752524982,1.024970876033648,86.72997191963812
49,0.2439647513306598,0.4562890612518572,0.2123243099211974,0.730549750236651,0.2062631494697122,4.566664617385719,1.026026154975629,83.91002686975058
50,2.119925661544184,0.1447968940024754,-1.975128767541709,0.002019383777790971,0.9965122597434328,0.003408196832642761,1.017730114958723,113.1386056301086
51,0.6746536861604182,0.4609665071284125,-0.2136871790320057,0.2356697694508102,0.6953124022145876,0.5193387776016481,1.024439574937355,88.22622832620473
52,0.2584992427328569,0.9194821271812751,0.6609828844484182,0.9490818973596717,0.03286397464511528,31.39492060196527,1.018299987234199,110.4653103900875
53,0.4737651261088372,0.1316760692135113,-0.3420890568953259,0.09076760240234152,0.8600275003640935,0.1681449673582213,0.9990378104767169,617.8856980338076
54,0.6665776030496235,0.2179209718393231,-0.4486566312103005,0.08354645459591475,0.8697605808698808,0.1535484654565511,1.006580624437861,218.3202003365714
55,1.014425845366397,0.7267623403292335,-0.2876635050371638,0.2982742929208495,0.6068736882515353,0.7159395418701391,1.008741262655268,184.6150686879486
56,0.4231165217703381,0.9212866118020877,0.4981700900317496,0.873533021001618,0.08211264537300929,11.63402770592512,1.019011688133743,107.3048126128578
57,0.9068853896986214,0.5405660593981538,-0.3663193303004676,0.1781311880398465,0.7583580172050568,0.3650609465933698,1.015694060419754,123.8920004219624
58,5.935264026452474,1.46869789481644,-4.466566131636034,0.0009054047993833067,0.9635539915582439,0.001526385016265056,1.007817176602253,197.6410237371252
59,0.4120997985703491,0.5158075932451529,0.1037077946748038,0.5965211832085558,0.322569525786714,2.490193203511972,1.01811939074886,111.2982375335254
60,0.909401263048783,0.5428286366114168,-0.3665726264373662,0.1791750835332848,0.7570372135712267,0.3676672915951051,1.015570380324907,124.6137638413672
61,1.223003750183673,0.6310854190233293,-0.591918331160344,0.1794261774736512,0.7541459571512136,0.3682951995051241,1.012338940827586,147.1183280512454
62,1.852890574016201,0.3164142582430312,-1.53647631577317,0.01719278069121426,0.9728071306674175,0.02946494921338472,1.02412177747703,89.14730251128857
63,3.490168901953815,0.8245718809911352,-2.66559702096268,0.0001026726067609981,0.9992986163815323,0.0001729525988854047,1.022625628634865,93.7682575637938
64,0.3704682289806347,1.022044348477086,0.6515761194964516,0.9372059812761895,0.03265710246865133,25.13880822470284,1.017880383468775,112.4207675717529
65,0.8772855358118786,0.6288358086981474,-0.2484497271137313,0.3023363327256867,0.6179392257654919,0.7299147599272306,1.011594327534379,153.5456770541555
66,0.3884982322131898,0.587152406369875,0.1986541741566852,0.6827081764254136,0.2587075437001954,3.624133064016181,1.032096360259168,70.80443198296442
67,0.5454182955522547,0.7565777915546225,0.2111594960023677,0.6827566685537569,0.245249164229343,3.624944487877581,1.013480207737243,138.2718345288052
68,0.5902913243317902,0.4541360807760528,-0.1361552435557374,0.3360919550996785,0.5891585370239836,0.8526643338886806,1.027250846389919,80.86869493757645
69,0.6065801019719727,0.9518063187534846,0.345226216781512,0.7939239157753255,0.1301388213827806,6.489021342748958,1.013787024650496,136.0767604889871
70,1.208688911163539,0.9915965953613221,-0.2170923158022166,0.4533615680325805,0.3984777831959898,1.396922946115781,1.013721987098493,136.53605610063
71,2.313224168297217,1.028517442594365,-1.284706725702851,0.07008257666632361,0.8192709916790062,0.1269385658355544,1.017749454060362,113.0456905812632
72,1.048948635833468,0.6189116774691394,-0.4300369583643286,0.2101442205337286,0.7171299273896918,0.4481233371995977,1.013264356106231,139.8602773156167
73,1.161922810932397,0.9598430200662079,-0.202079790866189,0.3861395694053812,0.4442594973711264,1.059503948852126,1.013040770564788,141.5456866470379
74,0.6123202206267674,0.7774112439519196,0.1650910233251522,0.6488493958030969,0.2705072213279652,3.112278094394581,1.012697088342615,144.2193875210355
75,1.847705521220933,0.858739113371416,-0.9889664078495166,0.1734961221700114,0.7393180651226722,0.3535678666924766,1.014008578447383,134.5357222139101
76,1.265537317022232,0.5119212906521349,-0.7536160263700973,0.1020209973602405,0.8551824374099329,0.1913600582929889,1.016605746675105,118.8264816304593
77,0.6586954445413913,0.6991815050301102,0.04048606048871894,0.5305268989384584,0.3869994776840893,1.903376074829787,1.012673165306908,144.4093672184211
78,0.5902467174210713,0.2788080838450629,-0.3114386335760083,0.1610665384128859,0.7762577004713773,0.3233744622725482,1.018692362190815,108.6993892190145
79,0.5540365975360843,0.5558981670246143,0.001861569488530002,0.4685287101720732,0.4454426262974756,1.484855907092849,1.013288704438208,139.6792239308405
80,1.819902798295868,0.7925195867556307,-1.027383211540237,0.1457742474935876,0.7817354291084246,0.2874326239851694,1.014287737052992,132.6443870538978
81,0.2490569916066488,0.6732072970652621,0.4241503054586132,0.8754253724301831,0.09111302595548219,11.83634032014714,1.024623898190285,87.70105627096325
82,0.6134296043360903,1.018726108982382,0.4052965046462922,0.8281745599326087,0.09650551764230771,8.118248335714835,1.015126246952578,127.2786900622887
83,1.737823617628746,0.664550036922549,-1.073273580706197,0.104254286098475,0.8465056477646808,0.1960365682877707,1.013832681368928,135.7562265089871
84,1.27550005693791,1.643239370296975,0.3677393133590647,0.5953758371015726,0.1925364504678622,2.478376615257595,1.025454803954493,85.41255055941339
85,0.3529000906257306,0.4960563199315607,0.1431562293058301,0.6519073481193278,0.2848189796460718,3.154415747630646,1.034124094955773,67.33264333139583
86,0.4127324935498134,0.4596019818476701,0.0468694882978567,0.5225286339709025,0.3907190326562425,1.843277295264382,1.020459387601211,101.4210047399378
87,0.8848654835152014,0.6983896926744197,-0.1864757908407817,0.3610821328453406,0.5492327022925232,0.9518946310859165,1.009042899872163,180.733985405892
88,0.4844242537544393,0.6558906673938095,0.1714664136393703,0.6522080937045593,0.2769853985005213,3.158599951586337,1.015131251107313,127.248009082336
89,4.446799198736217,0.5705134936071626,-3.876285705129054,0.3689530198783303,0.577664069899816,0.9847756195427478,1.031804235770819,71.3361198525544
90,0.6616294103029083,1.069814936727,0.4081855264240912,0.8248256919838436,0.09045324605411634,7.930848994893343,1.015539531768204,124.7951413520166
91,0.8812231564639046,0.6539340697229367,-0.2272890867409679,0.321706200522759,0.5949741390799514,0.7988578293009225,1.01008017228328,168.5717220394169
92,1.151956553432214,1.049680818972462,-0.1022757344597518,0.5233759273045904,0.3118446215164904,1.849548318292043,1.019397927403328,105.6667711496305
93,0.9348759883485137,1.284827661574595,0.3499516732260816,0.6884312983407063,0.1388916109836757,3.721642850081534,1.024816842370207,87.15827578945236
94,0.7522506289744532,1.105209665719555,0.3529590367451015,0.7868262216798304,0.1071024641261174,6.21688671134171,1.020885258916839,99.8153948476016
95,0.6936514116703777,0.5112027385089781,-0.1824486731613996,0.2837989601970493,0.642102801250985,0.667426988620146,1.019690776846067,104.4589425789291
96,0.9278963300594409,0.9500893067938343,0.02219297673439335,0.5727112086605948,0.3016648648496866,2.257574514677976,1.011808942684447,151.6347915379708
97,0.7215161970712264,0.4076466010210587,-0.3138695960501677,0.1555829845268008,0.7887779576166862,0.3103366256658751,1.029413037516873,76.02761713760499
98,0.7979665213823903,0.7269600950486855,-0.0710064263337048,0.4301562926498146,0.4751996258627433,1.271447508412849,1.0096164283489,173.7960407007082
99,3.558856133006898,0.4170896674660501,-3.141766465540848,0.2773648432749233,0.6714701693268234,0.6464876564448241,1.032556557699088,69.9836173664465
100,0.7117394922254877,0.8265831272532236,0.1148436350277359,0.5803260139389578,0.3179203715460032,2.329098740110004,1.010403548092091,165.1147392075918