ObservedSChanges	ObservedNSChanges	E[SSites]	E[NSSites]	ObservedS.Prop.	P{S}	dS	dN	dN-dS	P{Sleq.observed}	P{Sgeq.observed}	ScaleddN-dS
3	2	0.9749276712457527	2.025072328754247	0.6	0.3249758904152509	3.077151350280817	0.9876190453060654	-2.089532304974751	0.9587316017411114	0.1976522826872024	-0.8114154615400918
6	0	1	2	1	0.3333333333333333	6	0	-6	1	0.001371742112482699	-2.329943766674322
6	1	0.993962076050901	2.003041826803467	0.8571428571428571	0.331651912466395	6.03644761160157	0.4992406981315209	-5.537206913470049	0.9995586556797186	0.006667153215723531	-2.150230122137584
2	0	0.5942941966934123	2.088757574837864	1	0.2214993400422667	3.36533658098595	0	-3.36533658098595	0.9999999999999999	0.04906195763915977	-1.306840831604882
3	0	0.9999999999999998	2	1	0.3333333333333334	3.000000000000001	0	-3.000000000000001	0.9999999999999999	0.0370370370370372	-1.164971883337161
2	3	0.6983633965948813	2.294809275690973	0.4	0.2333187801228816	2.863838525546599	1.307298184550301	-1.556540340996299	0.9132900203975479	0.3320361445509779	-0.6044419108469083
5	1	0.9941887779128136	2.005811222087186	0.8333333333333334	0.3313962593042713	5.029225948915791	0.4985514035360868	-4.530674545379703	0.9986753973742918	0.01735920010142933	-1.75936948597291
4	0	0.6077092601933952	2.094422189745551	1	0.224899961919738	6.582094863466544	0	-6.582094863466544	1	0.002558335678880974	-2.555985149798825
0	0	0.9999999999999998	2	0	0.3333333333333334	0	0	0	0	0	0
3.5	3.5	0.690516299371371	2.149738870264753	0.5	0.2431176982805512	5.068671084500559	1.628104719327587	-3.440566365172971	0.9621291831770187	0.1469075485528467	-1.336054359394016
3	1	0.7068012112243168	2.293198788775682	0.75	0.235600403741439	4.244474899531395	0.4360720949682215	-3.808402804563173	0.9969189118660067	0.04306714058993699	-1.478894062579495
3	2	0.6024913573086723	2.362819434311771	0.6	0.2031798349809502	4.979324539029064	0.8464463982972737	-4.13287814073179	0.9928640058672316	0.06039124589759359	-1.604895610403766
1	0	0.7159156627861432	2.140113184889537	1	0.2506682183440745	1.396812574414534	0	-1.396812574414534	1	0.2506682183440745	-0.5424157918282426
2	1	0.9945877877654046	2.00289094378831	0.6666666666666666	0.3318081217042929	2.010883327346609	0.4992783072395239	-1.511605020107085	0.9634690441168509	0.2572279771204954	-0.5869924490453527
2	0	0.9999999999999998	2	1	0.3333333333333334	2	0	-2	1	0.111111111111111	-0.7766479222247742
3	1	0.7095768910065029	2.138992091526822	0.75	0.2490994233797537	4.227871620430923	0.4675099099063034	-3.76036171052462	0.9961497326291665	0.0502761956154526	-1.460238554646272
2	1	0.7152691782871483	2.140643474599262	0.6666666666666666	0.2504520499127454	2.796150121817622	0.4671492529540467	-2.329000868863575	0.9842900872871415	0.156758862490772	-0.9044068428312946
2	0	0.7054875427207816	2.135709830080112	1	0.2483064180878436	2.834918944545505	0	-2.834918944545505	1	0.06165607726361488	-1.100866953978458
4	2	0.7060019039853341	2.211417053003673	0.6666666666666666	0.241995378241451	5.665707099967102	0.9043974754935918	-4.761309624473511	0.9960246720062317	0.03353252545927443	-1.848930613458086
1	4	0.7296055536151532	2.262880931983732	0.2	0.2438124807334385	1.370603602241044	1.767658184513244	0.3970545822721998	0.6458625070717817	0.7527436091304824	0.1541858081657648
3	5	0.7560264877217582	2.143762614257434	0.375	0.2607177491651885	3.968114938724337	2.3323477920301	-1.635767146694237	0.8708216774512706	0.3483332394648875	-0.6352075778618133
2	9	0.936523969636418	1.940180166896259	0.1818181818181818	0.3255544975039458	2.135556659352189	4.638744459694927	2.503187800342738	0.2511935531136986	0.9171249479436928	0.9720478020372951
1	3	0.7208807753356151	2.186733309114826	0.25	0.2479286295904247	1.387191938270843	1.371909408200481	-0.01528253007036184	0.7417718161767815	0.680083805061434	-0.005934572612742078
1	4	0.6036645022867952	2.329526256676597	0.2	0.2058047198062679	1.65654928559127	1.717087321310803	0.06053803571953309	0.7253506697178341	0.6840367961634342	0.02350836982857226
3	6	0.6533390349386662	2.179200982579545	0.3333333333333333	0.2306548295515707	4.591796662328055	2.753302723320972	-1.838493939007083	0.8685014470549127	0.3452427508627514	-0.7139312488763457
3	1	0.7078036836456644	2.137633705268186	0.75	0.2487503982352058	4.238463389379362	0.4678069949662123	-3.77065639441315	0.9961712664949062	0.05008127486979941	-1.464236227072266
4	0	0.6491012748591874	2.111900289892846	1	0.2350963082186748	6.162366575027508	0	-6.162366575027508	1	0.003054803203295098	-2.392994598241255
5	11	0.7083285601974157	2.280656678770355	0.3125	0.2369796113285701	7.058871095931058	4.823172247885546	-2.235698848045511	0.843208105793067	0.323414957990235	-0.8681754325274337
3	8	0.6334616731131623	2.231801058820818	0.2727272727272727	0.2210832766060485	4.735882417726127	3.584548886371993	-1.151333531354133	0.7892667958838273	0.4523237014716248	-0.4470903974569497
1	1	0.7153494342539128	2.230389125294429	0.5	0.2428421327259927	1.397918209081928	0.4483522577559161	-0.9495659513260117	0.9410276985730915	0.4267119640250766	-0.368739211556369
1	6	0.7178279941371497	2.278463943902737	0.1428571428571428	0.239572114126749	1.393091392600297	2.63335306053723	1.240261667936933	0.4712819842577306	0.8529699034644432	0.4816233237091258
4	6	0.6686525626800182	2.231872464966636	0.4	0.2305281134645236	5.982180018824199	2.688325652196123	-3.293854366628076	0.9425748638880622	0.1805289255928066	-1.279082574976347
2	3	0.4253014416638267	2.572840784500042	0.4	0.1418549920521953	4.702546956285351	1.166026292055598	-3.536520664229753	0.9771840313702903	0.1499820500315977	-1.373315712889508
5	6	0.7374659759673601	2.257329045969896	0.4545454545454545	0.2462492326070157	6.779973806169599	2.6580085923725	-4.121965213797099	0.9680222092718741	0.1086932709933466	-1.600657859389157
4	4	0.7879968908600169	2.202747577528618	0.5	0.2634785081737782	5.076162160531388	1.815913925320402	-3.260248235210986	0.9659658542763121	0.133304716684286	-1.266032508906799
3	11	0.8509329579875979	2.149067042012402	0.2142857142857143	0.2836443193291993	3.525542138002045	5.118500160748601	1.592958022746557	0.4067787667334163	0.8049790521834692	0.6185837692786987
3	6	0.6802251145367636	2.159242406879	0.3333333333333333	0.2395608012440312	4.410304671039695	2.778752390600038	-1.631552280439657	0.8532300211542327	0.3700827343393257	-0.6335708443022757
3	0	0.596287391030597	2.403712608969402	1	0.1987624636768657	5.031131037023827	0	-5.031131037023827	1	0.007852412643632456	-1.953708733172564
1	9	0.6560207411226071	2.186954799230034	0.1	0.2307514545275457	1.524342047918733	4.115311392429624	2.590969344510891	0.2901978634808542	0.9274450850463121	1.006135478981234
3	7	0.6914846067816026	2.065274627163131	0.3	0.2508324260846441	4.338491371431953	3.389379750244269	-0.9491116211876838	0.7739273430974054	0.4769058943749895	-0.3685627842774007
1	1	0.6017200386868766	2.085809940788796	0.5	0.2238933307840793	1.661902439184646	0.4794300671622206	-1.182472372022425	0.949871776430411	0.3976584379985694	-0.4591823554097084
2	0	0.9999999999999998	2	1	0.3333333333333334	2	0	-2	1	0.111111111111111	-0.7766479222247742
4	0	0.9999999999999999	2	1	0.3333333333333334	4.000000000000001	0	-4.000000000000001	1	0.01234567901234573	-1.553295844449548
1	1	0.7133074464793639	2.14719182892275	0.5	0.2493646660263848	1.401920034531604	0.4657245740832117	-0.9361954604483922	0.9378172633375494	0.4365465953903193	-0.3635471295767547
3	13	0.589782237909511	1.847853048529552	0.1875	0.2419485151000888	5.086623175756411	7.035191467386912	1.948568291630501	0.4344478533087232	0.7820432464156951	0.7566757575039531
2	0	0.711502689815344	2.138249772727706	1	0.2496717519038185	2.810952127980091	0	-2.810952127980091	0.9999999999999999	0.06233598369872195	-1.091560064834523
4	5	0.7342608717806693	2.26573912821933	0.4444444444444444	0.2447536239268898	5.447655123307235	2.206785387481725	-3.24086973582551	0.9550443240582043	0.1560598355976817	-1.258507373265017
2	5	0.8014557019739057	2.128643285497835	0.2857142857142857	0.2735251284685942	2.495459193907036	2.348913993276533	-0.1465452006305026	0.7061739350884813	0.6117452526893592	-0.05690701279084624
4	2	0.6207847368555854	2.363979152596889	0.6666666666666666	0.207984537419964	6.443457389530711	0.8460311495568608	-5.59742623997385	0.9980696160904132	0.01953727891157409	-2.17361472954106
1	4	0.716807522266379	2.147861963987266	0.2	0.2502234640701272	1.395074645475583	1.862317070215465	0.4672424247398814	0.6323411305607423	0.7630486290366491	0.1814414291747471
5	4	0.6813289314083172	2.15710307457796	0.5555555555555556	0.2400370803215961	7.338599271962405	1.854338833939405	-5.484260438023	0.9919151116572121	0.04157617508012279	-2.129669737065046
1	1	0.5935692816674484	2.100118175165977	0.5	0.220355661590087	1.684723301702559	0.476163680608577	-1.208559621093982	0.9514433824051949	0.3921547055853691	-0.4693126593037008
2	2	0.7208615608209458	2.27529181828737	0.5	0.2405956803972036	2.774457827550578	0.8790081271884571	-1.895449700362121	0.9543437076707075	0.2459526391642564	-0.7360485357339058
0	3	0.6888936569980766	2.150519908086062	0	0.2426182876173105	0	1.395011498717054	1.395011498717054	0.4344546436477438	0.5655453563522561	0.5417163909791342
0	3	0.7179134891037637	2.155250846901857	0	0.2498685787328941	0	1.391949342839817	1.391949342839817	0.4220968122514974	0.5779031877485026	0.5405272824793419
3	3	0.7526089620046956	2.228313873105678	0.5	0.2524751574043442	3.986133771260198	1.346309438812943	-2.639824332447255	0.9610819610898105	0.1733686687916762	-1.025107041416781
0	5	0.7233381846371514	2.268853154549321	0	0.241741955189876	0	2.203756549856215	2.203756549856215	0.2506600566450903	0.7493399433549097	0.8557714727675328
3	6	0.7487012461088745	2.083414158306243	0.3333333333333333	0.2643611361816997	4.006938702975988	2.879888271892052	-1.127050431083937	0.8064363036469024	0.4395212161412484	-0.4376606877719377
2	7	0.6926728944331401	2.196771334357109	0.2222222222222222	0.239725303410043	2.887365762502851	3.186494602565709	0.2991288400628589	0.6294572136467265	0.6742981886982579	0.1161588960561631
2	8	0.92780828623087	1.928418851726442	0.2	0.3248370109999062	2.155617738794728	4.148476350372687	1.992858611577959	0.3194089846538285	0.8856187165938393	0.7738747499848848
0	7	0.4587724365046406	2.54122756349536	0	0.1529241455015468	0	2.754574246145737	2.754574246145737	0.3129364257478385	0.6870635742521616	1.06966718244148
3	2	0.6364987893754019	2.342893813625691	0.6	0.2136337415667432	4.713284691309324	0.8536451751967991	-3.859639516112525	0.9913651928326856	0.06892675033912976	-1.498790505362713
3	5	0.5952314386252561	2.263889144455359	0.375	0.2081868957006046	5.040056363502551	2.208588707731485	-2.831467655771065	0.9358979583795828	0.2213777391335985	-1.099526735850625
0.5	10.5	0.3237701190932087	2.663273206037283	0.04545454545454546	0.1083915041905408	1.544305575203675	3.942517041134913	2.398211465931238	0.4723624592732478	0.7169154426431321	0.9312829760355628
5	3	0.9575104623112172	2.042489537688783	0.625	0.3191701541037391	5.221875057042315	1.468795773316277	-3.753079283726038	0.9843341021366893	0.07420083431081159	-1.457410613825335
0	4	0.03066029631835761	2.969339703681642	0	0.01022009877278587	0	1.347100836943802	1.347100836943802	0.9597420483579066	0.04025795164209345	0.5231115330198288
4	8	0.7112850786991881	2.287331942429182	0.3333333333333333	0.2372043757797165	5.623624225767926	3.497524714975945	-2.126099510791981	0.8676288966886956	0.311993930876041	-0.8256153837498502
2	5	0.7425510568272113	2.257448943172788	0.2857142857142857	0.2475170189424038	2.693417485048967	2.214889517267498	-0.4785279677814693	0.7615471550275061	0.5488465007036679	-0.1858238759519609
1	4	0.4130351445873204	1.894406693378259	0.2	0.1790013242333703	2.421101480357414	2.111479026114967	-0.3096224542424473	0.7796298352936604	0.6269970357853374	-0.1202338178807659
4	3	0.6519057754278396	2.346271051024477	0.5714285714285714	0.2174340651545982	6.135856055846165	1.278624649394228	-4.857231406451938	0.993147873779057	0.04434435027669648	-1.886179339792907
0	8	0.6348599660373588	2.209666413943903	0	0.2231865278189267	0	3.620455988069834	3.620455988069834	0.1325970893844031	0.8674029106155968	1.405909810320339
0.5	8.5	0.8215742578317352	2.168686495862032	0.05555555555555555	0.2747500387104612	0.6085877146632848	3.919423123728786	3.310835409065501	0.1501473709191045	0.9444876735229061	1.285676720639466
4	10	0.7288269216495358	2.123847906421716	0.2857142857142857	0.2554889588107418	5.488271469098452	4.708435086035949	-0.779836383062503	0.7252477245341954	0.497921369817068	-0.302829153290388
3	8	0.6233665476018526	2.042247057273392	0.2727272727272727	0.2338548041853303	4.812577786763295	3.917253777650593	-0.8953240091127017	0.7566951675764267	0.4938070034323583	-0.3476757656976672
3	6	0.7212848038779495	2.128217210511732	0.3333333333333333	0.2531266165931935	4.159244703161163	2.819261102844523	-1.33998360031664	0.8283829082680881	0.4080863146896132	-0.5203477395005953
1	7	0.6227091960935702	2.214886589091008	0.125	0.2194495774714666	1.605886031992591	3.160432698665988	1.554546666673396	0.4476938946682997	0.8622131710747183	0.6036677193366708
3	8	0.6938424924519475	2.142798180042424	0.2727272727272727	0.2446000648512961	4.323747871650808	3.733436062486115	-0.5903118091646937	0.728060229393465	0.5279570000322541	-0.2292322200262534
3	5	0.7515535781486122	2.132020497197921	0.375	0.2606326588153607	3.99173137780841	2.345193212997444	-1.646538164810966	0.8709477668556835	0.3481186712487101	-0.6393902222821146
2	0	0.6585970217216063	2.341402978278393	1	0.2195323405738688	3.036758342410808	0	-3.036758342410808	1	0.04819444855784116	-1.179246028466052
4	4	0.608706247367123	2.085278452756399	0.5	0.2259501501026391	6.571314188578583	1.918209050073217	-4.653105138505366	0.9822793221952691	0.08321811389048583	-1.806912218856806
5	13	0.7787748518289211	2.195424492916398	0.2777777777777778	0.2618435288155198	6.420340857511902	5.921406107085388	-0.498934750426514	0.6757596484775983	0.5279531395579173	-0.1937483186222442
2	9	0.9354820091102469	2.058703369368099	0.1818181818181818	0.3124328960505651	2.13793528953297	4.371683717971702	2.233748428438732	0.2817669551404849	0.9026122799976447	0.8674180378598978
2.5	11.5	0.9293271755532992	2.060028709298976	0.1785714285714286	0.3108787348680714	2.690118255189901	5.582446471784091	2.89232821659419	0.2317308064279742	0.9097168344223485	1.123160349904982
1	9	0.6278847993337331	2.22500570355436	0.1	0.2200872408871286	1.592648844280239	4.044933451461652	2.452284607181412	0.3182327738932318	0.9167354281707389	0.9522808724356201
2	4	0.7183075604174369	2.271467265806955	0.3333333333333333	0.2402547356131648	2.784322635888338	1.760976290617585	-1.023346345270753	0.8456781078904956	0.4427962261454707	-0.3973899063854234
1.5	8.5	0.6242299822853409	2.209244518407464	0.15	0.2203054878851785	2.402960515463253	3.847469091437299	1.444508575974046	0.4667933331223749	0.7996633834367034	0.5609372920830549
2	6	0.7170619046452715	2.249526000726903	0.25	0.2417126771624561	2.78915946732576	2.667228561955355	-0.1219309053704043	0.6990692433073808	0.6119302354377305	-0.04734869215545502
1	9	0.6376969986945011	2.17569176680375	0.1	0.226665083231597	1.568142867297805	4.136615368647396	2.568472501349591	0.3007323322725708	0.9234974002040556	0.9973994157323138
1	5	0.7191266552927581	2.265798224164256	0.1666666666666667	0.2409195153425684	1.390575627589409	2.206727830693865	0.8161522031044557	0.55560795701014	0.8086947197340055	0.3169314563801237
3	7	0.6309280849316243	2.064769044857491	0.3	0.2340500636957616	4.754900077597781	3.390209678624437	-1.364690398973344	0.8118795973722763	0.4260838367474657	-0.5299419814213728
1	8	0.7585570626214972	2.052250083635489	0.1111111111111111	0.2698716145046203	1.318292385999413	3.898160396625874	2.579868010626461	0.2551172157334873	0.9410351637109801	1.001824565033601
3	5	0.68679354611141	1.780840442458679	0.375	0.2783206704448838	4.368124914664453	2.807663101527984	-1.56046181313647	0.8433520422468979	0.392992590672461	-0.6059647124417714
1	7	0.6633267987238446	2.186950773277647	0.125	0.232723579359343	1.507552539598688	3.200803642008318	1.693251102409629	0.4115895091962574	0.8798801403841872	0.6575299752456234
1	4	0.4255159676806461	1.763121381235897	0.2	0.1944204999934285	2.350088071784206	2.268703699342649	-0.08138437244155616	0.748665290415051	0.6607326786603288	-0.03160350187915088
2.166666666666667	9.833333333333334	0.4338523254720671	2.564110497027837	0.1805555555555556	0.1447157123550624	4.994018792705916	3.834988135157023	-1.159030657548893	0.7810689466814761	0.4874139390857052	-0.4500793759900806
0	4	0.7105829511477475	2.273160309636722	0	0.2381515060249939	0	1.759664720100294	1.759664720100294	0.3368793988900584	0.6631206011099415	0.6833199743390659
4	6	0.8339339733937681	2.166066026606232	0.4	0.277977991131256	4.79654280508761	2.769998664076152	-2.026544141011458	0.8848904723421119	0.2927588517049944	-0.7869556482066692
5	5	0.8833566844556887	2.116643315544311	0.5	0.2944522281518963	5.660227729052536	2.362230784601615	-3.297996944450921	0.9566066764640185	0.1409162868679438	-1.280691237205731
6	11	0.8701315101059406	2.128484399649769	0.3529411764705883	0.2901777140830379	6.895509391757903	5.167996533970366	-1.727512857787537	0.8019550509678467	0.3683433490175154	-0.6708346358086361
2.5	6.5	0.94673535515199	2.04614364506733	0.2777777777777778	0.3163293120378781	2.640653469203806	3.176707566777948	0.5360540975741417	0.5557478959211668	0.7057470044766972	0.2081626505405167