dN/dS,LRT,p-value,Log(L)
0.07796086929199043,18.38173994860163,9.039108739672397e-06,-38.45490051857427
0.409666368951952,5.400088660926045,0.01006786431756918,-56.28737987190228
0.07791928411677644,18.39419337724631,8.980223464460924e-06,-47.07833635973998
2.731941657024047e-16,25.52609449774741,2.18220043479711e-07,-31.89562048278685
5.840566125974614e-16,25.52591474402236,2.182403747719164e-07,-33.65813680911817
3.17603086687411e-16,17.85304076040953,1.193188179376969e-05,-18.48684022032412
0.2897128292469313,9.581479044702021,0.0009827500210393136,-44.8858025250717
1,0,1,0
3.17603086687411e-16,25.52609724335156,2.18219732950331e-07,-40.52626575352763
0.572219183333289,2.607916436660517,0.05316569244516406,-63.64394206335239
0.1113505437870836,11.42337977699892,0.0003626282172595752,-30.74595856632424
0.4373152695714744,3.613908273213582,0.02864915853730859,-31.24578187048803
9.555848176237971e-17,17.85840109154695,1.189831865211488e-05,-10.11630309423076
9.555848176237971e-17,17.85920107467494,1.189331778433944e-05,-10.80851090335713
3.17603086687411e-16,17.8547141925399,1.192139357641953e-05,-13.88687920025231
0.24551395945703,9.890297543334349,0.0008307625055908874,-28.46335220359417
0.291676471741695,9.439191065995345,0.001061985782860098,-56.67460188094966
0.1114317679995427,11.41137873696898,0.0003649781969930488,-35.52580277623497
3.17603086687411e-16,25.52591007893691,2.1824090246092e-07,-27.79270557197693
0.2292487216976259,7.448999708212526,0.003173585668089784,-40.29503232267898
0.1111998770196942,11.44589910619777,0.0003582597747520677,-23.40985038187958
0.09481319487979928,14.1838926344916,8.289180660076001e-05,-41.33571554303621
0.7474678326462793,0.8275019983707494,0.1814979241149464,-58.09982298631067
0.2455675299332217,9.873510356062326,0.0008383764742583844,-42.51783457176585
0.3133686987711427,8.150642675891788,0.002152295157752004,-71.48766341561986
0.5580263078902817,2.462848785693225,0.05828359851704334,-55.22182071984359
1.658052215205212,2.97432765591023,0.04229763519512847,-106.3988564202161
3.17603086687411e-16,17.38622778001005,1.525140944258485e-05,-28.11196454120936
0.3702736280439573,5.56919311528624,0.009139591108124845,-53.90649458844873
9.555848176237971e-17,17.8558873823789,1.19140461460332e-05,-9.177178024428716
0.1141688791230641,11.0362017805196,0.0004467486744813565,-29.29416562345828
0.3718958985984026,5.478302766165839,0.009626972414609969,-62.53267221630126
0.1836259749386741,16.33703535896966,2.650880648374931e-05,-37.91583916712386
0.2351274754279795,10.71643649022809,0.0005309399246967716,-72.1586777733235
0.4719227931043554,3.623107723531092,0.02849116881566027,-44.98688394499499
0.1223142739424053,20.10724044968814,3.66094823955887e-06,-26.65103348791762
0.734044623274672,0.9387342976900186,0.1663017803272123,-79.12644430928457
0.1113834371862007,11.4203788980196,0.0003632143962272738,-16.83614964402233
0.4103774599051282,5.386743668832409,0.01014515055640508,-36.68350831565763
0.5791578761859523,1.771655332888457,0.09158867561996686,-50.48757304370093
0.5114419188081002,3.925204911105823,0.02378369654863705,-64.03066671655512
9.555848176237971e-17,18.53319081370877,8.348560483650846e-06,-9.350310167404617
1.438520045416408,1.380900514853124,0.1199739082601033,-74.96988087043884
0.1113216496082907,11.42668438289515,0.0003619838152372767,-25.56413874326842
0.4938951817964295,3.771668659696232,0.02606380267012565,-61.82499723881558
0.7401234937040233,0.7874322645623124,0.1874388416870382,-89.93598626520041
0.6661852839565146,1.493773534322202,0.1108159482797952,-61.63793998057826
0.3278788017088859,7.37531612121191,0.003306258312980648,-55.97754350695084
0.8081512810455691,0.5286679502493428,0.2335837099145318,-71.21476082532345
0.4097267861836601,5.407332529824913,0.01002616738435674,-43.1184190440064
0.09212842948321145,14.73236151834065,6.195062256481032e-05,-28.36856451774968
0.3363278016523034,5.219989359343018,0.01116434384500531,-45.48082877445432
1.072372871288701,0.06085399840569039,0.4025756086905294,-113.2161594335096
0.8132118763020655,0.4951776172684959,0.2408133669799278,-79.51008883737602
0.2764374134969648,7.865361000595669,0.002519538249469155,-40.98624393833739
0.3688094155563697,5.61811061836157,0.00888790091246161,-55.98971337355162
0.6587052249350979,1.783204400934068,0.09087816816797406,-77.75332788996234
0.4619137415919568,3.086027505312259,0.03948368721019901,-61.8032560537753
0.8075704567341619,0.4341238099850955,0.2549861820823919,-67.46887599740892
1.068800649270869,0.04638715892772893,0.4147367846308876,-82.63818426106518
0.9359466071753758,0.04384638813388619,0.4170698340451855,-87.46082045937072
0.8031808571449135,0.5595671104519795,0.2272173564852475,-87.21458950624231
0.1111543588273696,11.45327490605786,0.0003568405592400126,-20.07646190797945
0.3148532372521274,8.069753017869658,0.002250512574775931,-80.13540796494311
0.350036003114496,6.355782493696864,0.00584996649423053,-50.89851462988847
0.4610358425563686,3.884228765098527,0.02437082198913054,-58.89370577933077
0.576687588887562,2.528515114457875,0.05590269237622836,-54.20645384217336
0.1073727969172627,11.99481578221349,0.0002667437482994361,-21.51606265917236
0.2805195209602122,12.78984557570638,0.0001742529431327244,-59.23670006477255
0.5790286479201205,1.776881999814591,0.09126633277184154,-59.77947634356821
0.4651932333227251,3.772102061350111,0.02605705060077473,-55.60838883841262
0.4600629402365055,3.125196619081748,0.0385452857137672,-46.34849152406485
0.464294399644304,3.805288379042722,0.0255454886423791,-48.17589114773735
0.7027050692760192,0.8280810366391052,0.1814140024253529,-72.17332218017012
0.5791666189039205,2.481303433331874,0.05760337139242766,-77.86030107237752
0.2103739630349711,12.98647804895401,0.0001568742849369364,-23.45810734212651
0.7174769436043674,1.21196475027952,0.1354716784961139,-61.4500261853656
0.5782574777718258,2.501158241820647,0.05688130195850871,-52.30669632357538
0.7283515142552938,0.8804697372504222,0.174036527258393,-50.34788000658764
1.16588486479481,0.308111902079645,0.2894205576478651,-97.31599859805054
2.327090831141428,11.74459071679871,0.0003051016289565833,-119.9098812319295
0.5950450696402351,2.27782122478628,0.06561806023344979,-61.55633615047511
0.7194039206800791,1.191187094712348,0.1375451180060142,-60.95098737187598
0.5637284139269058,1.973009914532057,0.08006436935531791,-41.73335545880161
0.5727372954015728,3.726576569357064,0.0267765244875352,-84.21817011129453
1.145135400148346,0.1421035309287788,0.353099354416609,-78.81290337888323
0.5822874209485656,2.77954258028717,0.04773771664607812,-68.90513251962921
0.915948225354474,0.0856942456124159,0.3848620537249266,-70.25672584155875
0.5293219066058306,3.473409153148765,0.03118132968204368,-58.37910309284059
0.8160965966835584,0.3471178807069464,0.2778745898679233,-80.9890148576028
0.6104608279333614,1.979921319124031,0.07969934797696232,-76.42293632564558
0.2709100246158107,8.213658063597222,0.002078812520148021,-51.88511365120486
0.6533591094499873,1.443255551297327,0.1148066236292095,-53.17614509044349
1.060275530503505,0.02384296485601567,0.4386425750398467,-92.07150840779644
1.88672223717935,4.810871662123333,0.01414036839832433,-94.19528279572091
0.2769577790278009,7.834156383282703,0.002563403748814364,-41.6535720854821
0.7150358414129758,1.241676049161299,0.1325741413418473,-76.35213928734493
1.107381947816359,0.09796928740257727,0.3771401566825779,-84.79107999544992
0.7568229595230082,0.6689078135376292,0.2067163261446183,-69.49797214615367
1.642372049593618,3.490716190615075,0.0308569402638077,-109.8965152283573