Codon,alpha,beta,beta-alpha,Prob[alpha<beta],Prob[alpha>beta],BayesFactor,PSRF,Neff
1,1,0.2646917844924946,-0.7353082155075055,0.00645061407923502,0.9921334085329174,0.05426200482170258,1.005138226340806,248.8080866578621
2,1,0.2646629145555045,-0.7353370854444955,0.006447053464341446,0.9921376265236204,0.05423185888631857,1.005139526276253,248.776709545638
3,1,0.2679860860632368,-0.7320139139367632,0.006802611378132752,0.9917139579233293,0.05724325578933318,1.00502307968103,251.6196825158611
4,1,0.3782389486504983,-0.6217610513495018,0.01090679759129153,0.9866103750473417,0.0921603830473358,1.003008027682643,313.8903588298643
5,1,0.3781904954034965,-0.6218095045965035,0.01089989896051559,0.9866186481304314,0.09210144853789518,1.003008967107835,313.8540385447528
6,1,0.2646699150324371,-0.7353300849675628,0.006447917817326132,0.9921366026034649,0.05423917690842781,1.005139210694394,248.7843261448159
7,1,0.2084720186550731,-0.791527981344927,0.002090653687732891,0.9973930876388166,0.01750956042752722,1.00732534022812,205.3696430046944
8,1,0.3782389058926066,-0.6217610941073934,0.01090679747775503,0.9866103757601593,0.09216038207739487,1.003008025431757,313.8904458643471
9,1,0.2084720245972433,-0.7915279754027567,0.002090653385451638,0.9973930879584515,0.01750955789056928,1.007325341376238,205.3696242441706
10,1,0.3451351786447535,-0.6548648213552466,0.006827794583424059,0.9915318889066208,0.05745662665271007,1.003667844845723,290.3166904873633
11,1,0.2084720366753288,-0.7915279633246712,0.002090655252191057,0.9973930857432711,0.01750957355756603,1.007325338802098,205.3696663062329
12,1,0.2646629145555045,-0.7353370854444955,0.006447053464341446,0.9921376265236204,0.05423185888631857,1.005139526276253,248.776709545638
13,1,0.2679828734950226,-0.7320171265049774,0.006802396608702285,0.9917142209234082,0.05724143614936169,1.005023121438533,251.6186512063857
14,1,0.2646629145555045,-0.7353370854444955,0.006447053464341446,0.9921376265236204,0.05423185888631857,1.005139526276253,248.776709545638
15,1,0.6458453261885639,-0.3541546738114361,0.06862669492228432,0.918480525764249,0.6158196355227338,1.001090771219927,411.3127966631105
16,1,0.4854617749835617,-0.5145382250164383,0.02185888620188405,0.9732900476897743,0.1867715616542292,1.002345566656556,341.811794082774
17,1,0.2646971095584884,-0.7353028904415116,0.006450907886754549,0.9921330438964981,0.05426449235184119,1.005138183835658,248.8091127589393
18,1,0.4674016402294967,-0.5325983597705033,0.02897217368650715,0.9653633475093623,0.2493639331811344,1.001369403191334,393.5192438559138
19,1,0.3735929410582387,-0.6264070589417613,0.01026125698711416,0.9873853687114498,0.08664913432651769,1.003097418125412,310.4720174466325
20,1,0.205728080045618,-0.794271919954382,0.001953080570747403,0.9975617807749323,0.01635510873914574,1.00744223056497,203.4775534615379
21,1,0.6790024081360149,-0.3209975918639851,0.08746679971035648,0.89727237651438,0.8010853640269182,1.000612804472222,445.9412832850312
22,1,0.421989492435814,-0.578010507564186,0.01030775033985368,0.987173584100192,0.08704582716462933,1.003283280876804,303.6003482032662
23,1,0.6705029337509572,-0.3294970662490428,0.09727829641493055,0.8877207540746325,0.9006297882316806,0.9996199508857235,540.711606647431
24,1,0.270002296771931,-0.729997703228069,0.007023965085967332,0.9914505122435082,0.05911909970841872,1.004953069679636,253.360915065632
25,1,0.345512691820988,-0.654487308179012,0.006870343217729227,0.9914803447344511,0.05781715494523579,1.00365885154136,290.6138835349055
26,1,0.2646768803757258,-0.7353231196242742,0.00644877790733628,0.9921355837384975,0.05424645885081253,1.005138896699687,248.7919049079072
27,1,0.2646629145555045,-0.7353370854444955,0.006447053464341446,0.9921376265236204,0.05423185888631857,1.005139526276253,248.776709545638
28,1,0.2198621903846462,-0.7801378096153538,0.002738588492036872,0.9966018853792887,0.02295102040203841,1.006843214026639,213.5680809966687
29,1,0.2084720245972412,-0.7915279754027588,0.002090653385451757,0.9973930879584515,0.01750955789057027,1.007325341376238,205.3696242441771
30,1,0.6580268002813654,-0.3419731997186346,0.07523117982685418,0.9110044912455024,0.6799060865677521,1.000912327087917,423.5874291998283
31,1,0.2679860860632368,-0.7320139139367632,0.006802611378132752,0.9917139579233293,0.05724325578933318,1.00502307968103,251.6196825158611
32,1,0.4598226692021501,-0.5401773307978499,0.02697686548094635,0.967675404132341,0.2317141497140127,1.001503651085833,385.4893329157808
33,1,0.2084720295254169,-0.7915279704745831,0.002090655456767069,0.9973930855424316,0.01750957527451253,1.007325337735291,205.369683738116
34,1,0.467547515327514,-0.5324524846724861,0.02901139098422808,0.9653179704619944,0.2497115622533753,1.001366845879858,393.6754873252319
35,1,0.9858152453536195,-0.01418475464638047,0.3347054327132349,0.6308207345089414,4.204680679241039,0.9994552419330894,560.506886198811
36,1,0.2679693487393363,-0.7320306512606638,0.00680105863807372,0.991715821197948,0.05723010017373002,1.005023523584496,251.6087196114768
37,1,0.7468183280873678,-0.2531816719126322,0.1116672481590738,0.8682403334183121,1.050592688981918,1.001145206136279,407.709993550384
38,1,0.7358924471548264,-0.2641075528451736,0.1136419138247464,0.8670974624303532,1.071552768420162,1.000671070485836,441.4082127183606
39,1,0.6692823230234193,-0.3307176769765807,0.09657460754877711,0.8884910068604712,0.8934184023175195,0.999636012959951,538.8562805988453
40,1,0.4601834268482223,-0.5398165731517777,0.0270698936790777,0.9675674530497643,0.2325354349871927,1.001497214694132,385.8667607825015
41,1,0.3797036540699515,-0.6202963459300485,0.01111678143831003,0.9863586385786078,0.09395465347198341,1.002979611430645,314.9930302841806
42,1,0.1983212532587759,-0.8016787467412241,0.00160718117447699,0.9979868570621904,0.01345388226592012,1.00777028901599,198.3521588604859
43,1,0.2679700433552449,-0.7320299566447551,0.006801545623127106,0.9917152636472852,0.05723422615815025,1.005023284384681,251.6146269120774
44,1,0.2646629145555045,-0.7353370854444955,0.006447053464341446,0.9921376265236204,0.05423185888631857,1.005139526276253,248.776709545638
45,1,0.8456413797185849,-0.1543586202814151,0.202646571497429,0.7740328944237188,2.124088605722105,0.9985298513838421,705.9480679115842
46,1,0.1875912990945825,-0.8124087009054175,0.001180779215093943,0.9985133861657436,0.009880206996677689,1.008264556216104,191.1083094028833
47,1,0.2646629145555045,-0.7353370854444955,0.006447053464341446,0.9921376265236204,0.05423185888631857,1.005139526276253,248.7767095456377
48,1,0.5221587649831152,-0.4778412350168848,0.031422882150015,0.9620065747470866,0.2711415326000514,1.001799744364045,368.8975997989126
49,1,0.6172071088657558,-0.3827928911342442,0.06848236987016831,0.9195771405994142,0.6144293272952919,1.000387897285075,464.3564633239494
50,1,0.3782197974318237,-0.6217802025681763,0.01090407577490216,0.9866136394736106,0.09213713066635044,1.003008397004313,313.8760790107671
51,1,0.4504085894474905,-0.5495914105525095,0.0147618051511977,0.9817803172452496,0.1252225269497768,1.002866987115031,319.4415606034169
52,1,0.3451785682387626,-0.6548214317612374,0.006833303741470101,0.9915252422619467,0.05750330578358646,1.003666537548556,290.3598532163359
53,1,0.1989374535932128,-0.8010625464067872,0.001634245101562146,0.9979535348654027,0.01368080809200395,1.007742691263097,198.7731731135992
54,1,0.3781339330392698,-0.6218660669607301,0.01089183297656379,0.9866283203980789,0.09203254245626691,1.003010069424118,313.811431371064
55,1,0.8019978628235638,-0.1980021371764362,0.1594676964230261,0.8158640131675838,1.585632527974402,1.000480334289075,456.6052802684576
56,1,0.8522117805313787,-0.1477882194686213,0.2060964349104021,0.766299677039343,2.169636417512414,0.9998993651448724,510.1669693537469
57,1,0.6198160279773351,-0.3801839720226649,0.06976938706387464,0.9181347229440785,0.626842616597633,1.000349581235825,467.6477515696558
58,1,0.2646768474645681,-0.7353231525354319,0.006448773705990463,0.9921355887177228,0.05424642328013484,1.005138898188405,248.7918689742212
59,1,0.6773063396110386,-0.3226936603889614,0.08640493111004352,0.8984534109280649,0.7904401942423437,1.000640456565407,443.7783118697945
60,1,0.3956705227617649,-0.604329477238235,0.01358382000319944,0.9834115987019849,0.1150922195852147,1.002672174812377,327.4442678786487
61,1,0.3625528445147479,-0.6374471554852521,0.008824660863766692,0.9891149935959411,0.07441007990453151,1.003313943063334,302.4961936879254
62,1,0.7080133286260178,-0.2919866713739822,0.09372828285185938,0.8892617430230484,0.864363597921543,1.001042877999566,414.5362003856017
63,1,0.5173860889683167,-0.4826139110316833,0.03005211725282015,0.9636144793784108,0.2589470155588276,1.001869362196115,365.2038385073868
64,1,0.6365705294484277,-0.3634294705515723,0.0639130752443146,0.9238518507580536,0.5706341651231573,1.001221656383642,402.7563261001518
65,1,0.4597764579605287,-0.5402235420394713,0.02696501971613603,0.9676891556749201,0.2316095824557381,1.001504464731252,385.4416740981826
66,1,0.8892219785472062,-0.1107780214527938,0.2396955070579215,0.7295350773787518,2.634854096238049,1.000035599749688,496.5004789059511
67,1,0.3500467654114016,-0.6499532345885984,0.007360353826321666,0.9908858269943159,0.06197140036088013,1.003565613872475,293.7317390873747
68,1,0.4601830346733136,-0.5398169653266864,0.02706979214113369,0.9675675708433443,0.2325345384893062,1.001497221748094,385.8663467319855
69,1,0.4601724321709657,-0.5398275678290343,0.02706671071372565,0.9675711191216646,0.232507332067631,1.001497478586882,385.8512715270867
70,1,0.6984550331536188,-0.3015449668463812,0.09969887339594111,0.8836816237224095,0.9255218835899962,1.000347295556598,467.8455751002711
71,1,0.3450668443031981,-0.6549331556968019,0.006821571706460032,0.9915394927663517,0.057403900799777,1.003668836419706,290.2839605873976
72,1,0.489396964569643,-0.510603035430357,0.02277922221542531,0.9721972075391718,0.1948186069365899,1.002286063244339,344.5678313279558
73,1,0.2057704700704438,-0.7942295299295562,0.001954445808998752,0.997560078169168,0.01636656364066277,1.007441293711734,203.4925769911035
74,1,0.4290705922760246,-0.5709294077239754,0.01983002991917038,0.9760234245623245,0.1690854398196525,1.002050535837967,355.9325070312158
75,1,0.6088044239450892,-0.3911955760549108,0.05106589865130132,0.9386168231538244,0.4497582721163834,1.001626364450882,378.4334477309019
76,1,1.024756522023974,0.0247565220239736,0.3781720172734455,0.5855559265924348,5.082804002410464,0.9994299848742614,563.6721646093149
77,1,0.270002296771931,-0.729997703228069,0.007023965085967332,0.9914505122435082,0.05911909970841872,1.004953069679636,253.3609150656324
78,1,0.5189106358555723,-0.4810893641444277,0.04501480632573585,0.9470149457743281,0.3939517032346154,1.000484964330696,456.2238893487577
79,1,0.7831356087316287,-0.2168643912683713,0.1512988051876329,0.8260932172048683,1.489926757068873,1.000066870690193,493.4669570616795
80,1,0.639663021754353,-0.360336978245647,0.06545583898692912,0.9220906224333515,0.5853731526392993,1.001178375089458,405.5457538089707
81,1,0.8004370546727063,-0.1995629453272937,0.1580351472738361,0.8174091317520034,1.568714669239715,1.000498391419486,455.121482346583
82,1,0.5037919475279421,-0.4962080524720579,0.02634774209671848,0.9679738953473208,0.226164149226102,1.002072206821073,354.8552737687904
83,1,0.4643951846250773,-0.5356048153749227,0.02816677359004798,0.9662954804198733,0.2422309287582426,1.001423105859895,390.2668672934253
84,1,0.4664336974068902,-0.5335663025931099,0.01777758093919026,0.9781587861725661,0.1512679971679299,1.002628420214794,329.2977850809525
85,1,0.552468992140722,-0.447531007859278,0.05789844365835922,0.9325591913232868,0.5136335732694544,0.9999216502839867,507.8797890301598
86,1,0.8609582631292227,-0.1390417368707773,0.2150809018773804,0.7588482943410272,2.290135545105898,0.9991368365026342,603.2293819583581
87,1,0.5905211792329083,-0.4094788207670917,0.04361851991270079,0.9472672227291771,0.3811746427424898,1.001901459756223,363.525870386528
88,1,0.5002894992334773,-0.4997105007665227,0.02544907021602778,0.9690353692079785,0.2182486743976594,1.002123860268138,352.3140373114795
89,1,0.7175754124344839,-0.2824245875655161,0.100312880939472,0.8818925771976683,0.9318573507672929,1.000913709763753,423.4894774425256
90,1,0.4134694048868151,-0.5865305951131849,0.01671724450246023,0.9796928306997275,0.1420922876799608,1.002338935944673,342.116701894902
91,1,0.9623170022011701,-0.03768299779882989,0.3066072475045433,0.6610706494528548,3.695620377598237,0.9992460871142972,587.8505849555311
92,1,0.8579780130952936,-0.1420219869047064,0.2113986850449587,0.7607405703537988,2.240417825510325,0.999834636152925,516.9295273325617
93,1,0.3378111384635452,-0.6621888615364548,0.006088521726265761,0.9924312170698577,0.05119745686179914,1.003818781556678,285.419159361829
94,1,0.8598661514167633,-0.1401338485832367,0.2142196269287048,0.7597425943569156,2.278464762566117,0.9991484320541418,601.5588118669876
95,1,0.894528723695317,-0.105471276304683,0.244533489699685,0.7228934737618479,2.705249737063454,1.00045152514067,458.9929023981022
96,1,0.6764905599361297,-0.3235094400638703,0.1007938952845795,0.8838893155931433,0.9368266084036571,0.999534918164326,550.7520702531789
97,1,0.4414877156759233,-0.5585122843240767,0.01325064861359391,0.9836040693784358,0.1122314367057106,1.002996976693099,314.3182544933227
98,1,0.7547756728639532,-0.2452243271360468,0.1389901339056221,0.8409358800228244,1.349149510494917,0.9995901735804539,544.1854308883062
99,1,0.4673944757321633,-0.5326055242678367,0.02896394021987423,0.965372357657887,0.2492909538411743,1.001370727269822,393.4383961282561
100,1,0.6916864924913227,-0.3083135075086773,0.08307419600513236,0.9012681335264892,0.7572097316068002,1.0012728522102,399.5064121950453