Codon,alpha,beta,beta-alpha,Prob[alpha<beta],Prob[alpha>beta],BayesFactor,PSRF,Neff
1,1,0.2718365355963924,-0.7281634644036076,0.01289595883752833,0.98471853266498,0.06430224423719569,1.00057717956406,448.7594406626139
2,1,0.2663561567407703,-0.7336438432592296,0.01197018623022944,0.9857859439174053,0.05963020190553515,1.000496267433524,455.2955105873375
3,1,0.2479977161923352,-0.7520022838076648,0.009144461490192865,0.9890622985972517,0.04542377420519705,1.000227898002236,478.4192795717405
4,1,0.2663561167802843,-0.7336438832197157,0.01197016939433149,0.9857859622681948,0.05963011702040861,1.000496263615335,455.2958235504971
5,1,0.7378060307394729,-0.2621939692605271,0.1364032264607786,0.844357072700673,0.7774080875568957,1.003958758291462,281.0245363710278
6,1,0.2479977161923352,-0.7520022838076648,0.009144461490192865,0.9890622985972517,0.04542377420519705,1.000227898002236,478.4192795717405
7,1,0.2663561574571007,-0.7336438425428993,0.01197018724688126,0.9857859428543788,0.05963020703140486,1.000496267747287,455.2954848693412
8,1,0.2663561171695734,-0.7336438828304266,0.01197016839586292,0.9857859632846087,0.0596301119862174,1.000496263254263,455.2958531463158
9,1,0.2663561567407703,-0.7336438432592296,0.01197018623022944,0.9857859439174053,0.05963020190553515,1.000496267433524,455.2955105873375
10,1,0.2663561167802843,-0.7336438832197157,0.01197016939433149,0.9857859622681948,0.05963011702040861,1.000496263615335,455.2958235504971
11,1,0.2663561171695734,-0.7336438828304266,0.01197016839586292,0.9857859632846087,0.0596301119862174,1.000496263254263,455.2958531463158
12,1,0.8495533691914575,-0.1504466308085425,0.2150669061866538,0.7594811381870518,1.348578930162394,1.005693831910605,236.0915356634758
13,1,0.1868534916789764,-0.8131465083210236,0.002764066397673763,0.9966041639225971,0.01364224907713585,0.999433516543458,563.2274041778808
14,1,0.5093797944070566,-0.4906202055929434,0.05206104144339859,0.9394833984745402,0.2703136031979933,1.001237159614229,401.7665595835801
15,1,0.2663561567407703,-0.7336438432592296,0.01197018623022944,0.9857859439174053,0.05963020190553515,1.000496267433524,455.2955105873375
16,1,0.2663561575017935,-0.7336438424982065,0.01197018713438909,0.9857859429684985,0.05963020646422917,1.000496267706416,455.2954882194018
17,1,0.2663561547298886,-0.7336438452701114,0.0119701913931317,0.9857859386636794,0.05963022793643782,1.000496269301472,455.295357478548
18,1,0.5094016495914279,-0.4905983504085721,0.05206948768708688,0.9394740002083772,0.2703598670888419,1.00123758575943,401.7394227063922
19,1,0.2663561171694045,-0.7336438828305955,0.01197016839980492,0.9857859632806104,0.05963011200609262,1.000496263255648,455.2958530328016
20,1,0.4178220071558716,-0.5821779928441284,0.02357231315380755,0.9717827492192839,0.1188221862522508,0.9995777250113141,545.6510418324515
21,1,0.2663561171695734,-0.7336438828304266,0.01197016839586292,0.9857859632846087,0.0596301119862174,1.000496263254263,455.2958531463158
22,1,0.2479977161923352,-0.7520022838076648,0.009144461490192865,0.9890622985972517,0.04542377420519705,1.000227898002236,478.4192795717405
23,1,0.2714009179404352,-0.7285990820595647,0.01282064204108898,0.9848052458337868,0.06392181992329225,1.000570648952747,449.2799543250679
24,1,0.5878800318951536,-0.4121199681048464,0.06406442931113455,0.9249076670008775,0.3369042045090954,1.001389348903497,392.3049088267008
25,1,0.5090211676519809,-0.4909788323480191,0.05192275118303559,0.9396373193230521,0.2695562422296244,1.001230186622362,402.2111251975763
26,1,0.2663561078809876,-0.7336438921190124,0.0119701942351444,0.9857859369691406,0.05963024226561797,1.000496272564433,455.2950900259407
27,1,0.5879309194225706,-0.4120690805774294,0.06408729059958526,0.9248819974166025,0.3370326606372452,1.001390398247032,392.2412321663737
28,1,0.2663561167802843,-0.7336438832197157,0.01197016939433149,0.9857859622681948,0.05963011702040861,1.000496263615335,455.2958235504971
29,1,0.2663561167802843,-0.7336438832197157,0.01197016939433149,0.9857859622681948,0.05963011702040861,1.000496263615335,455.2958235504971
30,1,0.6119327710895768,-0.3880672289104232,0.0757605101752807,0.9118879426537024,0.4034537832585122,1.001920549646101,362.5352739516474
31,1,0.2479977161923352,-0.7520022838076648,0.009144461490192865,0.9890622985972517,0.04542377420519705,1.000227898002236,478.4192795717405
32,1,0.5178337764565555,-0.4821662235434445,0.05537133971938559,0.9358047935306125,0.2885089802555293,1.001401158473765,391.5894783262815
33,1,0.5092808800106369,-0.4907191199893631,0.05202282122475136,0.9395259298960486,0.2701042641066455,1.001235230989507,401.8894204720158
34,1,0.2663561594074121,-0.7336438405925879,0.01197018225419405,0.9857859479345924,0.05963018185871184,1.000496265940599,455.2956329569921
35,1,0.266356114946953,-0.7336438850530469,0.01197017435314487,0.9857859572194425,0.05963014202231212,1.000496265404592,455.2956768915394
36,1,0.5899799336163344,-0.4100200663836656,0.06504101845907845,0.9238151155875656,0.3423971944688918,1.001435153638243,389.5446623864802
37,1,0.359150613527517,-0.640849386472483,0.01205443868107179,0.9852860380033366,0.06005503163543979,0.9986838542699396,676.6927577185088
38,1,0.4824105890074634,-0.5175894109925366,0.04224160997695318,0.9504745795174081,0.2170800532984865,1.00071934614404,437.7221993037905
39,1,0.4700592879801519,-0.529940712019848,0.03815918747507326,0.9550854654945333,0.195268117769619,1.000490273963679,455.7873083976053
40,1,0.2663561567407703,-0.7336438432592296,0.01197018623022944,0.9857859439174053,0.05963020190553515,1.000496267433524,455.2955105873375
41,1,0.2127222098193648,-0.7872777901806352,0.004924994569388905,0.9940214852454512,0.02436045303211562,0.9997490001918443,526.1588720317282
42,1,0.2123984508661429,-0.7876015491338572,0.004891388878213932,0.9940612785810499,0.02419341246633371,0.9997439884163877,526.709305725279
43,1,0.4270166740348357,-0.5729833259651643,0.02582054076649666,0.9691828486899251,0.1304553179901099,0.9997295264559436,528.3041577527058
44,1,0.4825285586474066,-0.5174714413525934,0.04228255237435885,0.9504285357462695,0.2172997458471708,1.000721633880254,437.5490630217487
45,1,0.2126743321277714,-0.7873256678722286,0.004919911197651373,0.9940274985987531,0.02433518488257577,0.999748210643832,526.2455096710706
46,1,0.1868534921359045,-0.8131465078640955,0.002764066440612598,0.9966041638714082,0.01364224928965097,0.9994335165558857,563.227402614037
47,1,0.6478508096045827,-0.3521491903954173,0.0952461346313024,0.8904941714781731,0.5181462207617263,1.002731248204688,324.9750509723999
48,1,0.8006236853112203,-0.1993763146887797,0.1830739374065269,0.7949609072305137,1.103009347055118,1.005236633892511,246.4552861945258
49,1,0.509083990280447,-0.490916009719553,0.0519469627195114,0.9396103720668186,0.2696888232674837,1.00123140838257,402.1331596868901
50,1,0.5607909372584495,-0.4392090627415505,0.07392961697615225,0.9154160980837999,0.3929252004296304,1.002235707142726,346.9355410899209
51,1,0.2663561593867335,-0.7336438406132665,0.01197018230334935,0.985785947884902,0.05963018210654854,1.000496265958567,455.2956314842379
52,1,0.5884857165332311,-0.4115142834667689,0.06433775609226967,0.9246009120148333,0.3384404214531747,1.001401921037563,391.5433723209264
53,1,1.143611686797878,0.1436116867978776,0.4387157175387151,0.5320555126919715,3.847120018764074,1.006670658657373,216.6667731976257
54,1,1.203756986037699,0.2037569860376993,0.4936632908368818,0.4760880147837087,4.798735817865342,1.006481337336449,220.1735856430259
55,1,1.162937121540517,0.1629371215405171,0.4678509104305234,0.5012614985902468,4.327225999034887,1.006689700710881,216.3203363498595
56,1,0.2719651723127843,-0.7280348276872157,0.0129180981791114,0.9846930358461867,0.06441408084976269,1.000579070186534,448.6089780670407
57,1,0.440929611479237,-0.5590703885207631,0.029475428221725,0.9649779681757634,0.149482037991375,0.9999664193720589,503.3469041985795
58,1,0.6121718679638749,-0.3878281320361251,0.07587865677300525,0.9117566401448796,0.4041346202136183,1.001925592195089,362.2745203955917
59,1,0.4173492948220758,-0.5826507051779242,0.02345584551991394,0.9719173811624197,0.1182210004650176,0.9995694221545393,546.6329915806506
60,1,1.474210264418798,0.4742102644187984,0.6047444321880151,0.3709592329562063,7.530595223322258,1.004317092138912,270.3754008985237
61,1,0.5314592291807705,-0.4685407708192295,0.04113713663797746,0.9508870033713708,0.21116064638674,1.00022259239633,478.9003299358808
62,1,1.147591832224515,0.1475918322245149,0.441146933007847,0.5296699927427089,3.88526859667176,1.006648756356991,217.0666463727541
63,1,0.73577182517457,-0.26422817482543,0.134928823260037,0.8459373011489598,0.7676942947865333,1.003912047503595,282.4757134984745
64,1,0.4295331831983494,-0.5704668168016507,0.02646071445036694,0.9684445967176185,0.1337776328601599,0.9997719785572693,523.6499660490074
65,1,1.057380762695105,0.05738076269510506,0.3523764099834536,0.6228054468936435,2.678055599391183,1.006014690881771,229.331509742149
66,1,0.4276446384732114,-0.5723553615267887,0.0259791220072531,0.9689998755441778,0.1312779015010861,0.9997400630903903,527.1412274465331
67,1,0.2199376491405822,-0.7800623508594178,0.005662282800449404,0.9931478780476027,0.02802806172015735,0.9998418975012747,516.1619175632079
68,1,2.618385620014812,1.618385620014812,0.9490101576083789,0.04552252453805781,91.60572444840248,1.002678159923176,327.1923684625543
69,1,0.2663561567407703,-0.7336438432592296,0.01197018623022944,0.9857859439174053,0.05963020190553515,1.000496267433524,455.2955105873367
70,1,0.5583840607647799,-0.4416159392352201,0.05128110282855156,0.9393102050547082,0.2660450772912868,1.000762542305423,434.4762632327751
71,1,2.717507438469994,1.717507438469994,0.9953161137617752,0.003877540114218575,1045.899894207401,1.002204015828682,348.4425868506874
72,1,0.2480756511800295,-0.7519243488199705,0.009155732810586927,0.9890491807559169,0.04548028019348273,1.000229080239038,478.3122208263497
73,1,0.8582622960348226,-0.1417377039651774,0.225680680030912,0.7507669408551859,1.434530243387132,1.006027167028807,229.0765925842486
74,1,1.71434162324811,0.7143416232481097,0.751593470141221,0.2280490888484163,14.89208178589112,1.003711086425296,288.8962841587158
75,1,0.2663561171695734,-0.7336438828304266,0.01197016839586292,0.9857859632846087,0.0596301119862174,1.000496263254263,455.2958531463174
76,1,0.7369017977054757,-0.2630982022945243,0.1357496005087377,0.8450581228454702,0.773097721941005,1.003938245859947,281.6599365590319
77,1,0.5978394101488724,-0.4021605898511276,0.06877056601032924,0.9196518209200522,0.3634806755482648,1.00160750133011,379.5010420268839
78,1,0.870426114596453,-0.129573885403547,0.2323529512312704,0.7415769137737812,1.489779626407644,1.006014064574492,229.3443218859444
79,1,0.5093899591516557,-0.4906100408483443,0.05206491315369266,0.9394790810674906,0.2703348102013258,1.001237352352043,401.7542856034547
80,1,2.425451053631437,1.425451053631437,0.8780974172483207,0.1116485082775137,35.45399792635845,1.002363135203987,341.0065695621253
81,1,0.6947854827010518,-0.3052145172989482,0.1065545908297056,0.876677635330176,0.5870019803611608,1.002955643688247,315.9291950090752
82,1,0.8637818585364838,-0.1362181414635162,0.2296697158062293,0.7466645112353573,1.467446185236399,1.006081146803315,227.9802655016399
83,1,0.8780202038996396,-0.1219797961003604,0.2363850017306056,0.7353987929406601,1.523634823828078,1.005785677472695,234.1154444171044
84,1,1.144953692508374,0.1449536925083743,0.4395327590425255,0.5312540448001127,3.859903420171415,1.006663234120858,216.8021558500618
85,1,0.2663561149551917,-0.7336438850448083,0.01197017433424389,0.9857859572387042,0.05963014192701503,1.000496265397737,455.2956774533997
86,1,0.4116165084930994,-0.5883834915069006,0.02211146016288965,0.9734766110263676,0.1112918825075427,0.9994750628782227,558.0478271927436
87,1,1.448489783046486,0.4484897830464862,0.6459900169349241,0.3276633972969092,8.981434759097183,1.005087150764638,250.0473136915825
88,1,0.7623943368732716,-0.2376056631267284,0.1671299083270016,0.8139653710705076,0.9876710641588027,1.004900551841676,254.6832416038709
89,1,0.6621902103652154,-0.3378097896347846,0.1036006728902227,0.881419845647385,0.568848315850764,1.003051203577368,312.2298253880975
90,1,0.7370142882765635,-0.2629857117234365,0.1506421004119876,0.8312480813722021,0.8729533870994326,1.004528282525147,264.4738027405147
91,1,0.652339128597595,-0.347660871402405,0.08051434249000308,0.9054561642692956,0.4309865465410262,1.00196550128711,360.2240891206735
92,1,0.8021456802626176,-0.1978543197373824,0.1842203516734003,0.7937445137361916,1.111476187704894,1.005261647678528,245.8644224919043
93,1,1.697323711303972,0.6973237113039719,0.7179892570022537,0.261211818971492,12.53105729404576,1.003443728656869,297.9112533239283
94,1,1.627726958715649,0.6277269587156489,0.7655330727174291,0.2123960170166878,16.07007072988995,1.004352382166877,269.3707173382313
95,1,0.8692019935858362,-0.1307980064141638,0.2313566631501516,0.7426019877304608,1.481468997205185,1.005996524278098,229.70372956644
96,1,0.9285924403473856,-0.07140755965261436,0.2812572512372651,0.6892988718372236,1.926041648981511,1.006465508546563,220.4720240206991
97,1,0.2418705112543984,-0.7581294887456016,0.008301814865263456,0.9900457492155251,0.04120301041349494,1.000141753057465,486.3523979484708
98,1,0.8051560757124516,-0.1948439242875484,0.1864770937067361,0.7913865580330816,1.1282130748575,1.005312763411943,244.6658937874038
99,1,0.2480366204220356,-0.7519633795779644,0.009150086976775381,0.9890557514467417,0.0454519760357355,1.000228488132865,478.3658336104784
100,1,1.102928873721066,0.1029288737210656,0.4269463201006175,0.5413856681459137,3.667020951187893,1.006904094519659,212.4962261343247