Codon,alpha,beta,beta-alpha,Prob[alpha<beta],Prob[alpha>beta],BayesFactor,PSRF,Neff
1,1,0.301362002699922,-0.698637997300078,0.008924811692345512,0.9890641553982775,0.0588320782059996,0.9966028312954969,1543.603397838001
2,1,0.479991606070744,-0.5200083939292559,0.0284209249550415,0.9657005260278699,0.1911092847107708,0.9961435109163513,2155.402784507016
3,1,0.2341954409871628,-0.7658045590128373,0.002848766991544012,0.9964139968540733,0.01866455456781404,0.9971358117087361,1161.588808193935
4,1,0.4084776993986476,-0.5915223006013524,0.0131913879186039,0.9836782941278294,0.08733318374795236,0.9962399619172413,1989.714315041322
5,1,0.4932269232259671,-0.5067730767740329,0.02076635338539481,0.9743149505976655,0.1385465273364352,0.9962232217272282,2016.616570740009
6,1,0.4084722478720793,-0.5915277521279207,0.01319051025351052,0.9836793492195941,0.08732729552413608,0.9962399767446459,1989.690805467298
7,1,0.2341954798358604,-0.7658045201641397,0.002848765448311208,0.9964139983765836,0.01866454442797371,0.9971358129923736,1161.588116396123
8,1,0.2879842848071515,-0.7120157151928485,0.007359011696080782,0.9909366080630923,0.04843385317764219,0.9966887325521447,1465.853725648619
9,1,0.2341954171736845,-0.7658045828263155,0.002848768673003003,0.9964139950742261,0.01866456561587218,0.9971358106552131,1161.589375975572
10,1,0.3015354095421477,-0.6984645904578523,0.008945299121163684,0.9890396658542626,0.05896834968204872,0.9966018569243551,1544.532763745436
11,1,0.300733689673845,-0.699266310326155,0.008846475621050115,0.9891575175065872,0.05831108029044066,0.9966066943898548,1539.929743752747
12,1,0.5254754759117954,-0.4745245240882046,0.02895135774288243,0.9645873613714558,0.1947823864281687,0.9962294228347497,2006.566541897938
13,1,0.4843843247228534,-0.5156156752771466,0.02961989792964402,0.9643084671502804,0.1994175640627166,0.9961432841097766,2155.824993213877
14,1,0.6359265739534503,-0.3640734260465497,0.05966165032456482,0.9283313885319492,0.4145079324662294,0.9964008268462962,1763.682010883147
15,1,0.3015354095421477,-0.6984645904578523,0.008945299121163684,0.9890396658542626,0.05896834968204872,0.9966018569243551,1544.532763745436
16,1,0.3119989023574239,-0.6880010976425761,0.01030761521636673,0.9874200302790543,0.06804241215894957,0.9965410912914694,1604.794899239239
17,1,0.2341954720924183,-0.7658045279075817,0.002848766002041599,0.9964139977898829,0.01866454806626971,0.9971358126470106,1161.58830252447
18,1,0.4967078239888396,-0.5032921760111604,0.03316617437383553,0.9602083953246499,0.2241120847128665,0.9961453661672092,2151.955377307391
19,1,0.2341953092487999,-0.7658046907512002,0.002848745428061608,0.9964140225302648,0.01866441288454782,0.9971358170894424,1161.585908345618
20,1,0.5471626535881751,-0.4528373464118249,0.03554489082850559,0.95684795014581,0.2407780531277911,0.9962498052859453,1974.228687495355
21,1,0.6328156686576105,-0.3671843313423895,0.05816325790759311,0.9300510379546431,0.4034547453669526,0.9963922636271824,1774.409789773317
22,1,0.522124356344789,-0.477875643655211,0.02802088740288714,0.9656867263408048,0.1883417861222638,0.996227386054526,2009.856430532896
23,1,0.7679363469370555,-0.2320636530629445,0.1328707957989595,0.845444854527336,1.001076934177201,0.9968286741339455,1354.728001964043
24,1,0.2181635466416015,-0.7818364533583985,0.001997886109247625,0.9974674864716671,0.01307859219270229,0.9973004048351424,1079.196024893829
25,1,0.5522681031578547,-0.4477318968421453,0.03726812601933828,0.9548411794539314,0.2529029741427775,0.9962563898524111,1964.003927376893
26,1,0.3015354095421477,-0.6984645904578523,0.008945299121163684,0.9890396658542626,0.05896834968204872,0.9966018569243551,1544.532763745436
27,1,0.3855299815877269,-0.6144700184122731,0.009845962254540678,0.9877202490547873,0.06496465488251547,0.9963139437799778,1878.953304508468
28,1,0.4926066705601564,-0.5073933294398436,0.02065165379218925,0.974454097046849,0.1377651513002904,0.9962230696736807,2016.864268376974
29,1,0.5096998641733719,-0.4903001358266281,0.03719326868509128,0.9555811908535375,0.2523753658406101,0.9961515679826723,2140.510990286095
30,1,0.4803716915942841,-0.5196283084057158,0.02852471715704074,0.9655800195038189,0.1918277016264479,0.9961434465319272,2155.522621619709
31,1,0.3797780459296926,-0.6202219540703074,0.0091078296544544,0.9886179653152599,0.06004961598743448,0.9963362612699601,1847.926433375974
32,1,0.5471656472113745,-0.4528343527886255,0.03554585967395402,0.9568468116635872,0.2407848578850154,0.9962498099132753,1974.22146455168
33,1,0.3602303327238425,-0.6397696672761575,0.006869225694325472,0.9913552252617777,0.04518799562296807,0.9964248570497535,1734.260211422888
34,1,0.6610287199914459,-0.3389712800085541,0.07272729076892426,0.9134587269908698,0.5124029995085041,0.9964790385816528,1671.400529252236
35,1,0.6913022062792624,-0.3086977937207376,0.09071483458383224,0.8933112600450561,0.6517783629191827,0.9965883915466305,1557.492029932901
36,1,0.4727007002070194,-0.5272992997929806,0.02650288131635696,0.9679337287364147,0.1778607638913726,0.9961451342101268,2152.385793098438
37,1,0.3870145398253091,-0.6129854601746909,0.0100459539068702,0.9874775993519966,0.06629761084809335,0.9963082727138978,1887.004565674846
38,1,0.1992949605824758,-0.8007050394175241,0.001230725703483552,0.9984259799167752,0.008050406852541192,0.9975138542856576,988.3350549382806
39,1,0.5099826510682445,-0.4900173489317555,0.03728429212369094,0.955476943350636,0.2530169266017609,0.9961517433450038,2140.18916161212
40,1,2.017714533463526,1.017714533463526,0.844391018873153,0.1409478683687246,35.45117860348055,0.9995790494707162,545.4947310944568
41,1,0.4800068684463221,-0.5199931315536779,0.02842637417896045,0.9656943101387381,0.191146998703793,0.9961434862176159,2155.448754065028
42,1,0.3798561049607616,-0.6201438950392384,0.009118312257154851,0.988605241522851,0.06011936573798116,0.9963359067348645,1848.411297591201
43,1,0.2843309910922909,-0.7156690089077091,0.006971220275494946,0.9914027184885068,0.04586365927442711,0.9967131923802491,1445.130768135357
44,1,0.4737251619934243,-0.5262748380065757,0.02678511468965138,0.9676061695856639,0.1798069603824018,0.9961444876848018,2153.58638583081
45,1,2.456211819844405,1.456211819844405,0.9374860272902641,0.05565003191201327,97.97368354352108,1.000115686695123,488.8053833273597
46,1,0.479915260971664,-0.520084739028336,0.02840049606396969,0.9657242809990075,0.190967900442833,0.9961435177253347,2155.390111897516
47,1,1.3490023087782,0.3490023087781999,0.5477358991358356,0.4239552764192284,7.912264948591805,0.9982523095530925,765.6404928948366
48,1,0.3119346475848817,-0.6880653524151183,0.01030498772650152,0.9874235576393348,0.06802488703205259,0.9965410567065888,1604.830539803541
49,1,0.4800744222038897,-0.5199255777961103,0.02844326273678686,0.9656745670652731,0.1912638868342383,0.9961435008665382,2155.421489092624
50,1,0.5261122811104076,-0.4738877188895924,0.02912515833975398,0.9643817530178632,0.1959867809260807,0.9962298733625593,2005.840288262693
51,1,0.5095680597924154,-0.4904319402075846,0.03715078031788448,0.9556298457782881,0.2520759364867969,0.9961514886394599,2140.656634495618
52,1,0.7333613205906032,-0.2666386794093968,0.1076063856355934,0.8734321222858454,0.787777045773053,0.9966799510436409,1473.439753345485
53,1,0.6249551776166012,-0.3750448223833988,0.06759747267004228,0.9202191430256457,0.4736404104327618,0.9964140453821031,1747.37501116387
54,1,0.8655120183337217,-0.1344879816662783,0.2140818158218966,0.7598145046246023,1.779607282560952,0.9971284097726938,1165.591768638189
55,1,0.9076261037975021,-0.09237389620249792,0.2507797035547526,0.7179123334824087,2.186777429155152,0.997332667736084,1064.401354426753
56,1,0.6572456405128464,-0.3427543594871536,0.08475192511278747,0.9011577989356663,0.6049681067318141,0.9965024997774667,1645.576494306674
57,1,0.4948704003789148,-0.5051295996210852,0.02114898688252664,0.9738575548052977,0.1411544925658078,0.9962227265752412,2017.42340520229
58,1,0.479989824852353,-0.520010175147647,0.0284204454193186,0.965701083382387,0.1911059658718284,0.9961435111208633,2155.402403875006
59,1,0.474036423107225,-0.5259635768927751,0.02686262913539015,0.967515551802256,0.180341674295227,0.9961444507536836,2153.655007154574
60,1,0.6629472101723488,-0.3370527898276512,0.06281487988446373,0.9240171625819412,0.4378838027324762,0.9964070510828658,1755.965672286268
61,1,0.5951578361618367,-0.4048421638381633,0.04195620410647327,0.948841457816666,0.2861096846026035,0.9963105014004877,1883.83224780803
62,1,0.7089261115216686,-0.2910738884783314,0.1021675750653316,0.8806561459161649,0.7434290573859432,0.9966540917538573,1496.242965031405
63,1,0.2182418141156288,-0.7817581858843712,0.001999429207247488,0.9974654778217985,0.01308871388171208,0.9973001681136273,1079.306102773603
64,1,0.4950446265801309,-0.5049553734198691,0.03267656239813045,0.9607734287056575,0.2206918948370793,0.9961447838558537,2153.036231891215
65,1,0.3856791773977327,-0.6143208226022674,0.009872173747099892,0.9876887961031265,0.06513932533882805,0.9963130431468933,1880.227339618457
66,1,0.3119276655332194,-0.6880723344667806,0.01030443518198347,0.9874242432870985,0.06802120162043244,0.9965410663086405,1604.82064449562
67,1,0.7944858866992359,-0.2055141133007641,0.1480148107594758,0.8279470929786699,1.134997385309616,0.9968977245307852,1305.894824564316
68,1,0.3578314569881179,-0.6421685430118821,0.006622813904581533,0.9916580559374559,0.04355621191163608,0.9964370881481506,1719.659443438193
69,1,0.6170912486825231,-0.3829087513174769,0.06375468052689616,0.9245371661121409,0.4448812949696357,0.9963928694198583,1773.646571471133
70,1,0.8528640409591869,-0.1471359590408131,0.2039645360100791,0.770317369784514,1.673955764989901,0.9971028674711723,1179.620140874015
71,1,0.1909323675907872,-0.8090676324092128,0.0009643104515015841,0.9987614397797703,0.006306052796728797,0.9976147373518098,950.5290853098302
72,1,0.8557591318559122,-0.1442408681440878,0.2069732062115538,0.7694875968349998,1.705092712845363,0.9970030109113487,1237.875555822497
73,1,0.9292991633220282,-0.07070083667797178,0.2708895304011159,0.697267450307138,2.427284137617413,0.9973891213633916,1039.469913890237
74,1,1.046840916896426,0.04684091689642633,0.3367343017007688,0.635675470469103,3.316817319986618,0.997413120192309,1029.222906551616
75,1,0.4921645001467922,-0.5078354998532078,0.02053206245147985,0.9745959340671844,0.1369506457497267,0.996223448308909,2016.24757866401
76,1,0.6353567480786332,-0.3646432519213668,0.05938412242013421,0.9286495470814031,0.4124580359623536,0.9963992321440432,1765.669951513034
77,1,0.5468296745950706,-0.4531703254049294,0.03543605634572482,0.956975008884698,0.2400137331558517,0.9962493976159141,1974.865240268892
78,1,0.7684641023307462,-0.2315358976692538,0.1347315514626312,0.8437359199760488,1.017279224154464,0.9968370212810463,1348.631067883843
79,1,0.6178489128614512,-0.3821510871385488,0.06416502627772279,0.9240813165718972,0.4479410224110008,0.9963946748592631,1771.375855083473
80,1,0.635770042669488,-0.364229957330512,0.05958489885999527,0.9284193174104096,0.4139409042628954,0.9964003855270994,1764.231706107257
81,1,0.5219312572530117,-0.4780687427469883,0.02797054511687633,0.9657464684559056,0.1879936746731812,0.9962272620126574,2010.05713709722
82,1,0.7846742488806961,-0.2153257511193039,0.1562995727971085,0.8223372300157445,1.210295041243456,0.996885040078419,1314.598944419523
83,1,0.9568965692089761,-0.04310343079102386,0.2954258753482182,0.6722920172677209,2.739325076737121,0.9974511100161715,1013.410166766526
84,1,0.668554186216633,-0.331445813783367,0.06582826908581525,0.920543601219272,0.4603704575896371,0.9964232407159979,1736.208304558284
85,1,0.9182521039407476,-0.08174789605925237,0.254100094332013,0.7187445216072523,2.225594328789184,0.9972127704514976,1121.547342891465
86,1,0.8839844305446881,-0.1160155694553119,0.225787659054847,0.7501697435764083,1.905293312556128,0.9970403741089909,1215.414670922409
87,1,0.8609426612087813,-0.1390573387912187,0.2053817396131082,0.7652048451920418,1.688593134029093,0.9971709625830677,1142.949707624864
88,1,0.7433271091085455,-0.2566728908914545,0.1260902895322871,0.8545987627054401,0.9426203444799315,0.9967735902255258,1396.391296342338
89,1,0.5576265982631212,-0.4423734017368788,0.05471995058483543,0.9357601635267322,0.3781872963914847,0.9961972507498388,2059.826591250074
90,1,0.7440592458333679,-0.2559407541666321,0.1266174887298535,0.8540303486991533,0.9471329296950082,0.9967758789680771,1394.609078910489
91,1,0.9256494175857561,-0.07435058241424386,0.2644173090132889,0.7059201972261351,2.348443475950182,0.9973197645609297,1070.2691978692
92,1,0.357802371424193,-0.6421976285758071,0.006620206801440794,0.9916612794996794,0.04353895152811341,0.9964372119792514,1719.512880869177
93,1,0.3585215806314404,-0.6414784193685596,0.006693174627769427,0.9915715574471028,0.04402207084191646,0.9964335296984527,1723.881836257131
94,1,0.9253197825168671,-0.07468021748313292,0.2672621149446466,0.7009766237215006,2.382925617380493,0.997379530319339,1043.622597589581
95,1,0.5660691107736767,-0.4339308892263233,0.0317899242631279,0.9608309594414755,0.2145070781753054,0.996275477405834,1934.954820019236
96,1,1.431563847604297,0.4315638476042967,0.5740547170475001,0.3993286173902386,8.804834735123732,0.998432209366943,725.8517373004963
97,1,0.8890619817341994,-0.1109380182658006,0.2332908532130907,0.7379088291573852,1.987873750665026,0.9972414850654224,1107.30761105109
98,1,0.6644146723658425,-0.3355853276341575,0.07460709721415613,0.9113342381766281,0.5267150290408087,0.9964905909688868,1658.583928462918
99,1,0.7312962774702094,-0.2687037225297906,0.1061083627293126,0.8750941172140237,0.7755083369910203,0.9966706198284256,1481.587396170876
100,1,1.091966201276918,0.09196620127691757,0.4123832637317004,0.553635019191181,4.584886686013461,0.9977993842276948,888.358936603286