Codon,alpha,beta,beta-alpha,Prob[alpha<beta],Prob[alpha>beta],BayesFactor,PSRF,Neff
1,5.252270325919658,0.1907699885960588,-5.061500337323599,0.0003647003270743409,0.9993237838776841,0.0005285210339190602,1.003685538654564,289.7337742819228
2,0.4383327198751722,0.1874290129542253,-0.2509037069209469,0.2257901534947147,0.6838234704618316,0.422487646998031,0.9992588316855431,586.1078184388901
3,0.5752490341564972,0.1951171261388168,-0.3801319080176804,0.1122372135887237,0.8410154278773778,0.1831503053457658,0.9998250738718398,517.9438880969336
4,0.5953925419530565,0.4121019858301151,-0.1832905561229413,0.2898675232161007,0.6384047882457399,0.5913272482776709,1.000674283411959,441.1609507774939
5,1.513100972878244,0.2078044902605723,-1.305296482617672,0.01223860150166102,0.9806536901467104,0.01794929729680041,1.002690897085067,326.6575937813478
6,1.115740092169108,0.3918859500865057,-0.7238541420826023,0.07715949081210145,0.8900471381527801,0.1211240572291865,1.005250665338572,246.1234874027375
7,0.6241208160258687,0.1959315171971347,-0.428189298828734,0.09960846572653254,0.8586019833719174,0.1602627366818474,1.000175549238201,483.2086919636229
8,4.043827874093422,0.4013809321114644,-3.642446941981957,0.0002646857440153154,0.9992873101568917,0.0003835422613138303,1.028265606670464,78.5183186439475
9,0.8671898371328017,0.2023481695051882,-0.6648416676276134,0.02894293778367286,0.9567382151411522,0.04317830272067887,1.004115551165605,276.262008132353
10,2.027200649079524,0.2124327808729181,-1.814767868206606,0.004907980638347448,0.9916093389705546,0.007145083433916524,1.003922806049521,282.1401298735753
11,0.7641544967216813,0.175796914941677,-0.5883575817800044,0.06309645381986821,0.9068401725836386,0.09756134424706858,0.9998911146122391,511.0190154037806
12,0.3578905357889519,0.1923989330513071,-0.1654916027376448,0.2791720761199848,0.6140342910652471,0.5610584155329672,0.9989423732257132,632.7053923434506
13,0.5802403650459671,0.1952039907235047,-0.3850363743224624,0.1107269296006615,0.8431180401785487,0.1803789370275157,0.9998764602368134,512.5394869957852
14,1.191770109365615,0.1950920083542104,-0.9966781010114049,0.0298683742291025,0.9558105454833713,0.04460141410230989,1.002005499403996,358.1924824069567
15,1.26322679096082,0.5457490576322003,-0.7174777333286196,0.1706490502100492,0.7750932983756282,0.2980802734525306,1.008660178479748,185.6875611726467
16,1.900276356570971,0.42149900008368,-1.478777356487291,0.0258895051332901,0.9572464381585816,0.03850199503476293,1.015435859573309,125.4087038988606
17,0.6279217683986414,0.1959989452532543,-0.4319228231453872,0.0987478566301158,0.859805843423759,0.1587263663027675,1.000197070334492,481.228065648213
18,0.585774814603192,0.1949635448386423,-0.3908112697645498,0.09297162737551834,0.8679564253323516,0.1484900205720183,1.002684119100457,326.9419497563125
19,0.3230728745990387,0.1921256468277978,-0.1309472277712408,0.3040593256453376,0.5804495490277243,0.6329272806774705,0.9987226057925569,669.7111784924031
20,1.433863163412084,0.5578437799954525,-0.8760193834166314,0.09941017087530782,0.8521972412606473,0.1599084778357077,1.006487607901588,220.0555866650737
21,3.220979242204856,0.4064230226975517,-2.814556219507305,0.001591393540795222,0.996576654431059,0.002309069377763692,1.025225665217775,86.03108918457146
22,2.795327973398837,0.2199726996051846,-2.575355273793652,0.0004310768486388869,0.9990421215844169,0.0006247548853739855,1.011711726575974,152.4943055436565
23,0.7162767069404097,0.7349124171774178,0.01863571023700816,0.5239406833047815,0.3920619682976073,1.594368700846662,1.007419983547229,203.8349217525116
24,0.3522663051338836,0.7616280473802381,0.4093617422463546,0.8317013108357058,0.1267046267834535,7.15903291984738,1.006175769052096,226.0840169155852
25,1.147198652024595,1.020008823026551,-0.127189828998044,0.5064569600881967,0.364391722630882,1.486569503095881,0.9983148884475487,751.3118066534055
26,0.5898783978773855,0.4120773586554017,-0.1778010392219838,0.2937574173923373,0.6339370245623985,0.6025632609146183,1.000589928054453,447.7468358441523
27,0.4385541892025113,0.1931262172176888,-0.2454279719848226,0.1701421735400716,0.760449071200248,0.2970133630030253,0.9982270573177497,771.5792554210839
28,0.3493387705166221,0.5302208095696956,0.1808820390530735,0.6648933439386724,0.27242699169266,2.87433006891231,0.999108515057639,607.3491719425722
29,1.808817909817107,0.6791571741094711,-1.129660735707636,0.1135456627679633,0.8281297304932073,0.185558941830755,1.00623648840095,224.8839932170757
30,1.428881805382407,0.3976026050653744,-1.031279200317033,0.05153438156106727,0.9241090444371867,0.07871240516372635,1.010424077950426,164.9001587183604
31,1.784909060064974,0.4095588852832728,-1.375350174781701,0.0183241884347655,0.9664419194951364,0.02704110072669071,1.013823521467304,135.8204091838965
32,0.6152686300804207,0.1957910048246628,-0.4194776252557579,0.1016193685544019,0.8558011461495292,0.1638641005952184,1.000130877359706,487.3728370868474
33,2.496297791787003,0.5424283944879539,-1.953869397299049,0.0375231208646098,0.9404141512859967,0.05647761564998949,1.015919476275263,122.5984758385207
34,0.9112062900022584,0.4063429182565951,-0.5048633717456633,0.09132887765963585,0.8697681890243996,0.1456025902762968,1.002808776637107,321.7910284697278
35,0.596829302697705,0.4146479519499164,-0.1821813507477886,0.2915083437812565,0.6368221229117559,0.5960517355419283,1.000785375680253,432.7800105345842
36,0.1728522124470389,1.047353059854354,0.8745008474073155,0.9815479443956781,0.01144516022272192,77.06096977288506,1.003756301599364,287.426031616852
37,0.6126262897044655,1.03111271753518,0.4184864278307144,0.7608675021030777,0.1645544734314414,4.609333603202321,1.002222279308877,347.5724750823165
38,0.7627623594527747,0.7341721368168783,-0.02859022263589639,0.4568812187936081,0.4487701885848526,1.218642139356058,1.005201198173615,247.2972859481573
39,0.3808902483609956,0.3411892223041722,-0.03970102605682341,0.4595363672840762,0.4568173280507426,1.231745878047572,0.9978866255853783,861.7397040446197
40,1.0244667978396,0.8962412084205582,-0.1282255894190423,0.3510321425675657,0.5139787933697276,0.7835945458321657,0.9998728066054237,512.9199918666682
41,3.559970582068422,0.4946493935709976,-3.065321188497425,0.01511898258686459,0.9752696719424245,0.02223855204061054,1.021074208372573,99.11981421269462
42,0.6579093637687803,0.4121342215683138,-0.2457751422004665,0.2567724072438557,0.6767431374312785,0.5004886519809728,1.001272886233316,399.5042700094413
43,0.9373328293928168,0.7090247240866582,-0.2283081053061586,0.3554875816789386,0.5544504857918087,0.7990258894795879,1.006292626192543,223.7859854514812
44,1.061718450254618,0.8691777003607466,-0.1925407498938714,0.4366755067441909,0.4486392958438531,1.122969355593563,1.000217032420553,479.4054909974078
45,0.7632104267225652,0.1759753112902756,-0.5872351154322896,0.06327217246472676,0.9066263928104208,0.09785139717070201,0.9999003564854255,510.0647845743088
46,0.8128020517987862,0.548974754181239,-0.2638272976175472,0.2666120605926314,0.6627697059892901,0.5266398697341699,1.006059116625707,228.426406340475
47,0.446188282113743,0.2781584814639113,-0.1680298006498317,0.3337315079023158,0.5827176618550183,0.7256306884812935,1.001025405598442,415.7248930979063
48,0.914217236834839,0.4763731740703451,-0.4378440627644939,0.2272916748571976,0.7134873015538876,0.4261236559221943,1.00560674963903,237.9967128042022
49,1.368586896032427,0.6252136391920103,-0.7433732568404167,0.16044187177171,0.7765135385022023,0.2768437071977966,1.00528660910769,245.2776566907885
50,0.9200929347670919,2.851479584779811,1.931386650012719,0.9305970937383836,0.002743802398512123,19.42458467570825,1.021955036318672,96.00586924619793
51,0.5931361669340409,0.7250663382992182,0.1319301713651773,0.5948998942460331,0.3278561991641472,2.12740042682328,1.007917487781878,196.1369438005022
52,1.953404095569568,0.3950531612819977,-1.55835093428757,0.0382700801461116,0.9432254182838594,0.05764663366000513,1.015275189533275,126.3719875293249
53,0.9209769955476419,0.6086954886879283,-0.3122815068597136,0.2356936930312762,0.6886860603969162,0.4467331954593995,1.003170414832205,307.7359774119736
54,0.3930013723084098,1.052402583279235,0.6594012109708254,0.9113723158918084,0.05185682861498053,14.89683947657743,0.9999315865767999,506.8666481849676
55,0.3266541053427431,0.192147165712834,-0.1345069396299091,0.3012178876079744,0.5842734293331002,0.6244629641067055,0.998751707240604,664.5626909386269
56,0.8109233983658267,0.7761068029684471,-0.03481659539737958,0.5075120736508254,0.404593494362522,1.492857991910198,1.005809745474748,233.6031589065171
57,0.7873054739704031,0.4021512906577026,-0.3851541833127005,0.2034464344993152,0.7389322313960625,0.370000920028928,1.002000559895391,358.4421184733391
58,0.6415495217064446,0.4377701439465461,-0.2037793777598986,0.2894209288913143,0.6415428836304213,0.5900451269637901,1.002069356132499,354.996600795504
59,0.7214746159983016,1.002212029391505,0.2807374133932032,0.6727557189888265,0.2270181591539059,2.978194379782693,0.9989123555271575,637.5155930178112
60,0.4468089385199597,0.3380106433436171,-0.1087982951763426,0.3937017023667607,0.527276012068306,0.9406945994500332,0.9987347399346628,667.554744631465
61,0.7839301139827556,0.3814297476531419,-0.4025003663296137,0.187083545926107,0.7569579635128048,0.3333936974531495,1.001167904126722,406.2264640787664
62,0.5876812401488788,0.7787862488594366,0.1911050087105578,0.6524519399446647,0.2684661505091995,2.719577033355046,1.008566479837177,186.9428569418977
63,1.02160835833488,1.50122251292089,0.4796141545860095,0.6690416111174238,0.1688327616994175,2.92851493188221,1.003644858955863,291.0775107168711
64,3.184395257817072,0.5620767416172647,-2.622318516199808,0.02860635569087721,0.954009376191121,0.04266138823276323,1.014580852053873,130.7165035789396
65,2.612398329403167,0.5679168611824454,-2.044481468220721,0.3814316193105701,0.5639595734797686,0.8932986591146296,1.004691969323929,260.0763646013218
66,1.100743093587217,0.4037923415446132,-0.6969507520426035,0.08410018725050721,0.8808345306842595,0.1330199252381778,1.005071415579995,250.4316199184735
67,1.807655060544867,0.4389497063501288,-1.368705354194738,0.05382315760743084,0.9212788806101596,0.08240708745927486,1.013083161905269,141.2229366985019
68,0.6464886489058512,0.4085501195486164,-0.2379385293572348,0.2590569677826244,0.6737514256746314,0.5064985033955991,1.001020039267746,416.0913606607098
69,0.3315828358814998,0.4323953446918643,0.1008125088103645,0.5884029162936737,0.3361359009895193,2.07095296034868,0.9983611694478441,741.0567803579742
70,1.353014650962429,2.753710955996764,1.400696305034334,0.7659482366458571,0.0229903859269299,4.740839035604842,1.015132221874892,127.2420589733972
71,0.7889244171045477,0.6808008037401162,-0.1081236133644315,0.3879690098533724,0.5235711717984669,0.9183142639407127,1.005219683475142,246.8573229857087
72,7.098353528113139,0.7451399863204615,-6.353213541792678,0.005557385780934893,0.988354230427025,0.008095776793672292,1.01646291424907,119.5916729446918
73,0.5918604544589586,0.4161974795111406,-0.175662974947818,0.2964095801168786,0.6313709867649372,0.6102953002839485,1.000781809763865,433.0440355434764
74,1.270581286632271,0.3427090432700789,-0.9278722433621923,0.06498620857258036,0.9077775633934569,0.1006864178727158,1.006916023433121,212.2874890286628
75,0.4456639720417888,0.4755185867573278,0.02985461471553902,0.5294956072869121,0.4016575875025635,1.630295710910114,0.9979391455361737,846.4734995679489
76,1.184952163755467,0.6545625816250322,-0.5303895821304343,0.5094274511789301,0.4295395359374204,1.50434278734924,1.005821896092263,233.3453985634666
77,1.643000169007531,0.9380882126377873,-0.7049119563697438,0.351938533127919,0.5320040393616641,0.786716623436993,1.000404987496385,462.9034549417494
78,1.386136412854688,0.7133995097855864,-0.6727369030691021,0.1766638874336846,0.7422840088352558,0.310841019761657,1.001616209655754,379.0074226881038
79,2.624563433183573,1.012772573778479,-1.611790859405094,0.1099198648914144,0.7971908929756459,0.1789018305091374,1.002629421267777,329.255141571142
80,1.121984172478016,2.425333177264653,1.303349004786637,0.7999221533033444,0.0621537363813807,5.791838275050951,1.020960365400435,99.53769285792229
81,1.131232315988488,0.7064714701236442,-0.4247608458648439,0.2979239137859354,0.6183827607707896,0.6147363454215231,1.005159626240346,248.2925685862296
82,0.5827513196298602,1.20493490614926,0.6221835865193999,0.8608127228193787,0.07637170168319571,8.959357059610678,0.9970410605213657,1215.009679505685
83,0.5995486998291742,0.7986906773761998,0.1991419775470256,0.6534412097644742,0.2688933680125622,2.731475491282042,1.007747279366253,198.7030536259108
84,0.6567490802052918,1.987734322979755,1.330985242774463,0.9160320615940917,0.03892829303925566,15.80392248503957,1.003342424179001,301.4778404275847
85,1.184428882225262,0.6520483227087543,-0.5323805595165074,0.1981161557096245,0.7279831836416228,0.3579118976448162,1.003496842648542,296.0752242562505
86,0.4431921576938102,0.4125206351316032,-0.03067152256220695,0.4194187787897395,0.4918620216069002,1.04653219599796,0.9978987441826775,858.1682540724627
87,0.4428143804097093,0.4770023932069355,0.03418801279722616,0.4916062359436231,0.4251962098352949,1.400828197693194,0.9999040733047377,509.6820314827639
88,0.329464078252386,0.7242068712751915,0.3947427930228055,0.8175765095453649,0.1398835668903334,6.492550713541858,1.003866462764366,283.9066286762741
89,0.3906190733797071,0.7784366151121047,0.3878175417323976,0.8100918404407096,0.1441582647939252,6.179571189477517,1.007741082512668,198.7977714203193
90,0.2144875757011051,0.8753632732870585,0.6608756975859534,0.9484309886368731,0.03500437160429046,26.64309275945547,1.003922574874371,282.1473322585737
91,0.4517204890960358,0.8671975976715501,0.4154771085755143,0.818784481263059,0.1294431055430477,6.545486372707813,1.007312413927197,205.5810833836802
92,1.323841003226287,0.950874044042305,-0.3729669591839816,0.4253400087832271,0.452746790198149,1.07224240995486,0.9992837556143475,582.7294583206523
93,0.7114582000572623,1.593478552455182,0.8820203523979199,0.8548185526528227,0.07027290710620837,8.529636518528106,0.9990255001291745,619.7579227819707
94,0.4969441538752185,2.318096230019932,1.821152076144714,0.9836365945115022,0.006617608227200479,87.08205957967201,1.001093947860433,411.1007842244315
95,0.6207849509897823,1.473751210451762,0.8529662594619793,0.8668511802526921,0.07329042499281335,9.43137320695098,0.9979785646189924,835.3675736375353
96,0.3560415637921776,1.44138816029043,1.085346596498252,0.9539420944663469,0.02477286141779459,30.00444068357954,1.000454682073132,458.7300370029727
97,0.7906777843691678,0.6699427181536837,-0.1207350662154841,0.3793308838850892,0.5336198485483348,0.8853719811648962,1.005523525658735,239.8469104869915
98,0.7626732238136679,2.545803612216102,1.783130388402434,0.9405545122549845,0.01434856041959882,22.92095895147574,1.024082820340758,89.26159693611262
99,0.3997589718256331,0.9927461577021296,0.5929871858764965,0.8879809787397569,0.07200348666498155,11.48364070474342,1.002388456000206,339.8527593544006
100,1.449977105672081,2.093290184481554,0.6433130788094727,0.6291850841879176,0.1717765452860333,2.458039911255529,1.014646091747613,130.2952300539287