Codon,alpha,beta,beta-alpha,Prob[alpha<beta],Prob[alpha>beta],BayesFactor,PSRF,Neff
1,0.4787701115157892,0.2961891834324658,-0.1825809280833234,0.3209924379963808,0.6030531249553389,0.660938093010099,1.000296481479012,472.2874760775854
2,0.4787701115157892,0.2961891834324658,-0.1825809280833234,0.3209924379963808,0.6030531249553389,0.660938093010099,1.000296481479012,472.2874760775854
3,0.3985373849494561,0.2965763099762259,-0.1019610749732302,0.368300638058724,0.5469890525718364,0.8151407895319221,0.99891544766868,637.0166947417539
4,0.7119789876753249,0.2963004934023236,-0.4156784942730012,0.1629524861613438,0.7904157103647979,0.2721770312638325,1.007195357779206,207.51620259613
5,1.151458863559628,0.2936264098826497,-0.8578324536769786,0.05995913809938915,0.9150895161837778,0.08917625746784648,1.012950524383578,142.2378572076898
6,1.414516209037863,0.2920767586141031,-1.12243945042376,0.06396412423847662,0.9118858355595874,0.09553985029499396,1.011886974623971,150.952044746199
7,0.8539620512285542,0.295183985724586,-0.5587780655039681,0.137538386465674,0.8213749961623306,0.2229588641461441,1.008553022385733,187.1245727906265
8,1.392214766641412,0.5492622167341001,-0.8429525499073121,0.1295363444261574,0.8195848655632834,0.2080566429979257,1.00549500711975,240.4876642419339
9,0.8541497415922222,0.2951826071389917,-0.5589671344532305,0.1375119097575112,0.8214074988967797,0.2229091005565425,1.008554705941631,187.1018200211142
10,2.07727362607425,0.2890964195938962,-1.788177206480353,0.01899463187725411,0.9702703208006028,0.02707073765024137,1.020158610711384,102.5877279501502
11,0.6868398650735005,0.2964916822325926,-0.3903481828409079,0.1694696005925443,0.7825585173387902,0.2852836388034152,1.006961129589077,211.5019624806075
12,1.418402255609984,0.2920657191503102,-1.126336536459674,0.06381239779431518,0.9120854883554266,0.0952977772168309,1.011901247699138,150.8278428993934
13,0.6877072571165097,0.2964853516596297,-0.39122190545688,0.1692267403948096,0.7828507150017376,0.2847915325380576,1.006968839960676,211.3682778137196
14,0.6222636978143067,0.2969163511768588,-0.3253473466374479,0.190625023590294,0.7572059497763677,0.3292840768033825,1.006483158381134,220.1393041099616
15,0.854678687688214,0.2951788907516596,-0.5594997969365544,0.1374449141462364,0.8214900089993453,0.2227831943904318,1.008559092808903,187.0425593022994
16,0.6198371594682726,0.5510676968872585,-0.06876946258101402,0.40998040380117,0.5143402290425551,0.9714875862974366,1.007209040456668,207.2880934765986
17,0.4806486471768553,0.5375061194194884,0.05685747224263316,0.5496839037213299,0.3839553734991251,1.706617291725913,1.000069258375734,493.236867325389
18,0.8560330129320084,0.6332904510016321,-0.2227425619303763,0.3765383636075396,0.5466738829920863,0.8443841810079871,1.003496638759645,296.0822284035582
19,0.3985373849494561,0.2965763099762259,-0.1019610749732302,0.368300638058724,0.5469890525718364,0.8151407895319221,0.99891544766868,637.0166947417539
20,0.3985373849494561,0.2965763099762259,-0.1019610749732302,0.368300638058724,0.5469890525718364,0.8151407895319221,0.99891544766868,637.0166947417539
21,0.697537086831703,2.047881488781472,1.350344401949769,0.8708140336281639,0.07569870847922533,9.424334098506225,1.002915310143002,317.5173755076992
22,0.3565687918085947,0.2967518358183104,-0.05981695599028425,0.3993767553714166,0.5102749094655451,0.9296537838746251,0.9983807721998516,736.7975019614166
23,0.8739070692853312,0.2074301530282595,-0.6664769162570718,0.07856782018078431,0.8910052667518326,0.1192125345226698,1.009317155836546,177.3470329946175
24,0.4787701115157892,0.2961891834324658,-0.1825809280833234,0.3209924379963808,0.6030531249553389,0.660938093010099,1.000296481479012,472.2874760775854
25,0.484719223313787,0.2353237988326831,-0.2493954244811038,0.2594386233409692,0.6627806677294616,0.4897947952435567,1.002152120353589,350.9392107301438
26,0.4837984799261944,0.2945262012856543,-0.1892722786405401,0.3170670100860005,0.607366333578907,0.6491029122480966,1.000425955627375,461.1332214953612
27,0.4121273485178631,0.811103481137555,0.3989761326196919,0.7668324103859667,0.181855158950747,4.59804131981104,1.003858225870914,284.1667553836793
28,0.5401215204300029,0.509103191964873,-0.03101832846512997,0.4933166810618591,0.4398892320050658,1.361224593691077,1.001393021250746,392.0821533189871
29,0.7109739915441964,0.8828744939735005,0.1719005024293041,0.604236425435084,0.3110206493710203,2.13457626088706,1.000002020532966,499.8000478363613
30,1.458300471060154,0.2805664323554232,-1.177734038704731,0.05795473519359032,0.9196899893975571,0.08601174279699765,1.012105532988212,149.0728855597406
31,0.4815776229168982,0.4762266220188742,-0.005351000898023983,0.4993492006114664,0.432058674544373,1.394472768564017,1.000800845462461,431.6383586708371
32,0.8613426379216536,0.4783105103793365,-0.3830321275423171,0.2511585195264556,0.6862495111962004,0.4689198462317956,1.008605827399237,186.4136073928769
33,4.178010429521793,0.2947312141839762,-3.883279215337817,0.004918748184339315,0.9918965552494112,0.006910932294385419,1.027190647466402,81.01278251795408
34,0.4401895087161901,0.6280626733598023,0.1878731646436122,0.6588131661286954,0.2799789747436736,2.699669491981049,1.000105803968048,489.7419333510527
35,0.4809550200048258,0.4798913253664067,-0.001063694638419099,0.5028696035420481,0.4286646583875949,1.414248280462436,1.000727973430964,437.0700057516829
36,4.3103491494595,0.6686773230147016,-3.641671826444798,0.04593786498775531,0.9315834624558406,0.06731854797189045,1.011869962230715,151.1003580224516
37,2.568563699407963,0.2276466932810391,-2.340917006126924,0.01278085422151218,0.9805361590134769,0.01810034716335686,1.014773738693534,129.479009006997
38,0.8598832968406389,0.4696297262635348,-0.3902535705771041,0.2445233094099377,0.6936253246809705,0.4525220943593523,1.008982890980411,181.4927722681821
39,0.8638921840695183,0.9511854310429211,0.08729324697340279,0.6014701487971562,0.3048323748164081,2.110055184811708,0.9965888901831682,1557.008249573747
40,0.4787701115157892,0.2961891834324658,-0.1825809280833234,0.3209924379963808,0.6030531249553389,0.660938093010099,1.000296481479012,472.2874760775854
41,0.4782203892858905,0.3435562647977218,-0.1346641244881687,0.3646909782039632,0.5612037637207463,0.8025656905769759,0.9994541066195073,560.6483981917613
42,0.4125468751135387,0.7877118592733854,0.3751649841598467,0.7594580342971136,0.1883665776739017,4.414215362457431,1.003379770728302,300.1529744773619
43,0.4535758203400749,0.9956237790288253,0.5420479586887503,0.8506397771899596,0.1017276179997862,7.962534499134048,1.005815827537792,233.4740631404261
44,1.442204102912964,1.744983511738775,0.3027794088258107,0.59121078903433,0.2552291316417431,2.02201102164716,1.003719578477926,288.6189885167394
45,4.343347161304284,1.707824403350979,-2.635522757953305,0.1680432906867161,0.6738894551953984,0.2823976261600579,1.00847183251072,188.2285743128859
46,0.8658788837762931,0.6233054422052459,-0.2425734415710472,0.3657075264837498,0.5584432938035908,0.8060925976882091,1.003755097633697,287.4649842002121
47,1.00967524041308,0.5501651060242997,-0.4595101343887807,0.219301239270298,0.7165370995199277,0.3927337175969793,1.003253990808689,304.6627418690993
48,4.197377337995927,0.4850572664302207,-3.712320071565706,0.01131002476811148,0.9815614649343622,0.0159935185366096,1.013566756520059,137.6452930956552
49,0.4690174389718174,1.4410480983758,0.9720306594039825,0.8956786653124519,0.06514926320320966,12.0038258895112,1.004458659398082,266.3903009855316
50,0.480782833081984,0.7474414347124529,0.2666586016304689,0.7146519562602889,0.2265410297465793,3.501549579756783,1.003032969157759,312.9289422570594
51,0.3568014675831769,0.2574056574286355,-0.09939581015454135,0.3573523708914396,0.547967866449399,0.7774354694709877,0.9994952475465944,555.5658674247636
52,0.8547244544833484,0.7626866432713846,-0.09203781121196386,0.4799289711588164,0.4343611523191764,1.290193644604277,1.000609050837444,446.2365362590993
53,4.23499712496193,0.5499605441128722,-3.685036580849057,0.01543136378307145,0.9743178703626848,0.02191285198480044,1.019316637378096,106.0072004704143
54,1.463223220452245,0.2902798532369824,-1.172943367215262,0.06152251852556224,0.9150890685949016,0.0916538773337055,1.012061090178002,149.451106613875
55,2.608169204003325,1.103001129114804,-1.505168074888521,0.2102920952220198,0.6828423339692086,0.3723034456068195,1.009672235647942,173.1498763112452
56,0.4839536222908774,0.2423522265320083,-0.2416013957588691,0.2667008883134975,0.6557096487704225,0.5084917323173876,1.001884188919651,364.4267990230963
57,0.7092942495077439,0.3436495729960955,-0.3656446765116484,0.2003395613105072,0.7483193211167473,0.3502689982411565,1.006845621556439,213.5254852907012
58,0.4504602904970537,0.6201716554874336,0.1697113649903799,0.6452190879763922,0.2926887676614818,2.542655684347714,1.00014955202846,485.6232875320494
59,0.4814434791657473,0.4712840198472498,-0.01015945931849749,0.4952294385100272,0.4359919152753728,1.371680697086695,1.000879705595579,425.911743245047
60,0.4817699756263188,0.6323613632902377,0.1505913876639189,0.6311972276474227,0.3059011771144721,2.392828089944683,1.000607586792313,446.3518018659602
61,0.873793072599901,0.2074527651474716,-0.6663403074524294,0.07861676380771654,0.8909541279522081,0.1192931341549224,1.009320091487113,177.311480058912
62,0.4799468451194221,0.5813582175454872,0.1014113724260651,0.5945122377822787,0.3408142099052437,2.049857352296065,1.000435833575426,460.3039976214961
63,0.8541614220037465,0.593221131204188,-0.2609402907995585,0.3442842397267274,0.5818608390701375,0.7340778383927413,1.004782612976037,257.7044566369299
64,1.238414456881197,0.2214544704350203,-1.016959986446177,0.04287075818075566,0.9389247403908122,0.06262261112280197,1.011252162909341,156.6965327013415
65,2.599833299119486,0.4682211637935156,-2.131612135325971,0.04383272354752515,0.9355568937041117,0.06409219902452806,1.004616836194553,262.0762501480622
66,1.029171731326787,0.4692593523116687,-0.5599123790151184,0.1612242486100298,0.7863388833914613,0.2687355290564044,1.006153971808986,226.5179890677669
67,0.4860203182711696,1.861238319963026,1.375218001691856,0.9294780684634532,0.03856881152873502,18.42703839562056,1.005064375329411,250.603955194827
68,0.8567287777365671,0.7613377166582855,-0.09539106107828155,0.4783479408159275,0.4359709610273115,1.282045903702399,1.000621521381358,445.2571472908621
69,0.8583865456017469,0.4848270847726271,-0.3735594608291197,0.2570134807666725,0.6797118631971621,0.4836325940103289,1.008327258424797,190.2277322484399
70,0.7926715327174267,0.8694290624214384,0.07675752970401162,0.578876229499408,0.3312253976785612,1.921837012106349,0.998578816458033,696.3743196940749
71,1.430298450175216,0.6394862688391051,-0.7908121813361112,0.2109125949714182,0.7241848622203138,0.3736956102713722,1.001340267983504,395.3067581462698
72,0.4118606749451851,0.792160177374275,0.3802995024290899,0.7835752548414928,0.1657871309940377,5.061909665446767,1.004513051846491,264.890659757845
73,0.8509486150800394,0.7636481249154814,-0.08730049016455799,0.4818017549000922,0.4323795875709845,1.299909244545409,1.000596562555085,447.2216825403481
74,0.4125229228915995,0.2965157985514168,-0.1160071243401827,0.3588518423644059,0.5581665397676181,0.7825234740353756,0.9991292066686147,604.3337139355374
75,0.4832967491401396,0.2845921991549814,-0.1987045499851582,0.30790029162742,0.6161009216157728,0.62198802973648,1.000644568827366,443.4584532053686
76,0.4917605374604112,2.588499920448616,2.096739382988205,0.9762747707614882,0.006684752301435492,57.53104220825692,1.007952957612788,195.6106740696697
77,0.8581199429237714,0.8843050378337004,0.02618509490992904,0.5396143896800993,0.3717973281903163,1.63871101909888,0.9987488323792361,665.067751212066
78,0.8596285335011247,0.4694658942401931,-0.3901626392609315,0.2444149889109043,0.6937327240732138,0.4522567884999864,1.008987897083173,181.4292235369475
79,1.003119798445162,0.6604935808400436,-0.3426262176051182,0.2962400571671334,0.6238747455011401,0.5885181103813587,1.000814391973813,430.6436202486349
80,0.482920901527777,0.7594769128956552,0.2765560113678782,0.7194120978170618,0.221996059884255,3.584671701257727,1.003256459165516,304.5729205412551
81,0.8538216616790368,0.6400224199281026,-0.2137992417509342,0.3825342315074874,0.5401844535085203,0.8661597758639796,1.003306757009282,302.7542354091117
82,0.4839562314297883,0.6791538409651082,0.1951976095353199,0.6705833645399274,0.2681738949154718,2.846084833774463,1.001624039975955,378.5646779717426
83,1.004418674597321,6.383495362637769,5.379076688040448,0.9784434395489262,0.0005343204849957687,63.45953010978923,0.9970015667131353,1238.760463261871
84,1.394494779173957,1.675938831255878,0.2814440520819217,0.5703596175870648,0.2848072816543616,1.85602690466584,1.001735601036083,372.3683570152998
85,0.4838293385825293,1.040437064956538,0.5566077263740087,0.8303494784297758,0.1189968839769016,6.842996387656921,1.005051322820102,250.9240998936002
86,0.8709447047991808,0.2934146021563693,-0.5775301026428116,0.1343004956181231,0.8252878926572267,0.2168957484792548,1.008714918808739,184.9621266280539
87,0.6205596805767613,0.8760090079296706,0.2554493273529094,0.6837113087014216,0.2372712120580364,3.022245166575264,1.001954418823541,360.7911229808022
88,0.8564940623838468,0.5372574332355116,-0.3192366291483353,0.2989489073368456,0.6332615522370254,0.5961944001922331,1.006172273250608,226.1535026782185
89,4.14784253003086,1.162004524371617,-2.985838005659243,0.06826035016704757,0.8459947874078834,0.1024270175982023,1.014094849687293,133.945322574131
90,0.6206881560291249,0.6357678671866573,0.01507971115753248,0.4748730612276172,0.4485289561565381,1.264310742975878,1.006069487596178,228.2161592157755
91,0.6198689627168306,0.5030475290183418,-0.1168214336984887,0.3661879667101752,0.5595208498338132,0.8077634186580755,1.007749303451554,198.6721357757929
92,0.3562940912579206,0.3625827875777353,0.006288696319814713,0.4637782640601412,0.4526837859142252,1.209223473336396,0.9973240692214146,1068.304408283434
93,0.4823033840785059,0.8578809663978484,0.3755775823193425,0.7573791186113963,0.1868447084522165,4.364412026147447,1.004624441766451,261.8723872717774
94,0.7663288255375156,2.011337365950682,1.245008540413166,0.8535028788630099,0.07986993339113531,8.145476456025435,1.003335847110199,301.712389031951
95,2.019948088698648,0.7506822532503936,-1.269265835448254,0.1544807405491698,0.7821303778307165,0.2554414853446023,1.006972904639925,211.2978724616694
96,0.3618121607857346,1.672506071897154,1.310693911111419,0.9465310754603078,0.03315473965692317,24.74993260152428,1.009383595463202,176.5459487201984
97,3.963802206527293,0.3273682938575638,-3.636433912669729,0.2239203794045518,0.7249104807425495,0.4033926071336194,1.007099326675671,209.1316763428079
98,3.386490834447156,0.5914281864861541,-2.795062647961002,0.407992732421278,0.5357943916961266,0.9635316425661554,1.004890148650753,254.946843939365
99,0.4809534716591425,0.856463446618083,0.3755099749589405,0.757777785338548,0.1865255313162213,4.373896395026772,1.00463250066094,261.6567241848546
100,4.104168263051553,0.2330556500651904,-3.871112612986362,0.002836594331880992,0.9953099624029689,0.003977145607432029,1.02080908844541,100.0986811154622