ObservedSChanges	ObservedNSChanges	E[SSites]	E[NSSites]	ObservedS.Prop.	P{S}	dS	dN	dN-dS	P{Sleq.observed}	P{Sgeq.observed}	ScaleddN-dS
0	4	0.4873628285703487	2.24978988356221	0	0.1780546720722194	0	1.777943811208979	1.777943811208979	0.4564274178191867	0.5435725821808133	0.9023191230080316
0	0	1	2	0	0.3333333333333333	0	0	0	0	0	0
4	1	0.4970336026659836	2.502966397334016	0.8	0.1656778675553279	8.047745622317771	0.3995259389279575	-7.648219683389814	0.999875168991108	0.003267956734458566	-3.881525858005817
1	1	0.9977744460173636	2.002225553982636	0.5	0.3325914820057879	1.002230518121124	0.4994442299524623	-0.5027862881686619	0.8893829060971938	0.5545658701087693	-0.2551676153884291
4	1	0.9978367090171977	2.002163290982804	0.8	0.3326122363390657	4.008671923825825	0.499459761600728	-3.509212162225097	0.9959290936533503	0.04491235452467401	-1.780950118167647
5	3	0.9045527963523927	2.081055652155059	0.625	0.3029710063972358	5.527593325853935	1.441576056312246	-4.086017269541689	0.9881011702891952	0.06031003605872864	-2.073682810449162
3	0	1	2	1	0.3333333333333333	3	0	-3	1	0.03703703703703698	-1.522521326016146
1	0	1	2	1	0.3333333333333333	1	0	-1	1	0.3333333333333333	-0.5075071086720487
2	0	1	2	1	0.3333333333333333	2	0	-2	1	0.1111111111111109	-1.015014217344097
1	0	1	2	1	0.3333333333333333	0.9999999999999998	0	-0.9999999999999998	1	0.3333333333333333	-0.5075071086720486
1	0	0.4971212570531159	2.267683165118372	1	0.1798034078167001	2.01158165299126	0	-2.01158165299126	1	0.1798034078167001	-1.020891988567335
2	2	0.9714186223494545	2.007641599264637	0.5	0.326082237378581	2.058844615478792	0.9961937433118359	-1.062650872166956	0.8952291590237074	0.3945181034518545	-0.5393028716612825
5	1	0.9117091558496954	2.088290844150305	0.8333333333333334	0.3039030519498984	5.484205097556683	0.4788605010653511	-5.005344596491332	0.9992122101716591	0.01161449443090101	-2.540247964072578
1	0	1	2	1	0.3333333333333333	0.9999999999999998	0	-0.9999999999999998	1	0.3333333333333333	-0.5075071086720486
0	0	1	2	0	0.3333333333333333	0	0	0	0	0	0
0	0	0.4873628285703487	2.070764211889191	0	0.1905154907720296	0	0	0	0	0	0
3	0	1	2	1	0.3333333333333333	3	0	-3	1	0.03703703703703698	-1.522521326016146
1	4	0.5471360136751577	2.212455540335198	0.2	0.1982670271910481	1.827699100417312	1.80794593476621	-0.01975316565110186	0.740825234161405	0.6687554619855094	-0.01002487198671073
0	2	0.5210661025780037	2.476984173947567	0	0.1738016559154789	0	0.80743349959019	0.80743349959019	0.6826037037680047	0.3173962962319953	0.4097782408219711
1	2	0.5320389290552963	2.467961070944704	0.3333333333333333	0.1773463096850988	1.879561711350012	0.8103855541102298	-1.069176157239782	0.9168005499891267	0.4432616337114752	-0.5426145002218534
1	1	0.9841389495123775	2.015861050487623	0.5	0.3280463165041257	1.016116677929962	0.4960659365674568	-0.5200507413625056	0.8923856142280751	0.5484782472363264	-0.2639294481116407
3	3	0.570536005903779	2.190711075892013	0.5	0.2066225835656575	5.258213274809427	1.369418374250224	-3.888794900559203	0.9809201778849463	0.107185289747491	-1.973591056201408
1	1	0.9983545412472316	2.000340475668416	0.5	0.3329296696114512	1.001648170749755	0.4999148955708896	-0.501733275178865	0.8891578350924099	0.5550171743153123	-0.2546332038105832
0	5	0.4875955188189307	2.511529838460264	0	0.1625792391890138	0	1.990818473837179	1.990818473837179	0.4118306043868324	0.5881693956131676	1.010354527548008
2	2	0.4972301791466355	2.481030865388691	0.5	0.1669531890292089	4.022282001129683	0.8061165332123629	-3.21616546791732	0.9837165835615256	0.1323425972667458	-1.632226837633606
1	0	0.4874069986263603	2.0716555358569	1	0.1904631059454669	2.05167345322956	0	-2.05167345322956	1	0.1904631059454669	-1.041238862187732
1	2	0.4974639549016951	2.487292220077013	0.3333333333333333	0.1666682052865654	2.010195894891746	0.8040872656040692	-1.206108629287676	0.9259246437379423	0.4212995017485004	-0.6121087031941965
0	2	0.9831235807529225	2.016876419247077	0	0.3277078602509741	0	0.9916323979565503	0.9916323979565503	0.4519767211683237	0.5480232788316763	0.5032604911524593
0	2	0.5162592315421477	2.483740768457853	0	0.1720864105140492	0	0.8052370140229224	0.8052370140229224	0.6854409116555115	0.3145590883444885	0.4086635087824873
3	0	1	2	1	0.3333333333333333	3	0	-3	1	0.03703703703703698	-1.522521326016146
1	0	0.4875534774194755	2.074611385834328	1	0.1902896587225501	2.051057055920928	0	-2.051057055920928	1	0.1902896587225501	-1.040926036171835
0	1	0.4873628285703488	2.092503167353866	0	0.1889101330612931	0	0.477896528713301	0.477896528713301	0.8110898669387069	0.1889101330612931	0.2425358855316961
0	7	0.5168472168100522	2.463461342562824	0	0.173420706787088	0	2.841530280608203	2.841530280608203	0.263628070137804	0.736371929862196	1.442096816915544
2	2	0.5037190484105033	2.482660719698827	0.5	0.1686721339963425	3.970467279947115	0.8055873217515688	-3.164879958195546	0.9832331731061895	0.1347398221374891	-1.606199076877936
1	0	1	2	1	0.3333333333333333	1	0	-1	1	0.3333333333333333	-0.5075071086720487
2	5	0.5281280155521875	2.343534407917959	0.2857142857142857	0.1839102017130524	3.786960625273567	2.133529588090023	-1.653431037183544	0.8784980678657771	0.3786129458486427	-0.8391280050696471
0	0	0.4873628285703487	2.070764211889191	0	0.1905154907720296	0	0	0	0	0	0
2	1	1	2	0.6666666666666666	0.3333333333333333	2	0.5	-1.5	0.962962962962963	0.2592592592592592	-0.761260663008073
3	2	0.713918059244796	2.131885831151317	0.6	0.2508669208212461	4.202162924934957	0.9381365412611741	-3.264026383673783	0.9841708743640445	0.1044320684741906	-1.656516592607565
2	5	0.5379152245784535	2.091725807967036	0.2857142857142857	0.2045584237243789	3.718057992441716	2.390370659938234	-1.327687332503482	0.8440375410423161	0.43579322848639	-0.6738107593393472
1	6	0.9064705432216852	2.019433467009356	0.1428571428571428	0.3098087087108872	1.103179808188694	2.971130318487587	1.867950510298893	0.3090356358138412	0.9253918406004733	0.9479981626242692
4	6	0.8085508603820788	2.191449139617921	0.4	0.2695169534606929	4.947122309794846	2.737914328710407	-2.209207981084439	0.8969861123917118	0.2713682973423925	-1.121188754935378
2	6	0.6762105600630159	2.095026524217381	0.25	0.2440103605349257	2.957658631970522	2.863925554470658	-0.09373307749986326	0.6934043771170082	0.6178171481622249	-0.04757020314888867
0	6	0.8570367397829305	2.031278740479351	0	0.2967254600958981	0	2.953804359998417	2.953804359998417	0.1209899707280667	0.8790100292719334	1.499076710325688
1	1	0.4875105502255192	2.512489449774481	0.5	0.1625035167418397	2.051237659446357	0.3980116215372603	-1.653226037909097	0.9735926070465346	0.298599640530214	-0.8390239664805927
1	3	0.5005920941735675	2.314620152678041	0.25	0.1778168217097679	1.997634424592562	1.296108995045674	-0.7015254295468876	0.8522666853644709	0.5430440382273738	-0.3560291424092579
0	4	0.05125954343557141	2.944053479247605	0	0.01711325095153278	0	1.358670971229183	1.358670971229183	0.9332842147350273	0.06671578526497268	0.6895351762451671
3	5	0.5282071850422532	2.323047671248041	0.375	0.1852542868544175	5.679589534095451	2.152344982793136	-3.527244551302315	0.9562606166617365	0.171560688238332	-1.790101683810676
5.5	1.5	0.9835215461179787	2.004370014362079	0.7857142857142857	0.3291690900455431	5.59214998563971	0.7483648174997257	-4.843785168139984	0.9965945446621598	0.02465259728436886	-2.458255405711277
0	3	0.5117731330247589	2.081066222078906	0	0.1973794219134326	0	1.441568734416877	1.441568734416877	0.5170480097536634	0.4829519902463366	0.7316063803559336
2	3	0.5087052209477059	2.485524353339988	0.4	0.1698951961853905	3.931549977556839	1.206988777224682	-2.724561200332158	0.9626088019499514	0.2024964848665382	-1.38273417718062
1	3	0.5277155817448681	2.320189185128581	0.25	0.1852995886250146	1.894960153902495	1.292998010347051	-0.6019621435554443	0.8413469857277502	0.559453513033668	-0.3055000670058522
0	5	0.503473247294096	2.48406945401051	0	0.1685242012019572	0	2.012826167934854	2.012826167934854	0.3974184865356657	0.6025815134643342	1.021523588748057
3	3	0.9049031576020761	2.095096842397924	0.5	0.3016343858673587	3.315271888264563	1.431914715964336	-1.883357172300227	0.9282250437929787	0.2587230689448703	-0.9558171531108537
5	4	0.9772317944092204	2.02276820559078	0.5555555555555556	0.3257439314697401	5.116493373020799	1.977488072505935	-3.139005300514864	0.9620584031190824	0.1334522179592122	-1.593067504170534
0	0	0.4873628285703487	2.070764211889191	0	0.1905154907720296	0	0	0	0	0	0
0	0	0.4975785967211995	2.502421403278801	0	0.1658595322403998	0	0	0	0	0	0
2	11	0.5339513324524121	2.422273099993542	0.1538461538461539	0.1806193489885426	3.745659722982802	4.541189017881313	0.7955292948985115	0.5745157901306926	0.7099079837129477	0.4037367723178572
1	6	0.8986230276468009	2.1013769723532	0.1428571428571428	0.2995410092156002	1.112813681860203	2.855270652976166	1.742456971115963	0.3303900460748181	0.9172669569769085	0.8843092993965177
2	1	0.5411792507291424	2.213444090243784	0.6666666666666666	0.1964621597005706	3.695633188643794	0.4517846212640781	-3.243848567379716	0.9924170753282612	0.1006262912391593	-1.646276207400847
1	1	0.4954707042862452	2.496643452955122	0.5	0.1655921793916624	2.0182827992637	0.4005377695466937	-1.617745029717007	0.9725792301243197	0.3037635889076442	-0.8210171026002556
3	7	0.7144621535511746	1.876205308771399	0.3	0.2757830419928338	4.198962793324671	3.730934971388514	-0.4680278219361562	0.7128366298073794	0.5501688204230029	-0.2375274466888951
2.5	9.5	0.6939224216255957	2.053849515554665	0.2083333333333333	0.2525400351594291	3.602708202083243	4.625460593900629	1.022752391817387	0.5118734165507622	0.7317173450426843	0.5190541092586642
1	7	0.5136314304382656	2.486368569561734	0.125	0.1712104768127553	1.946921353988659	2.81535090400289	0.8684295500142307	0.5905150496258167	0.777385207259929	0.4407341700130906
3	10	0.5564914526526867	2.272519853745612	0.2307692307692308	0.1967088118008171	5.390918379248382	4.400401599800241	-0.9905167794481411	0.7573674903251975	0.4861709429455667	-0.5026943068288755
0.5	6.5	0.5585166017376942	2.435386659853508	0.07142857142857142	0.1865513187760293	0.895228536527592	2.668980703208329	1.773752166680737	0.4248415461148986	0.7643263023344922	0.9001918336129228
0	3	1.157159006591786	1.620299824004917	0	0.4166250796751448	0	1.851509180927305	1.851509180927305	0.1985378267842071	0.8014621732157929	0.9396540710921696
0	2	0.4940573652040855	2.500560283395266	0	0.1649817850486412	0	0.7998207494859496	0.7998207494859496	0.6972554193005536	0.3027445806994464	0.4059147160275253
1	5	0.5205926043336491	2.454276242670394	0.1666666666666667	0.1749968254425509	1.920887833740907	2.03726048155024	0.116372647809333	0.7165981687160722	0.6846929232666878	0.05905994601822521
3.333333333333333	8.666666666666666	0.5218511178107169	2.474199126797777	0.2777777777777778	0.1741796950000447	6.387517856275595	3.502816961172995	-2.8847008951026	0.8911591188495316	0.2801429658956855	-1.464006210657191
0	8	0.4900826456206655	2.094428435241066	0	0.189622961669509	0	3.819657843348183	3.819657843348183	0.1859931783316385	0.8140068216683615	1.93850350819415
3	8	1.364268046131341	1.593820127627219	0.2727272727272727	0.4611992496484294	2.198981357444463	5.019386981835841	2.820405624391378	0.171309963943702	0.9436575804370536	1.431375903717253
2	6	0.3130522060974206	2.595207041098516	0.25	0.1076424690815501	6.388710767869843	2.31195426992225	-4.076756497947594	0.953908323019748	0.209908572815713	-2.06898290303337
0	7	0.5044392951961729	2.466354150559669	0	0.1697995180098532	0	2.838197425301451	2.838197425301451	0.2718196621032769	0.7281803378967231	1.440405369155193
1	8	0.9805295947188166	2.019470405281183	0.1111111111111111	0.3268431982396056	1.019857029697066	3.961434631118604	2.941577601421538	0.1524079575702543	0.9716177941594182	1.492871543431905
2	1	0.4983986584610877	2.498759795656379	0.6666666666666666	0.1662903934145999	4.01285189285105	0.4001985311826733	-3.612653361668377	0.9954016557372024	0.07376079630035237	-1.833447262214675
1	3	1.417061407247299	1.566260071847735	0.25	0.4749945378589078	0.705685720382818	1.915390715707172	1.209704995324354	0.3509136595299809	0.9240276977701192	0.613933884523197
0	6	1.097676171228927	1.652012940970805	0	0.3992001009709762	0	3.631932808270921	3.631932808270921	0.04703044695015553	0.9529695530498444	1.843231718416729
0	6	1.214249973973053	1.76463545655407	0	0.4076188904513148	0	3.400135692454367	3.400135692454367	0.04321228234573984	0.9567877176542602	1.72559303437015
2	8	0.6998574313195302	1.887572974878739	0.2	0.2704835769275186	2.857724888666461	4.238246736136882	1.380521847470421	0.465087492508466	0.799016460807995	0.7006246512683083
1.5	4.5	0.9101881266686818	1.856892512999639	0.25	0.3289344421772192	1.648010950758113	2.423403599560356	0.7753926488022436	0.5244780919794804	0.7743813857003921	0.3935172812791879
2	6	0.9864248840279419	2.013575115972059	0.25	0.3288082946759806	2.027523871694367	2.97977460706922	0.9522507353748528	0.4793813015491367	0.7973912678504407	0.4832740174409237
2	3	0.9939126059581105	2.006087394041889	0.4	0.3313042019860368	2.012249354732797	1.495448308438629	-0.5168010462941681	0.7931203998205765	0.5350804269797521	-0.2622802047634429
0	6	0.1195653658143655	1.66182731012386	0	0.06711903974310025	0	3.610483450023941	3.610483450023941	0.659109203986994	0.340890796013006	1.832346016629933
3	6	0.4920525125686158	2.501452671000121	0.3333333333333333	0.1643733624613305	6.096910234924684	2.398606245706461	-3.698303989218223	0.9540994375202685	0.1729132945640321	-1.876915564558444
1	4	0.7300593655677307	2.269940634432269	0.2	0.2433531218559102	1.36975162180455	1.762160621879185	0.3924090000746352	0.6468310365213144	0.7519916958113928	0.1991503570447679
3	6	0.5456505072085853	2.416799192034485	0.3333333333333333	0.1841889525915	5.498024761943808	2.482622478431541	-3.015402283512266	0.933800159842862	0.2209415934212235	-1.530338094388404
2	5	0.7604305549210865	2.234121491124099	0.2857142857142857	0.2539379991492765	2.630088950341494	2.238016159758728	-0.3920727905827652	0.7481895100537103	0.5648140553840192	-0.1989797283376408
0	4	0.07615251954789	2.92384748045211	0	0.02538417318263	0	1.368060415853663	1.368060415853663	0.9022644341510702	0.09773556584892984	0.6943003861385733
6	7	0.4933656458272824	2.171227203084605	0.4615384615384616	0.1851561096956156	12.1613656134065	3.223983187966365	-8.937382425440131	0.995525541316419	0.0209661980270921	-4.535785113831503
3	11	0.5154451583869588	2.464720327843131	0.2142857142857143	0.1729585691695923	5.820211813392993	4.462981002646278	-1.357230810746715	0.7871001251867412	0.4460993470183794	-0.6888042845626857
1	9	0.4874872644581492	2.03179780395406	0.1	0.1935022243296151	2.051335640760827	4.429574627202173	2.378238986441347	0.395749146540583	0.8835788890103562	1.206973191739992
2	4	0.5030181602606077	2.239708269730629	0.3333333333333333	0.1834007776933899	3.975999592070043	1.78594688159145	-2.190052710478593	0.9204456066648145	0.3039061388654862	-1.111467318934374
1	8	0.5104795867729982	2.323778774128276	0.1111111111111111	0.1801104633984988	1.958942190659395	3.442668505740636	1.483726315081241	0.4984135498076343	0.8325835625907524	0.7530016522275138
6	6	1.262494677178717	1.733705590394218	0.5	0.4213652507952674	4.752495284501423	3.460795208392731	-1.291700076108692	0.801403410374377	0.3927081236347711	-0.6555469708973874
3	11	0.6178278056839431	2.239237454732709	0.2142857142857143	0.2162456049722308	4.855721889497936	4.912386570147397	0.05666468064946084	0.6413863053779536	0.6109171124020583	0.02875772824023286
2	9	0.694162225160965	2.303584269114884	0.1818181818181818	0.2315613499962246	2.881170895659487	3.906954966079062	1.025784070419575	0.5135788163509953	0.7619567325603004	0.5205927077004837
2	9	0.5511837498935819	2.232520901820663	0.1818181818181818	0.19800367454721	3.628553999253686	4.03131723992386	0.4027632406701738	0.6240328435709946	0.6719459499452144	0.2044052077519044
0	6	0.08730079047673309	2.907934487242064	0	0.02914655523930069	0	2.063320211072054	2.063320211072054	0.8373789808974113	0.1626210191025887	1.047149674585779
0	15	0.6098366409774704	2.324382178651879	0	0.2078361153223416	0	6.45332774350381	6.45332774350381	0.03035467454345445	0.9696453254565456	3.275109704418735