Codon,alpha,beta,beta-alpha,Prob[alpha<beta],Prob[alpha>beta],BayesFactor,PSRF,Neff
1,1.020894284495926,0.07143385892720548,-0.9494604255687207,1.895885019455676e-42,1,1.167640755106246e-41,1.182591541262713,17.1168281521693
2,0.9458735973297676,0.163292856096033,-0.7825807412337346,5.640866359379006e-35,1,3.474105965144323e-34,1.203701840667413,15.7867079228266
3,0.966515781969617,0.07142877856190602,-0.895087003407711,3.944704509714516e-57,1,2.429471041295791e-56,1.152861344240576,19.59792540169025
4,0.9584156435425438,0.2018080905849656,-0.7566075529575782,1.63168507656846e-15,0.9999999999983465,1.004924863769955e-14,1.113120516716149,24.87654180087399
5,1.124994298250708,0.07142858474406187,-1.053565713506646,5.523379094399932e-48,1,3.401747716944799e-47,1.259311382670695,13.30724859339266
6,1.007456999918614,0.08246143488799387,-0.9249955650306197,5.753113874049748e-48,1,3.543237147385836e-47,1.218385944658194,15.01083374165483
7,1.016909452445941,0.07143037145035126,-0.9454790809955893,1.648418823819324e-55,1,1.015230871294273e-54,1.122185833826263,23.38091637642869
8,1.047898183664524,0.07142995366567399,-0.9764682299988496,5.16225832129302e-57,1,3.179340066761367e-56,1.127574061259219,22.58916422276592
9,0.9569600501214304,0.07142857453611158,-0.8855314755853188,4.040416167821729e-59,1,2.488418093251961e-58,1.161607675774943,18.77554627533938
10,1.139204980382041,0.07142886453283957,-1.067776115849201,1.362046037473982e-50,1,8.388591329985838e-50,1.037156104354967,62.76448987517919
11,1.008269833227867,0.07142919183020609,-0.9368406413976609,1.014462395312381e-36,1,6.247887530803565e-36,1.171533574894269,17.94148378076918
12,1.203473672795013,0.2189745215310986,-0.9844991512639142,2.215365598549995e-37,1,1.364402974748962e-36,1.522315133618696,8.728972645175755
13,1.062337626934119,0.3409303727896532,-0.7214072541444657,2.070045071080861e-15,0.9999999999988418,1.274902731493065e-14,1.311912219276031,11.77049301054494
14,1.117368498967263,0.2358298789153666,-0.8815386200518969,2.158057668344882e-22,1,1.329108073311592e-21,1.615508112676239,8.055807448172796
15,1.056805740058849,0.07147911061355908,-0.9853266294452903,2.847731467684031e-37,1,1.753865496664493e-36,1.162737084994341,18.67563762555707
16,0.9868969565595261,0.07661908319127632,-0.9102778733682498,4.820457555254678e-27,1,2.968831254013067e-26,1.160630060780012,18.86313325718983
17,1.019382747958985,0.2292404656954912,-0.7901422822634943,1.034374305530191e-17,0.9999999999999915,6.370521327915417e-17,1.117465122717649,24.13203924973892
18,0.9740641600895472,0.2836563312774676,-0.6904078288120796,2.598754297695395e-14,0.999999999990651,1.60052503150636e-13,1.236801881901528,14.17212076509053
19,0.9494889284844759,0.1782923888477166,-0.7711965396367593,7.322118902847632e-20,0.9999999999999998,4.509558521198395e-19,1.200382680010501,15.97759160158044
20,1.028529816071324,0.2569557208522479,-0.7715740952190757,1.109739286275829e-15,0.9999999999995429,6.834680399395769e-15,1.128095876070389,22.51590462497033
21,0.8866314469994675,0.1303196482939872,-0.7563117987054804,1.025454131680263e-20,1,6.315583615855221e-20,1.194884651260306,16.30784141249077
22,1.044428902353345,0.2328824005471812,-0.8115465018061638,5.114517016175063e-21,1,3.149937073971386e-20,1.160057324590391,18.9149307232865
23,0.9906942532644625,0.1261976320027057,-0.8644966212617569,6.685654466582288e-29,1,4.117571767079464e-28,1.226117275490218,14.64228912583141
24,1.206530176944398,0.2477381088829267,-0.9587920680614714,5.037018514630495e-33,1,3.102207170557157e-32,1.155024268887139,19.38614486737722
25,1.08523965517537,0.4109201824008488,-0.674319472774521,1.115358427677542e-12,0.9999999998765331,6.869287659031586e-12,1.243790581734497,13.88665457908281
26,1.09829366795741,0.4750451865441372,-0.623248481413273,2.034201305822553e-12,0.9999999998149255,1.252827214941301e-11,1.30155086942136,12.03090379099181
27,0.9950582356942934,0.2194834742712618,-0.7755747614230316,4.712841613882922e-26,1,2.902552572682031e-25,1.105775299119449,26.26845840939145
28,0.976568460029104,0.225019870145926,-0.7515485898831781,6.161428469981586e-18,0.9999999999999909,3.794710606072501e-17,1.114021487672703,24.71766887389282
29,1.062277601784825,0.3060242680731474,-0.7562533337116781,3.012537784452291e-15,0.9999999999994064,1.855366679585823e-14,1.301750280857977,12.02572329347303
30,1.055450372572878,0.2759435881867337,-0.7795067843861444,6.385905148451499e-27,1,3.932961668590841e-26,1.253310739375765,13.52290616226712
31,1.023033739804788,0.3126388298282308,-0.7103949099765567,1.701571823944618e-18,0.9999999999999979,1.047966827623671e-17,1.353565960900525,10.87787688024612
32,1.07203715085379,0.2105868527939576,-0.861450298059832,1.735477574710709e-22,1,1.068848756654541e-21,1.17897542056087,17.37552465149807
33,1.094975864011033,0.2139045033195296,-0.8810713606915029,8.49447172312457e-26,1,5.231589086486642e-25,1.466005866655184,9.270285057868682
34,0.9699036286111247,0.2900075295261651,-0.6798960990849596,2.629404856187037e-19,0.9999999999999997,1.619402147414901e-18,1.319523880266875,11.58995453168601
35,1.03924461858988,0.4798374756366788,-0.559407142953201,1.41206580705566e-09,0.9999999591938844,8.696653914232389e-09,1.531852409497975,8.648903790890811
36,0.9871551466173353,0.4795511043341644,-0.5076040422831709,5.981841083726058e-07,0.9999929171953295,3.684108237764767e-06,1.453860652533632,9.405048001032773
37,1.191358588815334,0.6139017341452198,-0.5774568546701142,9.544045171276956e-09,0.9999996464200432,5.878002148103096e-08,1.2173988299963,15.0597506250004
38,1.039758043297992,0.5193679860937056,-0.5203900572042867,5.135854128331079e-07,0.9999925772173608,3.163079833886286e-06,1.152307399709303,19.65310577409882
39,1.067882097578776,0.3633329104551746,-0.7045491871236009,1.003822480519515e-13,0.9999999999885165,6.182358250201638e-13,1.24581839418316,13.80683455319072
40,0.8733358914815803,0.4321851409681766,-0.4411507505134037,4.717242719080082e-05,0.9995873027425384,0.0002905400187301206,1.601371256052448,8.144075048314688
41,0.9972734074975241,0.4982803555186895,-0.4989930519788346,7.000658805426732e-07,0.9999914819061468,4.31158017097327e-06,1.591604912808904,8.207607644969139
42,1.033035221840413,0.4324702717013015,-0.6005649501391112,1.859537438706786e-09,0.9999999558073839,1.145254949976279e-08,1.255095739141548,13.45770264889062
43,1.083089372983832,0.5293639376408781,-0.5537254353429542,6.83430338365744e-09,0.9999997553337329,4.209121933115907e-08,1.114947989245398,24.5567902913401
44,1.075181572560509,0.584580128406108,-0.4906014441544014,1.477600399663244e-07,0.9999951538209662,9.100270763439114e-07,1.266424520216897,13.06410799153862
45,1.015656552633606,0.5313546820712689,-0.484301870562337,1.085633307660597e-07,0.9999966118639853,6.686216831373953e-07,1.168737367693101,18.16674835515346
46,1.22640660699429,0.5563343877023579,-0.6700722192919317,1.065681131302682e-17,0.9999999999999947,6.563334316624333e-17,1.130868357321326,22.1361367155706
47,1.121292803268299,0.4919394908500926,-0.6293533124182062,3.563247723551306e-12,0.9999999997068955,2.194538814261756e-11,1.179789744855082,17.31637889940035
48,1.105151331995038,0.6288575094840473,-0.4762938225109908,2.398765382415241e-05,0.9997926725239523,0.000147739097162702,1.275036559519557,12.78646856596357
49,0.9011144805444852,0.6833409141852551,-0.2177735663592301,0.01375742899385129,0.9424877657213317,0.08591139781837957,1.198173598793774,16.1081197020447
50,1.038000079330178,0.4962254055764007,-0.5417746737537771,2.670435450283231e-08,0.9999995309004508,1.644672180485678e-07,1.630106005065328,7.96896872084697
51,1.033042599139765,0.7583596348433744,-0.2746829642963909,0.003005072537192604,0.9747525381387891,0.0185634742961922,1.042775413521114,55.83149907191193
52,0.9979828668324334,0.5004655731372737,-0.4975172936951597,2.970294542018521e-06,0.9999721195986613,1.829355276324799e-05,1.42455981773557,9.762497271054297
53,1.201552575891227,0.5566531479318029,-0.644899427959424,5.56010955948533e-10,0.9999999813331668,3.424369337537471e-09,1.272441441233125,12.86829308562163
54,1.183255760301043,0.5972222315356446,-0.5860335287653984,2.78485952883674e-09,0.9999998604783766,1.715143829294522e-08,1.286244748335158,12.45004459940255
55,1.070529733861985,0.5350444076453489,-0.5354853262166357,6.612106831465683e-10,0.9999999527639059,4.072275132411415e-09,1.28482178294347,12.49129405021127
56,0.9427241664875581,0.5005975159013092,-0.4421266505862489,1.542498422138941e-05,0.999842916422703,9.500110956173836e-05,1.443893494112802,9.521256389576088
57,1.159326377906887,0.5552018899446508,-0.6041244879622366,1.888478711603007e-08,0.9999995820538267,1.163079368121953e-07,1.312387322024384,11.75896654015692
58,1.072861718284078,0.5784847732135717,-0.4943769450705061,5.516287238001645e-07,0.9999879500575217,3.397381846963532e-06,1.25979553938098,13.29027969116478
59,1.162851598641222,0.5634678348597094,-0.5993837637815128,4.797719044235162e-08,0.999999061323835,2.954827164558518e-07,1.324612570231233,11.47398634851649
60,1.066285960470043,0.7476384533055496,-0.3186475071644932,0.0005485877684528147,0.9915775871379756,0.003380505791653313,1.012670940930421,144.4270577521544
61,1.053727492120405,0.5062946635547336,-0.5474328285656715,2.465806147247168e-07,0.9999970400854835,1.518645082439147e-06,1.343908031762399,11.06551641577349
62,1.162004262122865,0.5897037588851902,-0.5723005032376748,1.973054524971107e-07,0.9999962236590392,1.215168275669281e-06,1.273338429491363,12.83983603308708
63,1.0357857996067,0.5425574191428614,-0.493228380463839,5.221476684932035e-08,0.9999981493376424,3.2158117369679e-07,1.252501647689236,13.55276240866326
64,0.965715712984494,0.653684234392125,-0.312031478592369,0.0006059613592271425,0.9948274311253165,0.003734267515101307,1.187168011044532,16.80347890233725
65,1.082777461358749,0.4564443236574607,-0.6263331377012882,2.211934299299248e-11,0.9999999988562621,1.36228970060528e-10,1.131848118830352,22.00562460279062
66,1.082751215838531,0.6567714448821651,-0.425979770956366,4.260817059473904e-06,0.9999139975806697,2.624170134652419e-05,1.074926953534775,34.91515781391269
67,1.151122140359651,0.6963689821411689,-0.4547531582184816,1.737017987530959e-05,0.9996661021105891,0.0001069816051509611,1.150791735708858,19.80610202584059
68,1.198663466611858,0.8418872043658894,-0.3567762622459687,1.128636707729291e-05,0.9988847991127731,6.951144599744314e-05,1.058119223689553,43.18964376418394
69,1.216859332123192,0.7457243185194649,-0.4711350136037276,1.389862425368095e-07,0.9999898900656877,8.55990854272262e-07,1.230147792304435,14.45985940160209
70,1.024074233260202,0.5521518649808279,-0.4719223682793736,1.091594906507383e-05,0.999886298698684,6.723005885606984e-05,1.117236429269367,24.16990523694098
71,0.947696047881605,0.7667083570507007,-0.1809876908309043,0.01115113662306372,0.9216924525947719,0.06945227373386413,1.096183264581623,28.3912325906194
72,1.04491266128665,0.8211243139146539,-0.2237883473719963,0.006447693803686341,0.9472387280548912,0.03996786220006206,1.045450599634941,53.07367507961337
73,1.150941265840454,0.647105992328406,-0.5038352735120478,2.327312067258615e-06,0.9999692890625882,1.433352084170374e-05,1.23273117326068,14.34621532903949
74,1.14331451124986,0.5492853965038048,-0.5940291147460556,3.120425475165904e-08,0.9999993619693454,1.921812786313064e-07,1.296909598386512,12.15344272702319
75,1.13221351981653,0.663572803648346,-0.4686407161681839,2.012338342624268e-05,0.9997385458947191,0.0001239387158201732,1.110072594493253,25.43249482054176
76,1.077613415098916,0.7694493197267556,-0.3081640953721603,0.0009333966896949838,0.9873296836826165,0.005753989496839234,1.01808547479208,111.456113861731
77,0.862314619220081,0.7723710567700919,-0.08994356244998913,0.1406264823029452,0.6751518813617157,1.007818664253775,1.190611010262826,16.57746930449054
78,0.9624572612368032,0.8290651669893576,-0.1333920942474456,0.03229082933822632,0.8310069752306614,0.2055093533605729,1.128269680106512,22.49163142635866
79,1.195719254366559,0.9215086445543139,-0.2742106098122452,0.0006338360992976215,0.9625198148303665,0.003906155959300533,1.120331038521597,23.66926702653326
80,0.998670422028014,0.8452034646913557,-0.1534669573366584,0.01143357410749598,0.9030291443954818,0.07123171562144653,1.184051473693289,17.01520783482142
81,1.059343199795512,0.7505529559608346,-0.308790243834677,0.0004696477094435434,0.9914672505963127,0.002893833047841338,1.009852604076843,171.0946637077741
82,1.068765658213277,0.6268626144198364,-0.4419030437934408,5.961677194491356e-05,0.9994809835729415,0.0003671906372235857,1.201352096320923,15.92120088215533
83,1.118803939207806,0.8630478591403236,-0.2557560800674822,0.001141210165780985,0.9720856142738091,0.007036533928958239,1.210560213965283,15.41105732315759
84,1.185618050123307,0.8069067916450514,-0.3787112584782559,2.469410519879782e-05,0.9987996399758723,0.0001520902132178218,1.024411254613653,88.30750158570484
85,1.181969290548863,0.829636302057312,-0.3523329884915513,0.0006547686952660614,0.9918498319620854,0.004035242260098557,1.010449806886529,164.6320414391691
86,1.053454259138445,0.7129506707098034,-0.3405035884286418,0.001428471294497857,0.9897936398073206,0.008810277513861878,1.056197770533057,44.42535184829074
87,0.9866079126835272,0.855714380548914,-0.1308935321346132,0.03418884500162693,0.8382543408521237,0.2180165497258739,1.449335340251407,9.457158888861382
88,1.196733018301072,0.7122552429925927,-0.4844777753084796,6.960221718317513e-07,0.9999766923143598,4.286675677103799e-06,1.380521379373516,10.40487846940307
89,1.166717314066473,0.8857878537005952,-0.2809294603658778,0.001083562189269858,0.9709469252195975,0.006680699421093029,1.125357859720303,22.90686396296423
90,1.154721480094484,0.9695637679544857,-0.1851577121399988,0.02074582117772893,0.7890583882406644,0.1304765445820695,1.15242207601074,19.64165042963042
91,1.045312453823356,0.7627751721148289,-0.2825372817085267,0.002223151327688864,0.9783144032759161,0.01372248778992706,1.030573258653181,73.67251313037465
92,0.9924636595924816,0.8410278439770952,-0.1514358156153864,0.02245897736098061,0.8700790936800594,0.1414986302712568,1.117241855003453,24.16900522351848
93,0.9949667195756341,0.9858479811148992,-0.009118738460734854,0.2873266139910059,0.2841369277286088,2.483033416069216,1.396766023433256,10.15112396513385
94,1.136646991629508,0.906571214981771,-0.2300757766477367,0.008650843696205402,0.9058784759133092,0.05374388708756184,1.218633213133376,14.99864850284527
95,1.121841146782318,0.8685370551150967,-0.2533040916672217,0.003732045759012937,0.9569309792183421,0.02307108658473033,1.175940017239069,17.60071265502529
96,0.9772953223506352,0.6764575602662195,-0.3008377620844157,0.004039094351409413,0.9822640305364809,0.02497692426176184,1.202085299812756,15.87890406552948
97,1.07870564727506,0.8916091790034315,-0.1870964682716281,0.01525200928987033,0.8661492270499608,0.09538920031361163,1.364325476896551,10.68061837347553
98,0.9806087003210078,0.8436985534966446,-0.1369101468243632,0.01569896432810283,0.8721413859532399,0.09822913297132205,1.177760040406238,17.46478657572323
99,1.000583042553437,0.8824794857127317,-0.1181035568407048,0.07780614644026834,0.748071615353754,0.5196236785674102,1.529023251320625,8.672346281847677
100,1.109726921487675,0.8685164285545397,-0.2412104929331351,0.002909988304835148,0.9576583220136271,0.01797438865051915,1.216039442419509,15.12783733738548