ObservedSChanges	ObservedNSChanges	E[SSites]	E[NSSites]	ObservedS.Prop.	P{S}	dS	dN	dN-dS	P{Sleq.observed}	P{Sgeq.observed}	ScaleddN-dS
2	0	0.8380109689710676	2.081495741151365	1	0.2870385486923319	2.386603605506088	0	-2.386603605506088	0.9999999999999999	0.08239112843540031	-2.186971287904945
1	0	0.8387574504299872	2.081539447791424	1	0.2872164987542285	1.192239782177019	0	-1.192239782177019	1	0.2872164987542285	-1.092512458249756
1	0	0.8387572803504246	2.081539437833231	1	0.2872164582207621	1.19224002393423	0	-1.19224002393423	1	0.2872164582207621	-1.092512679784693
5	0	1	2	1	0.3333333333333333	4.999999999999999	0	-4.999999999999999	1	0.004115226337448097	-4.581764820222816
1	0	1	2	1	0.3333333333333333	0.9999999999999998	0	-0.9999999999999998	1	0.3333333333333333	-0.9163529640445631
4	0	1	2	1	0.3333333333333333	3.999999999999999	0	-3.999999999999999	1	0.01234567901234551	-3.665411856178252
1	0	0.8391342518150794	2.081561509588559	1	0.2873062860240552	1.191704423740256	0	-1.191704423740256	1	0.2873062860240552	-1.092021880959402
6	4	0.6304556600345865	2.369544339965414	0.6	0.2101518866781955	9.516926217572291	1.688088267661784	-7.828837949910507	0.9988163212907949	0.008224014850634398	-7.173978860425056
0	0	0.5963163041707259	2.067344469753749	0	0.2238709636032782	0	0	0	0	0	0
3	0	1	2	1	0.3333333333333333	3	0	-3	1	0.03703703703703698	-2.74905889213369
3	4	0.6351399741821624	2.214951007787764	0.4285714285714285	0.2228490171717838	4.723368268330061	1.805909018274448	-2.917459250055614	0.9518195374282229	0.1894738430466871	-2.67342243126769
2	0	0.8368871159415058	2.163112884058494	1	0.2789623719805019	2.389808567849657	0	-2.389808567849657	1	0.07782000498098773	-2.189908164648127
3	2	0.9962784965835638	2.003721503416437	0.6	0.3320928321945212	3.01120621421379	0.998142704258006	-2.013063509955784	0.9553422579796528	0.208042189747512	-1.844676714157935
0	2	0.5989381524356566	2.399533814516003	0	0.1997477912206583	0	0.833495234741424	0.833495234741424	0.640403597656215	0.359596402343785	0.763775828872323
1	0	0.8391375485109505	2.081561702610768	1	0.2873070714790895	1.191699741924908	0	-1.191699741924908	1	0.2873070714790895	-1.092017590764031
4	1	0.6504109320927145	2.188976485549236	0.8	0.2290673432063268	6.149958130515878	0.4568345099189542	-5.693123620596924	0.9993693100742915	0.01124371431481341	-5.216910704406107
2	3	0.998768021166925	2.001231978833075	0.4	0.3329226737223083	2.002466996954179	1.499076584689252	-0.5033904122649269	0.7907314664098641	0.5382832211962399	-0.4612832963505805
0	0	0.8398785193266913	2.160121480673308	0	0.2799595064422304	0	0	0	0	0	0
2	0	0.8372709280167546	2.081452411604151	1	0.286862038841099	2.388713059388559	0	-2.388713059388559	1	0.08228982932807205	-2.188904292222663
1	1	0.839751061939969	2.160248938060031	0.5	0.2799170206466563	1.19082909843523	0.4629096130458142	-0.7279194853894155	0.9216464615522993	0.4814805028456121	-0.6670311780223841
0	0	0.8398785193266913	2.081605086601555	0	0.2874835640434257	0	0	0	0	0	0
2	1	0.9997544634759401	2.00024553652406	0.6666666666666666	0.3332514878253133	2.000491193654102	0.4999386234040829	-1.50055257025002	0.9629902381008306	0.2591501386150163	-1.375035795453293
3	5	0.6506114836061037	2.198885715425753	0.375	0.2283250125064713	4.61104680072981	2.273878976485092	-2.337167824244719	0.9140017106872409	0.2683965174682705	-2.141670663216231
1	0	0.8361448963850083	2.081386482224882	1	0.286593283114372	1.195964962918991	0	-1.195964962918991	1	0.286593283114372	-1.095926038664264
0	1	0.8399996758099519	2.160000324190048	0	0.2799998919366506	0	0.462962893477795	0.462962893477795	0.7200001080633494	0.2799998919366506	0.4242374196810249
0	1	0.8398785193266916	2.149422446039717	0	0.2809615120917558	0	0.465241256711768	0.465241256711768	0.7190384879082441	0.2809615120917559	0.4263252045836462
1	0	0.8380111566618565	2.161988843338144	1	0.2793370522206188	1.193301535487203	0	-1.193301535487203	1	0.2793370522206189	-1.093485399042627
2	1	0.8376485078079072	2.162109925380805	0.6666666666666666	0.2792386541997302	2.387636319240776	0.4625111740439716	-1.925125145196805	0.9782265820696965	0.1903758421372223	-1.764094132957812
0	0	0.8398785193266913	2.081605086601555	0	0.2874835640434257	0	0	0	0	0	0
5	0	1	2	1	0.3333333333333333	5	0	-5	1	0.004115226337448097	-4.581764820222817
0	3	0.9981849813198367	1.840696963847288	0	0.351612008036873	0	1.629817432702026	1.629817432702026	0.2725868428356742	0.7274131571643258	1.493488035308002
0	1	0.8398785193266914	2.15987981498736	0	0.2799820604611287	0	0.4629887242155889	0.4629887242155889	0.7200179395388713	0.2799820604611287	0.4242610897541658
0	0	0.5963163041707259	2.067344469753749	0	0.2238709636032782	0	0	0	0	0	0
1	3	0.3957614305755666	2.603793923988174	0.25	0.1319400323696066	2.526774775767494	1.152164913037728	-1.374609862729766	0.9130165121448639	0.4321953913544369	-1.259627822117311
2	2	0.6498492368002873	2.19758560198883	0.5	0.2282226894002035	3.07763691444427	0.9100896903356055	-2.167547224108665	0.9605902687652748	0.2255553853543134	-1.98623832351854
0	2	0.9993917724326846	1.999110564844091	0	0.333296979631614	0	1.000444915439671	1.000444915439671	0.4444929173683284	0.5555070826316716	0.9167606636264554
3	1	0.9914824176900547	2.005020586509135	0.75	0.330879834360462	3.025772264312431	0.4987479962692363	-2.527024268043194	0.9880138088682229	0.1089422623409363	-2.315646178233924
2	3	0.6100523202877869	2.22940140256382	0.4	0.2148484813744819	3.278407332434237	1.345652692489557	-1.932754639944679	0.9300405150549045	0.2933810047080641	-1.77108544308419
0	7	0.9881982671332261	2.00661734279621	0	0.3299696528416687	0	3.488457839323535	3.488457839323535	0.06062633474848494	0.939373665251515	3.196658681008615
0	6	0.6033453943036908	2.393922443109618	0	0.2012984581399265	0	2.50634686068034	2.50634686068034	0.2596014637745148	0.7403985362254852	2.296698374708216
2	2	0.8376308468227941	2.082079353979754	0.5	0.2868883516564597	2.387686661237671	0.9605781816995279	-1.427108479538143	0.9258730041115271	0.3252532634322917	-1.307735085237907
0	0	0.6069610939631954	2.231672058737786	0	0.2138216040299773	0	0	0	0	0	0
1	0	0.8395087676153598	2.16049123238464	1	0.2798362558717866	1.191172788868565	0	-1.191172788868565	1	0.2798362558717866	-1.091534715768938
2	0	0.5985741766589964	2.067476668643572	1	0.2245171646721031	3.3412734427723	0	-3.3412734427723	1	0.05040795723240021	-3.06178582296778
0	0	0.8398785193266913	2.160121480673308	0	0.2799595064422304	0	0	0	0	0	0
1	3	0.4675119218859189	2.532039879474843	0.25	0.1558605927971738	2.138982886181922	1.184815462157023	-0.9541674240248985	0.8827644514662787	0.4922420871311238	-0.8743541471999815
1	2	0.8387569935460931	2.160880033393283	0.3333333333333333	0.279619495963451	1.19224043160845	0.9255488361653056	-0.2666915954431445	0.8091640664584435	0.6261599273352932	-0.244383633970099
0	1	0.0006015178947835737	2.999398482105217	0	0.0002005059649278579	0	0.333400182058544	0.333400182058544	0.9997994940350722	0.0002005059649278218	0.3055122450423438
2	1	0.83538197579927	2.16461802420073	0.6666666666666666	0.2784606585997567	2.394114378738488	0.4619752717661321	-1.932139106972356	0.9784080663044823	0.1894371477723955	-1.770521397620534
2	0	0.8380106340435519	2.081495721541292	1	0.2870384688289809	2.386604559359397	0	-2.386604559359397	1	0.08239108258768579	-2.186972161971252
0	0	0.8398785193266913	2.081605086601555	0	0.2874835640434257	0	0	0	0	0	0
0	4	0.6102121810156818	2.2304157884222	0	0.2148159447773211	0	1.793387592019157	1.793387592019157	0.380089512906139	0.619910487093861	1.643376035627497
0	5	1.396325799943327	1.455423725717008	0	0.4896383035673519	0	3.435425650723657	3.435425650723657	0.03462504621626655	0.9653749537837335	3.148062477795345
1	1	0.5970614483227951	2.066770725596646	0.5	0.2241362853742795	1.674869484219923	0.4838466055354615	-1.191022878684461	0.9497629255786195	0.3980354963271785	-1.091397345127395
0	4	0.6101001633374412	2.230520427234081	0	0.2147770685611666	0	1.793303460107798	1.793303460107798	0.3801647948195793	0.6198352051804207	1.643298941101152
0	7	0.8390463498706564	2.159698783896904	0	0.2797991534600662	0	3.24119273122402	3.24119273122402	0.1005021592727758	0.8994978407272242	2.970076566296825
1	1	0.5966907244398543	2.067056418808068	0.5	0.2240042663029591	1.675910080450394	0.4837797318452645	-1.192130348605129	0.9498220886780731	0.3978306212839912	-1.092412178471789
1	0	0.8395066718092962	2.081583314854374	1	0.2873950051665956	1.19117576259973	0	-1.19117576259973	1	0.2873950051665957	-1.091537440756306
1	1	0.8327050214006324	2.167294978599367	0.5	0.2775683404668775	1.200905451870547	0.4614046587448186	-0.7395007931257285	0.9229558163704636	0.4780924973042184	-0.6776437436940668
1	3	0.607201213986412	2.23202949018872	0.25	0.2138611748222902	1.646900528137577	1.344068263070461	-0.3028322650671158	0.7975551447614884	0.6180583837664556	-0.2775012437025804
0	0	0.8398785193266913	2.081605086601555	0	0.2874835640434257	0	0	0	0	0	0
1	1	1.430139238715772	1.413673598068712	0.5	0.5028949937270973	0.6992326152088341	0.7073768664606517	0.008144251251817614	0.7470966252842228	0.7528866127384174	0.007463008774526715
0	3	0.04078537956095184	2.959214620439048	0	0.01359512652031728	0	1.013782501370212	1.013782501370212	0.959766590081586	0.04023340991841395	0.9289826000271052
0	0	0.8398785193266913	2.160121480673308	0	0.2799595064422304	0	0	0	0	0	0
0	0	0.8398785193266913	2.160121480673308	0	0.2799595064422304	0	0	0	0	0	0
0	0	0.9183949133984446	2.081605086601555	0	0.3061316377994815	0	0	0	0	0	0
2	6	0.6077996322924053	2.233734673356842	0.25	0.2138983967513749	3.290558094707473	2.686084462745631	-0.6044736319618425	0.7655592826736007	0.5367456142531537	-0.5539112043350168
1	2	0.5996931107204608	2.400306889279539	0.3333333333333333	0.1998977035734869	1.667519573134028	0.8332267881797011	-0.8342927849543265	0.8960981857311057	0.4878035657450831	-0.7645066663738905
1	8	0.5966901668590922	2.013820735042943	0.1111111111111111	0.228572179654312	1.67591164651478	3.972548231722028	2.296636585207248	0.3547565710836059	0.903248507613105	2.104529742187847
0	5	0.3956556014775867	2.604344398522414	0	0.1318852004925289	0	1.919868970800011	1.919868970800011	0.4930441388309964	0.5069558611690036	1.759277621969775
0	2	0.840862780472928	2.159137219527072	0	0.2802875934909759	0	0.9262959213116019	0.9262959213116019	0.5179859480830108	0.4820140519169892	0.848814013076276
3	2	0.9981852318550812	2.000820144052095	0.6	0.3328387604350785	3.005454202547796	0.9995900960640901	-2.005864106483706	0.9549762911196802	0.2091443865835974	-1.838079519446944
0	3	0.6049892253642807	2.235438264876864	0	0.2129923145170373	0	1.34201872050591	1.34201872050591	0.4874576835891483	0.5125423164108518	1.229762832338883
0	1	0.8398785193266914	2.081963524321532	0	0.2874482969236816	0	0.480315811645105	0.480315811645105	0.7125517030763184	0.2874482969236816	0.4401388176784621
2	4	0.8362252028947288	2.162041522977789	0.3333333333333333	0.2789028726760062	2.39170021792775	1.850103227661781	-0.5415969902659692	0.7823399153833575	0.533140421410228	-0.4962940073478354
1	4	0.8370946722593267	2.16140069138522	0.2	0.2791715746533197	1.194608009272106	1.850651762971557	0.6560437536994514	0.5714577359009608	0.805392523119021	0.6011676382454139
1	1	1	2	0.5	0.3333333333333333	0.9999999999999998	0.4999999999999999	-0.4999999999999999	0.8888888888888891	0.5555555555555555	-0.4581764820222816
2	5	0.6108198693129933	2.244860917793067	0.2857142857142857	0.2138964102959129	3.274287724545466	2.227309478448903	-1.046978246096564	0.8272558420721319	0.4611640329210238	-0.9594016191007645
2	3	0.5974386751202663	2.402561324879735	0.4	0.1991462250400887	3.347623920726916	1.248667398802056	-2.09895652192486	0.9427336000996893	0.2609724078950002	-1.923385030266513
1	3	0.6043015801321672	2.067113796861907	0.25	0.2262102649166221	1.654802887957515	1.451298909887937	-0.203503978069578	0.7777214524369402	0.6414977739405088	-0.1864814734989176
1	1	0.5966920394438686	2.400706845570303	0.5	0.1990699477560683	1.675906387040162	0.4165439865534451	-1.259362400486717	0.9603711559003961	0.3585110514125329	-1.15402046849228
3	6	0.6901447908742466	2.301892847628727	0.3333333333333333	0.2306604642913354	4.346913922511427	2.606550520447049	-1.740363402064378	0.8684920540147636	0.3452584157750296	-1.594787161996373
2	3	0.8315086158905536	2.078884114505785	0.4	0.2857032342082982	2.405266718563079	1.44308188179753	-0.9621848367655497	0.8553121958850181	0.4421736892838943	-0.8817009271288458
1	7	0.6099539028508559	2.387023983912532	0.125	0.2035229907917608	1.639468155423078	2.932521854483595	1.293053699060517	0.4930190772043567	0.8380481351688452	1.184893589802892
0	6	0.9988734028578681	2.001126597142132	0	0.3329578009526227	0	2.998311055666732	2.998311055666732	0.08808863030622655	0.9119113696937735	2.747511222987793
1	1	0.6109151592012115	2.066654600318456	0.5	0.2281603147888869	1.63688850233726	0.4838737928659718	-1.153014709471288	0.9479428707554362	0.4042635003332098	-1.056568446610996
0	3	0.8191164033326015	2.115309039719969	0	0.2791403016464122	0	1.41823248691697	1.41823248691697	0.3745865999304064	0.6254134000695936	1.299601543090658
0	1	0.8403659048120339	2.159634095187966	0	0.2801219682706779	0	0.4630414023505976	0.4630414023505976	0.7198780317293221	0.2801219682706779	0.4243093615193214
1	2	0.9191122873445805	2.080887712655421	0.3333333333333333	0.3063707624481934	1.088006344566574	0.96112826647806	-0.1268780780885144	0.7759246525136256	0.6662800474767621	-0.1162651029286877
1	0	0.8395080845715061	2.160491915428494	1	0.279836028190502	1.191173758035232	0	-1.191173758035232	1	0.2798360281905019	-1.091535603867686
3	2	0.8362656746290797	2.16349295767588	0.6	0.2787776541829662	3.587376704574932	0.9244310192479152	-2.662945685327017	0.9765355437437916	0.1361614227743312	-2.440198171839093
0	5	0.8398785193266913	2.003074520886146	0	0.2954246895558338	0	2.496162747748414	2.496162747748414	0.1736349328189869	0.8263650671810131	2.287366132636881
0	4	0.6516077706906869	2.187576906535203	0	0.229505243500877	0	1.82850714324618	1.82850714324618	0.3524347718429085	0.6475652281570915	1.675557940490294
3	3	0.6467907154012802	2.193131759625136	0.5	0.2277494266442128	4.638285504977832	1.367906869632301	-3.270378635345531	0.9729534173149053	0.1358585320767186	-2.996821156046892
1	2	0.610742615900926	2.245860182016342	0.3333333333333333	0.2138003282592228	1.637350946150807	0.8905273872411738	-0.7468235589096329	0.8824141330821249	0.5140421807731037	-0.6843539818251517
0	8	0.8398785193266916	2.002966747794795	0	0.2954358891917842	0	3.994075292966174	3.994075292966174	0.06072452663096996	0.9392754733690301	3.659982733326711
1	5	0.8393069337145452	2.159949063308121	0.1666666666666667	0.2798383781003414	1.191459238367388	2.314869403606274	1.123410165238886	0.4647451360600822	0.8604981901280864	1.029440234754446
0	0	0.8398785193266913	2.160121480673308	0	0.2799595064422304	0	0	0	0	0	0
2	5	1.414153821006689	1.436416565876467	0.2857142857142857	0.496095036808735	1.414273306263294	3.480884388818728	2.066611082555434	0.2330189818427443	0.9348970794666179	1.893745191027015
0	2	0.5975576003108986	2.000616717809573	0	0.2299913428222837	0	0.9996917361511165	0.9996917361511165	0.5929133321286297	0.4070866678713703	0.9160704855529311