Codon,alpha,beta,beta-alpha,Prob[alpha<beta],Prob[alpha>beta],BayesFactor,PSRF,Neff
1,0.5531119962061598,0.2552600974092433,-0.2978518987969165,0.2435749510458958,0.6891878772753166,0.4901237323409475,1.010081604752139,168.5560818840146
2,0.6629011884768806,0.2572383312802294,-0.4056628571966512,0.1373398086164423,0.8192326081242538,0.2423235878895768,1.018761333275357,108.3950027440581
3,0.5531119962061598,0.2552600974092433,-0.2978518987969165,0.2435749510458958,0.6891878772753166,0.4901237323409475,1.010081604752139,168.5560818840146
4,0.5531119962061598,0.2552600974092433,-0.2978518987969165,0.2435749510458958,0.6891878772753166,0.4901237323409475,1.010081604752139,168.5560818840146
5,0.6844190024022613,0.1783301409995084,-0.5060888614027529,0.05616386369776889,0.9179654294588957,0.09057313200826349,1.024303633604362,88.6177832736709
6,2.415054610997365,0.3660854552361051,-2.048969155761259,0.008963136294549742,0.9850700805007098,0.01376604551926302,0.9970915688752046,1185.934218695144
7,0.8756272257784845,0.4955790607559479,-0.3800481650225366,0.1948061261517567,0.7454221182881681,0.3682486457335383,1.004222211336944,273.11467015394
8,0.9970337867612115,0.3795770396188788,-0.6174567471423327,0.0648808609931186,0.9047492121163343,0.1056060183742874,1.010377222114252,165.3907392280509
9,0.4659374849903502,0.3850920741616294,-0.08084541082872082,0.4192935531603535,0.5105523576487699,1.099007225272073,1.010210926216434,167.1562366355945
10,0.5531119962061598,0.2552600974092433,-0.2978518987969165,0.2435749510458958,0.6891878772753166,0.4901237323409475,1.010081604752139,168.5560818840146
11,3.165527565885829,0.1675402308694518,-2.997987335016377,0.0004360767550481052,0.9991867811168174,0.0006640356173046451,0.9994529012064891,560.7987265391527
12,0.5531119962061598,0.2552600974092433,-0.2978518987969165,0.2435749510458958,0.6891878772753166,0.4901237323409475,1.010081604752139,168.5560818840146
13,0.5524354575583917,0.2729505676779262,-0.2794848898804655,0.2600812728528262,0.6728611907423726,0.5350126771430735,1.010091297853753,168.4503274461418
14,0.5483806756300735,0.4069184269678413,-0.1414622486622322,0.3894192297512286,0.5447202732208885,0.9707631476040398,1.008676344249003,185.4727240350178
15,1.303033251967932,0.1740733064805021,-1.12895994548743,0.01497212352852152,0.9768647647810713,0.02313523367991713,1.022355144836271,94.65760222518976
16,0.9956487593674712,0.485414429868057,-0.5102343294994143,0.2249814980913215,0.7185444721887219,0.4418488652363108,1.002900983712098,318.0853919909397
17,0.389665298390094,0.5999100583506305,0.2102447599605365,0.6785514280103762,0.2634162758642791,3.212996690188994,0.9978048620721196,886.6390218365204
18,0.5392170510010701,0.6443673004590916,0.1051502494580215,0.5942075053268058,0.3434285975283592,2.228810437380873,0.9970582694453357,1204.943953358857
19,0.6629568692602408,0.2572468537587926,-0.4057100155014481,0.1373349743692807,0.8192411782816491,0.2423137004028719,1.018761358760495,108.3948905982955
20,1.909949871163358,0.2618542643362526,-1.648095606827105,0.03888498435499728,0.9455687213431604,0.06158083542083909,1.010294805837971,166.2609251544059
21,0.4668906140857147,0.1770526960549952,-0.2898379180307196,0.1980582063432056,0.7230311146074927,0.3759144362430831,1.006739351492864,215.4223074837224
22,0.7955592468935772,0.1779524070992002,-0.6176068397943769,0.04186078857269294,0.9382137506809929,0.06649941145025559,1.025894050435913,84.25249340281098
23,1.902302009086303,0.5407431140880863,-1.361558894998216,0.1212879983528991,0.8379036017519441,0.2100923702852998,0.9994942643011641,555.6862547522179
24,1.012191027667689,0.1778477152299738,-0.8343433124377149,0.01623785825650371,0.9746285356506361,0.02512335590067972,1.023713442356414,90.36070458716124
25,0.5480273551184091,0.4068606898557572,-0.1411666652626518,0.3895380165723268,0.5445869802020076,0.9712482188424003,1.008682048833735,185.3970332759744
26,0.5531119962061598,0.2552600974092433,-0.2978518987969165,0.2435749510458958,0.6891878772753166,0.4901237323409475,1.010081604752139,168.5560818840146
27,0.7880974187827203,0.3819312450319655,-0.4061661737507548,0.1400447395344455,0.8114433687640584,0.2478734165232979,1.013018251256671,141.7177565231036
28,1.06302786635019,0.2285880946672757,-0.8344397716829141,0.02864789302901924,0.9571701917255275,0.04489055863487349,1.016533354311318,119.2130387263656
29,0.5531119962061598,0.2552600974092433,-0.2978518987969165,0.2435749510458958,0.6891878772753166,0.4901237323409475,1.010081604752139,168.5560818840146
30,1.009830684274541,0.3362727899851092,-0.6735578942894322,0.1163891325276849,0.8425725812288846,0.2004889276136442,1.014996299807958,128.0807832457465
31,0.4556785716820683,0.5358655034994089,0.0801869318173406,0.5690687962984226,0.3664858128509067,2.009998995187851,1.000312749640004,470.8561732560053
32,0.5449808732086278,0.4897751628314272,-0.05520571037720057,0.4631363396692501,0.4720721729900211,1.313057851790015,1.002470218913297,336.1803309369229
33,0.4881142933677917,0.7325276647746013,0.2444133714068096,0.6936521527314211,0.2483737153134849,3.446401857818347,1.000807361169779,431.1593235710016
34,1.140986972170872,0.3883828052024472,-0.7526041669684247,0.09534600942103892,0.8689837776871501,0.160420190534031,1.008274661047654,190.9658374143936
35,3.217386646670469,0.6266265993104819,-2.590760047359987,0.4369910555490358,0.5066713277970025,1.181398087498557,0.9991871661747893,596.045266711239
36,0.3894580397379102,0.6001146780466147,0.2106566383087045,0.6788941494323206,0.2631016280296363,3.21805051917422,0.9977995692155753,888.3007454252486
37,1.858731466851532,0.7731930423409024,-1.085538424510629,0.2403016059709221,0.6903043458895535,0.4814536406442211,1.006687237584633,216.3650851201444
38,3.224773592566161,0.1572232073976943,-3.067550385168467,0.0003267926775582921,0.999387270908706,0.0004975689537403472,1.000081440620923,492.0662808805628
39,0.9813987805206403,0.6633339220752228,-0.3180648584454175,0.3629779260640301,0.5632500056250096,0.8672908076950674,1.001796269901531,369.0839257243134
40,1.881423857010394,0.4787741227801243,-1.40264973423027,0.1004900049970535,0.8647822085245227,0.1700418747638505,0.9999022689061481,509.8677737378605
41,1.748789624155489,0.2460377554976071,-1.502751868657882,0.03659905044761469,0.9483544298075364,0.05782315149199999,1.012679513699354,144.3589027270807
42,0.4217380337685491,2.891748931926853,2.470010898158304,0.9951546940091189,0.00013545094263367,312.6139811103504,0.9985769357850125,696.7372092025723
43,0.6793898503440323,0.5221704416477555,-0.1572194086962768,0.3067742165214339,0.6183103829350307,0.6735706553436622,1.003985272075335,280.2075287350656
44,1.401697978404866,0.2226214740305503,-1.179076504374316,0.03582926041702587,0.9488330689200986,0.05656175890333473,1.017801629175907,112.7958002131802
45,0.5438371469467225,0.5127226538929988,-0.03111449305372371,0.4824172061026928,0.4531604742727284,1.418671906824559,1.000996763123613,417.6884684973844
46,1.85554225471813,0.5404094212178259,-1.315132833500304,0.1232574934574631,0.8353540657383298,0.2139834962933515,0.9996042431686895,542.5384865115844
47,0.4668906140857147,0.1770526960549952,-0.2898379180307196,0.1980582063432056,0.7230311146074927,0.3759144362430831,1.006739351492864,215.4223074837224
48,2.514016889623577,0.528562355044327,-1.98545453457925,0.03456947697457028,0.9469879397188612,0.05450179346766065,0.9993787127316671,570.2097012967058
49,0.5440602993746593,0.5119679813840685,-0.03209231799059076,0.4816974910590478,0.4538701270747069,1.414588370257365,1.001040538457738,414.6949675578072
50,0.3648337256169489,2.401839306269443,2.037005580652494,0.9777440239138612,0.01308501534239995,66.86787690654953,1.016281884165706,120.5762508213202
51,0.4597466566916234,0.3952113424556009,-0.06453531423602249,0.4334970269428904,0.4964421010726703,1.164723773385516,1.009616641347028,173.7935651308812
52,0.5363533185950221,0.736895804088922,0.2005424854938999,0.675583320792864,0.2639862174492412,3.169675146865746,1.003712427277272,288.8524646986279
53,0.9933152049825283,0.506051440176206,-0.4872637648063224,0.2407523646243616,0.7009146844409132,0.4826431241567784,1.001940687929737,361.4961707969084
54,0.9971936237732821,0.5062098330848143,-0.4909837906884679,0.2402371066482483,0.701484454677295,0.4812835521732845,1.001926778314417,362.2132404318489
55,0.681786953203783,0.1783298526707264,-0.5034571005330566,0.05665982941384026,0.9172669975008485,0.09142099511333295,1.024235174958618,88.81634460092157
56,0.5413293052076897,0.5491946759463092,0.007865370738619482,0.5207094483946006,0.414863375021416,1.653619559331457,0.9988392739301349,649.5400498784983
57,0.46110887497148,0.5245409153882747,0.06343204041679473,0.5550187520801814,0.3799546600593304,1.898475326105174,1.00100689197994,416.9919524212102
58,0.763019288352722,0.532969991735558,-0.230049296617164,0.3119847295317903,0.6185594169450592,0.6901989116491798,1.001837784155356,366.8699924960031
59,0.5365202872600208,0.7387710294192675,0.2022507421592468,0.6766958310450389,0.2629164806098464,3.18581979383055,1.00388519875915,283.3167269102591
60,0.5531119962061598,0.2552600974092433,-0.2978518987969165,0.2435749510458958,0.6891878772753166,0.4901237323409475,1.010081604752139,168.5560818840146
61,0.8461384624485813,0.4522338459498981,-0.3939046164986832,0.2246217862356745,0.7174592072851039,0.440937760934268,1.005794176875552,233.9342746707944
62,0.7535956199314862,0.7244136392562288,-0.02918198067525735,0.4896051816029261,0.428727421031614,1.460087082800037,1.003723884776068,288.4785786042232
63,1.027193861250801,0.2519466419304499,-0.7752472193203512,0.08844287120374794,0.88131957366134,0.1476787308567067,1.01866872340239,108.8041210787405
64,0.4436550670368451,0.5730335035630727,0.1293784365262276,0.609493402538195,0.3281558010626393,2.375634608998228,0.9983975523508416,733.1904167584004
65,0.6023916380410422,0.989250058289086,0.3868584202480437,0.776987135712507,0.1550780098320614,5.303015822511218,1.020750728086318,100.3168632072317
66,0.7482179389518171,0.8520254664083027,0.1038075274564856,0.5936461134335099,0.3217814293429439,2.223628445610697,1.01355497419333,137.7302438868811
67,1.254954290319968,0.3760190746078586,-0.8789352157121098,0.05932152402134051,0.9141481666563601,0.09598648830482744,1.007122923835207,208.7323460034872
68,1.026677423915688,0.2690281275509185,-0.7576492963647692,0.09848646306254938,0.8694035152603499,0.1662812569315457,1.017547255007417,114.0250347277667
69,0.4463250697287823,0.6637660921768134,0.217441022448031,0.6826969534044746,0.2592807145718867,3.274859956592803,0.9973458922432182,1058.454006867903
70,0.8279673412005707,0.8576261991744577,0.02965885797388701,0.5449132212278007,0.3707175705600293,1.82251930363384,1.012801437534952,143.3966880077593
71,0.5531119962061598,0.2552600974092433,-0.2978518987969165,0.2435749510458958,0.6891878772753166,0.4901237323409475,1.010081604752139,168.5560818840146
72,0.640019473891714,1.013749411693067,0.3737299378013528,0.7221205897772733,0.2050574946404275,3.955417857233759,1.017376847216492,114.8641365102877
73,0.6305109999941967,1.290599901486755,0.6600889014925586,0.7651989842617468,0.1724499664113771,4.960362592454515,1.017629661301457,113.6237907371719
74,0.7792935130479239,0.6362768920408951,-0.1430166210070288,0.3500722268055597,0.5705750257180787,0.8198446581843588,0.9992948865936078,581.233318110549
75,1.215648012241642,0.1743452386211672,-1.041302773620474,0.02411995903260556,0.9638205943940041,0.03762003023217291,1.02418502479043,88.96239399993485
76,0.5520085907164173,0.3387469635654066,-0.2132616271510107,0.3253435412977282,0.6083309169520572,0.7340041533262026,1.012615661179708,144.8681335302917
77,2.02567182910635,0.8559387950227147,-1.169733034083635,0.2023904524054042,0.7207990775927138,0.3862234930856335,1.00961056239034,173.8642461219444
78,0.4794629915808068,2.171446470446287,1.69198347886548,0.9482376498306146,0.0333512556903016,27.88317463326754,1.015543509252912,124.7717247158958
79,0.5438633458978122,0.4732018399188853,-0.0706615059789269,0.4540293878592595,0.4802036672811744,1.265766821697625,1.004287614676673,271.220449025899
80,0.455973915797935,0.510264986320572,0.05429107052263704,0.5469868044733606,0.3873840698504575,1.837828606479896,1.002070122138826,354.9586137414344
81,0.744664196326641,1.0098852803738,0.2652210840471591,0.6367405961053579,0.2716172663667178,2.667992988325087,1.014032552049126,134.3711214903758
82,0.4615946525564562,0.1843608004770526,-0.2772338520794036,0.2080957249027748,0.7124774320835729,0.3999718997883229,1.006953817501581,211.6289007445418
83,1.924749089536997,0.2453323633242777,-1.67941672621272,0.0337986956562442,0.9522162409942119,0.0532440804808573,1.011456277189,154.8011699737181
84,0.714215437229,2.506213952050361,1.791998514821361,0.9360170372966941,0.0217169660864158,22.26683125507087,1.003975108655617,280.5201391631779
85,0.6482085872665231,0.8040599997897939,0.1558514125232708,0.6153193828915297,0.3059463197573049,2.434665501069409,1.007148095253572,208.3080831338537
86,0.7181701265605711,0.382603027864414,-0.3355670986961571,0.163572457841543,0.7823544912000135,0.2976602653825814,1.013269490899999,139.8220550294953
87,1.090808160287664,1.413368762376456,0.3225606020887923,0.6253425843927952,0.2581290776790903,2.540520368922705,1.020107522229449,102.7886781313388
88,0.7776016700887625,0.4627773463934749,-0.3148243236952876,0.2505462873246078,0.6878428371733267,0.5088410807806317,1.005414181089093,242.3227060552087
89,0.4705649853662264,0.8614723731851356,0.3909073878189092,0.7881115397112668,0.1603384665280368,5.661342004300895,1.014726399791302,129.7804795210047
90,1.341403055812567,0.5933842900184608,-0.7480187657941063,0.1065357799234562,0.8408613847062074,0.1814919364536496,0.9971693058636446,1143.814713707752
91,0.9783211886366761,0.7361876873261518,-0.2421335013105242,0.4243605692999516,0.4961658910296816,1.122079165360242,1.006659129838763,216.8770692753964
92,0.9712092894603066,0.8844688927735419,-0.0867403966867647,0.5131297106648043,0.4018686823284813,1.604179264945572,1.014986444911266,128.1420374369161
93,0.6496824963856616,0.2893814003660456,-0.3603010960196159,0.1467767246285143,0.808871090494405,0.2618385021898763,1.017580556908714,113.8625321759048
94,0.7550729258902249,0.6522791843016662,-0.1027937415885587,0.4225626100637259,0.4995858816285245,1.113846064902882,1.000091087193545,491.1433106866271
95,0.4526701119336091,0.6534404130797337,0.2007703011461245,0.6702255380594535,0.270837693902728,3.093449009429222,0.9971769681579137,1139.825051030069
96,1.189514032040672,0.7587345842427917,-0.4307794477978801,0.3216270581028123,0.5948644193249719,0.7216441102545313,1.007340251655373,205.1262808547922
97,0.6152159917360518,0.5289058124661092,-0.08631017926994256,0.3687164175547345,0.5563021501398918,0.8890107054010977,1.002752713140614,324.0871408438964
98,0.7628901296783571,0.6519324875831776,-0.1109576420951796,0.4186587898890617,0.5036366123682157,1.096145268682855,1.000126254629505,487.8078842825954
99,3.795739913932346,0.6269502111717251,-3.168789702760621,0.4271575653841914,0.5176386823272419,1.134989727480221,0.9997070598233451,530.8011438880249
100,0.5359525124142958,0.7809818399271515,0.2450293275128558,0.687122204428308,0.2536577483188174,3.342706532781356,1.004725275477204,259.1996976177305