Codon,alpha,beta,beta-alpha,Prob[alpha<beta],Prob[alpha>beta],BayesFactor,PSRF,Neff
1,1,0.5832287698266999,-0.4167712301733001,0.09333851650290943,0.8965825918170489,0.4616678303499676,1.000826316594083,429.771799323308
2,1,0.5832289160906113,-0.4167710839093887,0.09333853179100224,0.8965825766460422,0.4616679137520454,1.00082631683772,429.7717815471139
3,1,0.5749568298169222,-0.4250431701830778,0.090973530396479,0.8990390475554143,0.4487995420097539,1.000839933190582,428.7806209785987
4,1,0.5749568298169222,-0.4250431701830778,0.090973530396479,0.8990390475554143,0.4487995420097539,1.000839933190582,428.7806209785987
5,1,0.5832286500219019,-0.4167713499780981,0.0933385033924525,0.8965826048326473,0.4616677588276836,1.000826316388703,429.7718143082201
6,1,0.5666807651816306,-0.4333192348183694,0.08851738276436696,0.9015959529493927,0.435505916715898,1.000859181292778,427.3873566538194
7,1,0.5832286188740603,-0.4167713811259397,0.09333850044787591,0.8965826077462955,0.4616677427639537,1.000826316329215,429.7718186485264
8,1,0.5832293072901955,-0.4167706927098045,0.09333856728472235,0.8965825415692008,0.4616681073831418,1.000826317619695,429.7717244929143
9,1,0.5832286188740603,-0.4167713811259397,0.09333850044787591,0.8965826077462955,0.4616677427639537,1.000826316329215,429.7718186485264
10,1,0.5832286500219019,-0.4167713499780981,0.0933385033924525,0.8965826048326473,0.4616677588276836,1.000826316388703,429.7718143082201
11,1,0.5832293007107239,-0.4167706992892761,0.09333856674497831,0.8965825421032362,0.4616681044386425,1.000826317608099,429.7717253389862
12,1,0.5548983707071995,-0.4451016292928005,0.0848578868352567,0.9054177203519259,0.4158316650549071,1.000895970652019,424.7496334770575
13,1,3.477579952348682,2.477579952348682,0.6166510458699668,0.3690957755473361,7.213716584490687,1.008578184979772,186.7850951474652
14,1,0.5832289160906113,-0.4167710839093887,0.09333853179100224,0.8965825766460422,0.4616679137520454,1.00082631683772,429.7717815471139
15,1,0.5749568298169222,-0.4250431701830778,0.090973530396479,0.8990390475554143,0.4487995420097539,1.000839933190582,428.7806209785987
16,1,0.5749568298169222,-0.4250431701830778,0.090973530396479,0.8990390475554143,0.4487995420097539,1.000839933190582,428.7806209785987
17,1,0.5749568298169222,-0.4250431701830778,0.090973530396479,0.8990390475554143,0.4487995420097539,1.000839933190582,428.7806209785987
18,1,0.5699916898018584,-0.4300083101981416,0.08950679374650493,0.9005655090109439,0.4408523667467563,1.000850771266914,427.9949869386421
19,1,0.5783901553929852,-0.4216098446070148,0.09195445198013638,0.8980202152904724,0.4541287664819553,1.000833612221819,429.2401622991861
20,1,1.206109219775722,0.2061092197757222,0.2723328057646822,0.7104851151423806,1.678344271256015,1.003298510596147,303.0509030838008
21,1,0.5832286188740603,-0.4167713811259397,0.09333850044787591,0.8965826077462955,0.4616677427639537,1.000826316329215,429.7718186485264
22,1,0.5562271224250513,-0.4437728775749487,0.08524442585494287,0.905016368441059,0.4179023480688742,1.000890396232433,425.1471946624682
23,1,0.5582598726190505,-0.4417401273809495,0.08592768628645742,0.9042983675286367,0.4215668464771609,1.000884569345029,425.5635650112309
24,1,0.5666807651816306,-0.4333192348183694,0.08851738276436696,0.9015959529493927,0.435505916715898,1.000859181292778,427.3873566538194
25,1,0.5699916898018584,-0.4300083101981416,0.08950679374650493,0.9005655090109439,0.4408523667467563,1.000850771266914,427.9949869386421
26,1,1.147199712401792,0.1471997124017919,0.2624810140555233,0.7202623363906946,1.596020907707919,1.003088091750899,310.8251382919194
27,1,0.5783901553929852,-0.4216098446070148,0.09195445198013638,0.8980202152904724,0.4541287664819553,1.000833612221819,429.2401622991861
28,1,0.5666807651816306,-0.4333192348183694,0.08851738276436696,0.9015959529493927,0.435505916715898,1.000859181292778,427.3873566538194
29,1,1.082807257396969,0.0828072573969687,0.2504201079976141,0.7322591320605758,1.498184006677345,1.002878088433191,318.9974295691474
30,1,0.5548983707071995,-0.4451016292928005,0.0848578868352567,0.9054177203519259,0.4158316650549071,1.000895970652019,424.7496334770575
31,1,0.5548983707071995,-0.4451016292928005,0.0848578868352567,0.9054177203519259,0.4158316650549071,1.000895970652019,424.7496334770575
32,1,0.5749568298169222,-0.4250431701830778,0.090973530396479,0.8990390475554143,0.4487995420097539,1.000839933190582,428.7806209785987
33,1,0.5495376574360328,-0.4504623425639672,0.08312537444209481,0.9072330385736984,0.4065720754065791,1.00091572325482,423.3469190807405
34,1,1.227396047528129,0.2273960475281287,0.2758458385404455,0.7069996759207255,1.708241591331101,1.003376819202321,300.2572503528305
35,1,0.5699916898018584,-0.4300083101981416,0.08950679374650493,0.9005655090109439,0.4408523667467563,1.000850771266914,427.9949869386421
36,1,0.5916912999550765,-0.4083087000449235,0.09562828312767777,0.8942110988441326,0.474190962640255,1.000818253483241,430.3609110224725
37,1,0.5770065020905066,-0.4229934979094934,0.09155821414491663,0.8984318433179649,0.4519746702933464,1.00083602838952,429.0643869943464
38,1,0.5553257775937833,-0.4446742224062167,0.08497662288430895,0.9052949822912545,0.4164675459087022,1.000893988507494,424.8909117655933
39,1,0.5783901553929852,-0.4216098446070148,0.09195445198013638,0.8980202152904724,0.4541287664819553,1.000833612221819,429.2401622991861
40,1,0.5548983707071995,-0.4451016292928005,0.0848578868352567,0.9054177203519259,0.4158316650549071,1.000895970652019,424.7496334770575
41,1,0.5739515496062066,-0.4260484503937934,0.09068824179877402,0.8993352143827253,0.4472517629603577,1.000841991960383,428.6311604038168
42,1,0.570943697907462,-0.429056302092538,0.08979285997342333,0.90026747534188,0.4424003402629042,1.000848548459608,428.1558776812948
43,1,0.5606188690888321,-0.4393811309111679,0.08666442444570439,0.9035287065770718,0.425524302718384,1.000876908380676,426.1122462197403
44,1,0.5770065020905066,-0.4229934979094934,0.09155821414491663,0.8984318433179649,0.4519746702933464,1.00083602838952,429.0643869943464
45,1,0.66255820304188,-0.33744179695812,0.1112677619845233,0.8781361260339644,0.5614515751661835,1.000917359904922,423.2311129855715
46,1,0.570943697907462,-0.429056302092538,0.08979285997342333,0.90026747534188,0.4424003402629042,1.000848548459608,428.1558776812948
47,1,0.5666807651816306,-0.4333192348183694,0.08851738276436696,0.9015959529493927,0.435505916715898,1.000859181292778,427.3873566538196
48,1,0.5749568298169222,-0.4250431701830778,0.09097353039647901,0.8990390475554143,0.448799542009754,1.000839933190582,428.7806209785965
49,1,1.20279552262706,0.2027955226270604,0.2717369738122241,0.7110770915627794,1.673302111313421,1.003286316286271,303.4906783162975
50,1,0.5832287698266999,-0.4167712301733001,0.09333851650290943,0.8965825918170489,0.4616678303499676,1.000826316594083,429.7717993233084
51,1,0.5821044499240291,-0.4178955500759709,0.09300471508817945,0.8969299655460825,0.4598474930718399,1.00082788421485,429.6574537677004
52,1,0.5666807651816306,-0.4333192348183694,0.08851738276436696,0.9015959529493927,0.435505916715898,1.000859181292778,427.3873566538196
53,1,0.5832289160906113,-0.4167710839093887,0.09333853179100224,0.8965825766460422,0.4616679137520454,1.00082631683772,429.771781547114
54,1,0.5548983707071995,-0.4451016292928005,0.0848578868352567,0.9054177203519259,0.4158316650549071,1.000895970652019,424.7496334770575
55,1,1.099054998844374,0.09905499884437363,0.2536661770630596,0.7290258168142993,1.524204803417778,1.002927599436895,317.0317610370076
56,1,0.5739515496062066,-0.4260484503937934,0.09068824179877402,0.8993352143827253,0.4472517629603577,1.000841991960383,428.6311604038166
57,1,0.5832286188740603,-0.4167713811259397,0.09333850044787591,0.8965826077462955,0.4616677427639537,1.000826316329215,429.7718186485264
58,1,0.5582598726190505,-0.4417401273809495,0.08592768628645742,0.9042983675286367,0.4215668464771609,1.000884569345029,425.5635650112309
59,1,0.5783901553929852,-0.4216098446070148,0.0919544519801364,0.8980202152904724,0.4541287664819554,1.000833612221819,429.2401622991845
60,1,0.5666807651816306,-0.4333192348183694,0.08851738276436696,0.9015959529493927,0.435505916715898,1.000859181292778,427.3873566538196
61,1,0.5548983707071995,-0.4451016292928005,0.0848578868352567,0.9054177203519259,0.4158316650549071,1.000895970652019,424.7496334770574
62,1,0.5606188690888321,-0.4393811309111679,0.08666442444570439,0.9035287065770718,0.425524302718384,1.000876908380676,426.1122462197406
63,1,0.5770065020905066,-0.4229934979094934,0.09155821414491663,0.8984318433179649,0.4519746702933464,1.00083602838952,429.0643869943465
64,1,0.6232499670137808,-0.3767500329862192,0.1034146297924035,0.8861789052643733,0.5172544306232388,1.000832177620015,429.3445978107997
65,1,0.9744445124413929,-0.02555548755860715,0.2264612805413919,0.7561864019660698,1.312882282290719,1.002640146423351,328.7989644592466
66,1,0.5832287698266999,-0.4167712301733001,0.09333851650290945,0.8965825918170489,0.4616678303499677,1.000826316594083,429.7717993233076
67,1,0.6114068435709286,-0.3885931564290714,0.1006828785187596,0.8889891270772583,0.5020611860031947,1.000819314850347,430.2832716983186
68,1,0.5347984406112709,-0.4652015593887291,0.0782272420691428,0.9123803407193553,0.3805818179822039,1.000980042272342,418.8434383118692
69,1,0.582604372305779,-0.417395627694221,0.09309178349155474,0.8968425410298341,0.4603221787192214,1.000827355447452,429.6960163126162
70,1,0.5712229726603917,-0.4287770273396083,0.0898620810886061,0.9001963178509571,0.4427750586731918,1.000847831514244,428.2077974924904
71,1,1.202795392799247,0.2027953927992467,0.2717369681756738,0.7110770968810494,1.673302063653783,1.003286315836335,303.4906945666211
72,1,0.5821044499240291,-0.4178955500759709,0.09300471508817945,0.8969299655460825,0.4598474930718399,1.00082788421485,429.6574537677027
73,1,0.5783901553929852,-0.4216098446070148,0.09195445198013638,0.8980202152904724,0.4541287664819553,1.000833612221819,429.2401622991867
74,1,0.5783901553929852,-0.4216098446070148,0.09195445198013638,0.8980202152904724,0.4541287664819553,1.000833612221819,429.2401622991867
75,1,1.239515189276538,0.2395151892765377,0.2776210259335264,0.7052421002839055,1.723459744938473,1.003421100010658,298.7004990466424
76,1,0.5739515496062066,-0.4260484503937934,0.09068824179877402,0.8993352143827253,0.4472517629603577,1.000841991960383,428.6311604038181
77,1,0.5880978095091717,-0.4119021904908283,0.09468997666775869,0.8951811758853824,0.4690515404945362,1.000820859511439,430.1703297519601
78,1,0.5770065020905066,-0.4229934979094934,0.09155821414491663,0.8984318433179649,0.4519746702933464,1.00083602838952,429.0643869943464
79,1,1.195431480904763,0.1954314809047635,0.270639939402708,0.7121635252484088,1.664040130086024,1.003259739727001,304.4536267657334
80,1,0.6460869932512301,-0.3539130067487699,0.1082210783897584,0.8812493207955908,0.5442125341555109,1.000875504128439,426.2129741469574
81,1,0.5796463875369209,-0.4203536124630791,0.09232037939653512,0.8976397333205783,0.456119754365497,1.000831539096973,429.3910972199247
82,1,1.049202783480446,0.0492027834804456,0.2434603179394656,0.7391976963534523,1.443146292966366,1.002784566841357,322.7785036659641
83,1,1.044667070192621,0.04466707019262062,0.2425054186038072,0.7401500824722731,1.435673890864167,1.00277289559283,323.2567474825798
84,1,0.5767634491355302,-0.4232365508644698,0.09150538998068303,0.8984856953599361,0.45168764044404,1.000836482822849,429.0313433633578
85,1,0.9850770926475556,-0.01492290735244439,0.2290625065800898,0.7535815908561327,1.332443268818235,1.002653159440195,328.2471908663592
86,1,0.9744445124414025,-0.02555548755859749,0.2264612805413945,0.7561864019660672,1.312882282290738,1.002640146423351,328.7989644592513
87,1,0.5880951373067302,-0.4119048626932698,0.09468972859555583,0.8951814209331166,0.4690501831277676,1.000820853728147,430.1707525009459
88,1,0.5796463875369209,-0.4203536124630791,0.09232037939653512,0.8976397333205783,0.456119754365497,1.000831539096973,429.3910972199247
89,1,0.5854647095319413,-0.4145352904680587,0.09394757309872742,0.8959516241904287,0.4649926878920675,1.000823643204655,429.966943674841
90,1,1.075504930683312,0.07550493068331177,0.2489737116903001,0.733699569149979,1.486661999975314,1.002856370914261,319.8674557337341
91,1,1.406983226734322,0.4069832267343216,0.3006451524094045,0.6824659736160106,1.927837847051444,1.004028008849261,278.9007063047753
92,1,1.096321538330621,0.09632153833062107,0.2530587848696302,0.7296321943665747,1.519318689995784,1.002919574560021,317.3486955380528
93,1,0.591109226172578,-0.408890773827422,0.09551406139582908,0.8943272547315496,0.4735647615272793,1.00081839562532,430.3505116473002
94,1,0.5783901553929852,-0.4216098446070148,0.09195445198013638,0.8980202152904724,0.4541287664819553,1.000833612221819,429.2401622991823
95,1,0.5553257833815273,-0.4446742166184727,0.08497662448977164,0.9052949806317671,0.4164675545077374,1.00089398848087,424.8909136638931
96,1,0.5586333250566826,-0.4413666749433174,0.08603553821108384,0.904186450100141,0.4221457842971752,1.000883102675679,425.6684980681093
97,1,0.5767634491355302,-0.4232365508644698,0.09150538998068303,0.8984856953599361,0.45168764044404,1.000836482822849,429.0313433633578
98,1,0.5821044499240291,-0.4178955500759709,0.09300471508817945,0.8969299655460825,0.4598474930718399,1.00082788421485,429.6574537677006
99,1,0.5744216352733476,-0.4255783647266524,0.09081066837591747,0.899208841199874,0.4479158461018541,1.00084098217704,428.7044545391892
100,1,0.5807243862532956,-0.4192756137467044,0.09261672720832038,0.8973325951143254,0.4577333408851278,1.000829881787516,429.511835530921