Codon,alpha,beta,beta-alpha,Prob[alpha<beta],Prob[alpha>beta],BayesFactor,PSRF,Neff
1,1.00049,0.0714286,-0.929059,0,1,0,nan,nan
2,1.00001,0.142857,-0.857149,5.56664e-216,1,5.82226e-214,nan,nan
3,1.00001,0.0714286,-0.928585,2.52298e-291,1,2.63884e-289,nan,nan
4,1.10621,0.0714286,-1.03478,3.96758e-298,1,4.14977e-296,nan,nan
5,1.1284,0.0714286,-1.05697,0,1,0,nan,nan
6,0.999829,0.200559,-0.79927,7.71144e-177,1,8.06555e-175,nan,nan
7,1.22353,0.142893,-1.08064,2.76086e-206,1,2.88764e-204,nan,nan
8,1.21829,0.0714286,-1.14686,2.04836e-287,1,2.14242e-285,nan,nan
9,0.999903,0.0714286,-0.928474,0,1,0,nan,nan
10,1.00011,0.0714286,-0.928681,0,1,0,nan,nan
11,0.999207,0.0714286,-0.927779,2.30212e-284,1,2.40783e-282,nan,nan
12,0.99998,0.0714286,-0.928551,1.74778e-267,1,1.82803e-265,nan,nan
13,1.02414,0.212783,-0.811355,2.38793e-184,1,2.49758e-182,nan,nan
14,1.12184,0.215233,-0.906609,3.92438e-145,1,4.10459e-143,3.67548,5.39539
15,1.03674,0.143021,-0.893724,8.69976e-177,1,9.09925e-175,nan,nan
16,1.05216,0.207322,-0.844843,2.80406e-190,1,2.93282e-188,nan,nan
17,1.22646,0.214236,-1.01222,6.02328e-174,1,6.29987e-172,nan,nan
18,1.0181,0.142857,-0.875238,5.16741e-237,1,5.4047e-235,nan,nan
19,1.12496,0.0714286,-1.05353,8.67442e-265,1,9.07275e-263,nan,nan
20,1.16635,0.0714286,-1.09492,3.38103e-270,1,3.53629e-268,nan,nan
21,1.21869,0.214119,-1.00457,2.704e-197,1,2.82817e-195,nan,nan
22,1.22685,0.357088,-0.869762,4.0443e-107,1,4.23001e-105,3.27389,5.50882
23,1.01276,0.0714328,-0.941326,3.15036e-229,1,3.29503e-227,nan,nan
24,0.99995,0.214285,-0.785664,6.26444e-171,1,6.5521e-169,nan,nan
25,1.2104,0.353525,-0.856878,1.25424e-108,1,1.31184e-106,2.70207,5.78432
26,0.999997,0.142857,-0.85714,2.41801e-217,1,2.52904e-215,nan,nan
27,1.19625,0.391595,-0.804656,8.34029e-78,1,8.72327e-76,4.09419,5.31384
28,1.22685,0.427254,-0.799596,6.59891e-87,1,6.90193e-85,4.49052,5.25815
29,1.14081,0.142857,-0.997956,1.48087e-198,1,1.54887e-196,nan,nan
30,0.999846,0.214286,-0.78556,1.06971e-159,1,1.11884e-157,2.7156,5.7753
31,1.22663,0.357365,-0.869268,2.1387e-94,1,2.23691e-92,3.27703,5.50775
32,1.15042,0.214299,-0.936122,2.85386e-161,1,2.9849e-159,inf,5.45455
33,1.22682,0.211086,-1.01573,3.22484e-180,1,3.37292e-178,nan,nan
34,1.05937,0.287155,-0.772219,4.59838e-108,1,4.80954e-106,1.29863,12.1075
35,1.22685,0.436841,-0.790008,1.57526e-71,1,1.64759e-69,1.2936,12.2432
36,1.06827,0.421276,-0.646997,4.64355e-76,1,4.85678e-74,1.29332,12.251
37,1.22682,0.431059,-0.795763,1.60674e-71,1,1.68053e-69,1.55575,8.4607
38,1.22045,0.142857,-1.07759,1.32786e-208,1,1.38883e-206,nan,nan
39,1.00704,0.28571,-0.721325,1.00029e-134,1,1.04622e-132,1.13019,22.228
40,1.22566,0.357186,-0.868471,9.19635e-91,1,9.61865e-89,3.24434,5.5191
41,1.21028,0.44632,-0.763956,9.96298e-62,1,1.04205e-59,2.39782,6.04002
42,1.22385,0.214286,-1.00956,5.12987e-156,1,5.36544e-154,2.27914,6.17732
43,1.22683,0.357139,-0.869686,4.4348e-100,1,4.63844e-98,3.27357,5.50893
44,1.22652,0.500052,-0.726466,1.87459e-54,1,1.96067e-52,1.28076,12.6112
45,1.20932,0.472191,-0.737125,7.03332e-61,1,7.35629e-59,1.44788,9.47415
46,1.00046,0.615047,-0.385412,4.72384e-21,1,4.94076e-19,1.2674,13.0318
47,1.03628,0.562913,-0.473364,3.04687e-35,1,3.18678e-33,1.23287,14.3402
48,1.21254,0.354692,-0.857843,2.87387e-93,1,3.00584e-91,2.94676,5.64341
49,1.16937,0.529308,-0.640063,8.01641e-40,1,8.38452e-38,1.21516,15.1724
50,1.22656,0.500109,-0.726447,4.20744e-55,1,4.40065e-53,1.28052,12.6186
51,1.05314,0.50127,-0.551865,1.43696e-41,1,1.50295e-39,1.20193,15.8876
52,1.19423,0.348661,-0.845567,7.99511e-100,1,8.36224e-98,3.16599,5.54796
53,1.01464,0.500621,-0.514018,1.1174e-44,1,1.16871e-42,1.19484,16.3107
54,1.0657,0.500045,-0.565653,1.41168e-49,1,1.4765e-47,1.20493,15.7176
55,1.00022,0.500036,-0.500187,1.14801e-45,1,1.20072e-43,1.20313,15.819
56,1.22682,0.500932,-0.725884,4.37405e-52,1,4.57491e-50,1.27933,12.6544
57,1.22684,0.428193,-0.798651,2.69443e-81,1,2.81816e-79,1.32773,11.4048
58,1.22685,0.42654,-0.800311,9.90438e-86,1,1.03592e-83,1.33143,11.3242
59,1.00736,0.601954,-0.405403,1.76961e-22,1,1.85088e-20,1.26635,13.0665
60,1.22685,0.567862,-0.658986,9.09306e-45,1,9.51061e-43,1.19522,16.2869
61,1.22682,0.42507,-0.801754,1.76896e-79,1,1.85019e-77,1.32789,11.4012
62,1.22673,0.558324,-0.668408,3.49918e-45,1,3.65986e-43,1.19993,16.004
63,0.999917,0.572395,-0.427522,3.2496e-27,1,3.39883e-25,1.17813,17.4374
64,1.14537,0.571097,-0.57427,7.91497e-34,1,8.27843e-32,1.20406,15.7663
65,1.15296,0.638847,-0.514112,5.28788e-23,1,5.5307e-21,1.18676,16.8311
66,1.21061,0.570388,-0.640221,6.45968e-35,1,6.75631e-33,1.19513,16.2927
67,1.22603,0.668941,-0.557085,5.86293e-23,1,6.13215e-21,1.17454,17.7074
68,1.00205,0.790556,-0.211495,8.81358e-07,0.99987,9.21831e-05,1.05064,48.4804
69,0.99948,0.777715,-0.221765,9.19212e-08,0.999945,9.61422e-06,1.07649,34.3178
70,1.13117,0.712752,-0.418417,2.53871e-15,1,2.65529e-13,1.25666,13.4013
71,1.10104,0.687249,-0.413789,9.92194e-16,1,1.03776e-13,1.25348,13.5167
72,1.00623,0.653107,-0.353119,9.15417e-15,1,9.57453e-13,1.27218,12.8768
73,1.22685,0.499752,-0.7271,1.25559e-59,1,1.31325e-57,1.28067,12.6142
74,1.22569,0.695277,-0.530413,9.92489e-22,1,1.03806e-19,1.20039,15.9774
75,1.03798,0.647192,-0.390793,6.2096e-17,1,6.49475e-15,1.24822,13.7139
76,1.09401,0.645588,-0.448417,3.02312e-18,1,3.16194e-16,1.21725,15.0671
77,1.17742,0.577115,-0.600308,5.39455e-28,1,5.64226e-26,1.19849,16.089
78,1.00338,0.771371,-0.232013,7.06397e-09,0.999993,7.38835e-07,1.08042,32.9168
79,1.22464,0.737342,-0.487297,6.06424e-16,1,6.34272e-14,1.01684,117.616
80,1.04985,0.712775,-0.337077,4.85184e-13,1,5.07464e-11,1.32445,11.4777
81,1.22631,0.71762,-0.508687,9.14157e-19,1,9.56135e-17,1.03048,73.8622
82,1.00133,0.788966,-0.212363,3.00129e-07,0.999934,3.13911e-05,1.05292,46.7236
83,1.21895,0.712449,-0.506502,7.1484e-18,1,7.47666e-16,1.16407,18.5592
84,1.21165,0.722511,-0.489135,5.39971e-15,1,5.64766e-13,1.03078,73.2646
85,1.0095,0.751628,-0.257872,9.62402e-10,0.999997,1.0066e-07,1.22777,14.5665
86,0.999729,0.698734,-0.300995,6.26533e-12,1,6.55304e-10,1.30931,11.8343
87,1.22358,0.79655,-0.427031,4.84286e-13,1,5.06524e-11,1.01323,140.148
88,1.11279,0.789616,-0.323172,4.71913e-10,0.999999,4.93584e-08,1.02468,87.5411
89,1.22584,0.782928,-0.442908,7.48115e-15,1,7.82469e-13,1.01502,127.907
90,1.11733,0.888537,-0.228796,9.71808e-05,0.815171,0.0101653,1.10601,26.2211
91,1.17405,0.812016,-0.362033,1.87682e-08,0.999993,1.963e-06,1.00886,183.094
92,1.2222,0.78855,-0.433654,2.65023e-12,1,2.77193e-10,1.0154,125.596
93,1.06441,0.831346,-0.233061,5.47686e-07,0.999848,5.72836e-05,1.00486,255.632
94,1.22684,0.856408,-0.370429,1.17591e-15,1,1.22991e-13,1.232,14.3782
95,1.2265,0.847632,-0.378868,1.85834e-13,1,1.94368e-11,1.05503,45.2123
96,1.20758,0.838659,-0.368922,4.6011e-09,0.999997,4.81238e-07,1.03274,69.6571
97,1.03316,0.854774,-0.178391,3.48984e-07,0.999779,3.65009e-05,1.04037,58.59
98,1.04166,0.776345,-0.265318,3.4337e-10,1,3.59138e-08,1.04285,55.7533
99,1.22671,0.856734,-0.36998,2.49053e-12,1,2.6049e-10,1.22267,14.8034
100,1.22588,0.82107,-0.404805,7.73469e-13,1,8.08987e-11,1.02456,87.8794