dN,dS,dN/dS,dS=dN,LRT,p-value,Full Log(L)
0,2.602020218179961,0,0.8581089970794202,8.839241935465175,0.002948215788689534,-26.81228689376017
0.3397136876002309,0.6568661982617969,0.5171733429109051,0.40390702095183,0.07259040826559726,0.7876018251640007,-20.56185104712356
0,1.287510986647069,0,0.4278110662529517,4.401439155368905,0.03590861597397232,-15.73395852484319
0,0,0,0,0,1,0
0,0,0,0,0,1,0
0,0.6448369031927729,0,0.2140094873175315,2.204584749393444,0.1376009425896831,-11.28575083725243
0,1.292637914369994,0,0.4283662470247156,4.411939083415575,0.03568825199766423,-17.47019357111484
0,2.826992217491227,0,1.022245562612893,10.13395694187299,0.001455625897819668,-31.25409729269426
0,0,0,0,0,1,0
0,1.949678393979799,0,0.6437806539020511,6.635117480637838,0.009998760142353902,-23.32157625296382
0.321066100707936,0,inf,0.2035248567835951,0.9112120878291563,0.3397930206405544,-13.18880817593111
0,0,0,0,0,1,0
0,3.283610888171236,0,1.076928429477334,11.11195527735775,0.000857730174195992,-29.96965530582865
0,0.5571577830870587,0,0.203363202330399,2.014250474493764,0.1558282061261006,-11.08523927100294
0.285559998206561,0.996800611226911,0.2864765480581716,0.4439159417991072,0.7332592761468391,0.3918287660268999,-18.48598736282535
0,0,0,0,0,1,0
0,0,0,0,0,1,0
0,1.002133660660813,0,0.2013848745949239,3.205365447615733,0.07339710993456738,-10.80206904312277
0,0,0,0,0,1,0
0.2762157355053296,2.396904119598327,0.1152385417701305,0.820879541665715,4.227234211849755,0.03978021408519461,-28.83814288086166
0,0.6232004500388958,0,0.2115660925123282,2.159338060062844,0.1417057239505373,-11.71486841073756
1.683090427670613,0,inf,1.235560941613682,3.699620519309818,0.05442484473186737,-44.59961612530391
0,1.056020619398914,0,0.2242611832873531,3.094562912278427,0.07855424522935761,-10.14616155009887
0,0,0,0,0,1,0
0.2524176540674168,4.292366069786112,0.05880618054554576,1.021235144423093,8.623811767913878,0.003317968020437601,-34.57455939832358
0.2852118403969091,0.9985843183832575,0.2856161819751756,0.4436622282036911,0.7366444154107015,0.3907379164217474,-19.28959385854445
0.2854281203756074,2.108214651663396,0.1353885479120461,0.6736278354740689,2.832234904061899,0.09238970632959964,-24.19891652856835
0,0.557872908776942,0,0.2034586319215691,2.015879317325609,0.1556610666723797,-10.38654398569938
0.2607990358393042,1.001508920670964,0.2604061036866063,0.4137644550727634,0.8420931289012827,0.3587988203779061,-19.27795551012266
0.3208113895944315,0,inf,0.2034905050106839,0.9099656124146449,0.3401235429739042,-13.19104303226754
0,0,0,0,0,1,0
0.2854010391898703,0,inf,0.2243109174608193,0.481593436204836,0.4877014407309345,-13.49955422132285
1.570953052763777,2.66944415414351,0.5884944438059677,1.923147986944883,0.6008863120160299,0.4382400576270498,-58.01486358674237
1.283357347201893,0.6274464454911959,2.045365554979306,1.06122178079629,0.4656087966547631,0.4950142943145077,-35.41650982415314
0,2.000452445419892,0,0.4432222931781191,6.012645234420269,0.01420371928620268,-15.55203942646279
0.5537583528669578,0,inf,0.4288245192279651,1.022062229489201,0.3120303415493625,-19.02160532783146
0.7824177709157518,0,inf,0.5853986347866742,1.738796095084894,0.187291441834554,-23.660385094233
0.267279956507898,0,inf,0.2011651386353021,0.5681337327271372,0.4510014757808882,-12.12107492720569
0.8297537541372446,0.791195664165207,1.04873395004347,0.8197923816347101,0.001702165123035115,0.9670907706422732,-32.33949517691045
2.936368645911969,3.184500576665902,0.9220813673038424,2.982719324326648,0.01526488010816252,0.9016706936993636,-85.99436218283982
0,1.052087747033259,0,0.2240839984357673,3.088719078829069,0.07883684535963753,-10.15406961598197
0.2558587280991511,0,inf,0.2017307888007614,0.4751895552897025,0.4906093683173968,-11.22427150223606
0.2610615966441452,3.247427320426682,0.08039028156289703,0.8410588534078181,5.732143501364639,0.01665713894343734,-28.54820270170388
0,0.6424089268529835,0,0.2137017712977515,2.199183348887367,0.1380838751765102,-10.94415700544818
0.3209201094228376,0,inf,0.2138368737185391,0.81145792710495,0.3676895649466903,-13.23241757769725
0.7609118857138767,1.053353408039873,0.7223709344898931,0.8176152925365793,0.07448377871074285,0.7849168918291495,-32.96700733991315
0,1.288443047155877,0,0.4279131164023431,4.403358595947182,0.03586822621136532,-16.42876450829588
0,1.286758121799734,0,0.4277234769183295,4.399840379627932,0.03594229448952069,-17.12699650389942
1.045396456166718,1.126021891115308,0.9283979862338809,1.07625915046054,0.006556949029999259,0.9354618421486551,-38.0249565938761
0,1.056014184842358,0,0.2034686369489055,3.289039761584771,0.06974379897075922,-10.04896374420205
0.3211528030591278,2.541840623591238,0.1263465537840792,1.067131322247046,4.526885252186005,0.03336629411769065,-36.22338480038295
0.2595553864056073,0.778686549748176,0.3333246047328626,0.3892960426641859,0.5740140592166867,0.4486682306213335,-19.69946534453247
0.4267480468679931,0,inf,0.3848494597129248,0.4127966439573854,0.5205534416247477,-19.89849220645086
0,0,0,0,0,1,0
0,2.00282588899432,0,0.4026684632710923,6.400929363651507,0.01140606401439215,-16.14755465278433
1.200422079566357,2.002773440305347,0.5993798676416131,1.355444517768513,0.3428732247741522,0.5581754187730201,-45.35014390870104
0.7967155284149455,1.641081619202705,0.4854819645119283,1.003129720208769,0.5833552992666142,0.445000147907659,-39.42083309367414
1.613386105445384,2.615128186383409,0.6169434117402163,1.944963010841241,0.5002999354989441,0.4793683628214893,-60.75003469799186
0.2857313127620013,0,inf,0.2244158610556458,0.4829720678474843,0.4870791673420652,-12.50326927136863
0,0,0,0,0,1,0
0.9645600501351519,0.6481125566374771,1.488260087321037,0.8595833145362474,0.1257537467146079,0.7228759787665249,-34.82022527098316
0,0,0,0,0,1,0
2.272687201750997,1.257302184519862,1.807590275220027,1.92627889564945,0.5987879958513531,0.4390408346076061,-62.14651125932841
0.6436693885852335,1.288585660175667,0.4995161815610185,0.858362301967435,0.4704792412297465,0.4927667778107396,-31.03308056635428
0.2547170599832614,0.9752121825054678,0.26119142536638,0.4039072834672868,0.838618364305681,0.3597922185381558,-18.67803385265629
1.044978731947422,0.9599446095489409,1.088582321888798,1.026823190899966,0.005816155504376752,0.9392092863118146,-36.25334661764818
0.2655207653768176,0,inf,0.1991787582866197,0.5747642634261005,0.4483719116500472,-12.83460951940635
1.609290858017277,1.307408943409536,1.230900909871762,1.50970486530894,0.06297322898875279,0.8018568850328522,-45.37254663685512
0.2854674274593026,0.9971017540351558,0.2862971871266387,0.4438247457730063,0.7340055402649952,0.3915879102084108,-18.14574487536456
0.2654816992221237,2.532512044406359,0.1048293925426739,0.8079748975323293,4.607632438754933,0.03182994947676943,-31.60774415074643
0,0.9952773788698737,0,0.2064184971566944,3.142279633059808,0.07628711340881211,-11.20900638049442
1.416830278705255,0,inf,1.019830279397288,3.28069141386014,0.0700993917140974,-37.28200535150546
1.571995070506438,2.731053873061466,0.5756001688623803,1.937992772884543,0.6508878501850432,0.4197954287726312,-57.62959204817859
0,0.9952774329720124,0,0.2213953810288543,3.002350885269813,0.08314379119047477,-10.90609213385673
0.5537060028820862,0.7776967529281958,0.7119818885668016,0.6124822184487453,0.07354094124545441,0.7862492638574508,-25.26170516970909
0,0,0,0,0,1,0
1.733999591516988,0.7848316736783625,2.209390433225062,1.443997504573613,0.6125352910279815,0.4338348221362992,-43.10904949917035
1.767523195678827,0.674817972522295,2.619259219004323,1.435815949038517,0.9816847766621208,0.3217832156796694,-48.49520772002542
1.056093437937991,0.9944379642823076,1.062000321659261,1.042796378460588,0.003080935496157622,0.9557352103643054,-38.62951129800069
1.281012381125444,2.114787709847934,0.6057404131677864,1.443494741776405,0.3291576253955668,0.5661555302851295,-47.87952455530473
0,0,0,0,0,1,0
0.2016419148879808,1.721138345870287e-13,1171561341200.735,0.2015622170798102,0.0006995755725718311,0.9788988198560433,-13.80024630311469
0.7699640964357742,0.8105808700389372,0.9498917688481695,0.7797247485693675,0.001955776853534985,0.9647257192591745,-33.00923569219054
1.039096594491038,0.776697123691617,1.337840147459597,0.9582908077657548,0.06621619719514626,0.7969278325427117,-33.54918772639028
1.096143144008443,1.079720010623434,1.015210548311989,1.089520054848806,0.000272211146977952,0.9868364413960843,-41.10576106619111
0.2526219017742195,0,inf,0.2035048971498097,0.4322498448437173,0.5108870437196851,-11.87474546630527
0.6901943490112293,2.890596109143022,0.2387723234069709,1.268941186115304,2.469467207821424,0.1160772657941183,-34.66307853178739
0.8332486567441132,2.383150907794059,0.3496415833420309,1.234491029351105,1.573492961041353,0.209700475414167,-41.73049458194156
0.7821853789700628,1.567773835312145,0.4989146784774151,0.9781091570050957,0.541176380841307,0.4619456046656308,-37.32788646039781
1.051915736053218,0,inf,0.5049064956371638,2.93116482537441,0.08688478414963952,-16.18267668183029
1.675518282063759,0.9506869250233436,1.762429079397108,1.511397479285488,0.3110922529950386,0.5770107075060094,-46.43832874900559
2.22987849593483,1.952300706556879,1.142179833488609,2.138689010238274,0.03746783450795022,0.8465156455350812,-62.68657289750691
0.4774558729361434,2.015464237775887,0.2368962266792823,0.7718930314016611,1.906785300085403,0.1673207904426126,-33.33320255607974
1.048343001633552,0,inf,0.8282163158273534,1.883930800931623,0.1698880584008369,-30.91730239096937
1.82564397736251,0.6801479330328229,2.68418661396477,1.471520323356966,1.038489086702512,0.3081731309406225,-48.0162888274598
0.6407277226104119,0.6482259113375474,0.9884327537730423,0.6432215402405509,8.991504611088885e-05,0.9924342891553876,-27.78043219003045
0,0,0,0,0,1,0
0.521342477206453,0,inf,0.4089964507074886,0.9703442883350633,0.324594329452897,-20.04608520600719
0.5234039016327555,1.051622349442406,0.4977108958460953,0.6285680469288641,0.2949742234648198,0.5870504225562296,-27.00074612069152
0.6437168363711655,0,inf,0.4284611975092483,1.626606550365615,0.2021730535725995,-18.21384905540192