Codon,alpha,beta,beta-alpha,Prob[alpha<beta],Prob[alpha>beta],BayesFactor,PSRF,Neff
1,0.396857545652818,0.07158431720718002,-0.325273228445638,3.835198208380669e-09,0.9999987573419291,1.24309450537461e-08,0.9992094143177674,592.9241336974987
2,0.5467846076824577,0.07158425650862596,-0.4752003511738317,6.074300596393061e-13,0.9999999997626446,1.96884991495744e-12,1.006448656215352,220.7906664398196
3,1.222325245559199,0.0716123816590436,-1.150712863900155,7.207511630740602e-27,1,2.336155156637481e-26,1.015741061897264,123.6199686017876
4,0.5450165056885423,0.07173594021365193,-0.4732805654748904,1.578344814501709e-11,0.9999999958277994,5.115854911259454e-11,1.006854303876992,213.3720151456909
5,0.2203508525762999,0.0003097914355506592,-0.2200410611407492,4.694599779889501e-08,0.9999748452174689,1.521650544722409e-07,1.001780513182842,369.9313076602802
6,0.3102794059928323,0.07687614979947696,-0.2334032561933554,0.0001035481661574339,0.995613408830445,0.0003356631887586608,0.9970847860237655,1189.757408051395
7,1.217741411678693,0.07162779467921632,-1.146113616999476,2.373460699403872e-24,1,7.693046832335125e-24,1.015137856904253,127.2075316091064
8,0.8648445498354242,0.0005317515537181985,-0.864312798281706,6.203114401215716e-20,1,2.010602054917983e-19,1.001948787536882,361.0799393421831
9,0.8180464065683865,0.0003486164608839023,-0.8176977901075025,2.441927434936467e-19,1,7.914966581434678e-19,1.010751592342352,161.5525228136084
10,0.4498754292808738,0.07157432622161229,-0.3783011030592615,4.200358897937418e-09,0.9999987103846916,1.361453250870877e-08,0.9983976914655113,733.1606608348044
11,1.318904119198346,0.07516590149873369,-1.243738217699613,5.035758108450043e-26,1,1.632229384474228e-25,1.015833415835892,123.0890226621849
12,0.6236520428949978,0.07790124749216581,-0.545750795402832,6.612669780938294e-09,0.9999995605951277,2.14335036854411e-08,1.000933762421133,422.0740246034592
13,1.206749261332981,0.08231193129164893,-1.124437330041332,1.272792944036483e-19,1,4.125476241842841e-19,1.022485664361513,94.22627223112308
14,1.012545826781871,0.2746804927641928,-0.737865334017678,2.369845935613038e-08,0.9999995036464189,7.681330558674844e-08,1.038605705033397,60.80494885661797
15,1.181253721658318,0.5046374299710447,-0.6766162916872737,3.04659494216164e-05,0.9998239747686727,9.875163151219915e-05,1.062912153883553,40.41222230090579
16,0.8697296349785887,0.07520354334507137,-0.7945260916335173,2.968116084578121e-13,0.9999999999580691,9.620490471238253e-13,1.003681396113052,289.870036104005
17,0.6997722579030884,0.07238556908356056,-0.6273866888195279,1.172198384225415e-11,0.9999999981635067,3.799421270806941e-11,1.001610041372129,379.3569291713761
18,1.089474564732018,0.3460700866497884,-0.7434044780822294,2.805406029209161e-07,0.999996494379167,9.093104438807309e-07,1.062506716337887,40.63188447150103
19,1.202015454795152,0.07204902744229369,-1.129966427352858,9.125227729787093e-19,1,2.957740328230721e-18,0.9990962460088388,609.1515250436221
20,1.221461381018433,0.3622938961730273,-0.8591674848454054,3.182097563243935e-13,0.9999999999885448,1.031406401009773e-12,1.05016140368549,48.86782185012162
21,0.4363247759661698,0.1105615789002139,-0.3257631970659559,5.084811000538718e-05,0.9988596821430141,0.0001648212600792141,0.996765162808474,1402.993186698556
22,1.224888979934535,0.07153963966077244,-1.153349340273763,3.836550973973501e-26,1,1.243532969592972e-25,1.014820609817199,129.1819354763427
23,1.165330081614091,0.6315432671539269,-0.5337868144601643,0.001004146982255817,0.9956696273280272,0.003257991398364921,1.034643933861924,66.49979751716504
24,0.3248126783473361,0.07180510036027675,-0.2530075779870593,9.239835424319708e-07,0.99981727284777,2.994890639618448e-06,0.9988664770122443,645.0112622244581
25,1.223681584797242,0.7579529133933727,-0.4657286714038691,2.412784666352869e-05,0.9996208206429564,7.820695452458198e-05,1.044947283778635,53.56996965295112
26,0.5752720681193449,0.0803877239988107,-0.4948843441205343,3.786580707266236e-09,0.9999996789099155,1.227336219767056e-08,1.002598636676495,330.5716553983344
27,0.4883727731671991,0.07157580405940268,-0.4167969691077964,4.712382929537922e-10,0.9999998504776059,1.527414487841353e-09,1.003053416995751,312.1451769467036
28,0.7209774749324921,0.07222119454874507,-0.648756280383747,1.665802327941448e-13,0.9999999999593205,5.399329057981562e-13,1.004015593404096,279.2790757563077
29,0.4947063322077684,0.07981993960850423,-0.4148863925992642,1.427263628332669e-07,0.9999913496097117,4.626159390271807e-07,0.9975302445900682,981.988685115674
30,1.222358040970539,0.08297483144670006,-1.139383209523839,5.683986409837917e-19,1,1.842338221830351e-18,1.024170631871592,89.00440237690752
31,0.5858377465904375,0.4082860709823851,-0.1775516756080524,0.05384575412402558,0.8566385712688881,0.1844615495198423,1.050870041181603,48.29653958734813
32,0.9370403358022003,0.4595867245361454,-0.4774536112660548,0.0007994248679615871,0.9958926826735007,0.002593231628605564,1.044077870160661,54.45124159046936
33,1.215345843488344,0.08355984227347289,-1.131786001214871,5.610532142087171e-18,1,1.818529648889442e-17,1.024472879813425,88.13085027126893
34,1.214726617746954,0.758719144864181,-0.4560074728827732,0.0006092418910472944,0.9970507533766169,0.001975926382038662,1.058914962669737,42.69966595161796
35,0.5647016756319652,0.1687936889065816,-0.3959079867253836,4.425879701824559e-05,0.9992609986739767,0.000143461430986874,1.002408894937055,338.9271468956711
36,2.745117039485409,0.7455691678728893,-1.999547871612519,6.128482644236707e-09,0.9999993270620815,1.986411837113853e-08,1.007826890233653,197.4943484234152
37,1.225760885047523,0.4671175652650901,-0.7586433197824327,8.058144615632695e-12,0.9999999997277976,2.611868986322844e-11,1.027062330584122,81.32171764475477
38,1.223772246745842,0.07233356882701919,-1.151438677918823,1.857334737491489e-22,1,6.020138914637882e-22,1.015378159078079,125.7528952303487
39,0.9950412819208883,0.3197076976374464,-0.6753335842834418,9.661673697884427e-07,0.9999869810675222,3.131620425327017e-06,1.035236288818469,65.57700612604484
40,1.057006022071478,0.09681583969329613,-0.960190182378182,6.466396902123667e-13,0.999999999955298,2.09593924251751e-12,0.9989425102684686,632.6835992949929
41,1.219104941459299,0.510788841680798,-0.7083160997785012,1.327754738034722e-07,0.9999986108351147,4.303623287444366e-07,1.052500716786351,47.03544674200996
42,1.224093764305121,0.5173812696567628,-0.7067124946483581,6.094694252418342e-09,0.9999999049119144,1.97546007861663e-08,1.044992362513598,53.5251121963066
43,0.6474552259380533,0.2056063428064598,-0.4418488831315935,2.811236739599691e-05,0.9995742318989732,9.1122570104228e-05,0.9965569855604485,1588.581696602094
44,0.9934383199379943,0.5309484508374127,-0.4624898691005815,0.01490930831991514,0.9620087071560048,0.04905661885805939,1.056027927513698,44.53832537173631
45,0.4356990532759035,0.2532762806250309,-0.1824227726508726,0.009885895723189871,0.9419923057495865,0.03236287601536791,0.9987720125854536,661.0172646061729
46,1.158464128747677,0.4511459113414814,-0.7073182174061959,2.680118114668283e-06,0.9999746846035172,8.687032162390393e-06,1.058360194733571,43.03996526191744
47,1.188974433581958,0.5790003397639761,-0.6099740938179822,0.0002664010946121399,0.9988273948126816,0.0008637101996495263,1.022729388810004,93.43169960516104
48,0.3826331013431564,0.2115647597022491,-0.1710683416409073,0.009278109559600258,0.9369369463939821,0.0303545688663654,1.012489537063541,145.8849059828931
49,1.087084283519975,0.5689755805404911,-0.5181087029794841,0.002712349170095611,0.9896459590862708,0.008815389116342923,1.018572655925304,109.2319094399442
50,0.9781595855017073,0.4462309837585786,-0.5319286017431287,0.0002739854909255566,0.9983600532701807,0.0008883066291719591,1.054068072931583,45.88898354067056
51,1.023744354528568,0.5016906128097859,-0.5220537417187826,0.001769665261074294,0.9929382646784622,0.005746146492654476,1.055093863804769,45.17105192984896
52,1.074445060489794,0.3693993175057516,-0.7050457429840428,8.773984213790694e-08,0.9999985205454912,2.843892776574621e-07,1.02730364907021,80.74275248943025
53,1.193727214263655,0.7220408743563439,-0.4716863399073116,0.001312919337910122,0.9945849699369627,0.004261131576509557,1.075625449407207,34.64602512815247
54,1.216697919034889,0.7943258696467379,-0.4223720493881511,0.0009870091508328133,0.9937729985798892,0.00320233214492664,1.025156236285502,86.22036130205994
55,1.465754014130918,0.5286841085226058,-0.9370699056083122,5.314589387887205e-10,0.9999999892515194,1.722606364944041e-09,1.00794407591523,195.7421823478516
56,1.024446738855825,0.5614289432370553,-0.4630177956187697,0.007217521985137416,0.9765298844790162,0.02356407212016631,1.019291847659998,106.1114689331816
57,2.814814614273922,1.226842527386446,-1.587972086887476,8.035378250309057e-13,0.9999998829747003,2.604489773550092e-12,1.002302502093442,343.8019457429909
58,1.202907784862874,0.497419653756368,-0.7054881311065058,8.370499297559156e-07,0.9999920488595506,2.713114104813326e-06,1.055970543002143,44.576637851077
59,1.196039845054221,0.7549373155893817,-0.441102529464839,0.003425582483264968,0.9887519221968436,0.01114143231068675,1.074089275176713,35.24419510484312
60,2.435968770381053,1.204017606142217,-1.231951164238836,0.000420599732378529,0.7888724512467611,0.00136385445274553,1.014709114664542,129.8909179280588
61,1.20605069832259,1.227267160394844,0.02121646207225392,0.08846007927319613,0.0001490583706670327,0.314548749029085,1.031363593812466,72.15428123609102
62,1.207860485174568,0.6981352094955475,-0.5097252756790209,0.0004870527149886625,0.9979636047640952,0.001579442703089358,1.07813415302638,33.71675242422462
63,1.177327741734769,0.5206422662940732,-0.6566854754406958,2.76472915514218e-05,0.9998137638766647,8.961504576988524e-05,1.047061802240372,51.54949835213358
64,1.167635946273906,1.226825709894484,0.05918976362057826,0.2149770194883332,8.223923696775058e-05,0.8876177909360057,1.009131081441595,179.6306502475284
65,1.226274889507663,0.6960954883726596,-0.5301794011350034,1.151335827722493e-07,0.9999870151417557,3.731800347235428e-07,1.064513579175244,39.56965591117243
66,1.202065657627362,0.4596851889394989,-0.7423804686878632,1.888539289462775e-07,0.9999980249380809,6.121282710086084e-07,1.04868878444741,50.1032591448953
67,1.21687120470312,1.226749195431821,0.009877990728701436,0.04333726644726851,0.0004383971527206628,0.1468314166747179,1.038586353055565,60.830249938895
68,1.20254178623646,0.8510792007131582,-0.3514625855233013,0.008606343938131453,0.956170519673142,0.02813771936116565,1.016783341505774,117.8890475653655
69,1.0570644519018,0.4094934415186442,-0.6475710103831562,3.868685073394732e-05,0.9997488136557365,0.0001253997038935777,1.053060778051014,46.61867127597208
70,0.6781939826662013,0.3692598343038141,-0.3089341483623872,0.007254932162319623,0.9721168892024942,0.02368710303542582,1.04325246552699,55.31730047589279
71,1.165496605281521,1.019499782679275,-0.1459968226022466,0.08772927384098068,0.6081672943705128,0.311700233011058,1.003875590666608,283.6189264995721
72,1.095971680740369,0.3192573669568469,-0.7767143137835221,4.3127289344952e-08,0.999999365492149,1.397875562357104e-07,1.069005442645968,37.40109038128009
73,0.6751152654123377,0.7665923731867994,0.09147710777446172,0.6488151647085681,0.1833710726346272,5.988272697495252,1.027596714703205,80.05116207149888
74,2.81413595075256,1.226760909542209,-1.587375041210352,7.908222126302266e-08,0.9995726478100784,2.563275136793405e-07,1.002477718137985,335.8475130362521
75,0.8261510542452971,0.1222991849105587,-0.7038518693347384,4.04605538211534e-09,0.9999998124207758,1.311439185598998e-08,1.004532103343499,264.3694373508017
76,1.225635933286854,0.8440815633991985,-0.3815543698876553,0.00010111895326825,0.9920097502159523,0.0003277878218131801,1.034891513987052,66.11077483404914
77,0.6412266566465987,0.5786897565840146,-0.06253690006258417,0.2777930350998262,0.5551615348505906,1.246740339525709,1.027852187302993,79.45835053639804
78,1.154617145504328,0.8005354005420975,-0.3540817449622309,0.02371580877044074,0.9334997941347118,0.07873684603143583,1.018855892487402,107.9805490630397
79,2.420512073056996,0.5195220401620364,-1.90099003289496,0.004438911376410214,0.9915631884751607,0.01445189813568575,1.073729043986867,35.38784841515948
80,1.224619594266534,0.5126261834280322,-0.7119934108385017,3.019459422879663e-08,0.9999996535928635,9.786908818742433e-08,1.0398846971189,59.18115223820951
81,1.078764617584507,0.6664707773070742,-0.4122938402774328,0.02224396615127868,0.9454244727380872,0.0737391372724511,1.056386763042602,44.3003760921107
82,1.214034830872242,0.5581896343076184,-0.6558451965646236,6.617197246773137e-06,0.9999541864951536,2.144832024856564e-05,1.023710015956451,90.37103241660674
83,1.182615554732986,0.5337878787820844,-0.6488276759509011,4.052196136464615e-05,0.9997404038147011,0.0001313482794618052,1.034360328307961,66.95144128142118
84,1.171185705531775,0.6272328262700446,-0.5439528792617301,0.001469189092478401,0.9946807317665709,0.004769057477405719,1.038414935869365,61.05534841631739
85,0.5239070051672909,0.4915742468421668,-0.03233275832512417,0.3009709065965073,0.4910140918158253,1.395550627906539,1.067634185558938,38.0346303849221
86,1.191737616210682,1.051576736433498,-0.1401608797771834,0.05233550488997281,0.577307884357831,0.1790021056770101,1.017257378390201,115.4600689134152
87,2.410637026312421,0.9907210320069219,-1.419915994305499,0.0001183474258634899,0.9696241883881873,0.000383642354946554,1.016246505685538,120.7706245527584
88,0.4201786110255726,0.2773266549997795,-0.142851956025793,0.06935168966511943,0.8131506207339964,0.2415392896472787,0.9999889926337341,501.0921275391316
89,0.6014576989314599,0.5339470360520411,-0.06751066287941887,0.2491956888160411,0.5758324739595757,1.075796428686906,1.040403412450434,58.54867580948579
90,1.213764508087907,0.722270744696045,-0.4914937633918623,0.0002239052076492521,0.9986989704685378,0.0007259016401424934,1.064005063246839,39.83296284370561
91,1.462565482375696,0.7757099537825205,-0.686855528593175,0.07234976938697088,0.8970123274951011,0.2527954341103751,1.124458296440343,23.03893389455837
92,0.3468874007614465,0.8821809811047052,0.5352935803432587,0.99707307650752,0.0008451541851348416,1104.159847952324,0.9985892336134587,694.3711170603804
93,0.2436670855116451,0.8357307266254338,0.5920636411137887,0.999995240554116,4.339322113417209e-07,681016.8714117625,1.004337324413179,269.7984738912044
94,0.6101078968325766,0.7590441882100853,0.1489362913775087,0.7736121439302895,0.1063397011495525,11.0760901850228,1.020443603689653,101.4815454773101
95,0.5215525521597076,0.9616009681087574,0.4400484159490498,0.9946684555104575,0.00102320327078235,604.7023256989177,1.010895626548984,160.1239422981903
96,3.130109966551034,0.8057602234687368,-2.324349743082297,0.001768097476108352,0.9961991175965338,0.005741046839746527,1.038192787363237,61.34972381398362
97,0.9400471415271262,1.107293353298013,0.1672462117708869,0.6343424987326122,0.1012581226751969,5.622968528218546,1.003561070644593,293.8853967498857
98,1.006834957537307,0.7360817505451778,-0.2707532069921292,0.1158954652295884,0.7985314848555911,0.424892589185395,1.102352693943968,26.98227136208817
99,2.434539582636228,0.9174798404980244,-1.517059742138203,6.810837232975552e-06,0.9949671571647875,2.207596977591524e-05,1.017821170652228,112.7025011875467
100,1.261140198071325,0.8344680512978379,-0.4266721467734867,8.631399846613675e-06,0.99801921723127,2.797701112573858e-05,1.032312169225615,70.41699092782559