ObservedSChanges	ObservedNSChanges	E[SSites]	E[NSSites]	ObservedS.Prop.	P{S}	dS	dN	dN-dS	P{Sleq.observed}	P{Sgeq.observed}	ScaleddN-dS
3	0	0.9999999999999999	2	1	0.3333333333333334	3	0	-3	0.9999999999999999	0.0370370370370372	-0.4220165489711689
22	2	0.7335820281876768	2.148978532222922	0.9166666666666666	0.2544897194052997	29.98982956868677	0.930674722902505	-29.05915484578426	0.9999999999996095	1.328959164936805e-11	-4.087814748012231
8	0	1	2	1	0.3333333333333333	8	0	-8	1	0.000152415790275473	-1.125377463923117
4	0	0.9999999999999998	2	1	0.3333333333333334	4.000000000000001	0	-4.000000000000001	1	0.01234567901234573	-0.5626887319615586
7	6	0.7357116578731591	2.264113384471033	0.5384615384615384	0.2452515221681869	9.514597091251801	2.650043960321265	-6.864553130930537	0.9950238093819461	0.02190446692857828	-0.9656516741815123
19	2	0.9986178996442859	2.001382100355714	0.9047619047619048	0.332872633214762	19.02629625081617	0.999309427042708	-18.02698682377347	0.9999999959988198	8.232981318911925e-08	-2.535895589239203
14	5	0.733472051468093	2.264863509626252	0.7368421052631579	0.2446264057250441	19.08729851666205	2.207638552499395	-16.87965996416265	0.9999990788843618	8.779996384822297e-06	-2.374498615294241
14	7	0.733651431677106	2.266042486594986	0.6666666666666666	0.2445754305825009	19.08263160885055	3.089085946715139	-15.99354566213541	0.9999923368906342	5.239552361513411e-05	-2.249846982049064
13	0	0.9999999999999999	2	1	0.3333333333333334	13	0	-13	0.9999999999999994	6.272254748918016e-07	-1.828738378875065
2	0	0.7335192237762145	2.148986003360684	1	0.2544728165175943	2.726581574377619	0	-2.726581574377619	1	0.06475641434639701	-0.3835541821690731
4	0	0.7335192237762145	2.148986003360684	1	0.2544728165175943	5.453163148755238	0	-5.453163148755238	1	0.004193393199002249	-0.7671083643381461
6	0	0.9999999999999998	2	1	0.3333333333333334	6.000000000000002	0	-6.000000000000002	0.9999999999999999	0.001371742112482921	-0.8440330979423379
22	4	0.9992085829028715	2.000395708548565	0.8461538461538461	0.3331134662497027	22.01742496655327	1.999604369728575	-20.0178205968247	0.9999999914080548	1.014623107753465e-07	-2.815950522065314
7	10	0.7340688475410789	2.26535651356401	0.4117647058823529	0.2447364942165534	9.535890296186798	4.414316219157635	-5.121574077029163	0.9642596625413384	0.0975065667938706	-0.7204630057626822
4	5	0.7337083703427963	2.149018896994701	0.4444444444444444	0.2545188296707838	5.451757348946636	2.326643105368808	-3.125114243577828	0.9474687757538282	0.1742713110802998	-0.4396166427384532
4	15	0.7284973169765701	2.096241175471918	0.2105263157894737	0.2578990299187332	5.490754607856227	7.15566518562594	1.664910577769714	0.4338229720709662	0.7616683988217107	0.2342066054586565
5	1	0.7335192237762143	2.149069776916031	0.8333333333333334	0.2544654210503342	6.81645393594405	0.4653176042683106	-6.35113633167574	0.9997284982394701	0.005044188357054891	-0.8934282122464015
5	0	0.7335192237762144	2.148986003360684	1	0.2544728165175942	6.816453935944049	0	-6.816453935944049	1	0.001067104578115874	-0.9588854554226827
30	7	0.9981140931058003	2.0018859068942	0.8108108108108109	0.3327046977019334	30.05668410777563	3.496702772067595	-26.55998133570804	0.999999999654938	3.128879266789397e-09	-3.736250554678054
9	7	0.9988079840845544	2.001192015915446	0.5625	0.3329359946948514	9.010740946618327	3.4979152146966	-5.512825731921726	0.9841959255062317	0.04959852016293786	-0.7755012301550216
9	4	0.7350562170827846	2.264103044930533	0.6923076923076923	0.2450874237966762	12.24396146966592	1.766704041565709	-10.47725742810021	0.9998947876902236	0.0008461504053741686	-1.473858674163131
3	2	0.7335192237762143	2.149041347599439	0.6	0.254467930721107	4.08987236156643	0.9306475197576243	-3.159224841808806	0.9833026527615959	0.1082839254799273	-0.444415055054713
5	6	0.7335515323718733	2.266229879238429	0.4545454545454545	0.2445349949608822	6.816153711563994	2.647569010967375	-4.16858470059662	0.9690568251303363	0.1060420064332696	-0.5864039098132662
6	8	0.6344919253341068	2.180742563142346	0.4285714285714285	0.2253780024119699	9.456385117652298	3.668475195197907	-5.787909922454391	0.9777423519019163	0.07327795782949242	-0.8141979237433958
11	9	0.7337105293665508	2.264761327618909	0.55	0.2446948193484774	14.9922885930189	3.973928683011506	-11.0183599100074	0.9992399037740105	0.003290446000567049	-1.549976741514533
2	4	0.7337071306086029	2.149240596732189	0.3333333333333333	0.2544989365052999	2.725883280350593	1.86112248488224	-0.8647607954683532	0.8233854221391952	0.4767078590603746	-0.121647788863039
5	4	0.7333656759296531	2.265539227759724	0.5555555555555556	0.244544491900172	6.817881125485912	1.765584083024418	-5.052297042461494	0.9910897981313415	0.04480202669850153	-0.7107176540789475
26	5	0.9992280665243159	2.000246813964562	0.8387096774193549	0.3331343339543	26.02008577525008	2.499691520612808	-23.52039425463727	0.9999999991366519	9.543304591019819e-09	-3.308665204594443
9	0	0.7335192237762143	2.148986003360684	1	0.2544728165175942	12.26961708469929	0	-12.26961708469929	0.9999999999999998	4.474789080721742e-06	-1.725993819760829
4	13	0.7330351359522375	2.26421452764376	0.2352941176470588	0.2445692612315676	5.456764353872157	5.741505427724804	0.284741073852647	0.5946685812876299	0.6275165159086989	0.0400551484458796
3	3	0.9997476516104682	2.000252348389532	0.5	0.3332492172034894	3.000757236255945	1.49981076258473	-1.500946473671215	0.8999458824837852	0.3194497673769594	-0.2111414170030572
9	12	0.7347784082580618	2.263079327467425	0.4285714285714285	0.2451011599055231	12.24859073000837	5.302509662102302	-6.946081067906065	0.9820120579022387	0.05012582840250301	-0.9771203870505628
9	2	0.7335192237762144	2.149180100400531	0.8181818181818182	0.2544556824308051	12.26961708469929	0.9305874364029664	-11.33902964829632	0.999990378164809	0.0001463377280425116	-1.595086053618593
4	25	0.7600598625920636	2.058726633784592	0.1379310344827586	0.2696408059173921	5.262743366500942	12.14342865620876	6.880685289707813	0.07634228960519085	0.9723249690498988	0.9679210201730594
7	10	0.6327545943904533	2.18517185137686	0.4117647058823529	0.2245461712958785	11.06274069292734	4.576299110616438	-6.486441582310898	0.9781588452627336	0.06585344539098148	-0.9124618972233109
6	4	0.7339342001322041	2.266065799867796	0.6	0.2446447333774013	8.175119784470073	1.765173809265981	-6.409945975204092	0.9969334578970219	0.01772335576080053	-0.9017010931824214
8	12	0.7342396093686425	2.264798969948496	0.4	0.2448249963946193	10.89562575748131	5.298483511882247	-5.597142245599067	0.9638936278855773	0.09204147734834256	-0.7873622181961522
9	4	0.9997427900849171	2.000082238950462	0.6923076923076923	0.3332670340464469	9.002315484801395	1.999917764431022	-7.002397720370373	0.9983551309177421	0.008810343758464123	-0.9850425734914282
9	1	0.7335192237762145	2.149041619864184	0.9	0.2544679066860042	12.26961708469929	0.4653237009263685	-11.80429338377292	0.9999988615075048	3.449368860419799e-05	-1.660535718954349
10	32	0.9742559056668525	1.842234224294212	0.2380952380952381	0.3459113509055048	10.26424365696327	17.37021252672672	7.105968869763448	0.09311189539273258	0.9523621060180698	0.9996121531713758
10	3	0.9998112509086509	2.000188749091349	0.7692307692307693	0.3332704169695502	10.00188784724294	1.499858451540059	-8.502029395702882	0.9997877765276812	0.001645014514829457	-1.195999034941987
6	0	0.9999999999999999	2	1	0.3333333333333334	6.000000000000001	0	-6.000000000000001	0.9999999999999999	0.001371742112482921	-0.8440330979423377
1	18	0.03581315278723681	2.962271490208285	0.05263157894736842	0.01194534412859481	27.92270219661819	6.076418066169342	-21.84628413044884	0.9786772835523039	0.2041368245673194	-3.073164478858544
6	2	0.7335192237762145	2.149041263625256	0.75	0.2544679381342165	8.179744723132858	0.9306475561228471	-7.249097167010011	0.9995703321994128	0.004655274836486645	-1.019746323192747
4	7	0.8478729615448296	2.152127038455171	0.3636363636363636	0.2826243205149432	4.717687886534294	3.252596094431631	-1.465091792102663	0.8263009219137133	0.3795622255911164	-0.2060976606763837
13	6	0.7339118955734821	2.265914553036327	0.6842105263157895	0.244651451724347	17.71329784734139	2.647937448462033	-15.06536039887936	0.9999912087322441	6.547880169383014e-05	-2.119277134847326
10	6	0.7335192237762141	2.148738472528592	0.625	0.2544946708674319	13.6329078718881	2.79233609706784	-10.84057177482026	0.9996620663222451	0.001904740682108663	-1.524966896427969
10	35	0.9767032530245953	1.839659232191957	0.2222222222222222	0.346796003054094	10.2385243102576	19.02526260708481	8.786738296827211	0.0513342880875988	0.9756596462576599	1.236049657579942
9	12	0.7349074489096169	2.263805758859365	0.4285714285714285	0.2450742695252215	12.24644002908572	5.300808142676643	-6.945631886409076	0.9820257912814974	0.05009410252630309	-0.9770571997088224
4	2	0.7335192237762145	2.149953732697437	0.6666666666666666	0.254387412279834	5.453163148755238	0.9302525768732254	-4.522910571882013	0.9949631231014743	0.03995896405458343	-0.6362477036169543
4	9	0.7350151764241034	2.262440543926356	0.3076923076923077	0.2452130223088554	5.442064501933498	3.978005090193856	-1.464059411739642	0.805852343825356	0.3996892645690799	-0.2059524334770411
7	25	0.860351633336232	2.139648366663765	0.21875	0.2867838777787443	8.136208183688479	11.68416286970607	3.54795468601759	0.2617109821547186	0.8532386159113833	0.4990985308330768
17	74	0.9889181750960485	2.011081824903948	0.1868131868131868	0.3296393916986832	17.19050213466739	36.79611594298723	19.60561380831984	0.001836177828856396	0.9991962292348704	2.757964493282878
8	12	0.7349391754461881	2.264386114606301	0.4	0.245034834295458	10.88525454523924	5.299449560565066	-5.585804984674176	0.9637067632954289	0.09242552141928662	-0.7857673809527161
4	2	0.7337071580258824	2.148811047155237	0.6666666666666666	0.2545368687375839	5.451766356978754	0.9307472626072709	-4.521019094371483	0.9949491079303668	0.04004108895988878	-0.6359816253464707
12	5	0.7344878407025058	2.265512159297493	0.7058823529411765	0.2448292802341687	16.3379151226282	2.207006472898577	-14.13090864972962	0.999990340982195	8.015044252907e-05	-1.987825767395244
9	18	0.7224968069391043	2.108642760083486	0.3333333333333333	0.2551964641216642	12.45680245720251	8.536296588848145	-3.920505868354361	0.8737391975980233	0.2332898714071506	-0.551506118928041
11	24	0.7301622963238165	2.085821404235279	0.3142857142857143	0.2592920890056457	15.06514381170081	11.50625837440722	-3.558885437293595	0.8263914293122379	0.284164181224092	-0.5006361834767974
6	12	0.7389641158803073	2.260869828508329	0.3333333333333333	0.2463350070635019	8.119474100379513	5.30769168958185	-2.811782410797663	0.869289325047278	0.2700162459162299	-0.3955395698208876
4	3	0.9999371410609278	2.000062858939071	0.5714285714285714	0.3333123803536427	4.000251451562267	1.499952857277367	-2.5002985942849	0.9547445808254248	0.1732645639265455	-0.3517224613858593
3	7	0.7344483725724046	2.260340983167185	0.3	0.2452420806040384	4.084698274287821	3.096877883526942	-0.9878203907608794	0.7868819020349398	0.4600743197735579	-0.1389588507707526
7	13	0.7717440366030742	2.227634899730182	0.35	0.2573012790262947	9.07036487228506	5.835785748182793	-3.234579124102267	0.8833384996554036	0.237741432105657	-0.4550153064426083
7	14	0.7328851362104957	2.264279912601697	0.3333333333333333	0.2445261186069635	9.551292084042887	6.182981142076979	-3.368310941965907	0.8826294565589966	0.2372802011806797	-0.4738276531967597
29	73	0.9618958659349011	2.028982545535878	0.2843137254901961	0.3216098194583189	30.14879367613651	35.97862394657507	5.829830270438556	0.2439476438474783	0.818659619110225	0.8200949506060451
19	17	0.7227327157294217	2.252689860208156	0.5277777777777778	0.2429008644265204	26.28911018760809	7.54653372410046	-18.74257646350763	0.9999429506045586	0.000216681748377523	-2.636559145985915
15	2	0.7335192237762143	2.150669134936771	0.8823529411764706	0.2543243133064768	20.44936180783215	0.9299431360736942	-19.51941867175846	0.9999999960387537	9.504838971441387e-08	-2.745839235259634
1	17	1.101147010836254	1.169082757897895	0.05555555555555555	0.4850376935415834	0.9081439536765951	14.54131444942988	13.63317049575329	0.0001164446441656209	0.9999935142837695	1.917807854717787
12	14	0.7339568594665494	2.264941729237768	0.4615384615384616	0.2447421404081749	16.34973479057308	6.181174473177943	-10.16856031739514	0.9957174014494306	0.01304679907097339	-1.430433577717423
4	11	0.7286304955232346	2.085982844899094	0.2666666666666667	0.2588741000616109	5.489751011762928	5.273293606847523	-0.2164574049154044	0.6568575441280697	0.5702852468313484	-0.03044953567388463
12	16	0.9970652895039164	2.000226343671722	0.4285714285714285	0.3326554141304973	12.03532018045732	7.999094727764434	-4.036225452692881	0.8974879232866746	0.1889534546768648	-0.5677846454716812
14	9	0.9984970726596504	2.00150292734035	0.6086956521739131	0.3328323575532167	14.02107265343187	4.496620952715486	-9.524451700716384	0.9982814876253808	0.006099735740221712	-1.339825412526303
3	4	0.9977927301811967	2.002207269818804	0.4285714285714285	0.3325975767270655	3.006636457909658	1.99779516351571	-1.008841294393948	0.8278317543125129	0.4276597145599753	-0.1419159071732469
21	31	0.9908756655530306	1.997435056917985	0.4038461538461539	0.331583880518851	21.19337544562608	15.51990383498754	-5.673471610638538	0.8937312417694484	0.1682412095434388	-0.7980996366025249
3	36	0.9869532769366053	2.011170237331326	0.07692307692307693	0.3291903326329753	3.03965757053026	17.90002622939037	14.86036865886011	0.0002208610034194629	0.9999656975462154	2.090440499283821
3	30	0.7343918136406958	2.264045738883169	0.09090909090909091	0.2449248319420689	4.085012855913672	13.25061569418589	9.165602838272214	0.02385613474796478	0.9936696897075192	1.289345359682663
14	19	0.7350743741753295	2.264261753080285	0.4242424242424243	0.2450790251534498	19.04569182636304	8.391255990678877	-10.65443583568416	0.9930474774004612	0.01800849844137209	-1.498782747536727
9	12	0.7372871518711781	2.085828300019855	0.4285714285714285	0.2611608219484309	12.20691283872056	5.753110167258624	-6.453802671461936	0.9722344640596333	0.07172123118208718	-0.9078705103837588
0	26	0.02515505365201136	2.974402482401149	0	0.008386254755796605	0	8.741251445907533	8.741251445907533	0.8033522063130133	0.1966477936869867	1.229650922963712
9	18	0.7336740596207683	2.147897610741968	0.3333333333333333	0.2546089924351638	12.26702768345394	8.38028773344652	-3.886739950007419	0.8752532084917326	0.2310770980677939	-0.5467561934835014
3	22	0.8256596456464644	2.005247803888121	0.12	0.2916590034697908	3.633458430260447	10.9712126138937	7.337754183633255	0.04016071007288602	0.9887918063903772	1.032217899258554
1	19	0.9908542404866741	1.824018683829833	0.05	0.352006739603447	1.009230176487748	10.4165599664288	9.407329789941057	0.002021435542945352	0.9998296234663087	1.323349617661532
8	29	0.7333060917559675	2.264965482830604	0.2162162162162162	0.2445762745347984	10.90949617075085	12.80372712954447	1.894230958793623	0.4294705249371312	0.7155802748478924	0.2664656040614776
11	8	0.734706597911561	2.264414781586124	0.5789473684210527	0.2449739456809231	14.97196300028886	3.532921647153508	-11.43904135313536	0.9996043132784541	0.001917750170451149	-1.609154918462891
7	30	0.7332941379878307	2.265227980076724	0.1891891891891892	0.2445518522508506	9.545964760073081	13.24370008840518	3.697735328332099	0.2845356119230952	0.8349684807410849	0.5201685007571615
8	17	0.7226527901011593	2.108745456702577	0.32	0.2552282395869024	11.07032327223165	8.061665264513586	-3.008658007718067	0.8354540108862997	0.2945272838782846	-0.4232344898172169
6	5	0.9994749773222807	2.000262511338859	0.5454545454545454	0.3331874809379978	6.003151790827975	2.499671903890901	-3.503479886937075	0.961462276898794	0.1218660669164194	-0.4928421637583617
4	40	0.2581595836822539	2.740063491747548	0.09090909090909091	0.08610419478051883	15.49429210779659	14.59820187396057	-0.8960902338360217	0.6720917524232254	0.5314753678951638	-0.1260549693500819
3	10	0.7418579547144241	2.256824212713129	0.2307692307692308	0.2473946598184608	4.043900831601706	4.431005278864015	0.3871044472623097	0.5929939001507424	0.6594761994683039	0.05445482764167726
3	24	0.999349670073119	2.000650329926881	0.1111111111111111	0.3331165566910397	3.001952259393351	11.99609928881333	8.994147029419974	0.008285402721636281	0.9981877070914462	1.265226296765036
6	15	0.9969661096743254	2.002990279061147	0.2857142857142857	0.3323268676230863	6.018258736959468	7.488803194307507	1.470544457348039	0.4224882857416296	0.7482626265827768	0.2068646989995665
4	36	0.7365651542291505	2.260386325251488	0.1	0.2457714645272785	5.430612590119315	15.92648106114988	10.49586847103057	0.01850028063301744	0.9944754268935142	1.476476730199873
6	7	1.726799523640624	1.272357932694735	0.4615384615384616	0.5757615426269027	3.474636121829682	5.501596539878252	2.02696041804857	0.2876787798632766	0.8669333089811734	0.2851369468420051
13	23	0.6149125204742412	2.212499062646816	0.3611111111111111	0.2174824932263544	21.14121857524378	10.39548463016525	-10.74573394507853	0.9851824768712738	0.03479956124089512	-1.511625851888128
7	20	0.7381909106733954	2.259347844139578	0.2592592592592592	0.2462656769618492	9.482641819057935	8.852111927730435	-0.6305298913274999	0.6597396401030944	0.5111126053665905	-0.08869801625373254
2	18	0.7403592868317499	2.258534059984262	0.1	0.2468774982003961	2.701391115871164	7.969771330402442	5.268380214531279	0.09639363456077428	0.9739618311311207	0.741114545601492
2	22	0.9974879119670748	2.001981106140208	0.08333333333333333	0.3325548308535312	2.005036829023765	10.98911469869748	8.984077869673715	0.00497741428149804	0.9992083876431032	1.263809846082651
8	15	0.7562246569055056	2.1353463667862	0.3478260869565217	0.2615272634528008	10.57886691070911	7.024621500902324	-3.554245409806784	0.8788469167963273	0.23481815881999	-0.4999834606810922
6	24	0.72935470612538	2.188846091412818	0.2	0.2499330089761696	8.226449969555098	10.96468138813218	2.738231418577083	0.3483661749763437	0.7971679695160574	0.3851929911841095
4	17	1.004347660386915	1.730194880208172	0.1904761904761905	0.367281783141816	3.982684639758148	9.825482779115964	5.842798139357816	0.06848056441574625	0.9769802763955815	0.8219191690356507
4	35	0.9782198729222858	2.019384522021958	0.1025641025641026	0.3263338800050302	4.089060251915142	17.33201360033967	13.24295334842453	0.001174613382905101	0.9997487115607508	1.862915156762768