Codon,alpha,beta,beta-alpha,Prob[alpha<beta],Prob[alpha>beta],BayesFactor,PSRF,Neff
1,1,0.0295124993954021,-0.9704875006045979,7.201315599450041e-183,1,9.476965469848698e-182,-nan,-nan
2,1,0.1075588026864192,-0.8924411973135808,7.06271576954961e-137,1,9.294567436606883e-136,0.9960548468377888,2334.129080719731
3,1,0.05267496584037292,-0.9473250341596271,6.903703362645531e-168,1,9.085306355253558e-167,-nan,-nan
4,1,0.1614771851020997,-0.8385228148979003,9.246877223224513e-127,1,1.216893426461153e-125,0.9959460607514515,2598.583940455013
5,1,0.02858788769830448,-0.9714121123016956,3.582107779742843e-187,1,4.714070820683356e-186,-nan,-nan
6,1,0.07841212658375407,-0.9215878734162459,8.583551621858612e-157,1,1.129599462843014e-155,0.9962368947109204,1994.589517165475
7,1,0.02817551194515207,-0.9718244880548479,2.327198472649938e-186,1,3.062604223105067e-185,-nan,-nan
8,1,0.07643220235404212,-0.9235677976459579,1.308212410370123e-158,1,1.72161373419768e-157,0.9962060658384458,2044.953166260069
9,1,0.02810947048115226,-0.9718905295188477,3.338630220748851e-187,1,4.393653198735871e-186,-nan,-nan
10,1,0.02741673233259645,-0.9725832676674036,6.658516263063129e-189,1,8.762638969786904e-188,-nan,-nan
11,1,0.09407220044277702,-0.905927799557223,1.563387218027895e-169,1,2.0574249908426e-168,-nan,-nan
12,1,0.1492515808932336,-0.8507484191067665,2.736560175089872e-121,1,3.601326164273429e-120,0.9985531345864633,701.3629015290265
13,1,0.394417935152674,-0.605582064847326,3.835198259172248e-54,1,5.04713909149808e-53,0.9977342542490161,909.3338800568947
14,1,0.0852765677632252,-0.9147234322367748,1.620471610502544e-150,1,2.132548321972659e-149,0.9963227271565931,1866.618454725808
15,1,0.09339004934259046,-0.9066099506574096,2.537730632976168e-144,1,3.339665544213769e-143,0.9957662392415008,3197.717841383555
16,1,0.3771718588103009,-0.6228281411896992,9.535737021100648e-64,1,1.254907512808218e-62,0.9982223501193914,772.696536009112
17,1,0.1605749194834187,-0.8394250805165813,1.633143676094972e-115,1,2.149224820369739e-114,0.9961750761388699,2098.215919935918
18,1,0.09184494629558271,-0.9081550537044173,6.912184696298773e-166,1,9.096467830550679e-165,-nan,-nan
19,1,0.1009578632773042,-0.8990421367226957,2.198605889366013e-160,1,2.893375773854284e-159,0.9953774791018488,6535.774647887324
20,1,0.08765722523447723,-0.9123427747655227,1.358030029236834e-169,1,1.787173956808388e-168,-nan,-nan
21,1,0.436162788887843,-0.563837211112157,3.076115456915437e-50,1,4.048182524965547e-49,0.9959590162289421,2563.983261788174
22,1,0.2071471410086064,-0.7928528589913937,8.78356615411269e-97,1,1.15592147011325e-95,0.9959363537143273,2625.128040920458
23,1,0.1069143395460959,-0.893085660453904,2.610273973531823e-155,1,3.435132924308306e-154,0.9959333114185281,2633.559397690639
24,1,0.1628103978998756,-0.8371896021001244,1.640269680721633e-114,1,2.158602676242354e-113,0.9959278441576748,2648.848359510462
25,1,0.4736773944724349,-0.5263226055275652,5.849507668720893e-44,1,7.697979824174992e-43,0.9960000528440787,2460.228943117452
26,1,0.1795161440036072,-0.8204838559963928,1.976920005676774e-111,1,2.60163609992078e-110,0.9958993549249227,2731.483864792623
27,1,0.1748300951160381,-0.8251699048839618,4.490818172921093e-109,1,5.909938006243254e-108,0.995847182671512,2897.011865424439
28,1,0.307019769277267,-0.692980230722733,2.861139998725498e-88,1,3.765273802802815e-87,0.9970000728972677,1239.67710921564
29,1,0.1822641730174911,-0.8177358269825089,2.429408780184515e-106,1,3.197113472393041e-105,0.995860102868476,2854.175878551631
30,1,0.4947140342866733,-0.5052859657133266,5.046796192648716e-36,1,6.641607716060712e-35,0.9959810030883161,2507.327274558328
31,1,0.1765427480846169,-0.8234572519153831,7.631406343750145e-110,1,1.004296692838009e-108,0.9958759200074253,2803.431441423561
32,1,0.4945960415459753,-0.5054039584540247,1.404941201354405e-36,1,1.84890928171795e-35,0.9959745844747941,2523.605985808383
33,1,0.2405926169105305,-0.7594073830894694,9.907354589638014e-86,1,1.303812561009226e-84,0.9962764446581325,1933.50567355404
34,1,0.5426649205660714,-0.4573350794339286,1.500833384153197e-29,1,1.975103848899809e-28,0.996264962553248,1950.849859229966
35,1,0.4972716597104695,-0.5027283402895305,4.689741263709298e-37,1,6.171721736802066e-36,0.996024131533048,2403.173787855406
36,1,0.5944429853771263,-0.4055570146228737,3.882046004598935e-23,1,5.108790946581737e-22,0.9968234003078116,1358.608695718558
37,1,0.4613496754722033,-0.5386503245277967,6.024053559657284e-50,1,7.927683044158086e-49,0.995979112255274,2512.100858210501
38,1,0.2050328648224276,-0.7949671351775724,1.604284981122167e-110,1,2.111246640968318e-109,0.9959917861674291,2480.447916227632
39,1,0.2117244376554855,-0.7882755623445146,6.284044538876685e-109,1,8.269832405411268e-108,0.9959990033366122,2462.777556922596
40,1,0.5617791820518656,-0.4382208179481344,1.15631853656164e-29,1,1.521720676146664e-28,0.9965627205816567,1582.811921053686
41,1,0.2490206648293363,-0.7509793351706637,3.715813552039922e-94,1,4.890028250916748e-93,0.9962165085537379,2027.610815337737
42,1,0.4838759423746726,-0.5161240576253274,1.092836386419234e-40,1,1.438177865594483e-39,0.9958759220842676,2803.424897143646
43,1,0.221649385786308,-0.778350614213692,2.301146284678664e-90,1,3.028319420223128e-89,0.9960240271221849,2403.415470457974
44,1,0.6823495711327107,-0.3176504288672893,1.956993417226111e-13,0.999999999999579,2.575412615049542e-12,0.9960572264906519,2328.945359379759
45,1,1.044243760160624,0.04424376016062403,0.805827983663564,0.08286046337945475,54.61515345456669,1.003467039711347,297.1026113502133
46,1,0.3579478269505546,-0.6420521730494454,1.252914947500591e-64,1,1.648842010899673e-63,0.9965276563304378,1618.760411043736
47,1,0.4185667757647975,-0.5814332242352025,1.045879571518612e-57,1,1.376382474566035e-56,0.996309018753513,1885.941459753505
48,1,0.548542161464842,-0.451457838535158,1.298234146007618e-31,1,1.708482290990316e-30,0.9963480289576061,1831.976262713805
49,1,0.5570946909774536,-0.4429053090225464,1.074537941745485e-27,1,1.414097025652083e-26,0.9963904692014259,1776.674395396189
50,1,0.666095359380945,-0.333904640619055,1.917333771581015e-14,0.9999999999999586,2.523220333356321e-13,0.9965140361738591,1633.169347180935
51,1,0.4564704454760443,-0.5435295545239558,2.015895846501017e-41,1,2.65292849122743e-40,0.9959271598251697,2650.774593646339
52,1,0.3014755009019959,-0.6985244990980041,7.428235144696206e-80,1,9.775592667203567e-79,0.9967802369505079,1391.228149544641
53,1,0.4864646765354103,-0.5135353234645896,2.684136363411934e-40,1,3.532336179567355e-39,0.9958675981347872,2829.902260282728
54,1,0.6242887426817004,-0.3757112573182996,5.692040900701274e-19,1,7.49075281092139e-18,0.9969127391898336,1295.739937900015
55,1,0.6860587648849237,-0.3139412351150763,8.303160390047559e-14,0.999999999999819,1.092699843805097e-12,0.9959398126609673,2615.607424187443
56,1,0.6459817014486051,-0.3540182985513949,2.574190139512486e-19,1,3.38764642766773e-18,0.9969813294333224,1251.295343460223
57,1,0.3642589640197849,-0.6357410359802151,9.110374241480031e-62,1,1.198929569348396e-60,0.9970378693845008,1216.89478795041
58,1,0.4806320686299931,-0.5193679313700069,2.271707240439943e-34,1,2.989577498436364e-33,0.9959317382085601,2637.940670235722
59,1,0.7230589223012271,-0.2769410776987729,2.305036542927106e-10,0.9999999995241937,3.033439019220761e-09,0.995588680450522,4140.958078889578
60,1,0.473718196866476,-0.526281803133524,6.791610207954727e-36,1,8.937791232254048e-35,0.9959601414310002,2561.021644069382
61,1,0.7655284502347671,-0.2344715497652329,8.172775055567986e-09,0.9999999834075574,1.075541080762804e-07,0.9961914629978467,2069.710143344608
62,1,0.5216450869437214,-0.4783549130562786,2.564689179631859e-32,1,3.375143119421388e-31,0.9962722789561144,1939.762303798961
63,1,0.6941039905618313,-0.3058960094381687,3.269102374135016e-12,0.9999999999930906,4.302154222979094e-11,0.9958769833713267,2800.084702629267
64,1,0.3648317701086959,-0.6351682298913041,8.067364498528885e-63,1,1.061668992691839e-61,0.9971116047370305,1174.783485490738
65,1,0.614703189050266,-0.385296810949734,1.814804568754231e-22,1,2.38829141635189e-21,0.9968173204388511,1363.110266504081
66,1,0.6977638522247295,-0.3022361477752705,2.369468299205671e-13,0.9999999999994831,3.118231515251669e-12,0.9957667263721609,3195.721305238279
67,1,0.7593554973245761,-0.2406445026754239,9.136555858685932e-09,0.9999999815720482,1.202375093570796e-07,0.9960761235777172,2288.585352420838
68,1,0.8803681113610724,-0.1196318886389276,0.006112488890353953,0.9894346941381835,0.08093536007550932,0.997735258689476,909.0028536048765
69,1,0.633310522295865,-0.366689477704135,8.958742050059045e-22,1,1.178974701069551e-20,0.9970245596324437,1224.820978943185
70,1,0.8715653180865874,-0.1284346819134126,0.002045756160045741,0.9963350255537952,0.02697743731274585,0.9976580642053433,935.1690918169638
71,1,0.8171125161391872,-0.1828874838608128,1.716462135952691e-05,0.9999675408372178,0.0002258911081903343,0.9963999465541773,1764.778819630626
72,1,0.8427917225012969,-0.1572082774987031,0.0002804910218929033,0.9994877007134573,0.003692310806040043,0.9968812120632273,1317.248647095212
73,1,0.7993120933819601,-0.2006879066180399,2.130168343221317e-06,0.99999590139267,2.803317610208304e-05,0.9962745849783414,1936.293795028011
74,1,0.7949291234811929,-0.2050708765188071,1.386701186957928e-06,0.9999973270651605,1.82490786689936e-05,0.9962751140678848,1935.499738840057
75,1,0.6340456198233776,-0.3659543801766224,3.78376455898921e-20,1,4.979452098213349e-19,0.9969973577044572,1241.346714251002
76,1,0.9308540131316206,-0.06914598686837936,0.08623648328489786,0.8642228037922699,1.24198021444875,0.9975163158375974,987.3766857525756
77,1,0.7200400330398921,-0.2799599669601079,1.130470831385949e-10,0.9999999997650703,1.487704973761335e-09,0.9955910953246414,4124.407596196372
78,1,0.8309158452743202,-0.1690841547256798,4.68496846828995e-05,0.9999115581735835,0.0006165729577889252,0.9965413429262776,1604.535631186767
79,1,0.9949852345763128,-0.005014765423687173,0.491682671542429,0.3406928959672796,12.72938557394972,0.9983713409935512,738.8405511739529
80,1,0.6338448351350678,-0.3661551648649322,1.084767454086322e-16,1,1.427559112390083e-15,0.9969691093337688,1258.988390582214
81,1,0.821649550614258,-0.178350449385742,3.129996911893962e-05,0.9999412501262663,0.0004119219706615396,0.9964733226714403,1677.815646431063
82,1,0.9463148308952286,-0.05368516910477139,0.1334537206205633,0.7917063517984551,2.026732249752529,0.9970949651768096,1184.029121797264
83,1,0.8975849647217793,-0.1024150352782207,0.01303339275947367,0.9775930072306152,0.1737850757676261,0.9983968275272547,733.3454921405352
84,1,0.8967804225143062,-0.1032195774856938,0.01347599413324502,0.9769367175082569,0.1797672642804814,0.9982833527225317,758.4645300355847
85,1,0.9356789834422787,-0.06432101655772127,0.08770677620764064,0.8595139139811554,1.265191171996368,0.9979147315453344,853.5018850858635
86,1,0.9080543441298016,-0.09194565587019843,0.01952668397309139,0.9664768467757154,0.2620898321584856,0.9990376512001002,617.9098490159295
87,1,0.9875130303532644,-0.01248696964673557,0.4264172596401425,0.414390510164843,9.783542910497344,0.9974779399025311,1002.533252979194
88,1,0.591047550032051,-0.408952449967949,4.307808172511056e-23,1,5.669095978065046e-22,0.9968263474040236,1356.437359714773
89,1,0.8550428913039193,-0.1449571086960807,0.0005436023862831591,0.9990067170429973,0.007157724131242736,0.9971744120892677,1141.152857166413
90,1,1.035301258106167,0.03530125810616735,0.787386244646167,0.08206322992870849,48.7364530661369,1.002964852131109,315.568853646764
91,1,0.99141783385611,-0.008582166143889958,0.4613845448455858,0.3821076650797428,11.27305654898197,0.9980179233672122,824.5669049179345
92,1,0.8804585643659244,-0.1195414356340756,0.003842877334892961,0.9931869069307151,0.05076754134952574,0.9979203294003581,851.8800160154212
93,1,0.8133629725065786,-0.1866370274934214,3.866904332281623e-06,0.9999924763819174,5.088884112254484e-05,0.9962209891691981,2020.259577064909
94,1,1.129254283974894,0.1292542839748936,0.9910234870907642,0.001030359973197988,1452.893368033774,0.9966138681302246,1533.154085962724
95,1,0.943475540296227,-0.05652445970377296,0.1260274736943653,0.8038379568661387,1.897688404130715,0.9971237607593392,1168.120133392594
96,1,1.052678604985866,0.05267860498586563,0.8644288298314409,0.04109767084501952,83.91108794333378,1.003396256817704,299.5718759151922
97,1,0.9505895510293449,-0.04941044897065505,0.1613432397595953,0.753226210701798,2.531768400467531,0.9966788014169372,1474.438705573538
98,1,1.006366961582204,0.006366961582203734,0.5897425665782426,0.2410335062309111,18.91748815067907,1.00002054835126,497.9740185259473
99,1,0.9246518797728868,-0.07534812022711324,0.05508243018510332,0.9099003775139796,0.7671435221597396,0.9984945375955768,713.0186146520161
100,1,0.9860857687352297,-0.01391423126477032,0.4125819172389628,0.4278296957605128,9.243157046828458,0.9973162156450494,1071.894503360101