Codon,alpha,beta,beta-alpha,Prob[alpha<beta],Prob[alpha>beta],BayesFactor,PSRF,Neff
1,1,0.01453017129720578,-0.9854698287027942,0,1,0,-nan,-nan
2,1,0.1126330291640754,-0.8873669708359246,1.497424342860462e-290,1,1.721180777268308e-289,-nan,-nan
3,1,0.04373309609872177,-0.9562669039012782,0,1,0,-nan,-nan
4,1,0.0609273521865681,-0.9390726478134319,0,1,0,-nan,-nan
5,1,0.01440838983082338,-0.9855916101691766,0,1,0,-nan,-nan
6,1,0.3224526249419235,-0.6775473750580765,3.177172567994034e-152,1,3.651929645840611e-151,0.9975925066916569,958.6085052549214
7,1,0.2138227230932553,-0.7861772769067448,4.396290794062323e-215,1,5.053217708192962e-214,-nan,-nan
8,1,0.03719457162241645,-0.9628054283775835,0,1,0,-nan,-nan
9,1,0.04156340305627077,-0.9584365969437292,0,1,0,-nan,-nan
10,1,0.07119941499058627,-0.9288005850094138,0,1,0,-nan,-nan
11,1,0.04356259613744046,-0.9564374038625595,0,1,0,-nan,-nan
12,1,0.1294441099839924,-0.8705558900160076,5.456166297605401e-265,1,6.271467799887849e-264,-nan,-nan
13,1,0.1318467674793494,-0.8681532325206507,8.429898843155739e-261,1,9.689557881394789e-260,-nan,-nan
14,1,0.1630801873213257,-0.8369198126786743,4.242621979873414e-246,1,4.876586541277164e-245,-nan,-nan
15,1,0.3749391774909129,-0.6250608225090871,5.561255463546083e-126,1,6.392260181271699e-125,0.999831723650456,517.2380596543071
16,1,0.08699817731733926,-0.9130018226826607,0,1,0,-nan,-nan
17,1,0.3104043434728401,-0.6895956565271599,1.893168772086784e-150,1,2.176060322630979e-149,0.9960806630496952,2279.097890194137
18,1,0.1570756894781392,-0.8429243105218608,4.373130865279529e-245,1,5.0265970482485e-244,-nan,-nan
19,1,0.3160127927088953,-0.6839872072911047,1.214439990804697e-155,1,1.395910769906408e-154,0.9966619631804211,1489.227229380056
20,1,0.3434690466122109,-0.6565309533877891,7.661454597503494e-139,1,8.806286903248056e-138,0.9974883983222292,998.356594159982
21,1,0.2298688319836175,-0.7701311680163825,2.753379794095646e-188,1,3.164810560688213e-187,-nan,-nan
22,1,0.5083012411162537,-0.4916987588837463,2.123686393234566e-65,1,2.441023624605397e-64,1.004624073518722,261.8822505220562
23,1,0.4246614084628728,-0.5753385915371272,2.174202454549769e-112,1,2.499088176643427e-111,0.99833224153345,747.4334239306096
24,1,0.1471106978594466,-0.8528893021405535,8.995020891023083e-251,1,1.033912472611545e-249,-nan,-nan
25,1,0.4127705889293523,-0.5872294110706477,8.269293623024273e-116,1,9.504953818466862e-115,1.000999330093275,417.5117274613912
26,1,0.2020506748933999,-0.7979493251066001,1.55403492867153e-203,1,1.786250543599059e-202,-nan,-nan
27,1,0.1684589710578617,-0.8315410289421383,1.438098488856927e-230,1,1.652990006901336e-229,-nan,-nan
28,1,0.2584300166807561,-0.741569983319244,9.904743259600701e-165,1,1.13847846694123e-163,-nan,-nan
29,1,0.1748151519988213,-0.8251848480011788,2.782382405242218e-248,1,3.198146960643292e-247,-nan,-nan
30,1,0.2129371076696039,-0.7870628923303962,7.147419411730094e-213,1,8.215440704699804e-212,-nan,-nan
31,1,0.1785357471371945,-0.8214642528628056,2.740168319363587e-221,1,3.149624927800245e-220,-nan,-nan
32,1,0.07970247031043286,-0.9202975296895671,0,1,0,-nan,-nan
33,1,0.2040787097624627,-0.7959212902375372,2.587751980098671e-201,1,2.974433390054004e-200,-nan,-nan
34,1,0.2954614749782659,-0.7045385250217341,3.511918892633792e-148,1,4.036696289964051e-147,0.9960944716555878,2250.716334040706
35,1,0.3782941366144735,-0.6217058633855265,1.404988946963952e-126,1,1.614932987645534e-125,1.000417410515063,461.8529916680092
36,1,0.3466608767544623,-0.6533391232455377,9.3891294440374e-126,1,1.079212395030963e-124,0.9973481026454843,1057.466440629584
37,1,0.6360242379772066,-0.3639757620227934,2.018731303938643e-36,1,2.320385354609372e-35,1.001687567544074,375.010935895621
38,1,0.6227213108739307,-0.3772786891260693,1.581288970618877e-40,1,1.817577089962683e-39,1.000571507332316,449.2114688299351
39,1,0.389057877080382,-0.610942122919618,4.992473600162709e-104,1,5.73848664380922e-103,1.001954247557573,360.799899953076
40,1,0.3820344137238075,-0.6179655862761926,1.185281226792155e-125,1,1.362394883546888e-124,1.001112937742878,409.8379652768455
41,1,0.2300904183426274,-0.7699095816573726,1.106845689254952e-198,1,1.272238916664546e-197,-nan,-nan
42,1,0.4065486780295767,-0.5934513219704233,1.157954338978619e-112,1,1.330984606138564e-111,1.00223693121735,346.8775958568676
43,1,0.5757311860849824,-0.4242688139150176,6.944025889285661e-53,1,7.981654588745851e-52,1.002010939112219,357.917973200897
44,1,0.3627442522068915,-0.6372557477931085,4.967216320400018e-122,1,5.709455230889494e-121,0.9981696594448922,785.4285501332852
45,1,0.4617328938921835,-0.5382671061078165,5.803542804196917e-90,1,6.670751922969351e-89,1.000974945782892,419.196754066938
46,1,0.7829155261226279,-0.2170844738773721,1.948728647261044e-12,0.99999999999506,2.239922373224616e-11,1.003875034761529,283.6364311614652
47,1,0.6286294754415352,-0.3713705245584648,2.879936955667574e-37,1,3.310278847457971e-36,1.001147359964415,407.5687509030311
48,1,0.6407925338475535,-0.3592074661524465,1.413235075422676e-35,1,1.624411314786209e-34,1.001858847504441,365.7569251485222
49,1,0.6501272481704088,-0.3498727518295912,8.405166617711944e-32,1,9.661129980368679e-31,1.001894334870686,363.8969921908738
50,1,0.5221689171663575,-0.4778310828336425,2.616370303372988e-70,1,3.007328078945805e-69,1.006042342911307,228.7672890883235
51,1,0.4352289722492676,-0.5647710277507324,9.263426830581937e-90,1,1.064763790467835e-88,0.9985074338348999,710.420077854783
52,1,0.5101879835311757,-0.4898120164688243,1.019209429165363e-68,1,1.171507385901698e-67,1.004554222414015,263.7668947105864
53,1,0.8012673061854076,-0.1987326938145924,8.294429173610926e-10,0.9999999979908299,9.533845320427129e-09,1.003459215026104,297.3735472839691
54,1,0.6441438931674028,-0.3558561068325972,4.42879798863643e-34,1,5.090582372852409e-33,1.001919086457987,362.6110073946988
55,1,0.6035305490731063,-0.3964694509268937,9.238719027251236e-43,1,1.061923807510158e-41,1.001509482400603,385.1480297531611
56,1,0.6378114464204508,-0.3621885535795492,1.979363992618913e-40,1,2.275135482841679e-39,1.001602897500716,379.7625288325558
57,1,0.4303290378747829,-0.5696709621252171,6.35647912778086e-99,1,7.306312160615881e-98,0.9982273653699858,771.5062506354382
58,1,0.5022259153215753,-0.4977740846784247,8.813113769881643e-69,1,1.013003567153338e-67,1.004593837809447,262.6946722690259
59,1,0.6205430187792619,-0.3794569812207381,2.182570701286427e-39,1,2.508706869895776e-38,1.000656049123393,442.5679526971764
60,1,0.5940203292868388,-0.4059796707131612,2.454651853453721e-51,1,2.821444439042532e-50,1.001401399059144,391.5749309093495
61,1,0.6314112959563662,-0.3685887040436338,1.439377858390728e-35,1,1.654460549476058e-34,1.001460088417524,388.0584857171535
62,1,0.7193208808542796,-0.2806791191457204,8.560734027076417e-21,1,9.839943444864704e-20,1.001324705419646,396.2682928784798
63,1,0.6104333336040236,-0.3895666663959764,1.215783293376589e-40,1,1.397454798875764e-39,1.001219979483822,402.8636788506039
64,1,0.4303864698102766,-0.5696135301897234,7.181983940601627e-103,1,8.255170126057663e-102,0.9981724145503774,784.7523770971119
65,1,0.6947865816619556,-0.3052134183380444,4.766936335754658e-25,1,5.479247901025544e-24,1.000731107250729,436.8335847429697
66,1,0.4102199505116675,-0.5897800494883325,9.149096048524553e-102,1,1.0516222955225e-100,1.001506307045711,385.3338055435465
67,1,0.6834531856004575,-0.3165468143995425,1.205567497604174e-25,1,1.385712481882045e-24,1.00128702422792,398.6161069616591
68,1,0.9073457812847154,-0.09265421871528456,0.001843799001718639,0.9963912044337665,0.02123228154927691,1.002417715200291,338.5292790362972
69,1,0.6213068221123552,-0.3786931778876448,1.28031553804828e-45,1,1.47162993805556e-44,1.000176928265106,483.0812849671528
70,1,0.738011690737137,-0.261988309262863,3.14942361908966e-17,1,3.620034239791333e-16,1.003180634255494,307.356826655323
71,1,0.7051068394446863,-0.2948931605553137,9.372076371404722e-21,1,1.077252267900088e-19,1.000951402100764,420.8367654305125
72,1,0.738835682568015,-0.261164317431985,1.030599598858848e-17,1,1.184599560621391e-16,1.003235522598364,305.3364896636712
73,1,0.6392555892970779,-0.3607444107029221,1.188101023012073e-34,1,1.36563603497646e-33,1.001867997881491,365.2755078146357
74,1,0.8764170843183552,-0.1235829156816448,7.330558929692097e-05,0.9998448786515445,0.0008426564024367968,1.003661849073648,290.5147585096767
75,1,0.3831515544875593,-0.6168484455124407,1.196727266355158e-115,1,1.375551276633206e-114,1.001245476501623,401.2376089552577
76,1,0.9544845073966336,-0.0455154926033664,0.1269633248512988,0.794155691568321,1.671580887521647,1.006452887436296,220.7105748102423
77,1,0.7504957274855283,-0.2495042725144717,4.011886220316398e-16,0.9999999999999997,4.611372505007859e-15,1.003891782379035,283.1100314288193
78,1,0.9302054566444434,-0.06979454335555657,0.02116701419659336,0.9618903907047522,0.2485607799191416,1.003415879384538,298.883186580311
79,1,0.8532111195690627,-0.1467888804309373,1.653641711713423e-06,0.999996194309535,1.900744466249974e-05,1.001484236235199,386.630087625774
80,1,0.9309639015516822,-0.06903609844831782,0.0233995390693641,0.9581183690914626,0.2754050984252637,1.003567806078459,293.657654134894
81,1,0.6498807017746396,-0.3501192982253604,5.752004492234616e-35,1,6.611512367885776e-34,1.001840348687389,366.7341070580562
82,1,0.8398277420452891,-0.1601722579547109,1.210571498179413e-07,0.9999997100962595,1.391464386395161e-06,1.000124837884405,487.9413715373158
83,1,1.027055491714772,0.02705549171477162,0.8407476658530838,0.03542085391848838,60.68222018012592,0.9977175709305619,914.8677065849413
84,1,1.009158475639339,0.00915847563933947,0.6569314787020154,0.1565412037175317,22.01003840299967,1.005552122520742,239.207870661107
85,1,0.9453243528137876,-0.05467564718621243,0.06968233021380657,0.8815063798624514,0.8609402135570582,1.004985119316051,252.5607755923931
86,1,0.9184089153510214,-0.08159108464897857,0.007898534009192451,0.9853414200891933,0.09151072565857735,1.002840082789027,320.5231329425029
87,1,0.9085088403701349,-0.09149115962986509,0.003487623208107019,0.9933954342323993,0.04022800172332475,1.003009329558006,313.8400276823638
88,1,0.69082893954534,-0.30917106045466,1.904708576529576e-25,1,2.189324491652319e-24,1.000909234472512,423.8066823606231
89,1,0.7980226287001166,-0.2019773712998834,1.78293186700284e-10,0.9999999995599348,2.049350988477608e-09,1.003632821867065,291.4775457502142
90,1,1.035922436613141,0.03592243661314054,0.9067291162647008,0.01114023152154532,111.7411323789931,0.9960739535337508,2293.148735066631
91,1,1.018224578897326,0.01822457889732609,0.7577299413863297,0.07996713759659449,35.94978540666474,1.001021688131822,415.9786901051224
92,1,0.7860506210767348,-0.2139493789232652,8.973138639908345e-12,0.9999999999775604,1.031397266416118e-10,1.003972734907871,280.5932536987112
93,1,1.004295797544831,0.004295797544830782,0.6013029771609455,0.2017317815087741,17.33532385860612,1.008223400499616,191.6908273964297
94,1,0.9954460705200063,-0.004553929479993668,0.4987331142646561,0.3052369826466093,11.43617486942599,1.010768559994575,161.3828767063292
95,1,0.9526995124031593,-0.04730048759684069,0.1110194900497747,0.8171166792127661,1.435451709028386,1.006018029512156,229.2632371255874
96,1,1.025751155082859,0.02575115508285863,0.834191691692116,0.03554551362277568,57.82839913330007,0.9979649120834849,839.1807500605582
97,1,0.9710198231102318,-0.02898017688976817,0.2473844622508034,0.618239053849065,3.778164273418179,1.009025876713169,180.9485768668032
98,1,1.011149073804632,0.01114907380463181,0.6805768348379825,0.1333385064528846,24.49020114049959,1.00485369492302,255.8749173994547
99,1,1.03821138509326,0.03821138509326039,0.9188182210086098,0.008458939388721842,130.092611875851,0.9959183497182121,2675.825881118503
100,1,1.062673664162867,0.06267366416286668,0.9803936128741167,0.0008578700497037095,574.7573025423505,0.9962445039088678,1982.53870104844