ObservedSChanges	ObservedNSChanges	E[SSites]	E[NSSites]	ObservedS.Prop.	P{S}	dS	dN	dN-dS	P{Sleq.observed}	P{Sgeq.observed}	ScaleddN-dS
1	0	0.9999999999999997	1.999999999999999	1	0.3333333333333333	1	0	-1	1	0.3333333333333333	-0.527503568211359
3	0	0.9999999999999997	1.999999999999999	1	0.3333333333333333	3.000000000000001	0	-3.000000000000001	1	0.03703703703703698	-1.582510704634077
1	0	0.9999999999999997	1.999999999999999	1	0.3333333333333333	1	0	-1	1	0.3333333333333333	-0.527503568211359
5	0	0.9999999999999997	1.999999999999999	1	0.3333333333333333	5.000000000000002	0	-5.000000000000002	1	0.004115226337448097	-2.637517841056795
1	2	0.6267685665174791	2.373082696365964	0.3333333333333333	0.2089332142137715	1.595485245146084	0.8427856319810151	-0.7526996131650691	0.8872818959680095	0.5049609586227726	-0.3970517317358834
4	2	0.6267688410396868	2.373082211547274	0.6666666666666666	0.208933320372418	6.381938185320099	0.8427858041614074	-5.539152381158692	0.9980270712109069	0.0198603719897521	-2.921922645927654
3	0	0.9999999999999997	1.999999999999999	1	0.3333333333333333	3.000000000000001	0	-3.000000000000001	1	0.03703703703703698	-1.582510704634077
2	0	0.9999999999999996	1.999999999999999	1	0.3333333333333333	2.000000000000001	0	-2.000000000000001	1	0.1111111111111109	-1.055007136422718
2	0	0.9999999999999997	1.999999999999999	1	0.3333333333333333	2.000000000000001	0	-2.000000000000001	1	0.1111111111111109	-1.055007136422718
1	0	0.626326402889034	2.212076858685892	1	0.2206615287432795	1.596611599618561	0	-1.596611599618561	1	0.2206615287432796	-0.8422183158464364
0	0	0.9999999999999997	1.999999999999999	0	0.3333333333333333	0	0	0	0	0	0
2	4	0.7569175035110501	2.076794195734707	0.3333333333333333	0.2671116838429672	2.642295878643005	1.926045444567954	-0.7162504340750511	0.8025976765134445	0.5061674349179457	-0.377824659707524
5	5	0.6263584338383068	2.37308943845736	0.5	0.208824577224246	7.982649757520053	2.106958093939467	-5.875691663580586	0.9920394857978264	0.03898270994981101	-3.099448318248494
3	0	0.9999999999999997	1.999999999999999	1	0.3333333333333333	3.000000000000001	0	-3.000000000000001	1	0.03703703703703698	-1.582510704634077
4	0	0.9999999999999996	1.999999999999999	1	0.3333333333333333	4.000000000000002	0	-4.000000000000002	1	0.01234567901234551	-2.110014272845436
0	1	0.6263585761217291	2.373492075977911	0	0.2087965864845076	0	0.4213201342111018	0.4213201342111018	0.7912034135154924	0.2087965864845076	0.2222478741556448
7	2	0.6266876018157918	2.37316344990947	0.7777777777777778	0.2089062393465748	11.16983961341807	0.8427569538357312	-10.32708265958234	0.9999734147222918	0.0004178027990656696	-5.447572952143332
1	1	0.999010122243711	2.000989877756288	0.5	0.3330033740812371	1.000990858585162	0.4997526529825834	-0.5012382056025788	0.8891087528505117	0.5551155010129859	-0.264404941979219
3	1	0.9990046740565506	2.000995325943448	0.75	0.3330015580188504	3.002988952812626	0.4997512922867577	-2.503237660525869	0.9877033995515383	0.1108164198701417	-1.32046679800845
1	1	0.6625180840899784	2.169853834688102	0.5	0.2339092827808421	1.509392760763021	0.4608605354027183	-1.048532225360303	0.945286447428952	0.4131050129906363	-0.5531044902621565
0	1	0.6263264028890341	2.212219408669835	0	0.2206504472602008	0	0.4520347285992219	0.4520347285992219	0.7793495527397992	0.2206504472602008	0.2384499322915427
9	0	0.9999999999999996	1.999999999999999	1	0.3333333333333333	9.000000000000004	0	-9.000000000000004	1.000000000000001	5.080526342449154e-05	-4.74753211390223
1	1	0.6263264028890337	2.212219510469407	0.5	0.2206504393469515	1.596611599618562	0.452034707797967	-1.144576891820595	0.9513133836159973	0.3926142623099003	-0.6037683945276302
2	5	0.6289685876406329	2.371031412359367	0.2857142857142857	0.209656195880211	3.179809038639492	2.108786907645647	-1.071022130993845	0.8349634461779911	0.4496890277502672	-0.5649679957325864
3	1	0.6263264028890337	2.373531146116585	0.75	0.2087853815247481	4.789834798855686	0.4213131989593371	-4.368521599896349	0.998099795465976	0.03070432088418795	-2.304410731753718
6	0	0.9999999999999997	1.999999999999999	1	0.3333333333333333	6.000000000000002	0	-6.000000000000002	1	0.001371742112482699	-3.165021409268153
0	2	0.6264389321803121	2.373412330196648	0	0.208823330688718	0	0.8426685808252673	0.8426685808252673	0.6259605220624935	0.3740394779375065	0.4445106832049303
2	1	0.9996703632280801	2.000329636771919	0.6666666666666666	0.3332234544093602	2.000659490936303	0.4999176043873322	-1.500741886548971	0.9629995771989024	0.2591127661033265	-0.7916467001188282
2	0	0.9999999999999996	1.999999999999999	1	0.3333333333333333	2.000000000000001	0	-2.000000000000001	1	0.1111111111111109	-1.055007136422718
7	7	0.9982163264238659	1.999851900797794	0.5	0.3329531720993966	7.012508025267097	3.500259192796984	-3.512248832470113	0.9427494800503907	0.1487299899560367	-1.852723791574163
1	0	0.6263264028890339	2.212076858685892	1	0.2206615287432795	1.596611599618561	0	-1.596611599618561	1	0.2206615287432795	-0.8422183158464365
2	0	0.6263264028890337	2.212076858685892	1	0.2206615287432795	3.193223199237124	0	-3.193223199237124	0.9999999999999998	0.04869151026732133	-1.684436631692873
1	1	0.6263264028890336	2.212219408645912	0.5	0.2206504472620603	1.596611599618562	0.4520347286041102	-1.144576871014452	0.9513133801230527	0.3926142746471734	-0.6037683835523155
1	5	0.2491390544777907	2.749738990456446	0.1666666666666667	0.08307742120378694	4.013822730828195	1.818354402855531	-2.195468327972664	0.917357404492267	0.4057133109183506	-1.158117376900606
4	1	0.626326402889034	2.37334396253685	0.8	0.2087984100213325	6.386446398474245	0.4213464275659005	-5.965099970908344	0.9996031412718976	0.007915959487523105	-3.146611519391624
2	7	0.994447253489752	2.003639801467903	0.2222222222222222	0.3316939219110826	2.011167503335671	3.493641918508343	1.482474415172672	0.3812180835440184	0.8546153664082983	0.7820105437856316
1	1	0.627182373404099	2.3728176265959	0.5	0.2090607911346997	1.594432564442769	0.421439890192751	-1.172992674250018	0.9562935856101333	0.374415167879533	-0.6187578211526686
5	2	0.6264690047437644	2.373388393401394	0.7142857142857143	0.208832928235561	7.981240830973078	0.8426770795544859	-7.138563751418593	0.9995233108689069	0.005697651860397168	-3.765617850777571
4	4	0.999404420754718	2.00029778962264	0.5	0.3331678782304842	4.002383736685224	1.999702254710088	-2.002681481975135	0.9122254486358555	0.2583107507360862	-1.056421627732696
3	4	0.6652754307163707	2.167245847558749	0.4285714285714285	0.2348704088540843	4.509410480963637	1.845660474793721	-2.663750006169916	0.9425672262107049	0.2128477798457442	-1.40513763307766
1	3	0.6269854941499248	2.373014505850075	0.25	0.2089951647166416	1.594933231040398	1.264214775174888	-0.3307184558655099	0.8052321302406877	0.6085137139598803	-0.1744551655424072
0	3	0.7538223384832089	2.077756582547615	0	0.2662197874424009	0	1.443864996120762	1.443864996120762	0.3950917749503851	0.6049082250496149	0.7616439374691817
3	4	0.6276439443237628	2.372356055676236	0.4285714285714285	0.2092146481079211	4.779780044292892	1.686087545935345	-3.093692498357546	0.9610946540528035	0.1642421952929873	-1.631933831832319
4	6	0.6642879726597518	2.167846919054645	0.4	0.2345537900059674	6.02148490508468	2.767723102245836	-3.253761802838844	0.938625814504874	0.1892172511194021	-1.716370961107314
2	0	0.6263264028890339	2.212076858685892	1	0.2206615287432795	3.193223199237123	0	-3.193223199237123	0.9999999999999998	0.04869151026732133	-1.684436631692873
0	1	0.6266561530364544	2.211889710394023	0	0.220766611915553	0	0.4521021076687686	0.4521021076687686	0.7792333880844471	0.2207666119155529	0.2384854749911514
2	1	0.9997907538395017	1.832134771550576	0.6666666666666666	0.353042742429389	2.000418579907235	0.5458113756302314	-1.454607204277004	0.9559970427910676	0.2859116195283266	-0.7673104906020681
1	1	0.9999999999999997	1.999999999999999	0.5	0.3333333333333333	1	0.5000000000000002	-0.5000000000000002	0.8888888888888891	0.5555555555555555	-0.2637517841056795
5	4	1.380014454219743	1.250442136507758	0.5555555555555556	0.5246292446278594	3.623150456657346	3.19886853075123	-0.4242819259061159	0.6953035527188278	0.5604153707074492	-0.2238102298430635
4	4	0.6268009958632861	2.372901319178445	0.5	0.2089543994816586	6.381610792578344	1.685700103780504	-4.69591068879784	0.9873858597083782	0.06486701594964528	-2.47710964434272
0	1	0.9997829334179238	2.000068274900876	0	0.3332775074461876	0	0.4999829318574437	0.4999829318574437	0.6667224925538124	0.3332775074461876	0.2637427805995782
3	2	0.6264386957478705	2.372346289571765	0.6	0.2088975030936069	4.788976192504306	0.8430472434785321	-3.945928949025774	0.9920697573639532	0.06498150487266563	-2.081491600519592
6	1	0.6266555299080315	2.211890064047905	0.8571428571428571	0.2207664133499767	9.574638240056007	0.4521020353832296	-9.122536204672778	0.99997444175588	0.0006570442275384281	-4.812170399102197
4	8	0.6631946559548776	1.716481576370039	0.3333333333333333	0.2786911290478133	6.03141168898706	4.660696689164674	-1.370714999822386	0.7777502935771199	0.4410601093174656	-0.7230570534071407
2	4	0.7538777036206976	2.077859473255747	0.3333333333333333	0.2662244610046277	2.652950193903427	1.925057999101594	-0.7278921948018326	0.8040905653572061	0.5041147272789993	-0.3839657300311642
3	5	0.7536368158200404	2.077902243654301	0.375	0.2661580151255087	3.980697249690048	2.406272968456281	-1.574424281233767	0.8626249166013448	0.3620835572764813	-0.8305144262294158
11	7	0.9934597455373267	1.999996919886878	0.6111111111111112	0.3318771095009464	11.07241642090943	3.500005390206264	-7.572411030703165	0.9962387057928292	0.01393547646755644	-3.994473838658973
2	9	0.9927441159706942	2.006454025164085	0.1818181818181818	0.3310031779344457	2.014617833362248	4.485525153891324	2.470907320529076	0.239146155600537	0.9226035537809171	1.303412428298655
0	4	0.6628946375806979	2.168981365643707	0	0.2340832143871832	0	1.844183663059219	1.844183663059219	0.3441330233911387	0.6558669766088614	0.9728134627008322
1	1	0.6627422515459688	2.190935483848345	0.5	0.2322414487543362	1.508882220301053	0.4564260369016048	-1.052456183399448	0.9460639094804868	0.4105468069891596	-0.555174392129317
2	1	0.6266555299070583	2.37334447009294	0.6666666666666666	0.2088851766356862	3.191546080023626	0.4213463374580598	-2.770199742565566	0.9908857095330216	0.1126704701204091	-1.461290248861523
0	1	0.6263264028890339	2.212219510623162	0	0.2206504393349996	0	0.4520347077665494	0.4520347077665494	0.7793495606650004	0.2206504393349996	0.2384499213022336
2	1	0.6263264028890341	2.212219510439846	0.6666666666666666	0.2206504393492495	3.193223199237122	0.4520347078040073	-2.741188491433115	0.9892572767042179	0.1245744025634856	-1.44598671037088
2	1	0.6266553002742029	2.373344699725795	0.6666666666666666	0.2088851000914011	3.191547249540327	0.4213462966907147	-2.770200952849612	0.9908857195525922	0.1126703942257687	-1.461290887290676
2	0	0.9999999999999997	1.999999999999999	1	0.3333333333333333	2.000000000000001	0	-2.000000000000001	1	0.1111111111111109	-1.055007136422718
7	6	0.997415931392845	1.999760458728248	0.5384615384615384	0.3327851956529483	7.018135343221183	3.000359354947799	-4.017775988273383	0.9656837330997657	0.1027482795175365	-2.119391170088128
0	4	0.9976866149056743	2.002313385094324	0	0.3325622049685583	0	1.997689287689384	1.997689287689384	0.1984463810383531	0.8015536189616469	1.053788227433758
1	4	1.372157675503528	1.258455445832253	0.2	0.5216113553051729	0.728779219657128	3.178499495748682	2.449720276091554	0.1616523607390577	0.9749444285539668	1.29223618675801
0	2	0.852722165743258	2.001054504813637	0	0.298804799457855	0	0.9994730254417858	0.9994730254417858	0.4916747092633388	0.5083252907366611	0.5272255872515442
0	4	0.9943657895333736	1.836965155606908	0	0.3512008340953964	0	2.177504558423949	2.177504558423949	0.1771907847225114	0.8228092152774886	1.148641424365132
0	2	0.0009121182184803776	2.999087881781519	0	0.000304039406160126	0	0.6668694212494899	0.6668694212494899	0.9993920136276403	0.0006079863723597034	0.3517759992401496
0	5	0.7536113162524634	2.100920209612547	0	0.2640052524990405	0	2.379909516374305	2.379909516374305	0.2159601273085381	0.7840398726914619	1.255410761907615
2	4	0.7551319236466629	2.07636780797604	0.3333333333333333	0.2666897387321682	2.648543833694189	1.926440963221752	-0.7221028704724368	0.8033082270879552	0.5051915961277422	-0.3809118407898751
3	7	0.6272270409238627	2.372772959076137	0.3	0.2090756803079543	4.78295705424499	2.950134766676337	-1.832822287568653	0.8626007454734855	0.3497414528771567	-0.9668202965897693
1	4	0.6263905093079979	2.373311909184957	0.2	0.2088175498497266	1.596448198272904	1.685408472657806	0.08896027438490206	0.71912865401967	0.6899846297036267	0.04692686216709738
4	5	0.2495674859099561	2.750174579572594	0.4444444444444444	0.08319631503710963	16.02772887427811	1.818066400998097	-14.20966247328001	0.9996228705213318	0.004287056571303571	-7.495647657734248
5	11	0.6647297180580891	2.168882957130273	0.3125	0.2345873604669353	7.521854167445335	5.071735182314539	-2.450118985130796	0.8488993717304834	0.315030311176542	-1.292446507198888
0	4	0.00489209577142692	1.678140962191244	0	0.002906714011517309	0	2.383589990424268	2.383589990424268	0.9884237397082366	0.0115762602917634	1.25735222510168
1	8	0.628120414936797	2.365361364591551	0.1111111111111111	0.2098293763577754	1.592051422338537	3.382147066303095	1.790095643964557	0.4070807623589957	0.8799152334821375	0.9442818396309141
7	8	0.753854078988022	2.078035385985956	0.4666666666666667	0.2662018021225801	9.285616666552816	3.84979007285012	-5.435826593702696	0.9748103414829959	0.07643313864052792	-2.867417924356368
0	2	0.6273205412263411	2.372350330858292	0	0.2091297905594497	0	0.8430458073519103	0.8430458073519103	0.6254756881805399	0.3745243118194601	0.4447096715437584
1	1	0.6263264028890339	2.211890072694398	0.5	0.220676050709023	1.596611599618561	0.452102033615919	-1.144509566002643	0.9513020806434689	0.3926541820615146	-0.6037328799184275
2	6	0.7535006322662779	2.078295686800238	0.25	0.2660857446536497	2.654277799322701	2.886980922930006	0.2327031236073047	0.6380994848416977	0.6716946477281842	0.1227517280367821
5	10	0.9959669247722484	1.999021753404558	0.3333333333333333	0.3325444707118362	5.020247033949817	5.002446813281985	-0.01780022066783182	0.6209062038208086	0.5933963465108004	-0.009389679917230862
0	7	0.6268088921281879	2.37221587867	0	0.2090042397220225	0	2.95082756293015	2.95082756293015	0.1937399083063764	0.8062600916936236	1.556572068622082
0	1	0.0005528983195776797	1.675150617307152	0	0.000329949966937254	0	0.5969612461520184	0.5969612461520184	0.9996700500330628	0.0003299499669372485	0.314899187429089
2	5	0.6263264028890336	2.372027607546396	0.2857142857142857	0.2088900779258139	3.193223199237124	2.107901267292565	-1.085321931944559	0.8363407112780483	0.4476074598652928	-0.5725111917588005
1	10	0.2544406099105319	2.744438991079769	0.09090909090909091	0.08484522347162907	3.930190233200694	3.643731936655517	-0.286458296545177	0.7616470083041426	0.6229143038770149	-0.1511077735713284
1	7	1.000421528616812	1.995691480303054	0.125	0.333906473366796	0.9995786489946944	3.50755618746091	2.507977538466216	0.1941545785022167	0.9612491079719053	1.322967100534869
0	10	0.6647443168261771	2.167342542428794	0	0.2347189015950766	0	4.613945329008158	4.613945329008158	0.06889851614641827	0.9311014838535817	2.433872624583935
3	5	0.671996746581383	1.71136845144104	0.375	0.2819529072334221	4.464307327768709	2.921638526051946	-1.542668801716763	0.8373480806095487	0.4022494836921486	-0.8137632974739336
0	5	0.2505384045539154	2.749202612880614	0	0.08352001159359534	0	1.818709169187425	1.818709169187425	0.6465690803210253	0.3534309196789747	0.9593755762850825
2	5	0.7890274666151098	2.21097253338489	0.2857142857142857	0.26300915553837	2.534766005776585	2.261448265187287	-0.2733177405892984	0.7289522350052572	0.5868909365491397	-0.1441760834163214
4	7	0.7578324372507855	2.24203866354557	0.3636363636363636	0.2526216666608139	5.278211651260186	3.122158468458421	-2.156053182801765	0.8811191549037908	0.2939379927639336	-1.137325747181388
2	6	0.6292128710509614	2.370327997507967	0.25	0.209769727642769	3.178574520669676	2.531295249563803	-0.6472792711058726	0.7750257074384519	0.525004951922342	-0.3414421251375953
0	5	0.007462302074852536	2.992537697925146	0	0.002487434024950847	0	1.670822727969881	1.670822727969881	0.9876245494411477	0.01237545055885225	0.8813649508527486
3	5	0.630777123354993	2.365726483866628	0.375	0.2105043764455381	4.756038050402852	2.113515672288464	-2.642522378114388	0.9335714015199217	0.226649824131674	-1.393939983533705
0	5	0.250961248597102	2.748522591299456	0	0.08366814491847931	0	1.819159142379864	1.819159142379864	0.6460467150104949	0.3539532849895051	0.9596129387496934
3	7	0.6267197241314032	2.368879593908832	0.3	0.2092134686896018	4.786828760109352	2.954983452092416	-1.831845308016936	0.8623416771749063	0.3501612969002107	-0.9663049363901695
2	16	0.6284471902381995	2.370894185403206	0.1111111111111111	0.2095283969147416	3.182447198533806	6.748508684405484	3.566061485871677	0.2398791290019574	0.9162045806665479	1.88111015825841