Codon,alpha,beta,beta-alpha,Prob[alpha<beta],Prob[alpha>beta],BayesFactor,PSRF,Neff
1,0.544915,0.409176,-0.135739,0.390152,0.54204,0.804945,1.00113,408.796
2,0.589901,0.424257,-0.165643,0.387079,0.546774,0.794602,1.00167,376.064
3,0.544915,0.409176,-0.135739,0.390152,0.54204,0.804945,1.00113,408.796
4,0.717541,0.406289,-0.311252,0.351905,0.584339,0.683191,1.00159,380.546
5,0.617585,0.409539,-0.208046,0.370262,0.564094,0.739783,1.00146,387.933
6,0.718542,0.437985,-0.280557,0.372879,0.563553,0.748119,1.00219,349.089
7,0.544915,0.409176,-0.135739,0.390152,0.54204,0.804945,1.00113,408.796
8,0.718542,0.437985,-0.280557,0.372879,0.563553,0.748119,1.00219,349.089
9,0.617585,0.409539,-0.208046,0.370262,0.564094,0.739783,1.00146,387.933
10,0.718542,0.437985,-0.280557,0.372879,0.563553,0.748119,1.00219,349.089
11,2.46667,0.411732,-2.05494,0.13386,0.830212,0.194454,1.00662,217.598
12,1.66073,0.414576,-1.24615,0.156627,0.802345,0.233669,1.00693,212.112
13,1.50589,0.715873,-0.790016,0.31784,0.614411,0.586243,1.0047,259.852
14,0.520949,0.409042,-0.111907,0.399098,0.532178,0.835661,1.00096,419.914
15,0.717541,0.406289,-0.311252,0.351905,0.584339,0.683191,1.00159,380.546
16,0.718542,0.437985,-0.280557,0.372879,0.563553,0.748119,1.00219,349.089
17,0.589901,0.424257,-0.165643,0.387079,0.546774,0.794602,1.00167,376.064
18,1.44415,0.414063,-1.03008,0.165659,0.791428,0.24982,1.00719,207.641
19,2.56541,0.444438,-2.12097,0.145359,0.816724,0.214,1.00652,219.491
20,1.75532,0.712863,-1.04246,0.298976,0.635877,0.536608,1.00505,250.968
21,0.544915,0.409176,-0.135739,0.390152,0.54204,0.804945,1.00113,408.796
22,0.521855,0.506557,-0.0152974,0.456414,0.47714,1.05644,1.00249,335.24
23,0.717541,0.406289,-0.311252,0.351905,0.584339,0.683191,1.00159,380.546
24,0.593087,0.409446,-0.18364,0.376016,0.557695,0.758206,1.00137,393.359
25,0.718542,0.437985,-0.280557,0.372879,0.563553,0.748119,1.00219,349.089
26,0.549472,0.409201,-0.140272,0.388608,0.543745,0.799737,1.00116,406.963
27,4.09333,0.422599,-3.67073,0.0515536,0.929144,0.0683913,1.00499,252.374
28,0.549472,0.409201,-0.140272,0.388608,0.543745,0.799737,1.00116,406.963
29,1.49269,0.714762,-0.777932,0.318463,0.613706,0.587928,1.00469,260.185
30,2.72691,0.419932,-2.30698,0.0715093,0.902716,0.0969036,1.00487,255.544
31,0.524858,0.711575,0.186717,0.621375,0.317906,2.0649,1.00512,249.357
32,1.17758,0.413099,-0.764486,0.180286,0.773926,0.276729,1.00771,199.258
33,0.589901,0.424257,-0.165643,0.387079,0.546774,0.794602,1.00167,376.064
34,0.520949,0.409042,-0.111907,0.399098,0.532178,0.835661,1.00096,419.914
35,1.5981,0.432901,-1.16519,0.167979,0.788994,0.254025,1.00683,213.75
36,0.544915,0.409176,-0.135739,0.390152,0.54204,0.804945,1.00113,408.796
37,1.17144,0.413075,-0.758367,0.18071,0.773423,0.277523,1.00773,199.01
38,0.589901,0.424257,-0.165643,0.387079,0.546774,0.794602,1.00167,376.064
39,1.24147,0.426671,-0.814794,0.183175,0.77074,0.282158,1.00741,204.047
40,1.46605,0.689079,-0.776969,0.310173,0.623053,0.565743,1.00476,258.393
41,0.71889,0.449862,-0.269028,0.380067,0.556437,0.771382,1.00238,340.267
42,0.724979,0.704421,-0.0205573,0.56067,0.377306,1.60572,1.00533,244.177
43,0.936261,0.681008,-0.255253,0.526824,0.411786,1.40087,1.00552,240.027
44,0.82648,0.498408,-0.328072,0.267466,0.675475,0.459406,1.00821,191.871
45,0.914019,0.394257,-0.519762,0.326736,0.611756,0.610614,1.00153,384.141
46,0.590117,0.436364,-0.153753,0.395116,0.538917,0.821879,1.00189,363.886
47,0.597359,0.743166,0.145807,0.602963,0.335666,1.9108,1.00519,247.568
48,0.600057,0.717964,0.117908,0.594018,0.34428,1.84098,1.00524,246.293
49,0.718542,0.437985,-0.280557,0.372879,0.563553,0.748119,1.00219,349.089
50,0.589901,0.424257,-0.165643,0.387079,0.546774,0.794602,1.00167,376.064
51,0.74689,0.704119,-0.0427717,0.556978,0.38104,1.58186,1.00535,243.834
52,0.71889,0.449862,-0.269028,0.380067,0.556437,0.771382,1.00238,340.267
53,0.60472,0.718513,0.113792,0.592779,0.345494,1.83154,1.00525,246.257
54,0.598468,0.409868,-0.188601,0.374996,0.558865,0.754917,1.0014,391.61
55,0.598468,0.409868,-0.188601,0.374996,0.558865,0.754917,1.0014,391.61
56,3.38028,0.664292,-2.71599,0.451888,0.492591,1.03733,1.00448,265.873
57,0.589901,0.424257,-0.165643,0.387079,0.546774,0.794602,1.00167,376.064
58,0.608475,1.08312,0.474646,0.718517,0.224239,3.21174,1.00401,279.467
59,0.625415,0.790372,0.164957,0.607822,0.33112,1.95006,1.00508,250.247
60,0.643599,0.435709,-0.20789,0.382837,0.552358,0.780491,1.00203,356.83
61,0.61785,0.421626,-0.196224,0.378648,0.555856,0.766747,1.00171,373.838
62,0.527012,1.05492,0.527911,0.685204,0.259105,2.7387,1.00461,262.259
63,0.728893,0.775864,0.0469703,0.58248,0.355988,1.75533,1.00515,248.548
64,1.28284,1.15093,-0.131916,0.489802,0.423357,1.20791,1.00234,342.025
65,0.71889,0.449862,-0.269028,0.380067,0.556437,0.771382,1.00238,340.267
66,0.589139,0.3854,-0.203739,0.35886,0.5744,0.70425,1.00081,431.053
67,0.590117,0.436364,-0.153753,0.395116,0.538917,0.821879,1.00189,363.886
68,0.523856,1.10267,0.578812,0.691393,0.253577,2.81886,1.00455,264.015
69,1.14419,0.401639,-0.742551,0.176129,0.778633,0.268983,1.00792,196.06
70,0.599165,0.717759,0.118594,0.594229,0.344074,1.84258,1.00524,246.297
71,2.36916,3.98723,1.61807,0.623964,0.196939,2.08778,1.00016,484.85
72,1.64666,1.06807,-0.578584,0.433132,0.482851,0.961374,1.00377,287.017
73,1.23946,0.426556,-0.812899,0.183245,0.770652,0.282289,1.00741,203.956
74,0.525383,0.753496,0.228113,0.634619,0.305436,2.18536,1.00506,250.641
75,0.544915,0.409176,-0.135739,0.390152,0.54204,0.804945,1.00113,408.796
76,0.602317,1.0605,0.458185,0.716959,0.225703,3.18713,1.00413,275.929
77,3.86614,0.383999,-3.48214,0.270279,0.676756,0.466027,1.00161,379.175
78,0.656078,1.25496,0.598884,0.727565,0.215729,3.36019,1.00319,307.06
79,1.53551,1.08578,-0.449733,0.447829,0.467208,1.02045,1.00334,301.489
80,2.52705,0.456254,-2.0708,0.150764,0.810299,0.22337,1.0065,219.754
81,0.598663,0.987353,0.38869,0.705622,0.236159,3.01594,1.00448,265.765
82,1.4657,0.714896,-0.750809,0.32078,0.611081,0.594226,1.00466,260.997
83,0.650995,0.770781,0.119786,0.596365,0.342211,1.859,1.00513,248.986
84,2.52576,0.444103,-2.08166,0.146064,0.81585,0.215214,1.00652,219.437
85,1.48105,0.414597,-1.06645,0.16425,0.793142,0.247278,1.00713,208.559
86,1.2618,0.742518,-0.519287,0.349989,0.57848,0.677469,1.00436,269.285
87,0.593087,0.409446,-0.18364,0.376016,0.557695,0.758206,1.00137,393.359
88,0.643599,0.435709,-0.20789,0.382837,0.552358,0.780491,1.00203,356.83
89,0.599287,0.717622,0.118334,0.594142,0.344158,1.84192,1.00524,246.289
90,0.598468,0.409868,-0.188601,0.374996,0.558865,0.754917,1.0014,391.61
91,0.593154,0.412882,-0.180272,0.378462,0.555299,0.766142,1.00145,388.948
92,4.07552,0.426105,-3.64941,0.0524293,0.927953,0.0696173,1.00504,251.263
93,3.95795,0.999674,-2.95828,0.169709,0.763493,0.257176,1.0088,183.809
94,0.728895,0.775972,0.0470767,0.582508,0.35596,1.75553,1.00515,248.556
95,1.48261,0.414565,-1.06804,0.164169,0.793235,0.247131,1.00713,208.575
96,3.74448,0.664149,-3.08033,0.445817,0.499316,1.01218,1.00422,273.269
97,1.52119,1.06885,-0.452337,0.446162,0.469204,1.01359,1.00331,302.519
98,0.651263,0.770311,0.119048,0.59612,0.342452,1.8571,1.00513,248.942
99,0.593154,0.412882,-0.180272,0.378462,0.555299,0.766142,1.00145,388.948
100,0.529514,1.20189,0.672373,0.761978,0.185977,4.0279,1.00385,284.324