dN,dS,dN/dS,dS=dN,LRT,p-value,Full Log(L)
0.07498618521499124,1.504308413402023,0.04984761405768415,0.4115439848625796,82.04606557390059,0,-206.0338568916848
0.2327430302558378,1.28935995336563,0.1805105158170194,0.3831709144480162,26.52307692301326,2.604086790647386e-07,-219.8989748180496
0.04273845176694185,1.324953398555738,0.03225656978843845,0.3582043602786991,84.4487432574644,0,-164.3633383318774
0.02125498622448392,0.4500042421616654,0.04723285745570372,0.1437447776340812,30.53134575644776,3.285154703824844e-08,-95.03949425807787
0,0.898061923520923,0,0.1383372945663709,57.60990681885548,3.197442310920451e-14,-60.51094374910461
0.09688400887564347,0.9440367254919482,0.102627372706455,0.3179932076938278,43.95060651116626,3.367683909516472e-11,-176.9609940698957
0.09305550557881846,1.749949932472737,0.05317609598540227,0.3364714183953641,66.7373146489773,3.33066907387547e-16,-140.4483558966583
0.05259351186278113,1.202215214213162,0.04374716876063081,0.316901777157561,69.4257870327998,1.110223024625157e-16,-162.3769024664821
0.06373642736167059,0.7334947707678684,0.08689418098365896,0.2446728566920217,38.68684435340543,4.975512224447698e-10,-146.1446226168304
0.02068419751531341,0.851546316114673,0.02429016146730413,0.1828073960330989,51.19129477774339,8.378853166846056e-13,-87.85759678564352
0,0.580128654474659,0,0.1707024980110158,54.97168736660217,1.222355550112297e-13,-103.1214594901351
0.1128339642351769,1.261213685965211,0.08946458914202528,0.2943571111155396,46.35862603469678,9.847345161517751e-12,-162.3665278125112
0.03118055638978713,1.979493784947452,0.01575178291889149,0.3001354775515792,94.09365874334114,0,-106.260945897044
0.01060963138858035,0.3818237253836486,0.02778672639559005,0.1294313329830661,31.25792239163908,2.259236331347836e-08,-86.08509283969323
0.1856950780958096,1.12238278808484,0.1654471897352128,0.3531652381067725,31.24044015539533,2.279673261273985e-08,-196.6705790347851
0.02130368712744142,0.7132837476257692,0.02986705809343436,0.2184248139579038,52.38759462257457,4.556355293061642e-13,-116.7219037282649
0.03203647481798595,0.4501613543921645,0.071166648370435,0.1566414028353981,27.76595103233328,1.369146588325876e-07,-102.1462406102729
0.2848655731746487,1.623211445611865,0.1754950496096764,0.4705292656323442,31.58605515702601,1.907947688728484e-08,-229.3933205124755
0.208859939990636,1.288802032180989,0.1620574260246863,0.4024330552973241,33.3076665685636,7.867187679089227e-09,-196.2759655434438
0.189008150163175,1.278394284945713,0.1478480875492972,0.3514951072466829,30.13966376412287,4.020241628488463e-08,-176.6977189428476
0.540042199084418,1.185682338985303,0.4554695480634227,0.654578183303563,6.855355380083211,0.008837597684187459,-291.9028719511548
0.2597714712569419,0.6997161400137992,0.3712526500415139,0.3494927984411668,8.347281729143731,0.003862647751611159,-199.8193871002879
0.3285880761692728,0.937572668640876,0.3504667821061813,0.420866024386532,9.449491450961432,0.002112076533101304,-225.891077747428
0.04158424834993515,0.8756678111329599,0.04748861134467471,0.2008713792853857,44.38447318587052,2.698186118976764e-11,-98.66319751915559
0.3328786343394747,1.293652757647337,0.2573168358909963,0.5270923276128483,22.52316844383517,2.076243056259308e-06,-255.9049714830062
0.2882260820344041,1.542719501916728,0.1868298687326517,0.4904660661276577,29.98194789339635,4.36087288502307e-08,-218.7197848979251
0.09392956458392648,1.155809787304507,0.08126732064017382,0.2756982182405002,43.7668538805213,3.699174300209052e-11,-130.8452716860157
0.3474395805254104,1.282865400069729,0.2708308919287446,0.485998464959827,17.23866507860714,3.29658411215572e-05,-245.5908929470907
0.2448790661535615,0.9125874999782715,0.2683348897058003,0.3855431909063678,17.12527248977233,3.499355505665047e-05,-211.0894693627853
0.257762369406115,1.360893836314971,0.1894066697400027,0.3931728964714635,24.82682953225469,6.271840865545997e-07,-225.8347623584254
0.1627175474740528,0.2964531240068736,0.5488812034589322,0.2006089039050918,2.064958862362118,0.1507189958966373,-137.8782064608063
0.05228664189815514,1.190513316722557,0.04391940952168307,0.2348819320623845,52.8313287689316,3.634870182622763e-13,-109.8412249428901
0.3846604839958555,1.705649901422406,0.2255213591459024,0.556062014277344,23.85245019169975,1.040094056992125e-06,-259.6253757569141
0.4557202816615864,1.059120708891808,0.4302817212765307,0.598064982407169,8.989027378994933,0.002716055236178572,-270.4989004013926
0.1844140086886254,0.4851951732652367,0.3800821171562102,0.2731886235230601,7.218378797428841,0.007216085189144295,-177.320006188877
0.5628066183870202,1.429827637148085,0.3936185060106872,0.6992772498366188,10.26368860314585,0.00135674143497666,-304.9539982697966
0.4298848877683151,0.6305902213849647,0.681718290563021,0.4691293388416971,1.174298621580192,0.2785197468286187,-247.3503597735253
0.2626585644376905,2.126269440494726,0.1235302353668672,0.5129352539695902,48.57287111220592,3.182454300088011e-12,-218.5662932789489
0.5761556787631723,1.304284145894684,0.4417409201642589,0.6963653762295233,8.01218195214426,0.004646372023951906,-288.4237206017222
0.4866016278716349,1.527330036754252,0.3185962536988522,0.6522539958399582,16.10752888147442,5.984564554784022e-05,-300.6485537065696
0.4344097852370442,0.8769982550086015,0.4953371147047306,0.5317794712957779,5.544516860488784,0.01853867367336703,-270.0441373130645
0.4621695658522884,1.172899305902806,0.3940402756880707,0.5649854553382541,8.716480277679125,0.003153462638388338,-258.9985743318019
0.3167037046846825,1.098936041564677,0.2881912074098111,0.4392354529099259,14.28017314789946,0.0001575153028789966,-215.18370642745
0.4903015022194091,0.7604626943423535,0.6447410318311811,0.5414011731749251,1.867856469069238,0.1717207828591284,-257.9802331594448
0.2314893607487908,1.024081450967659,0.2260458487262468,0.3581777869328955,18.28767678119499,1.899318583831189e-05,-188.4053452358347
0.3843339756563435,1.348452572393412,0.2850185342256248,0.5638007664085825,17.70367628897543,2.581272514590172e-05,-268.1176167637585
0.4972227935035587,1.000550241224506,0.4969493514838807,0.5839713688751291,4.951044870833584,0.0260749048982728,-270.8025675196509
0.6435799818046114,1.33737005552136,0.4812280483981063,0.7877869070680789,7.587735312771315,0.005876672759707269,-322.876788285049
0.7097696854843335,0.7685022717798543,0.9235752600190812,0.7189119545312342,0.05627252421106732,0.8124874362585253,-319.106741471914
0.3629998668158156,1.454730986960655,0.2495305799282004,0.5617002058910708,24.47475594411924,7.528985651594766e-07,-267.0312165340823
0.3208552251610577,0.5949216266311477,0.539323518927962,0.3724382381830104,3.077666894585434,0.07937431267913653,-215.0997647974366
0.708418046024074,1.170956890781004,0.6049907145185969,0.8089679437297903,3.707147101719329,0.05417992182841058,-332.9831894912008
0.4046951582131699,0.8020778409303918,0.5045584574980065,0.4541452357117358,2.790208591737098,0.09484188132189819,-238.695880575296
0.265363341720269,0.6764354349671686,0.3922966302514129,0.3829986254950722,9.15129895571863,0.002485415681251157,-216.779486427608
0.1265349766045935,1.186817689812996,0.1066170294651837,0.2837863846726688,34.27130172683752,4.793992203211417e-09,-141.5445604970185
0.4499789357471598,1.000467694024095,0.4497685816692872,0.5402717786951997,6.651712932324926,0.009906054563901701,-284.8890085716082
0.2728175979621226,1.123157760643808,0.2429022952267544,0.4028580333595873,17.11768797940414,3.513357344031576e-05,-191.6831780835922
0.6223429189654736,0.8506831419695231,0.7315801715837574,0.6703980843500048,1.148985180279851,0.2837616877579406,-304.6398559714564
0.6552630794202646,0.8842171695577126,0.7410657720523892,0.7122064859748998,1.212260626734974,0.2708848723213636,-316.0195106848458
0.6490971895999303,1.636286827823588,0.3966891247687236,0.8148495351874138,12.07862254811289,0.000510032658615267,-324.1963132704731
0.580694984520691,1.135378281667693,0.5114550752791757,0.6756853358850963,5.314167078891614,0.0211527033259602,-295.5760891193257
0.8016083619929035,1.21584692862621,0.6593003963900653,0.8666489256923356,1.754524444728986,0.1853089562296524,-332.5543681519546
0.4445261659804331,1.311167957122245,0.3390306814361755,0.5851694340065891,13.48263084349821,0.0002407819636232045,-266.2523687456457
0.2181862119212446,0.8619048275500555,0.2531442044957955,0.3526126580109462,17.01388137648411,3.710753558106017e-05,-180.9519298486417
0.6219524380990723,0.9764085485547237,0.6369797140957891,0.6856524160466368,2.277995052452752,0.1312214102391869,-293.6532420832716
0.4737208922068332,1.519243944955464,0.3118135792344529,0.6422137402289927,16.65541009902108,4.482228671132127e-05,-282.5527365175942
0.8174966408266143,1.635092601218142,0.4999696287644996,0.9211125839516059,4.628683887982675,0.03144167350521776,-331.6417528641955
0.780072290440781,0.5392542591465291,1.446576039427842,0.7235612188275667,1.319664465869892,0.2506522775035728,-308.5521362486419
0.5928521254472058,0.9920716434626046,0.5975900322863658,0.6639747398225373,3.024005897819507,0.08204058436613704,-289.2888718190869
0.5564242420827334,1.332742280523283,0.4175032564167328,0.6466230084307864,6.969351926937748,0.00829175216359046,-296.2810430982116
0.6317746635437655,1.484615243893462,0.4255477411688913,0.7530392163950599,7.911723646945688,0.004911545030440667,-307.9998228976957
0.5879127058235784,1.17806640871194,0.4990488664101571,0.6847831636923145,5.544077264572365,0.0185433307315146,-294.5768056086893
0.3404775848318435,1.217639230877008,0.2796210701807083,0.4787413036121865,15.07689567589779,0.0001032189398304517,-219.6962051726379
0.300637617301537,1.091072666890911,0.2755431663027774,0.4422855991078305,15.44084889142772,8.512814298289317e-05,-199.738721338274
0.6746246041250558,0.7221319299357208,0.9342124010291391,0.6864975625641645,0.05529283468126778,0.8140967478454496,-320.5457238759175
0.6848488891240549,1.401047201362674,0.4888121459847772,0.8180433239743086,6.394390796760035,0.01144815102594854,-327.9817293642565
0.4562986567933611,1.496644824068706,0.3048810575864551,0.6288265101996702,17.02091650739823,3.697030380522826e-05,-250.5492065239673
0.8873384737199577,0.9163949604243941,0.9682926162197794,0.8930588091185616,0.01211679889206607,0.9123488383181626,-345.7641853205679
0.9050386277280712,1.229366047279418,0.7361831976171117,0.9575205679640354,0.9550828377728067,0.3284288705266792,-354.3332421292741
0.574349145475189,0.710556375813855,0.8083090448908331,0.6048035766070978,0.4992222706414395,0.4798420492102222,-281.5265303004786
0.6899567644107441,1.000633719050552,0.6895198025761184,0.7466960339248784,1.442381000243699,0.2297544312386285,-322.0598286653108
1.051285947343195,1.666561292690167,0.6308114510725297,1.155715432826264,2.645420837032702,0.103848653268976,-391.61374754907
0.7772225399537912,1.357608773658863,0.5724937515386814,0.9067885594285251,4.281259213796375,0.03853479021606976,-352.067167537213
0.6730768833329114,1.512381885251463,0.4450442642143914,0.8170611669257383,8.607400314824531,0.003347998388490425,-313.7280522696758
0.7495021787390007,0.715385313549151,1.04769019512099,0.7437112703370969,0.01906234606735779,0.8901878966681399,-314.5871189345688
0.7342641195315375,0.7979960476973439,0.9201350328116186,0.7502253573767301,0.08719219912529752,0.7677775091445868,-307.0913440017256
0.7665673159142192,1.41256868671838,0.542676135413334,0.8721647905137676,4.724186004030571,0.02974125731147648,-339.8544872582112
0.4372620551296069,0.4290511828599887,1.019137279181672,0.4350145623545572,0.003461540550119935,0.9530836436415761,-231.4434391544087
0.7564912892964336,0.6108793750065514,1.238364430438203,0.7160171297986198,0.5649866919995929,0.4522579773284802,-310.501797044647
0.9369049678154509,0.9264437183746878,1.011291834823076,0.9343504352856022,0.001752070287807328,0.9666121064965763,-355.3360978888967
0.9807501453189535,0.8451906264152977,1.16038928339587,0.9464429730749234,0.289798045129487,0.5903499767913727,-350.8889379928552
0.7538938096558817,0.928433270609738,0.8120064559521553,0.7843450251205617,0.4279409644119596,0.5130010190449077,-321.5527170258096
0.5547073529931336,1.286588937419307,0.4311457504879441,0.6429043391410412,6.075028216453461,0.01371061106583182,-288.9424097156837
0.8734650061597664,1.011575270376833,0.8634701062179809,0.9023025878065773,0.2656029671812803,0.606296708368689,-345.0573240729921
0.799048086801574,0.576110249064998,1.386970789182096,0.7575854330494366,0.9597737810170202,0.3272438801337246,-323.7768258334527
0.962191572029825,1.049153493947535,0.9171122982295874,0.9769298235576283,0.08141098668431823,0.7753943141865067,-358.0186464308614
1.056642337231989,0.5252268428896075,2.011782816389822,0.880311723934883,7.036206083400316,0.007987806214489468,-357.0792271768825
0.7178838016223721,0.5778286693483373,1.242381764186235,0.6889284169639279,0.4427613452413652,0.505792674028388,-292.622469970254
0.623355364269632,0.6481962624068992,0.9616768877299179,0.6311512471568833,0.02113494773345792,0.8844119316627411,-303.8026704381876
0.9582251124535597,1.338407615459083,0.7159441573596262,1.027515454779783,1.401727623903753,0.2364345242408274,-349.029093966839