Codon,alpha,beta,beta-alpha,Prob[alpha<beta],Prob[alpha>beta],BayesFactor,PSRF,Neff
1,1,0.1354930037326709,-0.8645069962673291,2.637261612083313e-10,0.9999999995921074,1.963231558682826e-09,0.9983432643095137,744.9906850555634
2,1,0.04214945364228259,-0.9578505463577174,8.366143214761091e-12,0.999999999987455,6.227928357289604e-11,0.9982117235088793,775.2308184246177
3,1,0.07705287061970376,-0.9229471293802962,1.480704180668677e-10,0.9999999997790461,1.102266518765945e-09,0.9983861729065951,735.6326713192608
4,1,0.04168090263853895,-0.958319097361461,6.035722413619159e-12,0.9999999999909303,4.493115383214613e-11,0.9982088826236556,775.9111580334413
5,1,0.1050304639694188,-0.8949695360305812,1.896349400116677e-09,0.999999997169653,1.411681335525733e-08,0.9975745084157044,965.251440927892
6,1,0.07707321096035066,-0.9229267890396493,1.494074949130719e-10,0.9999999997770637,1.112219992660661e-09,0.9983856982320584,735.7349012638318
7,1,0.04168090344995441,-0.9583190965500455,6.0357071701452e-12,0.9999999999909303,4.493104035660393e-11,0.9982088824512252,775.911199363768
8,1,0.1050405162885042,-0.8949594837114958,1.901104868898318e-09,0.9999999971626025,1.415221403897662e-08,0.9975746716731803,965.1907692861189
9,1,0.04168090317195526,-0.9583190968280447,6.03572227347447e-12,0.9999999999909303,4.493115278888035e-11,0.9982088825694874,775.9111710172189
10,1,0.04168090311872201,-0.958319096881278,6.035722004058336e-12,0.9999999999909303,4.493115078329147e-11,0.9982088825731634,775.9111701360758
11,1,0.07707816154421694,-0.922921838455783,1.497356632913749e-10,0.9999999997765767,1.114662945282111e-09,0.9983855832938844,735.7596596214472
12,1,0.0777993751911867,-0.9222006248088133,2.050518971368186e-10,0.9999999996946457,1.526448319570236e-09,0.9983694990503498,739.2408948865159
13,1,0.07783686694899998,-0.9221631330510001,2.084271273218712e-10,0.9999999996896521,1.551574224363854e-09,0.9983687142306487,739.411606838684
14,1,0.04214723294095103,-0.957852767059049,8.357511835366337e-12,0.999999999987468,6.221502981687532e-11,0.9982117201009892,775.2316338332084
15,1,0.1384235892712041,-0.8615764107287959,1.904983536959771e-08,0.9999999717211173,1.418108788166415e-07,0.9980529990274956,815.1752952717201
16,1,0.04164739695460988,-0.9583526030453902,5.897790707151525e-12,0.999999999991136,4.390436195919979e-11,0.9982086961700271,775.9558522024646
17,1,0.07707494090248239,-0.9229250590975177,1.495216094722276e-10,0.9999999997768942,1.113069484811235e-09,0.9983856577920048,735.7436120978728
18,1,0.1051631017597997,-0.8948368982402003,1.963444928064695e-09,0.9999999970702346,1.461628620916076e-08,0.9975766439822817,964.4584013950515
19,1,0.4288427287936171,-0.5711572712063828,2.248602544794009e-05,0.9999672795466669,0.0001673943428627799,0.996797815046527,1377.75627504346
20,1,0.07704694282139757,-0.9229530571786024,1.477657381060182e-10,0.9999999997794993,1.099998418734773e-09,0.998386345163828,735.5955795980334
21,1,0.07703223329779038,-0.9229677667022096,1.468272022553892e-10,0.9999999997808912,1.093011765637771e-09,0.9983866974983818,735.5197239837822
22,1,0.4223718068751879,-0.5776281931248122,2.887534564505315e-05,0.9999582824416757,0.0002149601940322977,0.9969070100910202,1299.595964351515
23,1,0.04214807573652317,-0.9578519242634769,8.362345878340369e-12,0.9999999999874605,6.225101542284183e-11,0.9982117253221885,775.2303845534057
24,1,0.2409963012129468,-0.7590036987870532,6.129537817752507e-08,0.9999999078103077,4.562953771158972e-07,0.9978829245183352,862.8363981493582
25,1,0.1381915241841551,-0.8618084758158449,1.839009632379396e-08,0.9999999726927647,1.368996460537096e-07,0.9980514350879726,815.5894646312245
26,1,0.1051720943115334,-0.8948279056884666,1.968032471462833e-09,0.9999999970634373,1.465043682193206e-08,0.9975767888532087,964.4046511672016
27,1,0.1441320680559079,-0.8558679319440921,1.438596760129853e-09,0.9999999978022617,1.070920893886184e-08,0.9983635334872401,740.5404999911445
28,1,0.1051283751452722,-0.8948716248547277,1.945547193184161e-09,0.9999999970967502,1.448305180452871e-08,0.9975760857641826,964.6655685608307
29,1,0.1796476850466266,-0.8203523149533735,1.424969495089827e-07,0.999999790451968,1.060776628305245e-06,0.9982138609958824,774.7197195613115
30,1,0.4013698193748077,-0.5986301806251924,1.016478645804121e-05,0.9999851470256906,7.566952142256028e-05,0.9969656213611036,1261.201646764915
31,1,0.3249590089343198,-0.6750409910656802,2.666684466657036e-06,0.9999961074874285,1.985139827464962e-05,0.9976537331770797,936.6820475485105
32,1,0.1795012622625972,-0.8204987377374028,1.404571457369844e-07,0.9999997934230362,1.045591906954799e-06,0.9982146969426116,774.5200188035442
33,1,0.5782738561028526,-0.4217261438971474,0.0009400540313367898,0.9986488336314882,0.007004539388564413,0.9983520532504977,743.0544512181642
34,1,0.3978163444827882,-0.6021836555172118,8.465111989390578e-06,0.9999876073600424,6.301656084289714e-05,0.9969834944226617,1249.942217510815
35,1,0.1823073914721784,-0.8176926085278216,1.824045936362536e-07,0.9999997323803248,1.357857401252009e-06,0.9981989064002567,778.3098146275468
36,1,1.133483529531298,0.1334835295312977,0.6514328103806788,0.2998813539572862,13.912380183145,1.000330636315707,469.292530028965
37,1,0.4287931573308324,-0.5712068426691677,2.242069950271273e-05,0.9999673733726478,0.0001669080213081446,0.9967977774239782,1377.78482963734
38,1,0.3126854932067197,-0.6873145067932803,1.410568375124348e-06,0.9999979283918542,1.050057469671981e-05,0.9977192759072534,914.2990681224423
39,1,0.4901454711070581,-0.5098545288929419,0.0001289547338547246,0.9998141395339355,0.000960089258271838,0.9968326741414955,1351.799428097521
40,1,0.1063286635891529,-0.8936713364108472,2.654768926527015e-09,0.9999999960472794,1.976264366853285e-08,0.9975952696932496,957.596835044642
41,1,0.1400025261850108,-0.8599974738149891,2.42556438254211e-08,0.9999999640655848,1.805639848490482e-07,0.9980628092287904,812.5869230645628
42,1,0.178408363934449,-0.821591636065551,1.044972851794989e-08,0.9999999841880765,7.778992012426599e-08,0.9983464708645687,744.2830959849961
43,1,0.4725786018999089,-0.5274213981000911,7.910553871067082e-05,0.9998856882912646,0.0005889244190635819,0.9967556656154372,1410.508539752612
44,1,0.1383920591477273,-0.8616079408522728,1.895671139375974e-08,0.9999999718582183,1.411176448413022e-07,0.9980527925962969,815.2299390818071
45,1,0.2867713070338684,-0.7132286929661316,4.148031789403903e-06,0.9999940331076148,3.087892629138229e-05,0.9977747633672525,896.172785691609
46,1,0.551322325963332,-0.448677674036668,0.001280750026172338,0.9982101005866182,0.009546392048928248,0.9978678456949166,867.3336620315307
47,1,0.1051990103456801,-0.8948009896543199,1.981984286216016e-09,0.9999999970427688,1.475429698885602e-08,0.9975772216016765,964.2441279946543
48,1,0.5206422116955082,-0.4793577883044918,0.001154150550440873,0.998409909633363,0.008601660692120499,0.997551465058947,973.8925894340629
49,1,0.1793863812692775,-0.8206136187307225,1.389223436539298e-07,0.9999997956594966,1.034166522711524e-06,0.9982153471236427,774.3647674449203
50,1,0.4725151499228818,-0.5274848500771182,7.887026997854322e-05,0.9998860243225065,0.0005871727537260809,0.9967552133716432,1410.868425123099
51,1,0.3244844098646414,-0.6755155901353587,2.603808349823312e-06,0.9999961983872325,1.938333311626164e-05,0.9976563837604522,935.7555377195293
52,1,1.242777540582384,0.2427775405823838,0.7668297556193961,0.1980501510546958,24.4818448918638,1.00012389511617,488.030240984475
53,1,0.105148266297628,-0.894851733702372,1.957840345194481e-09,0.9999999970785645,1.45745645462287e-08,0.9975763953674606,964.5506568569749
54,1,0.1828040973114615,-0.8171959026885385,1.907321343028836e-07,0.9999997202780362,1.419849342681322e-06,0.9981961341636011,778.9790120989767
55,1,0.1792415812271068,-0.8207584187728931,1.370324535566631e-07,0.9999997984140304,1.020097789874058e-06,0.9982161636042302,774.1698953505888
56,1,0.4930471471866943,-0.5069528528133057,0.0005908045601344758,0.9991804547815553,0.004400670085117409,0.9972814426448221,1088.085609981844
57,1,0.4909405932145994,-0.5090594067854006,0.0001339724174560218,0.9998070032716256,0.0009974517456456937,0.9968420463068655,1344.987146343301
58,1,0.493487340502355,-0.506512659497645,0.0006004448821722126,0.9991672995348451,0.004472520182714579,0.9972863488366079,1085.771495758499
59,1,0.4676084732485883,-0.5323915267514117,0.0001429868605915379,0.9997965832747093,0.00106457569592236,0.9969280153170972,1285.569481709968
60,1,0.5450568620774507,-0.4549431379225493,0.001021675537669588,0.9985666278086553,0.007613340316794334,0.9977304054205141,910.6045559834141
61,1,0.5765619069715247,-0.4234380930284753,0.001736781425525824,0.9975602781542733,0.01295145048292108,0.9983570996661209,741.9472732221167
62,1,0.1384140443781713,-0.8615859556218286,1.902189693732108e-08,0.9999999717622519,1.416028993967461e-07,0.9980529359464014,815.1919925062597
63,1,1.114211280028834,0.1142112800288344,0.5871270185081483,0.3676131891508049,10.5860493953897,0.9995838353231941,544.9306627271018
64,1,0.5462014318399563,-0.4537985681600437,0.001330163142753282,0.9981493481167252,0.009915195695127822,0.9978095010215045,885.18772193334
65,1,3.550170358860825,2.550170358860825,1,1.080682137906094e-20,inf,0.99498743710662,inf
66,1,0.4908680077339628,-0.5091319922660371,0.0001336449934406791,0.9998074723189057,0.0009950136817906204,0.9968413910859357,1345.461163031776
67,1,0.5806199735618716,-0.4193800264381284,0.004573738139211234,0.993815843572839,0.03420428490449542,0.9984904957536551,713.8369663150133
68,1,0.5773477321443204,-0.4226522678556796,0.004194412387880176,0.9943178131305812,0.03135558312523784,0.9984365155200003,724.9502031420006
69,1,0.5970535169323655,-0.4029464830676345,0.004416478156217557,0.9939526804112788,0.03302301335720208,0.998799824962511,656.2223609029154
70,1,0.5982472147078756,-0.4017527852921244,0.002214228374379693,0.996873226843013,0.01651974801293358,0.9988358147671909,650.1205220993164
71,1,0.5631041494239833,-0.4368958505760167,0.001303239473629246,0.9981661882488284,0.009714241543061969,0.9980601481094334,813.287412416601
72,1,0.4256011352169995,-0.5743988647830005,0.0001072486639089526,0.9998489697065853,0.000798466654371527,0.997158066780807,1149.717724816732
73,1,0.7451588351837152,-0.2548411648162848,0.04072875649776762,0.9464329262519555,0.3160661878875923,0.9992874518414244,582.2317810361426
74,1,0.7692954704953531,-0.2307045295046469,0.06003737735972416,0.9226057449271133,0.4754769207216584,0.9988607525582301,645.9589884961099
75,1,0.9970811289433138,-0.002918871056686201,0.412211484672815,0.5316567375991801,5.220562562058447,0.9961944556007979,2064.587940227199
76,1,0.9672600006622837,-0.03273999933771632,0.35141123511595,0.5941192862219312,4.033337222092918,0.9956196259776848,3938.442554054318
77,1,0.5802758872976962,-0.4197241127023038,0.004532551220448237,0.9938702839179969,0.03389486983692641,0.9984849039297289,714.9722613625879
78,1,0.5262867546005835,-0.4737132453994165,0.0002257414055096765,0.9996727184303769,0.001680844693275936,0.9971434905954208,1157.465120017953
79,1,0.5760213003181172,-0.4239786996818828,0.002021736085736377,0.9971774526152458,0.01508070670581097,0.9983621382734512,740.8451119590924
80,1,0.4602875855559264,-0.5397124144440737,0.0002531641060972889,0.9996459065665366,0.001885082691963568,0.9971283795322459,1165.608179417741
81,1,0.9031483840345069,-0.09685161596549308,0.2185333910525495,0.7354072249272436,2.081736190009468,0.9963905957028819,1776.514557944382
82,1,0.623140389438068,-0.376859610561932,0.005842691512725299,0.9919653109487949,0.04374980890787702,0.9992725977611069,584.2370115711083
83,1,0.6107073730917042,-0.3892926269082958,0.008186902440900904,0.9890384865799128,0.06144804771301213,0.9989481210101657,631.7926531248137
84,1,1.638074057867011,0.6380740578670114,0.9840404216050057,0.01234809694637597,458.9969897603252,0.9958464611679924,2899.441946180641
85,1,0.713390364187373,-0.286609635812627,0.0296694761213491,0.9608361196325991,0.2276189931777886,0.9995243830086958,552.0222401322471
86,1,0.3375119864513921,-0.6624880135486079,1.324125079543263e-05,0.9999810887202063,9.857188809570445e-05,0.997608856474307,952.6530768164104
87,1,0.4990985716736757,-0.5009014283263242,5.462235678983671e-05,0.9999193862324628,0.0004066422229827336,0.9966476733788385,1502.012846298586
88,1,0.7444130710256893,-0.2555869289743107,0.04476513352416538,0.9416946223377259,0.3488574737582582,0.9992015741508088,594.0202494889501
89,1,0.6554860077671193,-0.3445139922328807,0.01799703815435335,0.9763419281495154,0.1364289551308415,0.9993073306595026,579.5698110919343
90,1,0.6192425411191895,-0.3807574588808105,0.003661926817001105,0.9948641245611591,0.02736032473707359,0.9992504683472128,587.2502944140634
91,1,0.807097963687873,-0.192902036312127,0.1060188139910476,0.8686464810511328,0.8828214481077122,0.997674519331828,929.4652977330845
92,1,0.7172420342084252,-0.2827579657915748,0.02779623500655622,0.9630008943055494,0.2128369317481859,0.9995703012050253,546.5288609531358
93,1,1.482238384213032,0.4822383842130316,0.9524269054448501,0.03736661507345439,149.0351010027656,0.9964662655887531,1685.804406930114
94,1,0.5774850247548671,-0.4225149752451329,0.001275628180262559,0.9981866120621234,0.009508166321999757,0.998349786522309,743.5528505450989
95,1,1.617289909832705,0.6172899098327047,0.9844407589452751,0.01190345235830158,470.9984637763218,0.9958113827640228,3022.722181821413
96,1,1.588432486127541,0.5884324861275407,0.985936144833864,0.01050746452087605,521.8704620053497,0.9958024911421728,3055.656869212391
97,1,0.6732317347496555,-0.3267682652503445,0.009599569401817627,0.9866876605372366,0.07215380619880662,0.9997787103539112,522.9195087532863
98,1,2.606907982485604,1.606907982485604,0.9999884006631981,7.804152462186346e-06,641771.0418007082,0.9981011365100907,802.6308009079736
99,1,0.5060831567516419,-0.4939168432483581,0.0001998149096166169,0.9997126894038748,0.001487760388269503,0.996967704728123,1259.878730564855
100,1,0.7187816283384896,-0.2812183716615104,0.0323352648355518,0.9574569754542483,0.2487538558760554,0.9994698418169971,558.6934613469408