Codon,alpha,beta,beta-alpha,Prob[alpha<beta],Prob[alpha>beta],BayesFactor,PSRF,Neff
1,1,0.3609215395689723,-0.6390784604310277,0.02199990700475906,0.9736013480680326,0.1589490229095229,0.9979057755448071,856.1096516896043
2,1,0.3477833944841922,-0.6522166055158078,0.01930065118762873,0.9767373254491831,0.1390631263233748,0.9977787138014764,894.9097637535612
3,1,0.360921563566444,-0.639078436433556,0.02199991743925084,0.973601336684671,0.1589490999944431,0.9979057760597523,856.1095012901297
4,1,0.5649411115101479,-0.4350588884898521,0.05956516707554498,0.9296874141266624,0.4475479490391087,0.9991544956800531,600.6889279148764
5,1,0.3609215395689723,-0.6390784604310277,0.02199990700475906,0.9736013480680326,0.1589490229095229,0.9979057755448071,856.1096516896043
6,1,0.3609215847217496,-0.6390784152782505,0.02199992636274678,0.9736013269224744,0.1589491659168667,0.9979057764967889,856.1093736453355
7,1,0.3609215395689723,-0.6390784604310277,0.02199990700475906,0.9736013480680326,0.1589490229095229,0.9979057755448071,856.1096516896043
8,1,0.3334048006023086,-0.6665951993976914,0.01658800795437761,0.9799088689449658,0.1191885808189314,0.9976364747472078,942.7600603949619
9,1,0.3609215636042861,-0.6390784363957139,0.02199991745695851,0.9736013366655707,0.1589491001252587,0.9979057760606636,856.1095010239537
10,1,0.347849134799924,-0.652150865200076,0.0193182137699098,0.9767172448766624,0.1391921591731948,0.9977795892123656,894.6303635390317
11,1,0.3477833944841922,-0.6522166055158078,0.01930065118762873,0.9767373254491831,0.1390631263233748,0.9977787138014764,894.9097637535612
12,1,0.3167581521437325,-0.6832418478562675,0.0137716718631227,0.9832262794640698,0.09866999516942825,0.9974703090167751,1005.602914798195
13,1,0.3609215640113312,-0.6390784359886688,0.02199991764098773,0.9736013364662846,0.1589491014847765,0.997905776070022,856.1094982906625
14,1,0.5651851135215136,-0.4348148864784864,0.05966256077000102,0.9295772914688918,0.4483261545815305,0.9991560167392242,600.4711147574983
15,1,0.3609215837959225,-0.6390784162040775,0.02199992597398772,0.9736013273480495,0.1589491630449049,0.9979057764777944,856.1093791930776
16,1,0.35124810567179,-0.64875189432821,0.01999352823631523,0.9759306630885909,0.1441572238902082,0.9978126102846175,884.2176536874071
17,1,0.3512344383273472,-0.6487655616726528,0.01998839925276085,0.9759364276173169,0.1441194886551302,0.997812361308665,884.2952537840032
18,1,0.360921540040566,-0.639078459959434,0.02199990767427324,0.9736013473853251,0.158949027855566,0.9979057755838844,856.1096402763161
19,1,0.3166215027306458,-0.6833784972693542,0.01374491543983726,0.9832575553256614,0.09847562158507767,0.9974685960499797,1006.294581670287
20,1,0.3165735983799113,-0.6834264016200887,0.01373482568401018,0.9832693075111036,0.09840232670870289,0.9974679458237299,1006.557382109751
21,1,0.3609215638764256,-0.6390784361235744,0.02199991758418715,0.9736013365284439,0.1589491010651617,0.9979057760672436,856.1094991021239
22,1,0.3478822291196871,-0.652117770880313,0.01932706041137616,0.9767071305858664,0.1392571574793618,0.9977800299182438,894.4897720899147
23,1,0.3609215396326128,-0.6390784603673871,0.02199990707620088,0.9736013479954118,0.1589490234373001,0.9979057755490899,856.1096504387226
24,1,0.539519247656558,-0.460480752343442,0.04947572987689052,0.9410975972518866,0.3677942311012123,0.9989723513305885,627.9738622308737
25,1,0.3609215448918683,-0.6390784551081317,0.02199991449215647,0.9736013404305464,0.1589490782227516,0.9979057759814683,856.1095241543993
26,1,0.7720913436361235,-0.2279086563638765,0.1562802347178936,0.8229137020840922,1.308825492333725,0.9996921941536558,532.4664542205729
27,1,0.3477833944841922,-0.6522166055158078,0.01930065118762873,0.9767373254491831,0.1390631263233748,0.9977787138014764,894.9097637535612
28,1,0.7223247876517568,-0.2776752123482432,0.1249866414052657,0.8561544586429448,1.009310585990543,0.9997279492021429,528.4786843989602
29,1,0.3478491795342892,-0.6521508204657108,0.01931822572537889,0.9767172312077387,0.1391922470119801,0.9977795898080573,894.6301734749436
30,1,0.5905451515141426,-0.4094548484858574,0.07079972359315123,0.9171455153440224,0.5383914389464906,0.9993018571011779,580.3003272990546
31,1,0.870054071502673,-0.129945928497327,0.2183572705739653,0.7557339343726701,1.973946046942268,0.9994470138811841,561.5341089161277
32,1,0.5685276654961438,-0.4314723345038562,0.06106029247997731,0.9280063061935111,0.4595122442985966,0.9991771891177973,597.4556869949743
33,1,0.3478162438883851,-0.6521837561116149,0.01930942561951416,0.976727292803848,0.1391275917754277,0.9977791512525461,894.7701229305324
34,1,0.3477833944841922,-0.6522166055158078,0.01930065118762873,0.9767373254491831,0.1390631263233748,0.9977787138014764,894.9097637535612
35,1,0.3237713459237589,-0.676228654076241,0.01491890983451766,0.9818719074961676,0.1070141042184264,0.9975405228900908,978.0504712386005
36,1,0.6810249773151197,-0.3189750226848803,0.09925545067165513,0.8841055959660598,0.7786255245995992,0.9996926017238813,532.4206563152012
37,1,0.8213755484828027,-0.1786244515171973,0.1848069022046941,0.7905220463184933,1.601893381632895,0.9995719109792403,546.3382737230171
38,1,0.3512083785795462,-0.6487916214204538,0.01998552406976586,0.9759399763901617,0.1440983353761364,0.9978122239871574,884.3380596028414
39,1,0.5674488784361243,-0.4325511215638757,0.06061373649014623,0.9285088920822181,0.4559348243714255,0.9991704997029949,598.4051130310343
40,1,0.3477833944841922,-0.6522166055158078,0.01930065118762873,0.9767373254491831,0.1390631263233748,0.9977787138014764,894.9097637535612
41,1,0.5909074829950046,-0.4090925170049954,0.07096583576911054,0.9169613006433082,0.5397511178699167,0.9993036747196968,580.0575374380707
42,1,0.9012474912753534,-0.09875250872464658,0.238061943880944,0.735559597347646,2.207731343877484,0.9993822539347382,569.7532705891089
43,1,0.3478491281645354,-0.6521508718354646,0.01931821199657153,0.9767172469041551,0.1391921461441889,0.9977795891240075,894.6303917309858
44,1,0.3512481045667495,-0.6487518954332505,0.01999352782166841,0.9759306635546123,0.1441572208395302,0.9978126102644914,884.2176599596883
45,1,0.5752269422193658,-0.4247730577806342,0.06395333998312369,0.9247685369165486,0.4827715247199453,0.9992181514154593,591.707406368444
46,1,0.754323150536522,-0.245676849463478,0.145267286562423,0.8345240896215236,1.200918159273899,0.9997096116070162,530.5163375086503
47,1,0.5584013473687687,-0.4415986526312313,0.05685000791086989,0.932741912335765,0.4259176892837326,0.9991107376460305,607.023815829084
48,1,0.5673670004139858,-0.4326329995860142,0.0605698516230609,0.9285568064302481,0.4555834403554025,0.9991698707945192,598.4945299529048
49,1,0.3609215400654143,-0.6390784599345857,0.02199990769458701,0.9736013473647909,0.1589490280056342,0.9979057755851592,856.1096399039833
50,1,0.6899580384306675,-0.3100419615693325,0.1046985686976786,0.8781441216212972,0.8263183161786143,0.9997081759665131,530.6765324753442
51,1,0.3509474954785143,-0.6490525045214857,0.01992711973876045,0.9760074352394602,0.1436686702509255,0.9978093978578647,885.2199449040319
52,1,0.5584788234657607,-0.4415211765342393,0.05688737648139167,0.9327005558614221,0.426214539982227,0.999111348022091,606.9345266202793
53,1,0.3335789164560049,-0.6664210835439951,0.01662052945200221,0.9798708101849769,0.1194262045512236,0.9976382804543261,942.1204257850017
54,1,0.5909766511746686,-0.4090233488253314,0.07099764464660656,0.9169260460742986,0.5400115387229165,0.9993040216385973,580.0112207030164
55,1,0.7016190755837178,-0.2983809244162822,0.1119128786853725,0.8702790242501605,0.8904312811906305,0.9997212046774097,529.2262930514337
56,1,0.8115810078902884,-0.1884189921097116,0.1776762055978492,0.79800321872033,1.526730309707653,0.9995990948334174,543.1399695775467
57,1,0.7023211232891289,-0.2976788767108711,0.1123518283135155,0.8698022335268302,0.8943658229950848,0.999721760380632,529.1646146321112
58,1,0.7257897911104342,-0.2742102088895658,0.1271892579045645,0.8537889139199132,1.029689453025943,0.9997273318453432,528.5470279331306
59,1,0.7431077222891886,-0.2568922777108114,0.1381979525153034,0.8420223558686668,1.133104595264106,0.9997185075056076,529.5258624389348
60,1,0.529111014902821,-0.470888985097179,0.04567581548942886,0.9454344928928627,0.3381943078215956,0.9988885239817245,641.3872055193417
61,1,0.7228601827044671,-0.2771398172955329,0.1253269165241669,0.8557888574619927,1.012452148189492,0.9997278869741767,528.4855724434613
62,1,0.6032078495837974,-0.3967921504162026,0.07671933440496223,0.9106044711804329,0.5871472063959248,0.9993610928894296,572.4917359095485
63,1,0.3609215450653176,-0.6390784549346824,0.02199991456031701,0.9736013403554475,0.1589490787262883,0.9979057759847381,856.1095231994228
64,1,0.5904895881017094,-0.4095104118982906,0.07077416373832679,0.917173838662437,0.5381822668787288,0.99930157644192,580.3378348198319
65,1,0.7570152840743816,-0.2429847159256184,0.1469542937559494,0.8327392733801698,1.217267122636758,0.9997071212034888,530.7942895919197
66,1,0.3477833944841922,-0.6522166055158078,0.01930065118762873,0.9767373254491831,0.1390631263233748,0.9977787138014764,894.9097637535591
67,1,0.5544709873268698,-0.4455290126731302,0.05526535644707712,0.9345310256356903,0.4133510524917433,0.9990834770283638,611.0387856157593
68,1,0.9976526847631517,-0.00234731523684828,0.2903840620374173,0.6827326751784264,2.891514193928789,0.9992541012547659,586.7534699275801
69,1,0.7259416105160349,-0.2740583894839651,0.1272844963514447,0.853683676857752,1.030572930425468,0.9997271539206837,528.5667281136382
70,1,1.876558409560295,0.8765584095602954,0.6524638081509033,0.3250695436542391,13.26576507927007,0.9984219000395738,728.0192781695379
71,1,0.3413576140116324,-0.6586423859883676,0.01806228513631148,0.9781829779193172,0.1299764486381265,0.99771575352441,915.4746247179011
72,1,0.6030533189543478,-0.3969466810456522,0.07664602279348311,0.9106852447270933,0.5865395658933493,0.9993604246990055,572.5786385395268
73,1,0.7395248424719274,-0.2604751575280726,0.1359239162562984,0.8444450856141541,1.111526465897568,0.9997209991211397,529.2491117508215
74,1,0.5280389027844323,-0.4719610972155677,0.04529764097728141,0.9458675889133309,0.3352613606306236,0.998879661465211,642.8390814865854
75,1,0.3512344383273472,-0.6487655616726528,0.01998839925276085,0.9759364276173169,0.1441194886551302,0.997812361308665,884.2952537840032
76,1,0.5794768860523185,-0.4205231139476815,0.06581333609483078,0.9226908982295917,0.497801448867357,0.9992426808994637,588.3181384061772
77,1,0.3477833944841922,-0.6522166055158078,0.01930065118762873,0.9767373254491831,0.1390631263233748,0.9977787138014764,894.9097637535591
78,1,0.9042730495311405,-0.09572695046885948,0.2399316413159078,0.7336504304263131,2.230543951298802,0.9993761517088435,570.5402541526961
79,1,0.3512344383273472,-0.6487655616726528,0.01998839925276085,0.9759364276173169,0.1441194886551302,0.997812361308665,884.2952537840013
80,1,0.7021193416047262,-0.2978806583952738,0.1122256387788451,0.8699392899650291,0.8932343197831605,0.9997216035333006,529.1820219100026
81,1,0.7227129199478407,-0.2772870800521593,0.1252333193504966,0.8558894140765657,1.011587776262342,0.9997279052663823,528.4835476513567
82,1,0.5650751217879273,-0.4349248782120727,0.05961646805051305,0.929629082709454,0.4479578394993802,0.999155304644827,600.5730657051679
83,1,0.5368356411669841,-0.4631643588330159,0.04849157622313799,0.942220316976103,0.3601053530132117,0.998951496890606,631.2578024239991
84,1,0.9613038233384648,-0.03869617666153524,0.2866758230944287,0.6834716826817299,2.839749539517213,0.9990903363343054,610.0235171125074
85,1,0.3303468656113159,-0.6696531343886841,0.01604553637206981,0.9805458737054982,0.115227238205291,0.9976060469612381,953.6711537786601
86,1,0.3811349878419342,-0.6188650121580658,0.02658273356215656,0.9683193360093023,0.1929640948034303,0.9980943413322872,804.3780419562529
87,1,0.3303767487432356,-0.6696232512567644,0.01605272258460744,0.9805375798683407,0.115279686230748,0.9976064617053221,953.5207264718097
88,1,0.579813784373022,-0.420186215626978,0.06595609661329811,0.922530658546008,0.4989575160602798,0.99924452639672,588.0647236935009
89,1,0.6254318507759056,-0.3745681492240944,0.08752809021901548,0.8987676412871768,0.6778035866391567,0.9994442584894903,561.8789507188002
90,1,0.7272126101300748,-0.2727873898699252,0.1280933879253076,0.8528160897345956,1.038084376655205,0.9997268131403576,528.6044641347135
91,1,0.773475298149389,-0.226524701850611,0.1571256857092921,0.8220258453312821,1.317225956987957,0.999690742473505,532.6296412929734
92,1,0.565546582035124,-0.434453417964876,0.05982819398038963,0.9293932009972851,0.4496499850799859,0.9991585228720138,600.1125871825082
93,1,0.8384081211567016,-0.1615918788432984,0.1969219266722586,0.7778883497681703,1.732655499798088,0.9995255972966468,551.875538947476
94,1,0.5372376891312035,-0.4627623108687965,0.04862965239056628,0.9420617050905292,0.361183138643025,0.9989544736421417,630.7869421200666
95,1,0.8760998169868793,-0.1239001830131207,0.2223083862695299,0.7516720129255512,2.019874302674925,0.9994330776093732,563.2826428457163
96,1,1.745461466532666,0.745461466532666,0.6666595701879625,0.3095149607845251,14.13162292239286,0.9986317760967024,686.3091490960267
97,1,0.7974377762768101,-0.2025622237231899,0.1672460854113917,0.8089966329175498,1.419107162830266,0.9996368863515309,538.7557628360017
98,1,0.8814437814038308,-0.1185562185961692,0.2256215834365218,0.7482886424124027,2.058748598870779,0.9994233956782922,564.503867652742
99,1,0.3478358185193305,-0.6521641814806695,0.01931328765049715,0.9767227920463176,0.1391559663510627,0.9977793426949381,894.7090254656777
100,1,0.582364968471248,-0.417635031528752,0.06708681381627934,0.9212699084430224,0.5081265037907519,0.9992587067363423,586.1248542343196