ObservedSChanges	ObservedNSChanges	E[SSites]	E[NSSites]	ObservedS.Prop.	P{S}	dS	dN	dN-dS	P{Sleq.observed}	P{Sgeq.observed}	ScaleddN-dS
7	0	1.000000000000001	2.000000000000002	1	0.3333333333333333	6.999999999999992	0	-6.999999999999992	1	0.0004572473708274183	-0.4806188420913091
29	3	0.9984854841712975	2.001514515828706	0.90625	0.3328284947237655	29.04398757891691	1.498864972636924	-27.54512260627999	0.9999999999989438	2.159561418579869e-11	-1.891243561756206
14	0	1.000000000000001	2.000000000000001	1	0.3333333333333334	13.99999999999999	0	-13.99999999999999	1	2.090751577421557e-07	-0.9612376841826188
13	2	0.9997962015897365	2.000203798410267	0.8666666666666667	0.3332654005299118	13.00264991938278	0.9998981111772567	-12.00275180820553	0.9999978455143936	3.135350358696165e-05	-0.8241069537098734
4	0	1.000000000000001	2.000000000000002	1	0.3333333333333333	3.999999999999996	0	-3.999999999999996	1	0.01234567901234551	-0.2746393383378909
4	3	0.9970167190603085	2.002983280939695	0.5714285714285714	0.3323389063534358	4.011968830141598	1.49776587181125	-2.514202958330348	0.9553028712338815	0.171772386246948	-0.1726247592307538
16	2	0.647797690843658	2.189385092044974	0.8888888888888888	0.2283242710870088	24.6990692096516	0.913498501139386	-23.78557070851221	0.9999999998241377	5.146297277214273e-09	-1.633113350343731
34	1	0.999673138389949	2.000326861610052	0.9714285714285714	0.3332243794633163	34.01111692843887	0.4999182979501189	-33.51119863048875	0.9999999999999992	2.109423746787797e-15	-2.300873354696769
16	16	0.6544428495993647	2.344573931407425	0.5	0.2182191355993893	24.44827689659203	6.824267635866511	-17.62400926072551	0.999895071274831	0.0004143701371526198	-1.210061560556631
12	0	1.000000000000001	2.000000000000002	1	0.3333333333333333	11.99999999999999	0	-11.99999999999999	0.9999999999999999	1.881676423232115e-06	-0.823918015013673
5	1	0.6495693677760257	2.188338617414957	0.8333333333333334	0.2288902146107854	7.697407310198195	0.4569676703787648	-7.240439639819431	0.9998561985192403	0.003050524142252042	-0.497127387988862
9	11	0.6515942165695371	2.346849309066216	0.45	0.2173108184291652	13.81227729027815	4.687135197605325	-9.125142092672824	0.9950756989276839	0.01718232976849099	-0.6265307466427262
12	3	0.9992302369449437	2.000290942012233	0.8	0.3331299155194961	12.00924427256016	1.499781825228929	-10.50946244733123	0.999968800468409	0.0002832565063947134	-0.7215779532054913
7	0	0.6466118702084179	2.189928121732419	1	0.2279579600659847	10.82565959969732	0	-10.82565959969732	1	3.198772351453716e-05	-0.7432879973830285
23	4	0.9987333914068706	2.001266608593131	0.8518518518518519	0.3329111304689567	23.02916894327618	1.998734193047851	-21.03043475022833	0.9999999968320809	3.902402778699354e-08	-1.443946171190226
9	1	0.9998468777228763	2.000076561138565	0.9	0.3332907982819546	9.001378311544316	0.4999808604480317	-8.501397451096285	0.9999830865098321	0.0003552480492525767	-0.5837045427291297
9	2	0.6470734860145401	2.189888598848807	0.8181818181818182	0.2280867585319558	13.90877573339138	0.9132884663865418	-12.99548726700484	0.9999966774310232	5.807461218354515e-05	-0.8922680060971747
24	3	0.6466118702084178	2.191528794041978	0.8888888888888888	0.2278293949109812	37.11654719896226	1.368907407539422	-35.74763979142283	0.99999999999998	5.351274978693255e-13	-2.45442703486441
40	9	0.9970415344859731	2.00145291463327	0.8163265306122449	0.3325140504358237	40.11868976012327	4.49673331518223	-35.62195644494103	0.9999999999995105	4.517386464897299e-12	-2.445797637084947
13	14	0.6485782334946173	2.350253312649699	0.4814814814814815	0.2162769810556758	20.04384255998608	5.95680470894274	-14.08703785104334	0.9994627442011017	0.002035920384389267	-0.9672136886378432
8	4	0.9991774420817556	2.000822557918247	0.6666666666666666	0.3330591473605849	8.006585880614203	1.999177780243439	-6.007408100370765	0.9961688965193933	0.01866056590306975	-0.4124676464528788
27	19	0.6528083786915171	2.34650030428353	0.5869565217391305	0.2176529486268113	41.35976326486272	8.097164941899027	-33.2625983229637	0.9999999882658469	6.334307889321877e-08	-2.28380449870445
11	13	0.6490323806278954	2.349125577041618	0.4583333333333333	0.2164770468372495	16.94830693864339	5.533974057007038	-11.41433288163636	0.9979725004395872	0.007149887232925645	-0.7837062075452611
9	5	0.9996578110290956	2.000342188970906	0.6428571428571429	0.3332192703430317	9.003080754938502	2.499572336957156	-6.503508417981346	0.9959719035163034	0.01739252076112263	-0.4465298121973257
10	17	0.6502688989021967	2.348874042542965	0.3703703703703703	0.2168182416103379	15.37825354539068	7.237510267513223	-8.140743277877457	0.980111330568243	0.05028162965897653	-0.5589420868537252
15	11	0.648175723652363	2.350352970356872	0.5769230769230769	0.2161645893025317	23.14187257041575	4.680148104873705	-18.46172446554205	0.9999874496137847	6.829535185937097e-05	-1.267578947948232
11	4	0.9987337545421187	2.000633122728942	0.7333333333333333	0.3329815242378102	11.01394635955113	1.999367077629827	-9.014579281921304	0.9997180879781977	0.001789579659005169	-0.6189395223453324
19.5	23.5	0.6505149901681447	2.348996980131419	0.4534883720930232	0.2168736103104057	29.97625003992552	10.00426999215863	-19.97198004776689	0.9998317016879582	0.0005371204048345568	-1.371272846404066
13	14	0.6515000561890157	2.346804881142825	0.4814814814814815	0.2172894584794229	19.95395069655741	5.965557730211644	-13.98839296634576	0.9994350342175089	0.00212888109570164	-0.9604407471719031
18	14	0.6511629835666726	2.3473831631156	0.5625	0.2171595672413275	27.64284895527539	5.964088104567593	-21.6787608507078	0.9999956212597116	2.203380309695468e-05	-1.488460134005942
27	32	0.659729972184494	2.340077877903611	0.4576271186440678	0.2199240768588286	40.92583502095222	13.67475856344901	-27.25107645750321	0.9999863927396279	4.343456550015556e-05	-1.871054401820992
10	4	0.9979233474495121	2.00207665255049	0.7142857142857143	0.3326411158165038	10.02080974010474	1.997925501455856	-8.022884238648887	0.9993227920108577	0.003970506902741477	-0.5508499047160067
14	49	0.7212525463025635	2.116313071895287	0.2222222222222222	0.2541800413978211	19.41067670647368	23.15347414837707	3.742797441903392	0.3380223355404243	0.762849519073612	0.2569798532442749
8	22	0.6495839409518612	2.346798741906556	0.2666666666666667	0.2167893789628322	12.31557539473233	9.374472385359745	-2.941103009372585	0.8145668804176118	0.3175643474128289	-0.2019356461194168
20	15	0.649934730501714	2.346941925787332	0.5714285714285714	0.2168706974101868	30.77232075990322	6.391295768840948	-24.38102499106227	0.999998949276612	5.447435782679477e-06	-1.673997142886233
22	30	0.7522293910812998	2.094099661811636	0.4230769230769231	0.2642805442036835	29.24639778881263	14.32596573462343	-14.92043205418921	0.99581322831145	0.009423055603992814	-1.024434396769497
23	46	0.6726101548404595	2.167948969952782	0.3333333333333333	0.2367879439543148	34.19514236364081	21.21821160809052	-12.97693075555028	0.9753738557206169	0.04422332418847874	-0.8909939190902404
28	16	0.6557535053397838	2.343612088502756	0.6363636363636364	0.2186307353414982	42.69897114082765	6.827068386655142	-35.87190275417251	0.9999999995318101	3.083084343380449e-09	-2.462958909331779
16	31	0.703912943480927	2.170124021990706	0.3404255319148936	0.2449213256258219	22.73008352549711	14.28489786107384	-8.445185664423272	0.9505313322404471	0.09107985965365728	-0.579845050754463
20	10	0.9943632845524609	2.00296629585623	0.6666666666666666	0.331749731845264	20.11337336233359	4.992595242709858	-15.12077811962373	0.9999590913641038	0.0001800241138187886	-1.038190124481881
21	42	0.7155269011271054	2.147321068505254	0.3333333333333333	0.2499353471497796	29.34900136797174	19.55925483897763	-9.789746528994119	0.9493869290036046	0.0860732949161277	-0.6721623773046531
10	6	0.9956259866134743	2.004374013386528	0.625	0.3318753288711579	10.04393229430866	2.993453297602171	-7.050478996706492	0.996114148930718	0.01543151215719063	-0.4840847216551675
14	4	0.6470173855895937	2.189805137216918	0.7777777777777778	0.2280782038311969	21.63774932762049	1.826646550424896	-19.8111027771956	0.9999999066984766	1.21322312163219e-06	-1.36022703961824
11	63	0.6539195666470382	2.334771806745103	0.1486486486486487	0.2187979570151617	16.82164070483824	26.98336506291297	10.16172435807474	0.08959516412545641	0.9507439206778687	0.6977023135184195
13.5	42.5	1.010440670184253	1.680924756269374	0.2410714285714286	0.3754379320818192	13.36050734927196	25.28370163000278	11.92319428073082	0.02492174451493548	0.9879145538237182	0.8186445470335104
27	41	0.6840753129109779	2.161238209643537	0.3970588235294117	0.2404217698641579	39.46933837607094	18.97060667216425	-20.49873170390669	0.9986650612408651	0.003005303798460535	-1.407439527981722
15	21	0.7926432983178928	2.207356701682109	0.4166666666666667	0.2642144327726308	18.92402298970071	9.51364135393116	-9.410381635769546	0.9852041820988864	0.03371124907135081	-0.6461152464886978
9	142	0.6831356216488875	2.301068444616092	0.05960264900662252	0.2289171941595461	13.17454355297219	61.71046338592989	48.5359198329577	1.782415773560402e-08	0.9999999963318342	3.332468227136109
26	50	0.6641347854896953	2.182347733002136	0.3421052631578947	0.2333177109556175	39.14867970788351	22.91110589017716	-16.23757381770635	0.9889851551622357	0.0206563167467364	-1.114869132376885
15.5	25.5	0.6505662358661576	2.342697950863784	0.3780487804878049	0.2173434068233326	23.82539877644196	10.8848859455389	-12.94051283090305	0.9936830716897923	0.01529277788791983	-0.8884934704080516
5	5	1.000000000000001	1.999757209229814	0.5	0.3333603122689886	4.999999999999996	2.500303525309304	-2.499696474690691	0.9234088319170703	0.2131833489160073	-0.1716287464636527
27	37	0.6861127287181159	2.164890216333883	0.421875	0.2406566187203998	39.35213394225301	17.09093593792362	-22.26119800432939	0.9995721346430989	0.001061227284263611	-1.528450172629452
23	27	0.6477875433502582	2.347106757103291	0.46	0.2162972974545902	35.50546816792357	11.50352446401814	-24.00194370390543	0.9999671860622937	0.000108997117264531	-1.647969484415975
16	20	0.6546027831266603	2.341001514327606	0.4444444444444444	0.2185211123121157	24.44230365715407	8.543352013056898	-15.89895164409717	0.9993448787792535	0.00208082851599567	-1.091619389950244
14	14	0.6520606015482171	2.3438162527799	0.5	0.2176526717398917	21.47039702561259	5.973164484799181	-15.49723254081341	0.9997704025871507	0.0009208147257394605	-1.064037422769358
8	3	0.9996615600792341	2.000050358339756	0.7272727272727273	0.3332525213308182	8.002708436008996	1.499962232196145	-6.502746203812851	0.9986309653348524	0.008808738403859095	-0.4464774786985989
15	10	0.6549366470670279	2.344798730840396	0.6	0.2183314741328627	22.90297858147623	4.264758364320641	-18.63822021715559	0.9999930676888915	4.09225716624384e-05	-1.27969711705888
18	21	0.651192782139182	2.346691303603208	0.4615384615384616	0.2172174652236168	27.64158401889778	8.948769685964114	-18.69281433293367	0.9998230140573252	0.0005991382463049755	-1.283445540017488
18	32	0.6694329778559975	2.171195421669848	0.36	0.2356636925715938	26.8884273637801	14.73842459348457	-12.15000277029552	0.9841897108142627	0.03251865559404521	-0.8342171804093771
17	65	0.9525083221267342	2.047357970261922	0.2073170731707317	0.3175169255188022	17.84761309176058	31.74823403827345	13.90062094651287	0.01866476842842751	0.9903641836142925	0.9544143348090318
11	45	0.1322662231265949	2.836521343136315	0.1964285714285714	0.04455226929324915	83.16560146630675	15.86450252133267	-67.30109894497409	0.9999945581790284	3.173125796784859e-05	-4.620882320915158
30	13	0.9974373766506993	1.999225863797232	0.6976744186046512	0.3328493382865422	30.07707621779442	6.502516916877232	-23.57455930091719	0.9999997741955955	1.107966089319845e-06	-1.618625342002819
17	43	0.694802439686951	2.264582224519406	0.2833333333333333	0.2347793607537944	24.46738674040853	18.9880497755499	-5.479336964858629	0.8505476558014538	0.2274363003404243	-0.3762103696397808
13	96	0.6594386852190597	2.311438016655553	0.1192660550458716	0.2219677056280916	19.71373577466344	41.53258677422963	21.81885099956619	0.00456086119607542	0.9979883933426021	1.498078700453474
11	39	0.9653849426135379	2.033872685180704	0.22	0.3218746311311427	11.39441844847948	19.17524154002538	7.7808230915459	0.07902057957772317	0.958821761169672	0.5342300263965878
21	26	0.9878751118552788	2.012124888144724	0.4468085106382979	0.3292917039517593	21.25774781445901	12.9216631398925	-8.336084674566509	0.9668448662730775	0.06184819085014803	-0.5723541948378954
2	45	0.9870268209998249	2.012973179000177	0.0425531914893617	0.3290089403332747	2.026287389003338	22.35499234140369	20.32870495240035	2.036680575936629e-06	0.9999998275263041	1.395765519348361
17	34	0.7287256395812889	2.123844347835431	0.3333333333333333	0.2554628432591836	23.32839559448994	16.00870611570568	-7.319689478784259	0.9212466784612832	0.1334700766311278	-0.5025686688230332
11	32	0.7557860564912791	2.24315855019371	0.2558139534883721	0.2520173446373587	14.55438335428847	14.26559883483787	-0.2887845194506031	0.6026437631900811	0.5354209912213971	-0.01982789733603488
10	38	0.6639490830696892	2.328554101094997	0.2083333333333333	0.2218708025385179	15.06139590368315	16.31913983966728	1.257743935984131	0.4922893552631105	0.6446700511486068	0.08635649059429418
11	32	0.9749057982858212	2.004910253477381	0.2558139534883721	0.3271697921450403	11.28314142693717	15.96081417833949	4.677672751402323	0.2036780910439373	0.8786029535060386	0.3211682373515793
7	22	0.9917538477251879	1.977072995690967	0.2413793103448276	0.3340558072373132	7.058203016863595	11.12756081740484	4.069357800541241	0.1963127349335728	0.8982472222624679	0.2794014334501957
29	48	0.7142116536450478	2.126946580309985	0.3766233766233766	0.2513804564312596	40.6042100433334	22.56756255392385	-18.03664748940955	0.9948050205679189	0.01015653601811495	-1.238393233081307
10	7	0.9990570183847197	2.000942981615283	0.5882352941176471	0.3330190061282396	10.00943871668911	3.498350559869115	-6.511088156819998	0.9920552202586531	0.02710318515560561	-0.447050235812181
15	42	0.7278661222055	2.122488610129551	0.2631578947368421	0.2553598378294555	20.60818540990567	19.78809205361834	-0.8200933562873338	0.6214659150073417	0.4967309166920928	-0.05630747418651347
8	52	0.2872741324135989	2.70827110322207	0.1333333333333333	0.09590044877177027	27.84796505270482	19.20044117375651	-8.647523878948309	0.8824337393210061	0.214353085013269	-0.5937375590938696
6	19	0.7290758382899726	2.107800717544633	0.24	0.2569994936122553	8.229596545227498	9.014134895130415	0.7845383499029168	0.5287139415425967	0.6518392842894775	0.05386627332950952
33	50	0.6533788407395257	2.190760115885376	0.3975903614457831	0.2297281710577463	50.50668607916505	22.82312866545543	-27.68355741370962	0.9998031352587029	0.0004639286988519231	-1.900748472735058
12	33	0.917067377699643	1.918043233246658	0.2666666666666667	0.3234679360159232	13.08518904041773	17.20503449973916	4.119845459321425	0.2599421501860908	0.8347427557662264	0.2828679077506004
12	62	0.9643034113289092	2.035696588671093	0.1621621621621622	0.3214344704429695	12.44421606210308	30.45640511706793	18.01218905496485	0.001559025835232757	0.9994072869836516	1.236713921018138
6	44	0.8475699263833917	1.998321829760792	0.12	0.2978222641650081	7.079061931329011	22.01847537504357	14.93941344371456	0.002747368262732866	0.999196005863685	1.025737655834491
19	40	0.6487463477049005	2.336770406608994	0.3220338983050847	0.2172978419121248	29.28725543845783	17.11764231816254	-12.16961312029529	0.9787673130736783	0.04087524339973281	-0.8355636237965045
12	40	0.6516498329623092	2.329450826068535	0.2307692307692308	0.2185937032982175	18.41479793748995	17.1714292280249	-1.243368709465045	0.6578982331382087	0.4695677774191783	-0.08536948991937944
1	50	0.06992815369043398	2.928869372663487	0.0196078431372549	0.02331873128342076	14.30039186258106	17.0714339351128	2.771042072531738	0.665715497084959	0.6998102959002994	0.1902592903266439
0	44	0.04891402662179525	2.949072900436296	0	0.01631562372081266	0	14.9199431433148	14.9199431433148	0.4849020706286207	0.5150979293713793	1.024400828229733
19	36	0.9730077671243107	2.019017207741837	0.3454545454545455	0.3252004162056968	19.52707947661488	17.83045724521788	-1.696622231397008	0.6834077347213897	0.4235506217506169	-0.1164898017600577
1	30	0.0286351798612471	2.969582671385193	0.03225806451612903	0.009550733563054026	34.92207853575706	10.10242964073002	-24.81964889502704	0.9646821880604241	0.2573241962508259	-1.70411298757725
12	23	0.7293828113361693	1.688345892922733	0.3428571428571429	0.3016809992168846	16.4522659617067	13.62280092984038	-2.82946503186632	0.7661738113306718	0.356631035679819	-0.1942706010504916
25	55	0.6866082199222326	2.297998981330382	0.3125	0.2300497766118332	36.41086616008118	23.93386613607584	-12.47700002400534	0.9667669390787743	0.05621530550308551	-0.8566687577586701
17	47	0.7271812817086499	2.116598092180158	0.265625	0.2557094577679016	23.37793948718713	22.20544380798747	-1.17249567919966	0.6351975703719072	0.4752799206654541	-0.08050335938485774
1	23	0.04009559018128796	1.687375734204804	0.04166666666666666	0.02321056773288964	24.94039856948373	13.63063337570101	-11.30976519378272	0.8937227850567384	0.4308550882384693	-0.7765266073943496
51	57	1.144175113142948	1.679116162858856	0.4722222222222222	0.4052628656733103	44.57359665856347	33.94643042620233	-10.62716623236113	0.9343590952618618	0.09413896963294244	-0.7296594756156106
23	83	0.9360790061983121	2.058357054878753	0.2169811320754717	0.3126061091655485	24.57057561135749	40.32342192685763	15.75284631550014	0.01928192760849801	0.9891069501667816	1.081587822256862
13	61	0.6752954012192069	2.31843160569287	0.1756756756756757	0.2255701337029224	19.25083448892033	26.31089045293186	7.060055964011529	0.1887234921133488	0.8805128187261295	0.4847422746461523
7	49	0.6990860344099065	2.290447753618496	0.125	0.2338445001723676	10.01307372118891	21.3931969950368	11.38012327384789	0.03249271653188794	0.9865335118693849	0.7813573815333056
17	36	0.7002147697714507	2.282785331181312	0.3207547169811321	0.2347350808160562	24.2782653749917	15.77020822250091	-8.508057152490791	0.9453307050803264	0.09697233384681025	-0.5841617967252585
22	40	0.6211280000881942	2.149273368819039	0.3548387096774194	0.2242014485912538	35.41943045052906	18.6109410651558	-16.80848938537326	0.9937101863677633	0.01319997837473808	-1.154068100814595
13	39	0.6526339610658523	2.18450980793627	0.25	0.2300320372186835	19.91928213292638	17.85297546310571	-2.066306669820666	0.7014182449032589	0.4183839529362201	-0.1418722741506798
12	35	0.867615362447276	1.966729777142538	0.2553191489361702	0.3061078731480236	13.83101374110261	17.79603909330722	3.965025352204608	0.2799219584885246	0.8186629713686294	0.2722379848056094
18	50	0.7400191725031794	2.246899614018802	0.2647058823529412	0.2477533623754364	24.32369412688786	22.25288557087339	-2.07080855601447	0.6852469480202904	0.4183642756344177	-0.1421813729120645