dN/dS,LRT,p-value,Log(L)
0.05429895250026603,423.947356290256,0,-437.5769982032244
0.03335708689779415,486.9478993823835,0,-368.0122980441782
0.0356257226319644,454.5375603818466,0,-549.9266276008116
0.05008998237921186,455.0716319552691,0,-420.2031058979534
0.05610192365728591,425.4198803421923,0,-388.6983745845779
0.0534838568838393,422.7814782032467,0,-405.4183780644994
0.06644007110994921,410.0907983905759,0,-557.7634533308741
0.08646746159629035,385.9780028645255,0,-616.9793988275244
0.01054956457311453,512.9534781810903,0,-407.2021677420242
0.04587453032693086,439.5846918584459,0,-520.8109391117769
0.03152344927207115,469.7654101761065,0,-372.5538597749513
0.07666908032838815,408.230221298013,0,-481.5156175343482
0.1037646408253131,351.2835350528114,0,-650.0922015470854
0.05018862141745398,454.5186428775622,0,-342.7860493721446
0.08548510968404857,376.2384911674051,0,-561.1895603069037
0.05010504441352634,455.6168414013836,0,-341.5233264352769
0.07023660327920796,421.5820638607246,0,-442.138357030852
0.3305086488213866,203.6496793536546,0,-837.4156486064504
0.0572555548089969,439.2592703437631,0,-402.5899570586962
0.05721075102775702,439.5458194715369,0,-417.3178726521874
0.1839293894574404,264.1890305755037,0,-627.2901610576382
0.06411877181993085,427.3524084051664,0,-423.3151335432258
0.3181455172621029,168.4826079118502,0,-877.8559541406435
0.115658091847115,352.4561356648022,0,-450.85771404234
0.2815597990670422,189.6551999351186,0,-805.4968963080781
0.07009738361278689,422.5802152406329,0,-383.4262149874019
0.2939828723435308,211.7450801755194,0,-788.3011609874832
0.4014930861425459,131.3604561416521,0,-922.4536232718236
0.2519276430222291,209.2012686108224,0,-865.3345051508273
0.3628463603411356,150.1230501721041,0,-905.2423133239793
0.388120751015175,141.4206922515984,0,-841.8811486991817
0.2064334515086561,271.3544000502077,0,-646.266132788196
0.2210057927311066,241.2687143487983,0,-679.7292773766707
0.5037975158252415,83.73264339330899,0,-1066.843533013474
0.542496484268826,75.01666139834515,0,-1041.522197385141
0.2429841606988086,212.072056370326,0,-780.9464145352708
0.4913046477343841,86.50744656866732,0,-960.6521322700388
0.147883205228679,312.5820491485042,0,-565.6407323155391
0.4594774408006689,97.72479472709369,0,-913.0099837755098
0.4754408764575971,91.1019687749058,0,-1010.162595161722
0.551144297780339,62.81418263456999,1.110223024625157e-15,-1105.250190387908
0.365356066466071,149.9735383181526,0,-820.5764303258089
0.5061586621074649,75.18164195169538,0,-1074.027970687341
0.726948653149889,19.13654445293969,6.084618207169434e-06,-1125.279334727619
0.5243106376853364,78.3822415980253,0,-997.2190234082341
0.5715250611620765,53.62081351953248,1.215694211964546e-13,-1099.641144163537
0.2634594164630589,208.1942355887509,0,-719.483242918187
0.4783328788550951,82.67349914468582,0,-952.4055705351125
0.4765441388085714,88.80534556738598,0,-1000.076925770204
0.7429851383219616,18.00525457359299,1.101480259263488e-05,-1205.766813269913
0.4863621467701436,88.89138589287927,0,-952.9403801386195
0.6098494631736044,46.88232778151814,3.768985123997481e-12,-1130.227224598382
0.4950962747405063,79.64425554332684,0,-973.7245816426636
0.5076236658125192,79.73292656665603,0,-994.5439274084091
0.6292577815484836,43.8479814353409,1.774486113603757e-11,-1151.775067873119
0.7266984982318662,20.86169969356524,2.468337833072543e-06,-1221.557197448156
0.3871133550688936,127.4419338532607,0,-821.9605354448339
0.6469004270952269,38.39066470399803,2.895437223315867e-10,-1210.318449089715
0.6446862481682831,35.43123314508557,1.321079412530679e-09,-1093.58493537047
0.574069640556082,54.15165299721275,9.281464485866309e-14,-1040.303972338103
0.7247154067478786,21.65784460797067,1.629372858968914e-06,-1216.889604634707
0.4827857351784587,82.43780186983713,0,-952.3699000841374
0.7907048440189277,12.06076394217007,0.0002574709287580523,-1220.915262385218
0.4725376040418086,91.89928703956616,0,-951.9374697943283
0.4543302200724836,102.0676958870019,0,-929.2015692681804
0.6475636391218605,36.46710552601598,7.763226728130235e-10,-1192.730812049784
0.8094171085584384,9.923733165187969,0.0008158055487768046,-1248.102423850093
0.9371408538163767,0.9456923195534728,0.1654091047650104,-1299.260420879255
0.7036178827902831,25.82505421128235,1.869023257272673e-07,-1139.163216655611
0.7665511443988293,15.77352971005939,3.569721039420326e-05,-1222.232051112945
0.7755091859813452,14.79657670387178,5.987634628701333e-05,-1214.543376350471
0.6160277096648489,40.73155388432156,8.732209400008628e-11,-1017.923660896033
0.7144492296889452,21.27879023818286,1.985505055812631e-06,-1162.193587928963
0.96417504539659,0.3062756470480963,0.2899873202462773,-1314.959316231904
0.3898930637932944,124.3934098224554,0,-805.3350038934784
0.9057059309555808,1.950328234412154,0.08127574240147317,-1131.391513088294
0.3864060373820105,127.8642761294821,0,-790.1493869431662
0.9173635996181542,1.673699466777634,0.09788187664501202,-1326.936018909722
0.8707712856218173,4.169982033132328,0.02057311798809941,-1310.413876408643
0.8118494535341957,9.299133906344196,0.001146311089190832,-1208.818679657815
0.7375995146194457,18.89411980413615,6.908896720225766e-06,-1135.177018378499
1.040728359150694,0.3511133703564155,0.276741776917685,-1353.261943385892
0.967353043205131,0.2458601463786181,0.3100026398838205,-1357.53262281415
0.8093088919958976,9.641870735742032,0.0009509571675116457,-1296.600228058211
0.8728182253270915,4.447804067791822,0.01747307800007347,-1322.932973896892
1.005151067980279,0.006243721351893328,0.4685094624139893,-1390.230522965232
0.8313561916049508,7.301458852807627,0.003444932354545238,-1232.015794348287
0.4724363020287216,84.63933055107282,0,-887.7950276045303
0.7259676383364562,19.91807665119677,4.041620621453301e-06,-1044.161151989618
1.151033662953354,4.925923117553793,0.01322833198908469,-1412.90546188822
0.9550844055903619,0.4433739486298691,0.2527492367124238,-1234.469141248074
0.9613368507222052,0.3597574883551715,0.2743204755694956,-1274.839169421771
1.07775943955219,1.360785734759702,0.1217006766926945,-1393.093643632393
0.9593137433385751,0.4079714885406247,0.2615004487032849,-1349.627750112334
0.6747343766190345,26.28680024788127,1.471466062885618e-07,-821.0133782045303
1.133966918629344,3.644731424289148,0.02812343752338498,-1348.57604387865
1.028685165614947,0.197315570524097,0.3284482106720524,-1351.00930107881
1.033662395602173,0.2487546417819431,0.3089766703396251,-1377.135301423676
0.9493890217842147,0.5925252856363841,0.2207221322709007,-1263.499438365106
1.008026723371095,0.01611393728990151,0.4494936729041638,-1305.803125572111