Codon,alpha,beta,beta-alpha,Prob[alpha<beta],Prob[alpha>beta],BayesFactor,PSRF,Neff
1,1.22635,0.0714286,-1.15492,6.37562e-107,1,3.33437e-106,1.28565,12.4673
2,1.22417,0.0714286,-1.15275,6.72185e-88,1,3.51545e-87,1.2695,12.9628
3,1.22685,0.151092,-1.07576,4.31095e-91,1,2.25458e-90,1.03237,70.3071
4,0.767398,0.0714288,-0.695969,1.89943e-69,1,9.9338e-69,1.19097,16.5544
5,0.355619,0.0714286,-0.28419,1.11459e-49,1,5.82918e-49,1.11625,24.3352
6,1.22674,0.0714305,-1.15531,2.49154e-93,1,1.30305e-92,1.15129,19.7554
7,1.22685,0.0714286,-1.15542,4.9046e-136,1,2.56505e-135,1.11424,24.6797
8,1.22685,0.142855,-1.084,6.20465e-114,1,3.24496e-113,1.20582,15.6682
9,1.22124,0.0714286,-1.14981,1.7871e-124,1,9.34634e-124,1.22056,14.9048
10,0.558022,0.0714286,-0.486593,7.08462e-64,1,3.70517e-63,1.09575,28.4959
11,0.34298,0.0714286,-0.271551,2.45355e-45,1,1.28318e-44,1.22879,14.5205
12,0.39963,0.142826,-0.256804,1.62322e-23,1,8.48924e-23,1.21982,14.9407
13,1.22685,0.28688,-0.939969,1.29065e-52,1,6.74993e-52,1.08438,31.63
14,0.439645,0.125023,-0.314622,9.2763e-31,1,4.85139e-30,1.27249,12.8667
15,1.22685,0.27564,-0.951208,1.92006e-65,1,1.00417e-64,1.07323,35.5885
16,1.22274,0.0721125,-1.15063,4.09305e-78,1,2.14061e-77,1.26299,13.18
17,1.22683,0.277855,-0.948978,1.41263e-54,1,7.38788e-54,1.06977,37.0564
18,1.22584,0.357333,-0.86851,8.62679e-36,1,4.51171e-35,1.06177,41.0372
19,1.2057,0.242694,-0.963003,1.06732e-48,1,5.58197e-48,1.04202,56.6727
20,1.22672,0.214881,-1.01184,1.00161e-67,1,5.23831e-67,1.02731,80.7258
21,0.714787,0.21431,-0.500477,1.43113e-28,1,7.48466e-28,1.44067,9.55994
22,1.22685,0.136268,-1.09058,3.12679e-88,1,1.63527e-87,1.04877,50.0322
23,1.06081,0.369832,-0.690979,1.95473e-21,1,1.0223e-20,1.01584,123.045
24,1.01544,0.143346,-0.872092,5.26043e-51,1,2.75114e-50,1.07192,36.1278
25,1.22679,0.617699,-0.609086,2.26082e-17,1,1.18238e-16,1.27405,12.8175
26,0.886418,0.228378,-0.65804,7.12028e-36,1,3.72382e-35,1.01425,132.879
27,0.881221,0.28542,-0.5958,5.84205e-22,1,3.05532e-21,1.09536,28.5923
28,0.836058,0.5267,-0.309358,2.4946e-06,0.999764,1.30465e-05,1.15926,18.9878
29,1.22647,0.0741378,-1.15233,9.78099e-78,1,5.11534e-77,1.29422,12.2262
30,0.961365,0.316992,-0.644373,2.2342e-29,1,1.16846e-28,1.05255,46.9958
31,0.909223,0.422229,-0.486993,8.32068e-16,1,4.35162e-15,1.18191,17.1645
32,0.849463,0.215933,-0.63353,1.14258e-37,1,5.97557e-37,1.0138,136.015
33,1.22685,0.285733,-0.941119,3.20914e-66,1,1.67834e-65,1.05211,47.3281
34,1.22674,0.512293,-0.714447,3.21766e-23,1,1.6828e-22,1.42037,9.81776
35,0.759909,0.514356,-0.245553,0.000323681,0.992878,0.00169336,1.15547,19.3435
36,1.22671,0.341218,-0.885489,1.36396e-39,1,7.13332e-39,1.10267,26.9149
37,0.929202,0.426063,-0.503139,2.15517e-14,1,1.12713e-13,1.14192,20.7651
38,1.22685,0.148538,-1.07831,4.80148e-81,1,2.51111e-80,1.02743,80.4528
39,1.22599,0.302604,-0.923389,1.41478e-45,1,7.39912e-45,1.09975,27.5555
40,1.22664,0.559071,-0.667569,1.12732e-19,1,5.89576e-19,1.41563,9.88155
41,1.22682,0.590052,-0.636763,4.26046e-20,1,2.22817e-19,1.35629,10.8268
42,0.461446,0.22611,-0.235335,7.46331e-11,0.99998,3.90322e-10,1.15596,19.2963
43,1.20046,0.51915,-0.681308,2.01e-13,1,1.0512e-12,1.11002,25.4433
44,1.21155,0.372344,-0.839204,1.53203e-30,1,8.01233e-30,1.10719,25.9861
45,0.629245,0.398896,-0.230349,1.33441e-06,0.999695,6.97883e-06,1.02242,94.4398
46,1.22683,0.705659,-0.521166,1.34797e-14,1,7.0497e-14,1.11229,25.0258
47,1.22693,0.272115,-0.954815,1.62408e-58,1,8.49374e-58,1.07448,35.0914
48,1.22332,0.67181,-0.551509,4.21508e-10,1,2.20444e-09,1.19328,16.4079
49,0.919368,0.463646,-0.455723,2.12147e-15,1,1.1095e-14,1.06368,40.0013
50,1.1021,0.419318,-0.682785,1.13831e-25,1,5.95322e-25,1.0426,56.0187
51,0.695818,0.499891,-0.195927,0.00036845,0.987493,0.00192766,1.03442,66.8571
52,1.22685,0.50776,-0.719093,1.0778e-27,1,5.63677e-27,1.38862,10.2758
53,1.07849,0.773714,-0.304777,0.000783455,0.987263,0.00410059,1.173,17.8262
54,1.22685,0.785211,-0.441637,3.99906e-14,1,2.09146e-13,1.03169,71.5428
55,1.21954,0.633865,-0.585673,6.2151e-12,1,3.25042e-11,1.20686,15.6104
56,1.22547,0.639632,-0.585835,2.8707e-12,1,1.50134e-11,1.2011,15.9357
57,0.832117,0.414049,-0.418068,1.33184e-14,1,6.96534e-14,1.1523,19.6537
58,1.22685,0.702336,-0.524515,4.08094e-16,1,2.13428e-15,1.09802,27.9532
59,0.667698,0.744061,0.0763628,0.73902,0.0215088,14.8095,1.36833,10.6102
60,1.10593,0.698173,-0.407753,1.95027e-06,0.999869,1.01997e-05,1.15998,18.9221
61,1.2268,0.57221,-0.654586,1.27074e-19,1,6.64583e-19,1.36007,10.7571
62,1.22678,0.789329,-0.437451,1.11511e-11,1,5.83188e-11,1.03064,73.5466
63,1.22522,0.538184,-0.68704,1.2208e-16,1,6.38463e-16,1.48404,9.08292
64,1.21561,0.516242,-0.699369,5.94305e-17,1,3.10814e-16,1.4309,9.68102
65,1.22679,0.863931,-0.362855,3.06726e-09,0.999988,1.60414e-08,1.15514,19.3749
66,1.2268,0.65598,-0.570819,1.72594e-16,1,9.02644e-16,1.05958,42.301
67,1.22688,0.808324,-0.418557,2.22164e-13,1,1.16189e-12,1.02346,91.1299
68,1.22685,0.797487,-0.429362,9.92615e-15,1,5.19125e-14,1.02655,82.5887
69,0.796267,0.50579,-0.290477,2.25494e-06,0.999787,1.17931e-05,1.13605,21.4671
70,1.22515,0.851532,-0.373615,1.8059e-07,0.999939,9.44462e-07,1.15719,19.1794
71,1.22307,0.655334,-0.56774,2.05326e-10,1,1.07383e-09,1.15334,19.551
72,0.685529,0.757251,0.071723,0.694871,0.0559987,11.91,1.2654,13.0984
73,1.22653,0.603852,-0.622676,2.22124e-15,1,1.16168e-14,1.41909,9.83488
74,1.2239,0.776753,-0.447145,2.15466e-09,0.999999,1.12686e-08,1.03426,67.1128
75,0.723795,0.739287,0.0154921,0.396848,0.21888,3.44103,1.26656,13.0595
76,1.22684,0.989853,-0.236986,6.33846e-09,0.999949,3.31494e-08,1.11826,24.0009
77,1.16499,0.68774,-0.477248,1.21357e-06,0.999939,6.34681e-06,1.20875,15.5077
78,1.20388,0.818773,-0.385102,2.70022e-05,0.998967,0.000141222,1.01767,113.452
79,0.930242,0.897166,-0.0330762,0.187403,0.412561,1.20612,1.3226,11.5195
80,1.18391,0.850153,-0.333761,0.000108719,0.995535,0.000568651,1.01924,106.328
81,0.376325,0.689585,0.31326,1,3.81557e-10,1.75109e+07,1.09538,28.5867
82,1.19655,0.827149,-0.369404,2.36625e-05,0.998732,0.000123755,1.01385,135.629
83,1.22652,0.863887,-0.362638,6.24544e-08,0.999937,3.26629e-07,1.1576,19.1409
84,1.22685,0.843904,-0.382946,2.36259e-13,1,1.23561e-12,1.16575,18.4155
85,1.14015,0.859527,-0.280619,0.00186877,0.967879,0.00979172,1.172,17.9046
86,1.22652,0.842441,-0.384084,1.01507e-09,0.999997,5.3087e-09,1.16059,18.8664
87,1.22664,0.859656,-0.366988,1.13582e-08,0.999979,5.94022e-08,1.15831,19.0753
88,0.71286,0.618731,-0.0941288,0.0342635,0.687113,0.185552,1.05661,44.1535
89,0.719094,0.673539,-0.0455553,0.139751,0.47751,0.849617,1.14568,20.3453
90,1.22674,1.00061,-0.226133,1.26454e-05,0.99682,6.61346e-05,1.13477,21.6279
91,1.22194,0.958724,-0.263214,0.000218795,0.986191,0.00114452,1.14462,20.461
92,0.880305,0.928626,0.0483205,0.455028,0.191838,4.36673,1.31229,11.7613
93,1.20087,1.00069,-0.200184,0.00500306,0.886386,0.026297,1.1362,21.4481
94,1.22513,0.999596,-0.22553,4.09236e-05,0.992448,0.000214034,1.12087,23.5849
95,1.15878,0.753974,-0.404809,0.000505963,0.995547,0.00264746,1.27442,12.8058
96,1.22684,0.956445,-0.270398,1.46876e-09,0.999978,7.68143e-09,1.12905,22.3838
97,1.2268,1.00121,-0.225593,9.48412e-06,0.994441,4.96013e-05,1.13327,21.8197
98,0.983049,0.992831,0.00978233,0.336327,0.209161,2.65032,1.14876,20.0161
99,1.22676,0.99873,-0.228028,4.17148e-07,0.999592,2.18164e-06,1.11766,24.1006
100,1.22674,0.999946,-0.226797,3.80064e-07,0.999511,1.98769e-06,1.12633,22.7655