ObservedSChanges	ObservedNSChanges	E[SSites]	E[NSSites]	ObservedS.Prop.	P{S}	dS	dN	dN-dS	P{Sleq.observed}	P{Sgeq.observed}	ScaleddN-dS
3	0	1	2	1	0.3333333333333333	3	0	-3	1	0.03703703703703698	-8.009503910564778
0	0	1	2	0	0.3333333333333333	0	0	0	0	0	0
0	1	0.7425057812061594	2.146951128139428	0	0.2569707057421819	0	0.4657767877867863	0.4657767877867863	0.7430292942578181	0.2569707057421819	1.243547001076189
1	1	0.6710396992949619	2.163868917838264	0.5	0.2367059365650891	1.490224797505521	0.4621352022556959	-1.028089595249825	0.943970299594844	0.4173821727250222	-2.744829211188144
0	0	1	2	0	0.3333333333333333	0	0	0	0	0	0
0	0	0.7425057812061594	2.146454555928555	0	0.2570148754422085	0	0	0	0	0	0
0	0	1	2	0	0.3333333333333333	0	0	0	0	0	0
0	0	1	2	0	0.3333333333333333	0	0	0	0	0	0
1	0	1	2	1	0.3333333333333333	0.9999999999999998	0	-0.9999999999999998	1	0.3333333333333333	-2.669834636854926
0	0	0.7425057812061594	2.146454555928555	0	0.2570148754422085	0	0	0	0	0	0
1	0	1	2.000000000000001	1	0.3333333333333333	0.9999999999999996	0	-0.9999999999999996	1	0.3333333333333333	-2.669834636854926
1	0	1	2	1	0.3333333333333333	0.9999999999999998	0	-0.9999999999999998	1	0.3333333333333333	-2.669834636854926
0	0	0.7425057812061594	2.257494218793841	0	0.2475019270687198	0	0	0	0	0	0
0	0	0.7425057812061594	2.146454555928555	0	0.2570148754422085	0	0	0	0	0	0
1	0	1	2	1	0.3333333333333333	0.9999999999999998	0	-0.9999999999999998	1	0.3333333333333333	-2.669834636854926
0	0	1	2	0	0.3333333333333333	0	0	0	0	0	0
0	0	0.7425057812061594	2.146454555928555	0	0.2570148754422085	0	0	0	0	0	0
1	0	1	2	1	0.3333333333333333	0.9999999999999998	0	-0.9999999999999998	1	0.3333333333333333	-2.669834636854926
1	0	0.7425057812061595	2.146454555928555	1	0.2570148754422085	1.346790860504218	0	-1.346790860504218	1	0.2570148754422086	-3.595708887973812
0	0	0.7425057812061594	2.146454555928555	0	0.2570148754422085	0	0	0	0	0	0
1	0	0.7425057812061595	2.146454555928555	1	0.2570148754422085	1.346790860504218	0	-1.346790860504218	1	0.2570148754422086	-3.595708887973812
3	0	0.7425057812061592	2.257494218793841	1	0.2475019270687197	4.040372581512655	0	-4.040372581512655	1	0.01516127601276718	-10.78712666392144
0	0	1	2	0	0.3333333333333333	0	0	0	0	0	0
0	0	0.7425057812061594	2.257494218793841	0	0.2475019270687198	0	0	0	0	0	0
0	1	0.9942452170679815	2.005754782932019	0	0.3314150723559938	0	0.4985654320804842	0.4985654320804842	0.6685849276440062	0.3314150723559938	1.331087259307019
0	0	1	2	0	0.3333333333333333	0	0	0	0	0	0
2	0	0.7425057812061594	2.257494218793841	1	0.2475019270687198	2.693581721008436	0	-2.693581721008436	0.9999999999999999	0.06125720390272993	-7.191417775947626
0	0	0.7425057812061594	2.146454555928555	0	0.2570148754422085	0	0	0	0	0	0
0	0	1	2	0	0.3333333333333333	0	0	0	0	0	0
0	0	0.7425057812061594	2.146454555928555	0	0.2570148754422085	0	0	0	0	0	0
1	0	0.7425057812061595	2.146454555928555	1	0.2570148754422085	1.346790860504218	0	-1.346790860504218	1	0.2570148754422086	-3.595708887973812
0	0	1	2	0	0.3333333333333333	0	0	0	0	0	0
0	0	0.7425057812061594	2.257494218793841	0	0.2475019270687198	0	0	0	0	0	0
0	1	0.7425057812061595	2.257494218793841	0	0.2475019270687198	0	0.4429690192226898	0.4429690192226898	0.7524980729312802	0.2475019270687198	1.182654030574393
1	0	0.7425057812061595	2.257494218793841	1	0.2475019270687198	1.346790860504218	0	-1.346790860504218	1	0.2475019270687198	-3.595708887973812
0	0	1	2	0	0.3333333333333333	0	0	0	0	0	0
0	5	0.7568274369672249	2.074875313256441	0	0.2672693794952333	0	2.409783358091375	2.409783358091375	0.2112135151909949	0.7887864848090052	6.433723076748932
1	0	0.6646394120741715	2.167273848339691	1	0.2346962463027698	1.504575235584139	0	-1.504575235584139	1	0.2346962463027698	-4.016967077716695
0	0	1	2	0	0.3333333333333333	0	0	0	0	0	0
1	0	0.7425057812061595	2.257494218793842	1	0.2475019270687198	1.346790860504218	0	-1.346790860504218	1	0.2475019270687198	-3.595708887973812
1	0	0.7425057812061595	2.257494218793841	1	0.2475019270687198	1.346790860504218	0	-1.346790860504218	1	0.2475019270687198	-3.595708887973812
1	0	0.7425057812061596	2.257494218793842	1	0.2475019270687198	1.346790860504218	0	-1.346790860504218	1	0.2475019270687198	-3.595708887973812
0	0	0.7425057812061594	2.146454555928555	0	0.2570148754422085	0	0	0	0	0	0
1	0	0.7425057812061594	2.146454555928555	1	0.2570148754422085	1.346790860504218	0	-1.346790860504218	1	0.2570148754422086	-3.595708887973813
1	0	0.7425057812061594	2.257494218793841	1	0.2475019270687198	1.346790860504218	0	-1.346790860504218	1	0.2475019270687198	-3.595708887973813
0	0	0.7425057812061594	2.146454555928555	0	0.2570148754422085	0	0	0	0	0	0
3	1	0.7588327237173207	2.239182834159698	0.75	0.253111669725514	3.953440470126004	0.4465914907637596	-3.506848979362244	0.9958956094865182	0.05254974873395746	-9.362706871320666
0	4	0.9919515346619835	2.008048465338018	0	0.3306505115539944	0	1.991983793741091	1.991983793741091	0.2007297497897592	0.7992702502102409	5.318267328583645
0	1	0.7426704029796478	2.255069669526439	0	0.2477434283882997	0	0.4434452795465067	0.4434452795465067	0.7522565716117003	0.2477434283882997	1.183925566883079
1	1	0.5362755923892343	2.463724407610766	0.5	0.1787585307964114	1.864712871873889	0.4058895536005853	-1.458823318273303	0.9680453876675084	0.3255624492603314	-3.894817024177704
0	0	0.7547498630384536	2.077163397375409	0	0.2665158829505084	0	0	0	0	0	0
1	1	0.9988522258505549	2.001147774149446	0.5	0.3329507419501849	1.001149093048742	0.4997132210413762	-0.5014358720073655	0.8891438034348211	0.5550452873351912	-1.338750859246818
0	0	0.7425057812061594	2.146454555928555	0	0.2570148754422085	0	0	0	0	0	0
1	1	0.7425057812061595	2.147447352544014	0.5	0.2569265821424033	1.346790860504218	0.4656691577632072	-0.8811217027410105	0.9339887313886228	0.4478418956734295	-2.352449241262541
1	0	0.7425057812061595	2.146454555928555	1	0.2570148754422085	1.346790860504218	0	-1.346790860504218	1	0.2570148754422086	-3.595708887973812
0	0	0.7425057812061594	2.257494218793841	0	0.2475019270687198	0	0	0	0	0	0
1	0	1	2	1	0.3333333333333333	0.9999999999999998	0	-0.9999999999999998	1	0.3333333333333333	-2.669834636854926
0	2	0.7425057812061594	2.257494218793842	0	0.2475019270687197	0	0.8859380384453793	0.8859380384453793	0.5662533497652903	0.4337466502347097	2.365308061148785
1	0	1	2	1	0.3333333333333333	0.9999999999999998	0	-0.9999999999999998	1	0.3333333333333333	-2.669834636854926
3	1	0.9988542144492836	1.999636769760976	0.75	0.3331189654093161	3.003441299643557	0.5000908240547776	-2.503350475588779	0.9876860485760147	0.1109206537525251	-6.683531807914176
0	1	0.6638265208277243	2.168190164799795	0	0.2344006390204701	0	0.4612141574271634	0.4612141574271634	0.7655993609795299	0.2344006390204701	1.231365532506902
0	3	0.7591226177716908	2.072893921249124	0	0.2680502063855043	0	1.447252061114735	1.447252061114735	0.3921424681763699	0.6078575318236301	3.863923681023803
1	1	0.7482481248548214	2.143188492740833	0.5	0.2587807459798375	1.336455069892791	0.4665945171818007	-0.8698605527109902	0.9330325255101188	0.4505940174697938	-2.322383832861572
2	0	1	2	1	0.3333333333333333	2	0	-2	1	0.1111111111111109	-5.339669273709852
0	1	0.6803347440893794	2.159832627955311	0	0.2395403703266944	0	0.4629988393807574	0.4629988393807574	0.7604596296733056	0.2395403703266944	1.236130338202377
1	0	0.7425057812061595	2.257494218793842	1	0.2475019270687198	1.346790860504218	0	-1.346790860504218	1	0.2475019270687198	-3.595708887973812
1	2	0.6333179468002157	2.255985455931308	0.3333333333333333	0.2191939919502681	1.578985729130864	0.8865305380146465	-0.692455191116217	0.8769247734304793	0.5239753534054026	-1.848740853712074
0	2	0.006644892861508239	2.993355107138492	0	0.002214964287169413	0	0.6681465874965656	0.6681465874965656	0.9955749774924547	0.004425022507545284	1.783840901794752
0	0	0.7425057812061594	2.257494218793841	0	0.2475019270687198	0	0	0	0	0	0
2	0	0.7539382210927228	2.07797503932114	1	0.2662292774399949	2.652737245634389	0	-2.652737245634389	1	0.0708780281662218	-7.082369780869826
0	2	0.7425057812061596	2.257494218793841	0	0.2475019270687198	0	0.8859380384453795	0.8859380384453795	0.5662533497652903	0.4337466502347097	2.365308061148786
0	0	0.7425057812061594	2.257494218793841	0	0.2475019270687198	0	0	0	0	0	0
0	1	0.7547498630384535	1.505314592302379	0	0.3339505920969994	0	0.664312964953392	0.664312964953392	0.6660494079030006	0.3339505920969994	1.773605763544359
0	1	0.3124121049738203	2.673775001723893	0	0.1046190656550327	0	0.374003047883707	0.374003047883707	0.8953809343449672	0.1046190656550328	0.9985262915292327
0	1	1	2	0	0.3333333333333333	0	0.4999999999999999	0.4999999999999999	0.6666666666666667	0.3333333333333333	1.334917318427463
1	0	0.7425057812061595	2.257494218793842	1	0.2475019270687198	1.346790860504218	0	-1.346790860504218	1	0.2475019270687198	-3.595708887973812
0	0	0.7425057812061594	2.257494218793841	0	0.2475019270687198	0	0	0	0	0	0
0	1	0.6653270997077811	2.16733645014611	0	0.2348768528271205	0	0.4613958298595428	0.4613958298595428	0.7651231471728794	0.2348768528271206	1.23185056785943
1	2	0.4065706853240257	2.593429314675975	0.3333333333333333	0.1355235617746752	2.459596906754424	0.7711796842436331	-1.688417222510791	0.9498783164135272	0.3539598898366481	-4.5077947821217
1	1	0.664638259957492	2.190258157962363	0.5	0.2328064359132732	1.504577843688921	0.4565671842675925	-1.048010659421329	0.9458011633973589	0.4114140352239055	-2.798015158316236
0	1	0.7425057812061595	2.257494218793841	0	0.2475019270687198	0	0.4429690192226898	0.4429690192226898	0.7524980729312802	0.2475019270687198	1.182654030574393
0	2	1	2	0	0.3333333333333333	0	0.9999999999999998	0.9999999999999998	0.4444444444444445	0.5555555555555555	2.669834636854926
1	0	0.8481110839303847	2.151888916069616	1	0.2827036946434615	1.179090827778974	0	-1.179090827778974	1	0.2827036946434615	-3.147977532002251
0	0	0.7425057812061594	2.257494218793841	0	0.2475019270687198	0	0	0	0	0	0
1	2	0.7427241343706705	2.254278313668826	0.3333333333333333	0.2478223315621671	1.346394918009936	0.8872018986621978	-0.4591930193477386	0.8461927429787723	0.5744395041445244	-1.225969428056587
1	3	0.9988486691066043	2.001151330893396	0.25	0.332949556368868	1.001152657984142	1.499136998630022	0.4979843406458795	0.593274862525479	0.8020138961196599	1.329535841267732
0	1	0.2441571327410028	2.755842867258998	0	0.08138571091366757	0	0.3628653911587545	0.3628653911587545	0.9186142890863325	0.08138571091366753	0.9687905898315543
0	0	0.7547498630384536	2.077163397375409	0	0.2665158829505084	0	0	0	0	0	0
1	0	0.7425057812061595	2.257494218793841	1	0.2475019270687198	1.346790860504218	0	-1.346790860504218	1	0.2475019270687198	-3.595708887973812
2	2	0.9988524322320451	2.001147567767955	0.5	0.332950810744015	2.002297772385437	0.9994265451551705	-1.002871227230267	0.8892286163212845	0.4067273674725718	-2.677500338764574
0	1	0.7425057812061595	2.257494218793841	0	0.2475019270687198	0	0.4429690192226898	0.4429690192226898	0.7524980729312802	0.2475019270687198	1.182654030574393
0	1	0.8555047926541431	2.144495207345858	0	0.2851682642180476	0	0.4663102051123973	0.4663102051123973	0.7148317357819524	0.2851682642180476	1.244971137128004
0	1	0.7425057812061594	2.255182538271727	0	0.2476927892675257	0	0.4434230857278437	0.4434230857278437	0.7523072107324742	0.2476927892675258	1.183866313057288
0	2	0.02149543277938483	1.683875762767161	0	0.01260454781663875	0	1.187736081380103	1.187736081380103	0.9749497789923843	0.02505022100761567	3.171058929510941
0	1	0.7425057812061596	2.257494218793842	0	0.2475019270687198	0	0.4429690192226897	0.4429690192226897	0.7524980729312802	0.2475019270687198	1.182654030574393
0	1	0.7574724275087341	2.232842235469283	0	0.2533086022306351	0	0.447859675938917	0.447859675938917	0.746691397769365	0.253308602230635	1.195711275272344
0	0	0.6638265208277242	2.191277229397679	0	0.2325052183393745	0	0	0	0	0	0
0	0	0	3.000000000000001	0	0	0	0	0	0	0	0
0	2	0.7425057812061595	2.005235993754926	0	0.2702240028419975	0	0.997388839133532	0.997388839133532	0.5325730060279569	0.4674269939720431	2.66286326913123
0	0	0.7425057812061594	2.257494218793841	0	0.2475019270687198	0	0	0	0	0	0