Codon,alpha,beta,beta-alpha,Prob[alpha<beta],Prob[alpha>beta],BayesFactor,PSRF,Neff
1,0.7999021508833906,0.3623756257061633,-0.4375265251772272,0.1832280245725597,0.7688018899806079,0.2970958932044164,1.002521047153595,333.9375320796787
2,0.4602955890901796,0.3680073989796785,-0.09228819011050116,0.39038982085269,0.5377702417102058,0.8481093522885671,1.006034545414882,228.9261056852177
3,0.5153640006129329,0.3682862232387684,-0.1470777773741645,0.3592628375616854,0.5726384495578904,0.7425709570959271,1.005644283066317,237.1717422293701
4,0.5793119617284922,0.3661827200080512,-0.213129241720441,0.3314727986205474,0.6037163219579932,0.6566506666930182,1.005302082840545,244.9153431691202
5,0.759836743784395,0.3627872746999723,-0.3970494690844227,0.192421839792497,0.7580733357249738,0.3155552240837713,1.002744900310954,324.4097545273767
6,1.136756810062917,0.360367288837532,-0.7763895212253848,0.1456654258288105,0.813651639988947,0.2258052721828107,1.001584464429314,380.8131404531694
7,0.5139952199460295,0.6213902786566108,0.1073950587105813,0.5753227369622032,0.3609746778953941,1.79414733906399,1.003016464781842,313.5644662645605
8,0.8924307508368299,0.3430677669092954,-0.5493629839275345,0.1557841003245015,0.8007961520713941,0.2443853570434257,1.002135734402938,351.7350476278099
9,1.273607345004403,0.3586339703529719,-0.9149733746514315,0.09366050056845704,0.8740698244037801,0.1368583010103592,1.000096379162366,490.6384632333557
10,0.5201891207369432,0.3754248085430424,-0.1447643121939008,0.3628991262178595,0.5694235062941828,0.7543680721244922,1.00551535271743,240.0301850283947
11,0.809430311648271,0.362285875606006,-0.4471444360422649,0.181323588882879,0.7710353878054929,0.2933240052462694,1.002469881009491,336.1953429192248
12,0.8916523094312667,0.3629199590569655,-0.5287323503743012,0.1690455212343126,0.7855767025128375,0.2694213532192877,1.002093242965881,353.8158821763004
13,0.5201891207369432,0.3754248085430424,-0.1447643121939008,0.3628991262178595,0.5694235062941828,0.7543680721244922,1.00551535271743,240.0301850283947
14,0.5206076874137399,0.3623939057339654,-0.1582137816797745,0.3517507068078621,0.5803536762223869,0.7186186831426592,1.005685278660385,236.2772891356294
15,0.9083512766211062,0.3246908159310004,-0.5836604606901057,0.1418612581166098,0.8169827128397632,0.2189333261384854,1.002084318264003,354.2560973031821
16,0.9065416105566811,0.3698190035678424,-0.5367226069888388,0.1716937240194852,0.7826339795461282,0.2745168746241318,1.002012254559999,357.8516543349259
17,1.222727804258307,0.3588395191744395,-0.8638882850838679,0.09657609803681855,0.8703722537229093,0.1415740497531817,1.00023970482223,477.3522628978212
18,0.5078175797518908,0.8239591296514724,0.3161415498995817,0.6978878397552917,0.2444468957151949,3.059306588647887,0.9972394368041549,1108.311327226514
19,0.8915589624438928,0.3628755601425867,-0.5286834023013061,0.1690282343162709,0.7855959171358975,0.2693881974087379,1.002093748177855,353.7909954259893
20,0.9063383935102152,0.3697273258446284,-0.5366110676655867,0.1716590693246138,0.7826724802842809,0.2744499836403969,1.002013360194425,357.7959325076493
21,0.4815854107792917,0.6283484826064598,0.1467630718271681,0.6008852741973381,0.336299055722833,1.993881695037359,1.003189485501172,307.0292002030902
22,0.5160148258760799,0.3480928208702386,-0.1679220050058414,0.3416118708144849,0.5899361555595435,0.6871578925972724,1.005860339423674,232.5336657063535
23,0.7532080714733456,0.7357833899961918,-0.01742468147715381,0.4426016344554415,0.482667209904582,1.051605623172628,0.9998759522361476,512.5923583243571
24,0.4875437373023791,0.3675106731257612,-0.1200330641766179,0.3733856076441761,0.5567081975679813,0.7891558591614368,1.005844763317767,232.8618632437008
25,0.7602806494985329,0.3627825455464568,-0.3974981039520761,0.1923114908416813,0.7582017476203845,0.3153311738942138,1.002742398998496,324.5131781184536
26,0.4727810465165832,0.6298016567526589,0.1570206102360757,0.6080243946821299,0.3294507735814763,2.054317386780654,1.003275160924176,303.894118437066
27,1.272214039324443,0.3586395459953976,-0.9135744933290452,0.09374171586246087,0.8739669298828865,0.1369892495022331,1.000100361442908,490.2592475723264
28,0.8630447582712591,0.7884202724437295,-0.07462448582752967,0.4606945529273888,0.4596579041067825,1.131315787749481,0.9981976473540624,778.6135958272901
29,0.5793119617284922,0.3661827200080512,-0.213129241720441,0.3314727986205474,0.6037163219579932,0.6566506666930182,1.005302082840545,244.9153431691202
30,0.5793119617284922,0.3661827200080512,-0.213129241720441,0.3314727986205474,0.6037163219579932,0.6566506666930182,1.005302082840545,244.9153431691202
31,1.514084777178102,0.5584543170989882,-0.9556304600791141,0.1570775602857242,0.7928341414550106,0.2467925861406504,1.002127580542607,352.1324274157909
32,0.7600227992660917,0.3627852118398551,-0.3972375874262366,0.1923733598630351,0.758129654225424,0.3154567839137958,1.002743851060913,324.4531305123479
33,1.131941740207267,0.3603848912127533,-0.7715568489945136,0.1459685427406114,0.8132820847589933,0.2263554637059969,1.001588632618838,380.57505687515
34,0.5136500242994585,0.580937920853459,0.06728789655400047,0.5496782460020121,0.3854347265873659,1.61655765972629,1.004802095618323,257.2003672071397
35,0.5124625080182746,0.5610275011261693,0.04856499310789464,0.5362328201566899,0.3982899247863937,1.531295328897133,1.005828539061353,233.2047204821508
36,0.8795862577984017,0.624889731979015,-0.2546965258193867,0.3439713486688717,0.5854781536047311,0.6943925285737982,1.001541445468712,383.2880397620935
37,1.591710304830973,0.3658913933656993,-1.225818911465274,0.0827522782575606,0.888093716150375,0.1194810126327942,0.9995906561091925,544.1287807819403
38,0.5176500473509776,0.2996567230237134,-0.2179933243272643,0.2974160857787414,0.633406389526056,0.5606241844297691,1.005938611301664,230.8985658896179
39,0.9065413429500182,0.36981898200279,-0.5367223609472282,0.1716937480956159,0.7826339554723627,0.2745169210981665,1.002012253408983,357.8517123530449
40,1.538110988845883,0.3092335484554135,-1.228877440390469,0.06250333333101832,0.9138162302798085,0.08829559227254741,0.9996921042115531,532.4765619155264
41,1.107033074156387,0.4250370627402778,-0.6819960114161097,0.1382574485679088,0.8191938761052209,0.2124792756059897,1.000351247211459,467.5036690693278
42,0.5075136157611237,0.6300949091525343,0.1225812933914106,0.584304635207223,0.3523556226103126,1.861528659323467,1.002770359286653,323.3608654809363
43,0.9064114752296147,0.3698104605837332,-0.5366010146458815,0.1717049011520605,0.7826224686171337,0.2745384500777768,1.002011818380469,357.8736417609961
44,1.088751278841074,0.7303613635785566,-0.3583899152625176,0.3572926948554122,0.5712973006080931,0.7362350308576769,0.9991708853083094,598.3503017507859
45,1.086632629894023,0.3414724988968735,-0.7451601309971497,0.137479243149105,0.8229992383229512,0.2110926706942347,1.00168921162341,374.9198602169976
46,0.6925048367795833,0.3650688544030919,-0.3274359823764914,0.3058455230669616,0.6328154681503231,0.5835143972206839,1.00500039985018,252.1810906766187
47,0.4476990582906415,0.9691441783240051,0.5214451200333636,0.7985748549218445,0.1537655746071707,5.250582942860978,0.9960486941123888,2347.639638730966
48,1.036641382927237,0.3894577313543612,-0.6471836515728753,0.1276634733946083,0.832070491261877,0.1938153526877565,1.001033607842588,415.1660176005436
49,0.8805707950402948,0.5600675961123575,-0.3205031989279373,0.2988800379720347,0.6342768867024524,0.5645600652304725,1.003385254983888,299.9594132195298
50,0.7999037726972715,0.3623756101698342,-0.4375281625274373,0.1832276919252101,0.7688022797518382,0.2970952328336922,1.002521038339332,333.9379183858917
51,0.5092393775707815,0.5649347202140012,0.05569534264321963,0.5411181032116765,0.3935310109194011,1.561696784188585,1.005663161801569,236.7589874568803
52,0.7518486707066681,0.6227530396743916,-0.1290956310322765,0.3835225266699889,0.5432693167286665,0.8239089933427743,1.002184480350474,349.3781875376233
53,0.9070917670152971,0.3570092203440894,-0.5500825466712077,0.1632283884297732,0.7923323069527513,0.2583415924017446,1.0020556343734,355.6784719631939
54,0.4875437373023791,0.3675106731257612,-0.1200330641766179,0.3733856076441761,0.5567081975679813,0.7891558591614368,1.005844763317767,232.8618632437008
55,1.534970929692483,0.3590637845158817,-1.175907145176601,0.08207321224610833,0.8889048165220288,0.1184128856524944,0.9996516010193746,537.0679262896521
56,0.4875437373023791,0.3675106731257612,-0.1200330641766179,0.3733856076441761,0.5567081975679813,0.7891558591614368,1.005844763317767,232.8618632437008
57,3.772630937862394,0.7079733988516907,-3.064657539010704,0.4786056757216963,0.4646244314593418,1.215673983505372,0.9965416841637698,1604.184176502393
58,3.818805276754049,0.3010833483860382,-3.517721928368011,0.2020887223127678,0.7486614871165465,0.3354231645040745,1.003396398918727,299.566877069868
59,0.8948206619589136,0.2954318229742224,-0.5993888389846912,0.1242341395186697,0.837401233022559,0.1878704701528643,1.002068463963707,355.0408547387472
60,1.262815547620122,0.7329079614839749,-0.5299075861361471,0.2617789205948392,0.6668031098630242,0.4696278112760579,0.9986025965710901,691.8183443810353
61,0.7975949663700846,0.4394243994548733,-0.3581705669152113,0.2356679245780871,0.7102050435158198,0.4083419225293896,1.002050652252859,355.9267025554524
62,0.8828833476113882,0.5972563288371204,-0.2856270187742678,0.3251616578183224,0.6057532055167034,0.6381241140821371,1.002278245995926,344.933248450201
63,0.9070923232639201,0.3570092686302253,-0.5500830546336948,0.1632283046758493,0.7923323829900559,0.258341433986555,1.002055641960647,355.6780942008829
64,0.5053792644277829,0.7017491762532251,0.1963699118254422,0.6495947729932319,0.2892365364861947,2.455147128317875,0.9997285741220324,528.4095217315121
65,0.4943689998880718,1.080563225168528,0.5861942252804557,0.7902490100949562,0.1601615649183231,4.989597559295016,0.996054958798259,2333.884673332449
66,0.8915347043401038,0.3629116035847927,-0.528623100755311,0.1690561104799166,0.7855658289934786,0.2694416637684937,1.00209281645555,353.8368948373881
67,0.5125132754295182,0.6216646193730521,0.1091513439435339,0.5764035025128444,0.3599243234581201,1.802103905622859,1.00302281132788,313.3197747215302
68,0.8071434702912498,0.73709161064568,-0.07005185964556981,0.4221421915931532,0.5033695795608069,0.9674830200252943,0.9995312049275484,551.1990840866534
69,0.8803926485723494,0.5598797452370555,-0.3205129033352939,0.2987782944453862,0.6343866375390734,0.5642859932227338,1.003391418271717,299.7421876929835
70,1.275043295464302,0.3586282591443979,-0.9164150363199042,0.09357750930462941,0.8741750078596,0.13672451325264,1.000092340775715,491.0236258510895
71,0.5081614332328309,0.6026608976872587,0.09449946445442781,0.5675908482629735,0.3682291839756243,1.738385474894473,1.003856168895898,284.2317914570327
72,0.5126329553907081,0.6215174169722417,0.1088844615815336,0.5762433401509854,0.3600783684495898,1.800922233079595,1.003027107783099,313.154343871715
73,0.5201891207369432,0.3754248085430424,-0.1447643121939008,0.3628991262178595,0.5694235062941828,0.7543680721244922,1.00551535271743,240.0301850283947
74,0.465097234653249,1.243872982505837,0.778775747852588,0.7936598268970603,0.1605493267758805,5.093967674121381,0.9965600348004124,1585.508738938895
75,0.5771328027936462,0.7035520728562632,0.126419270062617,0.611699937543799,0.325186711710436,2.086299014894557,0.9991554752356476,600.5486389502004
76,0.7498008958700251,1.127501217531105,0.3777003216610795,0.6039075202347091,0.3204019775109208,2.019200374188114,0.9957209766831864,3394.799385882999
77,0.4538231417976,0.6290860159318502,0.1752628741342502,0.6222161638712203,0.315872152932833,2.181240204457722,1.003645106619268,291.0692916651519
78,1.214016385716079,1.149431954778806,-0.06458443093727273,0.452021459420951,0.4433467128094036,1.092448767398906,0.9957884659789856,3109.092493221249
79,0.4704169057171402,0.7718095465466487,0.3013926408295085,0.6653090800753374,0.2767036702489104,2.63260133814383,1.000140484053455,486.4712434004908
80,0.7883266299675926,1.160071710594467,0.3717450806268745,0.6354278557900093,0.2847767722302626,2.308279231910588,0.9953226535779071,7424.234601453948
81,2.191185595176185,0.7258341310328413,-1.465351464143344,0.1324298106096202,0.8132641912899841,0.2021560366167315,0.9985072244890038,710.4621081087031
82,0.9091548860059859,0.3696619255413066,-0.5394929604646793,0.1712641073923558,0.783139452001799,0.2736880177228326,1.002003542908649,358.2913189881803
83,0.509347802240699,0.7227791482349113,0.2134313459942123,0.6578933700365612,0.2814506828459713,2.546827884663249,0.9990365448920566,618.0776500243824
84,3.636258581424946,0.5474357384128915,-3.088822843012055,0.3764110760900445,0.5679497688075419,0.7994100039789618,1.003094726949672,310.5738289792259
85,0.8986135099057394,0.6156051395614985,-0.2830083703442409,0.3337445385396621,0.5965468273659115,0.6634053395792869,1.001739051716008,372.1799643233582
86,0.8773751482502675,0.6965156728557954,-0.1808594753944721,0.4058332120519742,0.5171256773303725,0.9045754359690614,1.000258911370883,475.6267231368712
87,0.7180636825769009,0.8991615028653092,0.1810978202884083,0.5635824722610641,0.3587300793137205,1.710255006159022,0.9973272178431843,1066.871850992966
88,1.071996293030236,1.668603980891241,0.5966076878610043,0.529868448841303,0.3767770165710445,1.492637124525289,0.9960783918697307,2283.834769854022
89,0.8069723860962112,1.828213658383284,1.021241272287073,0.7947441646999776,0.1316897370912632,5.127874791734182,0.9999234120523918,507.6998551646561
90,1.121632803707633,0.8029152246747332,-0.3187175790328994,0.4116074798390317,0.5106739655011338,0.9264493742515046,0.997657775581578,935.2697639682569
91,1.153230619241299,0.6630926113897182,-0.4901380078515811,0.2111832342050767,0.7201900637203597,0.354559299951908,0.9995490057720749,549.0627675510623
92,0.4508915864135181,0.7463434038639147,0.2954518174503966,0.7094273508513208,0.2342452275950052,3.233395074165579,0.9991457606633244,601.9428529432565
93,0.5073164109296012,0.6296421355056467,0.1223257245760455,0.5841771121130253,0.3524732290710194,1.860551622691796,1.002789191467712,322.5893997146223
94,0.4783093233531301,0.7448862604754,0.2665769371222699,0.652238919265926,0.288701311985753,2.483884000803012,1.000383385539994,464.7415871807021
95,0.807151904063535,0.7354978425853277,-0.0716540614782073,0.4215004332121913,0.504025902735149,0.964940566037282,0.9995549040214912,548.3585791976403
96,0.8458159018009546,0.7538990834190964,-0.09191681838185817,0.4491313621485195,0.4717188692486692,1.079769141559569,0.998930895195143,634.5360476416703
97,0.4777572572596249,0.7268543048355204,0.2490970475758955,0.6809998225167696,0.2601087269894771,2.827233324964235,0.9992754729203123,583.8477944064451
98,0.4760856822068472,0.7473444796337569,0.2712587974269097,0.6913018419781416,0.2506444784421379,2.965782192535239,0.998772220645303,660.9811330968447
99,3.805897758779047,0.3845406439650997,-3.421357114813947,0.2587513205269257,0.6902046461883606,0.4623003470158156,1.002536684762343,333.2535968905842
100,0.5479627092591531,0.9061705215544142,0.3582078122952611,0.7260746612630746,0.2164551275170874,3.510384196779158,0.995932444924701,2635.970713806415