Codon,alpha,beta,beta-alpha,Prob[alpha<beta],Prob[alpha>beta],BayesFactor,PSRF,Neff
1,1,0.1482631222868965,-0.8517368777131035,1.331624139712086e-08,0.9999999812628071,1.054902947961227e-07,0.9976555009740978,936.0639107039052
2,1,0.03695206351760941,-0.9630479364823906,3.482034689024693e-12,0.9999999999950232,2.758442491324208e-11,0.9978766675266628,864.6968498860961
3,1,0.07134215301038729,-0.9286578469896127,9.840838418394144e-11,0.9999999998606777,7.795840441134225e-10,0.9989181147235391,636.5870121136971
4,1,0.07132171692300229,-0.9286782830769977,9.76540436981961e-11,0.9999999998617403,7.736082137870748e-10,0.9989183859953137,636.5433408555424
5,1,0.07132358654980334,-0.9286764134501967,9.772308405553315e-11,0.9999999998616426,7.741551464639133e-10,0.9989183609589519,636.547371134507
6,1,0.06532391946210984,-0.9346760805378902,7.77375784748884e-12,0.999999999988854,6.158314284306141e-11,0.9989942512127458,624.562094413966
7,1,0.212541879052467,-0.787458120947533,7.679146265136025e-09,0.9999999889971182,6.083363725295795e-08,0.997408755348862,1031.071492727947
8,1,0.07132827168319363,-0.9286717283168063,9.789517140156142e-11,0.9999999998614003,7.7551840987163e-10,0.9989182992819359,636.5572999359314
9,1,0.03695206317493308,-0.963047936825067,3.48203492110258e-12,0.9999999999950232,2.758442675174618e-11,0.997876667384518,864.696892242945
10,1,0.07131456570825651,-0.9286854342917434,9.739533876520938e-11,0.9999999998621044,7.7155877217108e-10,0.9989184775098701,636.5286095515308
11,1,0.03695206302298613,-0.9630479369770139,3.48202115972637e-12,0.9999999999950232,2.758431773512725e-11,0.9978766680296538,864.6967000030708
12,1,0.03695206327157093,-0.963047936728429,3.482020988320961e-12,0.9999999999950232,2.75843163772661e-11,0.9978766681328696,864.6966692464797
13,1,0.1483993072380065,-0.8516006927619935,1.356233199455699e-08,0.9999999809187903,1.074398066176631e-07,0.997652853409285,936.9899771686136
14,1,0.4303788558644589,-0.5696211441355411,9.784863620797687e-05,0.9998661740411823,0.0007752256161545517,0.9977719705719436,897.0678528352943
15,1,0.1070756131774361,-0.8929243868225639,1.410783411067862e-09,0.9999999980055538,1.117612333067112e-08,0.9987419883166935,666.2732395850451
16,1,0.483036848053226,-0.516963151946774,0.0003190705374915187,0.9995640672326187,0.002528460290094793,0.9979466788916193,844.3281839036791
17,1,0.1919118929631889,-0.8080881070368111,9.386578402269016e-08,0.9999998688901141,7.435979665823452e-07,0.997063396014051,1201.977618145063
18,1,0.1070568104768858,-0.8929431895231141,1.404993941839811e-09,0.999999998013689,1.113025957745775e-08,0.9987425313194934,666.1774365506794
19,1,0.0369520631862453,-0.9630479368137547,3.482030462451895e-12,0.9999999999950232,2.758439143064055e-11,0.9978766676167597,864.6968230386761
20,1,0.06531355227595811,-0.9346864477240419,7.738774445391668e-12,0.999999999988904,6.130600688246559e-11,0.9989943302606276,624.5498471484543
21,1,0.1705090727039957,-0.8294909272960043,3.897288356097171e-10,0.9999999994333247,3.087403419741633e-09,0.9973591914356135,1052.539957553942
22,1,0.2354991562549899,-0.76450084374501,5.063826378026011e-07,0.9999992980857391,4.011528365041672e-06,0.9969942111636478,1243.287212049632
23,1,0.06531923990058706,-0.9346807600994129,7.752895609962316e-12,0.9999999999888841,6.141787371854826e-11,0.9989943569388032,624.545713880471
24,1,0.4036751248757887,-0.5963248751242113,2.393427227413332e-05,0.99996685780728,0.0001896100979627887,0.9976002697180009,955.771520480419
25,1,0.2352156370109202,-0.7647843629890798,4.952219458152086e-07,0.999999313441472,3.923114088345679e-06,0.9969953793136996,1242.566094423904
26,1,0.2209199685302444,-0.7790800314697557,2.530253113136211e-09,0.9999999963371611,2.004448071903321e-08,0.997728935676386,911.0907277146093
27,1,0.3469340004837521,-0.653065999516248,1.251259964587575e-06,0.9999982348583405,9.912402606566112e-06,0.9971690497487014,1143.948553649354
28,1,0.4043853730045582,-0.5956146269954418,4.468674805041352e-05,0.9999386897790282,0.0003540209797578662,0.9975776627106625,964.0805587836932
29,1,0.4576045238223799,-0.5423954761776202,0.0001488841797991028,0.9997956917149733,0.00117962524398345,0.9979288989193268,849.4091239312799
30,1,0.1335487362113157,-0.8664512637886843,1.421563523177459e-09,0.9999999979717286,1.126152259301104e-08,0.9980048030436796,828.1360224357027
31,1,0.1481883839958604,-0.8518116160041396,1.317974742510299e-08,0.9999999814536032,1.044089994736345e-07,0.997656962040144,935.5536448909315
32,1,0.449404009550657,-0.550595990449343,0.0001003930966576598,0.9998617100937487,0.0007953866428658826,0.9979116982443121,854.3833187251655
33,1,0.1907547840744547,-0.8092452159255452,8.358889036897379e-08,0.9999998831480064,6.621851499524291e-07,0.9970696168800047,1198.397717280221
34,1,0.4473526021744434,-0.5526473978255566,1.639809082392647e-05,0.9999767528179146,0.0001299066100572197,0.9980950933681622,804.1842952769166
35,1,0.4160949670774657,-0.5839050329225343,2.766153579506254e-05,0.9999615982574029,0.0002191387313355198,0.9977194885733481,914.2281901802402
36,1,0.09693498938757943,-0.9030650106124206,1.335828937705616e-10,0.9999999998087228,1.058233944366347e-09,0.9990520766274497,615.7302104697301
37,1,0.3142726864458131,-0.6857273135541869,6.688605307204621e-06,0.9999908338593333,5.298699795169746e-05,0.9969460288519559,1273.780370520155
38,1,0.5681065263151329,-0.4318934736848671,0.002318629995789236,0.9968694731637836,0.01841070537696862,0.9973553152620673,1054.256802806385
39,1,0.03403876282153353,-0.9659612371784665,2.524709180745681e-13,0.9999999999996338,2.00005620401599e-12,0.9979666013858048,838.7070303642508
40,1,0.4821247485709199,-0.5178752514290801,0.0003068809516048735,0.9995805418603293,0.002431834806102721,0.997948815789505,843.7216347227544
41,1,0.3961595857129731,-0.6038404142870269,1.544044499632865e-05,0.9999785427467069,0.00012231996809229,0.9975443595050957,976.5885561182031
42,1,0.3471571941220446,-0.6528428058779554,1.271846820175411e-06,0.9999982060249832,1.007549058692607e-05,0.9971700824003998,1143.409104958352
43,1,0.25096597721367,-0.74903402278633,3.081657293246175e-07,0.9999995694224328,2.441267190054131e-06,0.9970853621822182,1189.431692569344
44,1,0.5014044519165083,-0.4985955480834917,0.0004915402916340756,0.9993294157533439,0.003895861322369721,0.9978956986429279,859.0629994776837
45,1,0.3168394616482063,-0.6831605383517937,7.797404225551491e-06,0.9999893277290737,6.177094937847597e-05,0.9969512738781455,1270.388372902163
46,1,2.381698099781805,1.381698099781805,0.9999999999509989,1.655876523640102e-11,161668231661.2234,1.003421275641765,298.6943570469464
47,1,0.1070375070230692,-0.8929624929769308,1.399391393864313e-09,0.9999999980215648,1.108587660078238e-08,0.9987430850508404,666.0797691875048
48,1,0.5620279600559676,-0.4379720399440324,0.001942162801814017,0.9973713766256619,0.01541561173042264,0.9974111605410576,1030.052028916661
49,1,0.3089548300284443,-0.6910451699715557,1.736367676264306e-07,0.9999997526741407,1.375538051218341e-06,0.997115857971589,1172.44340847485
50,1,0.317512659713772,-0.682487340286228,8.114599041098576e-06,0.9999888972245315,6.428378356297859e-05,0.9969528789936072,1269.353950620708
51,1,0.9108027909420666,-0.08919720905793338,0.2664944237399713,0.6862311867855035,2.878164068137193,0.9981848618291941,781.7120226227834
52,1,0.4492073465613745,-0.5507926534386256,9.949545985701199e-05,0.9998629363599478,0.0007882742079592277,0.9979111668134575,854.5379331694073
53,1,1.167098822389102,0.1670988223891021,0.7417667753948554,0.2105667567757579,22.75548515331188,1.007274013204598,206.211842610711
54,1,0.4505242078975171,-0.5494757921024829,4.595009860167472e-05,0.9999358216840909,0.0003640300578782071,0.9979956508111607,830.644134804518
55,1,0.2743844459918079,-0.7256155540081921,2.732782014996196e-08,0.9999999607550814,2.164890045302926e-07,0.9974062014521284,1032.156205779445
56,1,0.3550515590816073,-0.6449484409183927,2.61678836751146e-05,0.9999643882626852,0.0002073054911833751,0.9971495039055559,1154.256324367678
57,1,1.165595030107446,0.1655950301074465,0.7191600281923038,0.2331950665227459,20.28604855982724,1.006887701085254,212.7837680326122
58,1,0.2893874510386148,-0.7106125489613853,1.068428921334661e-07,0.9999998478911424,8.464016914408844e-07,0.9971911741780084,1132.501552199345
59,1,0.2770275891230298,-0.7229724108769702,2.121785203173545e-06,0.999997078351338,1.680866333348994e-05,0.9969386337622972,1278.593811695757
60,1,1.029677190737478,0.02967719073747821,0.5038085001922326,0.4389856084441767,8.043536023418467,1.002145161521268,351.2767438750134
61,1,0.3956032120257161,-0.604396787974284,1.491785532084243e-05,0.9999792629628554,0.0001181799251041119,0.9975402008874167,978.1733679706595
62,1,0.455845794013458,-0.544154205986542,0.000457314415422451,0.9993866759790653,0.003624468975708629,0.9978577664879886,870.3661370343422
63,1,0.9374828289655586,-0.06251717103444143,0.317098380759821,0.6304581017912361,3.678465799916692,0.9988321657072697,650.73399249698
64,1,0.3173924787388248,-0.6826075212611752,8.056834786936522e-06,0.9999889756082349,6.382617195319385e-05,0.996952585907419,1269.542704935372
65,1,0.961682468308674,-0.03831753169132601,0.3626188949527496,0.572899308630869,4.506943212833522,0.9994671840496611,559.0226977328342
66,1,0.6263280976279051,-0.3736719023720949,0.008367458049515284,0.9888995135792713,0.06684572132221156,0.99686718880651,1327.047545287242
67,1,0.3898805948661104,-0.6101194051338896,7.362522934045067e-05,0.9999002802497946,0.0005832966437848041,0.9974318769629742,1021.354231523001
68,1,0.5765845461889725,-0.4234154538110275,0.004107615239441662,0.9945327236577495,0.03267444245698557,0.9973231372247962,1068.729188147242
69,1,0.5267644996734744,-0.4732355003265256,0.0009569786775593242,0.9987005825581148,0.007588377220516363,0.9977338695723997,909.4607193738925
70,1,0.6553406154662674,-0.3446593845337326,0.01335200001084776,0.9823999312483602,0.1072049712999458,0.9966585416645026,1492.268676897334
71,1,0.608656296576909,-0.391343703423091,0.007401876410824413,0.9902136906332473,0.05907438652524711,0.9970476115081156,1211.158098201002
72,1,0.6887136717246541,-0.3112863282753459,0.01884619046665128,0.9751673266499662,0.1521658941260109,0.9964223143281513,1737.326816041397
73,1,0.5152574921949654,-0.4847425078050346,0.0006339201704365024,0.9991349960388798,0.005025054851400377,0.9978216095849209,881.4219307876911
74,1,1.069333343261305,0.06933334326130458,0.5735177364522135,0.3708091815100573,10.65311755806784,1.003597059053888,292.6726692307994
75,1,0.1658166524568282,-0.8341833475431718,1.841941382488381e-10,0.9999999997309986,1.459172532920896e-09,0.9974057238910133,1032.359293919902
76,1,0.6233561655607972,-0.3766438344392028,0.01001148389897893,0.9868355465579921,0.08011228834306827,0.9969468418433535,1273.253413659914
77,1,0.7902224331247673,-0.2097775668752327,0.08078652800169242,0.8980893996519036,0.6962310755423051,0.9962271530876512,2010.233416867195
78,1,0.7631812226077902,-0.2368187773922098,0.05286870561199286,0.9320104093750148,0.442200604506264,0.99611873764267,2202.519749482185
79,1,0.5582807167554185,-0.4417192832445815,0.004491907524696112,0.9940871878271789,0.0357451276902834,0.9975554689735712,972.3800088197846
80,1,0.9547699570455549,-0.0452300429544451,0.3444022361917196,0.5927669486136564,4.161590465317087,0.9991406928564304,602.6727621207326
81,1,2.110906348912444,1.110906348912444,0.9999975950332114,1.141937535299806e-06,3293978.141547891,0.9988367013880729,649.9716413558967
82,1,2.218204449269174,1.218204449269174,0.9999991585086903,4.250320843917114e-07,9414144.064018188,0.9991619930614953,599.6168522912023
83,1,0.7690120859776874,-0.2309879140223126,0.06504037315548164,0.917458382631,0.551088067239747,0.996236039486932,1995.953131007641
84,1,0.8585639180449262,-0.1414360819550738,0.1324538397819712,0.8329476582624924,1.209491447220378,0.996191277225621,2070.028954561643
85,1,0.67043027402403,-0.32956972597597,0.012346093344028,0.9835452079022377,0.09902745343709642,0.9965246192900227,1621.951214370899
86,1,0.4651047630172517,-0.5348952369827483,0.0001436237906641608,0.9998021586342786,0.001137940632629132,0.9979683596368241,838.2145460856789
87,1,0.6709859226232684,-0.3290140773767316,0.02109643724221436,0.9726110723199783,0.1707261511141518,0.9966404754737314,1508.53679580035
88,1,1.010239916902227,0.01023991690222692,0.4697343249636027,0.471864785931342,7.01761635113756,1.001415050064979,390.7512828700297
89,1,0.4829553795836342,-0.5170446204163659,0.0001644167317840945,0.9997723629644204,0.001302711548287495,0.998006366751958,827.7090189994817
90,1,0.708669709330502,-0.291330290669498,0.03452068775665786,0.9556227607568848,0.2832482973554917,0.9964532036604461,1700.79373103587
91,1,0.8249027884473948,-0.1750972115526052,0.1017386687080248,0.8714569450637943,0.897251486990823,0.9961178318635808,2204.281610428003
92,1,0.9822353578568848,-0.01776464214311524,0.4136114379837007,0.5269854131156678,5.587761879040404,1.000310613244989,471.043638228262
93,1,0.5431617874481162,-0.4568382125518838,0.0004537504095051418,0.9993680389599342,0.003596209440297321,0.997615964816163,950.0869619382971
94,1,0.5333224529421365,-0.4666775470578635,0.0009491424820116761,0.9987071936195621,0.007526180953638871,0.9976802448388717,927.4970286714661
95,1,0.6569978653856856,-0.3430021346143144,0.01376931690236786,0.9818613010757762,0.110602444617979,0.996648726684172,1501.062905918871
96,1,0.8536283309783537,-0.1463716690216463,0.1625995081750945,0.8018872466980399,1.53821434350716,0.9968574502981911,1333.938898410006
97,1,0.4650667050436869,-0.5349332949563131,3.17030037013176e-05,0.9999551642579405,0.0002511568461169327,0.9981526274249033,789.6347733317281
98,1,1.178659159298408,0.1786591592984081,0.7768592700893261,0.1772449366099776,27.58000520680667,1.007853975212756,197.0865364354471
99,1,0.7510045092361205,-0.2489954907638795,0.03860250077459243,0.9495810617765166,0.3180850758121052,0.9960906007844641,2258.600668798555
100,1,0.8472947773539886,-0.1527052226460114,0.1319757959150153,0.8352911504950352,1.204462533734683,0.9963131326606279,1880.100636058677