Codon,alpha,beta,beta-alpha,Prob[alpha<beta],Prob[alpha>beta],BayesFactor,PSRF,Neff
1,1,0.10021,-0.89979,2.55632e-26,1,4.15495e-25,1.00079,432.502
2,1,0.0394603,-0.96054,1.86342e-32,1,3.02873e-31,0.998286,757.94
3,1,0.0283823,-0.971618,6.0706e-35,1,9.86693e-34,0.998807,655.069
4,1,0.0712533,-0.928747,2.03469e-28,1,3.30712e-27,1.00141,390.852
5,1,0.0328884,-0.967112,3.18966e-34,1,5.18436e-33,0.997719,914.351
6,1,0.0329885,-0.967012,5.04752e-34,1,8.20405e-33,0.997715,915.643
7,1,0.0330006,-0.966999,5.21805e-34,1,8.48124e-33,0.997716,915.469
8,1,0.039417,-0.960583,1.67854e-32,1,2.72824e-31,0.998279,759.379
9,1,0.0329924,-0.967008,5.06393e-34,1,8.23073e-33,0.997715,915.582
10,1,0.217466,-0.782534,9.34037e-20,1,1.51815e-18,0.998045,817.315
11,1,0.215952,-0.784048,8.01972e-19,1,1.3035e-17,0.997944,845.222
12,1,0.226578,-0.773422,1.21619e-19,1,1.97676e-18,0.998052,815.51
13,1,0.048813,-0.951187,3.81411e-30,1,6.19932e-29,0.999742,526.98
14,1,0.237437,-0.762563,1.43038e-18,1,2.32489e-17,0.997939,846.43
15,1,0.271278,-0.728722,6.50367e-17,1,1.05708e-15,0.997903,857.048
16,1,0.291487,-0.708513,2.405e-14,1,3.909e-13,0.998218,773.726
17,1,0.391574,-0.608426,1.89714e-11,1,3.08354e-10,1.00073,436.573
18,1,0.22615,-0.77385,6.84708e-18,1,1.1129e-16,0.997889,860.935
19,1,0.0331441,-0.966856,1.27587e-33,1,2.07375e-32,0.997699,921.162
20,1,0.198885,-0.801115,2.03737e-19,1,3.31147e-18,0.997981,834.568
21,1,0.117202,-0.882798,6.33568e-25,1,1.02978e-23,0.999754,525.642
22,1,0.161185,-0.838815,5.08603e-22,1,8.26665e-21,0.998385,735.887
23,1,0.182646,-0.817354,5.04391e-21,1,8.19819e-20,0.998218,773.744
24,1,0.243121,-0.756879,1.98401e-16,1,3.22474e-15,0.997751,903.948
25,1,0.214768,-0.785232,1.66455e-18,1,2.7055e-17,0.997909,855.189
26,1,0.17714,-0.82286,1.50103e-20,1,2.43973e-19,0.998155,788.992
27,1,0.224815,-0.775185,1.52672e-18,1,2.48147e-17,0.997947,844.276
28,1,0.442692,-0.557308,7.25063e-10,1,1.17849e-08,0.999893,510.793
29,1,0.0844293,-0.915571,1.392e-27,1,2.2625e-26,1.00144,389.366
30,1,0.325865,-0.674135,2.82221e-13,1,4.58712e-12,0.999526,551.836
31,1,0.349833,-0.650167,3.66291e-12,1,5.95356e-11,1.0002,480.769
32,1,0.346575,-0.653425,2.66917e-12,1,4.33837e-11,1.00014,486.403
33,1,0.283952,-0.716048,1.19842e-14,1,1.94787e-13,0.998023,823.095
34,1,0.519362,-0.480638,1.13357e-07,1,1.84246e-06,0.998195,779.237
35,1,0.342023,-0.657977,9.96599e-13,1,1.61984e-11,1.0001,490.753
36,1,0.542586,-0.457414,1.14052e-06,0.999998,1.85376e-05,0.998042,818.152
37,1,0.544019,-0.455981,1.231e-06,0.999998,2.00082e-05,0.998039,818.772
38,1,0.665655,-0.334345,0.000697922,0.998938,0.0113517,0.999435,563.005
39,1,0.299095,-0.700905,2.40051e-15,1,3.9017e-14,0.998622,688.066
40,1,0.547066,-0.452934,4.75151e-07,0.999999,7.72294e-06,0.997951,843.189
41,1,0.581694,-0.418306,8.0156e-06,0.999987,0.000130284,0.998327,748.525
42,1,0.624098,-0.375902,0.00020299,0.99969,0.00329999,0.999064,613.965
43,1,0.537436,-0.462564,1.95734e-07,1,3.18139e-06,0.997967,838.675
44,1,0.259542,-0.740458,5.5888e-15,1,9.08384e-14,0.997671,930.811
45,1,0.612919,-0.387081,9.182e-05,0.999858,0.00149255,0.998875,643.607
46,1,0.642455,-0.357545,0.000209838,0.999675,0.00341135,0.999148,601.576
47,1,0.350542,-0.649458,1.61468e-11,1,2.62444e-10,0.999997,500.269
48,1,0.265487,-0.734513,2.41601e-14,1,3.92689e-13,0.99768,927.527
49,1,0.505924,-0.494076,4.21338e-08,1,6.84828e-07,0.998437,724.848
50,1,0.53646,-0.46354,6.44472e-07,0.999999,1.0475e-05,0.998048,816.487
51,1,0.523757,-0.476243,1.47735e-07,1,2.40124e-06,0.998133,794.53
52,1,0.614433,-0.385567,0.000105067,0.999838,0.00170789,0.998904,638.908
53,1,0.54607,-0.45393,1.33212e-06,0.999998,2.16518e-05,0.998035,819.864
54,1,0.628413,-0.371587,0.00012241,0.99981,0.00198985,0.999006,622.794
55,1,0.585036,-0.414964,1.33e-05,0.999979,0.000216177,0.998407,731.19
56,1,0.744497,-0.255503,0.00831282,0.987882,0.136246,0.999976,502.433
57,1,0.373782,-0.626218,5.68222e-11,1,9.23567e-10,1.00039,464.172
58,1,0.672987,-0.327013,0.000706652,0.998919,0.0114938,0.99945,561.151
59,1,0.562813,-0.437187,7.52325e-06,0.999988,0.000122281,0.998198,778.468
60,1,0.507424,-0.492576,9.71214e-08,1,1.57858e-06,0.998403,732.016
61,1,0.562247,-0.437753,4.02246e-06,0.999994,6.53799e-05,0.998128,795.879
62,1,0.727178,-0.272822,0.00480688,0.992897,0.0785066,0.999855,514.821
63,1,0.750572,-0.249428,0.00854717,0.987508,0.14012,0.999963,503.716
64,1,0.565458,-0.434542,3.08704e-06,0.999995,5.01757e-05,0.998115,799.216
65,1,0.622545,-0.377455,0.000155088,0.999762,0.00252114,0.999011,622.049
66,1,0.532488,-0.467512,2.17677e-07,1,3.53805e-06,0.998029,821.689
67,1,0.819535,-0.180465,0.0406151,0.943203,0.68809,1.00036,466.334
68,1,1.18726,0.187256,0.861452,0.0969584,101.061,1.00528,245.441
69,1,0.73111,-0.26889,0.00550454,0.991896,0.0899641,0.999888,511.3
70,1,0.811619,-0.188381,0.0359027,0.949683,0.605281,1.00034,468.241
71,1,0.607864,-0.392136,3.34834e-05,0.999947,0.000544246,0.998712,671.624
72,1,0.626143,-0.373857,0.000134052,0.999793,0.00217912,0.999011,621.967
73,1,0.707947,-0.292053,0.00344527,0.994903,0.0561917,0.999808,519.812
74,1,0.561057,-0.438943,4.53687e-06,0.999993,7.3741e-05,0.998137,793.526
75,1,0.610847,-0.389153,0.000111326,0.999829,0.00180965,0.998888,641.444
76,1,0.546431,-0.453569,1.25485e-06,0.999998,2.03959e-05,0.998028,821.761
77,1,0.4704,-0.5296,3.08938e-08,1,5.02137e-07,0.999118,606.016
78,1,0.664891,-0.335109,0.00058776,0.999101,0.00955886,0.999395,568.178
79,1,0.487142,-0.512858,1.23758e-08,1,2.01151e-07,0.998858,646.338
80,1,0.586816,-0.413184,1.29526e-05,0.99998,0.00021053,0.998423,727.764
81,1,0.555704,-0.444296,2.91611e-06,0.999995,4.73975e-05,0.998084,806.955
82,1,0.883346,-0.116654,0.121931,0.837638,2.25703,1.00048,456.658
83,1,0.600785,-0.399215,7.73961e-05,0.999881,0.00125807,0.99876,663.154
84,1,0.768773,-0.231227,0.0164786,0.976463,0.272325,1.00016,484.916
85,1,0.776366,-0.223634,0.0176099,0.974805,0.291356,1.00015,485.242
86,1,0.668474,-0.331526,0.00085052,0.998711,0.0138358,0.999471,558.611
87,1,0.907331,-0.0926693,0.176007,0.771592,3.47182,1.00044,459.743
88,1,0.781682,-0.218318,0.0225238,0.968148,0.37453,1.00024,476.994
89,1,0.894341,-0.105659,0.140263,0.814245,2.65173,1.00043,460.578
90,1,1.00549,0.00549089,0.479492,0.437906,14.9728,1.00117,406.334
91,1,0.887409,-0.112591,0.12094,0.837642,2.23616,1.00041,462.433
92,1,0.751013,-0.248987,0.00878349,0.987175,0.144029,0.999971,502.921
93,1,1.04694,0.0469373,0.598171,0.32364,24.1955,1.00195,360.938
94,1,0.945237,-0.0547632,0.276787,0.651798,6.22057,1.00034,468.566
95,1,0.830473,-0.169527,0.0544174,0.925094,0.935383,1.00045,458.897
96,1,0.931282,-0.0687185,0.237597,0.698211,5.06532,1.00038,464.968
97,1,0.976521,-0.0234794,0.384222,0.533711,10.1416,1.00062,445.472
98,1,0.884264,-0.115736,0.11955,0.84008,2.20697,1.00045,458.879
99,1,0.839087,-0.160913,0.0565823,0.921707,0.974826,1.00043,460.457
100,1,0.842519,-0.157481,0.0619669,0.914702,1.07372,1.00045,458.745