ObservedSChanges	ObservedNSChanges	E[SSites]	E[NSSites]	ObservedS.Prop.	P{S}	dS	dN	dN-dS	P{Sleq.observed}	P{Sgeq.observed}	ScaleddN-dS
2	0	0.9999999999999998	2	1	0.3333333333333334	2	0	-2	1	0.111111111111111	-2.034655395389922
1	1	0.6897309548072709	2.168137315400736	0.5	0.2413445581090655	1.449840685023955	0.4612253997460352	-0.9886152852779195	0.9417528042711399	0.4244419204892709	-1.005745712077833
1	0	0.6897309548072709	2.167894872918547	1	0.2413650339086482	1.449840685023955	0	-1.449840685023955	1	0.2413650339086482	-1.474963086119905
1	0	0.689730954807271	2.167894872918547	1	0.2413650339086482	1.449840685023954	0	-1.449840685023954	1	0.2413650339086482	-1.474963086119905
2	0	0.9999999999999998	2	1	0.3333333333333334	2	0	-2	1	0.111111111111111	-2.034655395389922
2	0	0.6897309548072709	2.310269045192728	1	0.2299103182690904	2.899681370047909	0	-2.899681370047909	0.9999999999999999	0.05285875444659449	-2.94992617223981
0	1	0.7477095824384072	2.092926899022088	0	0.2632190311285367	0	0.4777997743099609	0.4777997743099609	0.7367809688714633	0.2632190311285367	0.4860789443579245
1	0	0.9999999999999998	2	1	0.3333333333333334	1	0	-1	1	0.3333333333333334	-1.017327697694961
1	0	0.9999999999999997	1.999999999999999	1	0.3333333333333333	1	0	-1	1	0.3333333333333333	-1.017327697694961
1	0	0.9999999999999998	2	1	0.3333333333333334	1	0	-1	1	0.3333333333333334	-1.017327697694961
0	0	0.689730954807271	2.167894872918547	0	0.2413650339086482	0	0	0	0	0	0
3	0	0.689730954807271	2.167894872918547	1	0.2413650339086482	4.349522055071864	0	-4.349522055071864	1	0.01406122199155768	-4.424889258359714
4	0	0.9999999999999997	1.999999999999999	1	0.3333333333333333	4.000000000000002	0	-4.000000000000002	1	0.01234567901234551	-4.069310790779846
1	0	0.9999999999999998	2	1	0.3333333333333334	1	0	-1	1	0.3333333333333334	-1.017327697694961
1	0	0.9999999999999997	1.999999999999999	1	0.3333333333333333	1	0	-1	1	0.3333333333333333	-1.017327697694961
1	0	0.9999999999999998	2	1	0.3333333333333334	1	0	-1	1	0.3333333333333334	-1.017327697694961
1	0	0.6897309548072709	2.167894872918547	1	0.2413650339086482	1.449840685023955	0	-1.449840685023955	1	0.2413650339086482	-1.474963086119905
0	0	0.9999999999999998	2	0	0.3333333333333334	0	0	0	0	0	0
3	1	0.689829886968376	2.309898182185127	0.75	0.2299641404372497	4.3488982670557	0.4329195146835502	-3.91597875237215	0.9972033348050952	0.04025524431377359	-3.983833648373146
3	1	0.9995705239912878	2.000157621131421	0.75	0.3332203705247426	3.001288981612815	0.4999605978224527	-2.501328383790363	0.9876710477134146	0.1110107252468886	-2.544670645860507
0	1	0.6902592915836414	2.309740708416358	0	0.2300864305278805	0	0.43294903032022	0.43294903032022	0.7699135694721195	0.2300864305278805	0.4404510402349353
2	0	0.9999999999999998	2	1	0.3333333333333334	2	0	-2	1	0.111111111111111	-2.034655395389922
1	0	0.9999999999999998	2	1	0.3333333333333334	1	0	-1	1	0.3333333333333334	-1.017327697694961
0	1	0.9994719181305732	2.000528081869426	0	0.3331573060435245	0	0.4998680143822494	0.4998680143822494	0.6668426939564756	0.3331573060435244	0.5085295762228454
1	0	0.689730954807271	2.167894872918547	1	0.2413650339086482	1.449840685023954	0	-1.449840685023954	1	0.2413650339086482	-1.474963086119905
0	0	0.9999999999999998	2	0	0.3333333333333334	0	0	0	0	0	0
2	5	0.7477134390498748	2.093485348276216	0.2857142857142857	0.2631682944485426	2.674821523258182	2.38836159236415	-0.2864599308940319	0.7286111748837913	0.5872730601896281	-0.2914236219782831
1	1	0.6902593154959015	2.309740684504097	0.5	0.2300864384986339	1.448730900910149	0.4329490348024504	-1.015781866107698	0.9470602308190145	0.4072331078162821	-1.033383027207636
4	1	0.6897309548072711	2.310269045192728	0.8	0.2299103182690904	5.799362740095817	0.4328500189537784	-5.366512721142039	0.9993576195530751	0.01140071782052887	-5.459502031250151
1	0	0.9999999999999997	1.999999999999999	1	0.3333333333333333	1	0	-1	1	0.3333333333333333	-1.017327697694961
1	0	0.9999999999999998	2	1	0.3333333333333334	1	0	-1	1	0.3333333333333334	-1.017327697694961
2	2	0.690458255832272	2.308994913915279	0.5	0.2301947110880829	2.896626962030048	0.8661777416428659	-2.030449220387182	0.9596319874517893	0.2287779102628564	-2.065632230663021
2	0	0.689730954807271	2.167894872918547	1	0.2413650339086482	2.899681370047909	0	-2.899681370047909	0.9999999999999999	0.05825707959372295	-2.94992617223981
2	2	0.6834120812475146	2.157495562017036	0.5	0.2405611751820945	2.926492016865079	0.9270007480943352	-1.999491268770744	0.9543619072890174	0.2458951893635557	-2.034137849019717
3	1	0.6897309548072709	2.168380684208384	0.75	0.2413240075691434	4.349522055071865	0.4611736339853407	-3.888348421086524	0.9966084196108105	0.04604147077674714	-3.95572454705979
1	4	0.6908700517359412	2.308586624431257	0.2	0.2303317321518233	1.447450207875289	1.732661862313891	0.2852116544386016	0.6742416806037789	0.7299041518157878	0.2901537157657934
0	1	0.689730954807271	2.170073512565525	0	0.2411811585988965	0	0.4608138822070458	0.4608138822070458	0.7588188414011036	0.2411811585988964	0.4687987258515709
1	0	0.689730954807271	2.167894872918547	1	0.2413650339086482	1.449840685023954	0	-1.449840685023954	1	0.2413650339086482	-1.474963086119905
1	1	0.6808587662698207	2.159777717137627	0.5	0.2396852854093832	1.468733384279737	0.4630106107980914	-1.005722773481645	0.9425509639582226	0.4219215347769889	-1.023149633665473
1	2	0.8285688933801459	2.171431106619854	0.3333333333333333	0.2761896311267154	1.20690024449325	0.9210515562307151	-0.2858486882625353	0.8132937465818576	0.6207946981582083	-0.2908017879192497
3	0	0.689730954807271	2.167894872918547	1	0.2413650339086482	4.349522055071864	0	-4.349522055071864	0.9999999999999998	0.01406122199155801	-4.424889258359714
1	1	0.9999999999999998	2	0.5	0.3333333333333334	1	0.5000000000000001	-0.5000000000000001	0.888888888888889	0.5555555555555556	-0.5086638488474806
2	0	0.6897309548072711	2.167894872918548	1	0.2413650339086482	2.899681370047908	0	-2.899681370047908	0.9999999999999999	0.05825707959372295	-2.949926172239809
1	1	0.6902581267192868	2.309741873280712	0.5	0.2300860422397623	1.448733395944034	0.4329488119724909	-1.015784583971544	0.9470604131664422	0.407232497645967	-1.033385792165804
1	1	0.8306903496407472	2.169309650359252	0.5	0.2768967832135824	1.203818005629264	0.4609761450304677	-0.7428418605987961	0.9233281714459702	0.4771217378731353	-0.7557135997944143
0	1	0.9994716194686687	2.000528380531331	0	0.3331572064895563	0	0.4998679397561983	0.4998679397561983	0.6668427935104437	0.3331572064895563	0.5085295003036966
3	7	0.9989015322014168	2.001098467798582	0.3	0.3329671774004723	3.003299027270974	3.498078736575483	0.4947797093045097	0.5602644172703211	0.7000006929494096	0.5033531025329389
0	2	0.7482373782171512	2.086719526580073	0	0.2639325405444462	0	0.9584421741995207	0.9584421741995207	0.5417953048693535	0.4582046951306465	0.9750497704521511
0	2	0.6807755922525867	2.160406252069684	0	0.2396100037077977	0	0.9257518108383488	0.9257518108383488	0.5781929464612554	0.4218070535387446	0.9417929583571184
1	4	0.6900684420415437	2.308982775813993	0.2	0.2300955842077866	1.449131620975935	1.732364590112573	0.2832329691366389	0.6747376510860983	0.7294895463735306	0.2881407444030847
0	2	0.6890854937367201	2.166708873195891	0	0.2412938066254617	0	0.9230589419472883	0.9230589419472883	0.5756350878648824	0.4243649121351176	0.9390534282479814
1	1	0.6899730831125157	2.310026916887483	0.5	0.229991027704172	1.449331900729999	0.4328953886595374	-1.016436512070462	0.947104127175579	0.4070861825839226	-1.034049016677739
0	0	0	2.999999999999999	0	0	0	0	0	0	0	0
1	2	0.6902581958841373	2.309499529579364	0.3333333333333333	0.2301046481270361	1.448733250778893	0.8659884855504889	-0.5827447652284039	0.86552278316151	0.5436531123273628	-0.5928423903536026
1	1	0.6902587089581129	2.167609291042234	0.5	0.2415292480121647	1.448732173925651	0.4613377531331663	-0.9873944207924843	0.9416636223546782	0.4247221183790076	-1.004503692821668
2	2	0.7472373927721516	2.093238789392128	0.5	0.263067649524454	2.676525585236393	0.9554571652958886	-1.721068419940505	0.9415458716507003	0.2839514475646019	-1.750890573233578
2	1	0.689730954807271	2.168137350154175	0.6666666666666666	0.241344555174167	2.899681370047909	0.4612253923529754	-2.438455977694933	0.9859423567985747	0.1466262965337994	-2.480708805718902
0	2	0.005101725427025527	2.99441276432619	0	0.001700850402441387	0	0.6679105912941982	0.6679105912941982	0.9966011920872087	0.003398807912791346	0.6794839441074066
1	7	0.9989263291800959	1.85805709678084	0.125	0.3496437256523848	1.001074824827958	3.767376154439919	2.76630132961196	0.1696541087704454	0.9679955273286771	2.814234962784645
2	1	0.6913129308290002	2.308687069170999	0.6666666666666666	0.2304376436096668	2.893045841919468	0.433146619718834	-2.459899222200634	0.9877634137182922	0.1348313502137115	-2.502523612282997
1	4	0.8338581672234071	2.166141832776593	0.2	0.2779527224078024	1.199244714877369	1.84660115024543	0.6473564353680614	0.5740074967124066	0.8037416359799699	0.6585736319810067
3	0	0.689730954807271	2.310269045192728	1	0.2299103182690904	4.349522055071864	0	-4.349522055071864	1	0.01215277305812401	-4.424889258359714
1	10	0.9910359241412291	2.008479733339471	0.09090909090909091	0.3303986500852615	1.009045157335279	4.978890169517986	3.969845012182708	0.07798913540790656	0.9878666835182981	4.038633286449659
2	1	0.6809574469363658	2.170314636806659	0.6666666666666666	0.2388258387612152	2.937041086778652	0.4607626852995713	-2.47627840147908	0.9863779040495024	0.1438691518789983	-2.519186605028471
1	3	0.6808437774963824	2.170242604598885	0.25	0.2388015255420039	1.46876571844018	1.382333935221254	-0.08643178321892608	0.7570305251391106	0.6642688508866716	-0.08792944702978003
3	1	0.6902586753775328	2.309741324622466	0.75	0.2300862251258443	4.346196733216237	0.4329489148155813	-3.913247818400656	0.997197391235189	0.04031492993798824	-3.981055393603368
5	2	0.7469703436784128	2.093666405240315	0.7142857142857143	0.2629587693543508	6.69370617229298	0.9552620202502778	-5.738444152042701	0.9982073096554125	0.01613572851717238	-5.837878177548714
0	1	0.6807602512555244	2.171038099441662	0	0.2387126183340057	0	0.4606091437350527	0.4606091437350527	0.7612873816659943	0.2387126183340057	0.4685904397332285
0	1	0.7478084386296451	2.103463640166667	0	0.2622718625103426	0	0.4754063635351289	0.4754063635351289	0.7377281374896574	0.2622718625103426	0.4836440612847263
2	5	0.6786340450082403	2.173052700743553	0.2857142857142857	0.2379763646968634	2.947096472261003	2.300910602991428	-0.6461858692695754	0.780955380117036	0.5246275957921052	-0.6573827826670342
2	0	0.689730954807271	2.167894872918547	1	0.2413650339086482	2.899681370047909	0	-2.899681370047909	0.9999999999999999	0.05825707959372295	-2.94992617223981
1	0	0.689730954807271	2.310269045192728	1	0.2299103182690904	1.449840685023954	0	-1.449840685023954	1	0.2299103182690904	-1.474963086119905
0	4	0.689973413532613	2.310026586467386	0	0.2299911378442044	0	1.731581802318998	1.731581802318998	0.35154659374568	0.64845340625432	1.761586128323678
2	1	0.7484411328328991	2.092468460807768	0.6666666666666666	0.2634512321364514	2.67222084979465	0.4779044553025014	-2.194316394492148	0.981714758432548	0.1716491720077389	-2.232338845623005
0	0	0.6897309548072711	2.167894872918547	0	0.2413650339086482	0	0	0	0	0	0
2	3	0.9972131883951598	1.999655894657448	0.4	0.3327516687447019	2.005589199255026	1.500258123417738	-0.505331075837288	0.7909844295985455	0.5379451827576112	-0.5140872999552659
0	0	0.6897309548072711	2.167894872918547	0	0.2413650339086482	0	0	0	0	0	0
0	10	0.9874880580444584	2.007374907707592	0	0.3297272928133748	0	4.981630467534303	4.981630467534303	0.01830270826284905	0.9816972917371509	5.067950654303744
0	4	0.691924042921395	2.30753203911445	0	0.2306831718808697	0	1.733453721203828	1.733453721203828	0.3502845073083085	0.6497154926916915	1.763490483253053
3	5	0.6897001984403717	2.308732533047697	0.375	0.23002023397006	4.349716016877972	2.165690450681887	-2.184025566196085	0.9119847328300018	0.2724669887280202	-2.221869700965197
0	2	0.689730954807271	2.26802002379965	0	0.2331943966195995	0	0.8818264296667752	0.8818264296667752	0.5879908333755801	0.4120091666244199	0.8971064514594678
0	3	0.01010511670462789	2.989641935131886	0	0.003368656266681321	0	1.003464650648091	1.003464650648091	0.9899280365080957	0.01007196349190431	1.020852382762101
0	5	0.01661039985994374	2.983389600140056	0	0.005536799953314579	0	1.675946044648434	1.675946044648434	0.9726208690945477	0.0273791309054523	1.704986331063168
2	6	0.9967454548695382	2.003254545130461	0.25	0.3322484849565128	2.006530343558753	2.995126113446183	0.9885957698874304	0.4708901962361453	0.8031241758167758	1.005725858530557
1	1	0.254724683843317	2.745275316156682	0.5	0.08490822794777235	3.925807208441202	0.3642621904312225	-3.561545018009979	0.9927905928267692	0.1626070487223138	-3.623258393409051
2	6	0.6840229668504767	2.168477728614698	0.25	0.2397976512110645	2.923878432340983	2.766917972375496	-0.1569604599654872	0.7037740494441767	0.6069845273520786	-0.1596802233658312
2	0	0.747580604458829	2.103710027765568	1	0.2621902502711952	2.675296801537264	0	-2.675296801537264	0.9999999999999998	0.06874372733727219	-2.721653535758598
0	2	0.2937500848766155	2.706249915123383	0	0.09791669495887186	0	0.7390300462730235	0.7390300462730235	0.813754289233925	0.186245710766075	0.7518357355023355
0	2	0.05927859003176014	2.940721409968241	0	0.01975953001058671	0	0.6801052262960195	0.6801052262960195	0.9608713790050658	0.03912862099493419	0.69188988405804
1	0	0.6808434855077677	2.159521273921546	1	0.239702835083957	1.468766348339527	0	-1.468766348339527	1	0.239702835083957	-1.494216687608086
1	3	0.9995698664993594	2.000157862436219	0.25	0.3332201975724131	1.000430318595084	1.499881612517304	0.4994512939222198	0.5927937228284357	0.8023350148383156	0.5081056349566611
0	2	0.9999999999999998	2	0	0.3333333333333334	0	1	1	0.4444444444444444	0.5555555555555556	1.017327697694961
0	4	0.6918428770190522	2.1664669058863	0	0.2420461494960224	0	1.846324072217297	1.846324072217297	0.3300434014139108	0.6699565985860892	1.878316617587607
6	1	1.684655424505136	1.312261923674848	0.8571428571428571	0.5621294245996542	3.561559184580721	0.7620429900149872	-2.799516194565734	0.9822640591028287	0.1144437881337641	-2.848025364877317
0	2	0.6862134620657464	2.164338160367488	0	0.2407300596366656	0	0.924070016702203	0.924070016702203	0.5764908423393413	0.4235091576606587	0.9400820226005964
0	3	0.6914176445495929	2.307812012817978	0	0.230531744326792	0	1.299932569610303	1.299932569610303	0.4555878393727704	0.5444121606272296	1.322457408200345
2	2	1.684671658265704	1.314116526666137	0.5	0.5617841455861259	1.187174954945769	1.521935048693073	0.3347600937473048	0.5896132703930137	0.7740223174587366	0.3405607154520949
1	5	0.690457889652648	2.309542110347351	0.1666666666666667	0.2301526298842161	1.448314249118183	2.164931298545584	0.7166170494274016	0.5815884048044795	0.791825378796787	0.7290343730229345
0	1	0.6899732792798255	2.310026720720173	0	0.2299910930932753	0	0.432895425420984	0.432895425420984	0.7700089069067247	0.2299910930932753	0.4403965064862103
0	2	0.6812732046521588	1.641224715385919	0	0.2933364111004195	0	1.218602170227322	1.218602170227322	0.4993734278764353	0.5006265721235648	1.239717740243444