ObservedSChanges	ObservedNSChanges	E[SSites]	E[NSSites]	ObservedS.Prop.	P{S}	dS	dN	dN-dS	P{Sleq.observed}	P{Sgeq.observed}	ScaleddN-dS
14	8	0.7097853755677754	2.144038795740542	0.6363636363636364	0.2487137724544462	19.72427226864324	3.731275766041739	-15.9929965026015	0.9999768947167693	0.0001355861942251568	-1.919601418733677
16	4	0.9951156597786992	2.00244217011065	0.8	0.3319754667803798	16.07853302555624	1.997560808349821	-14.08097221720642	0.9999973305639944	2.366653394347829e-05	-1.690105681002439
10	1	0.9948647267748714	2.005135273225128	0.9090909090909091	0.3316215755916239	10.05161780377696	0.4987194696303786	-9.552898334146583	0.9999946657844369	0.000123595581578706	-1.146611717964388
11	6	0.6033596092037031	2.396222299832913	0.6470588235294118	0.2011479024413391	18.23125020668435	2.503941308124199	-15.72730889856015	0.9999902477283419	7.990574358818225e-05	-1.887711566098821
15	2	0.9586389881287766	2.030403592139175	0.8823529411764706	0.3207177423490701	15.64718333569906	0.9850258380861399	-14.66215749761292	0.9999998512817707	2.600513722139652e-06	-1.759863971053585
20	2	0.9978137016721473	2.001828323831633	0.9090909090909091	0.3326442599445071	20.04382177402833	0.9990866730129316	-19.0447351010154	0.9999999986256713	2.968351942023162e-08	-2.28589436090788
10	0	0.9999999999999998	2	1	0.3333333333333334	10	0	-10	1	1.693508780831188e-05	-1.200276269941925
16	0	0.9999999999999997	1.999999999999999	1	0.3333333333333333	16.00000000000001	0	-16.00000000000001	1.000000000000001	2.323057235464887e-08	-1.92044203190708
11	1	0.9995814904148735	2.000165305420287	0.9166666666666666	0.3332219545338591	11.00460553289605	0.4999586770603812	-10.50464685583567	0.9999981258545668	4.687618731813448e-05	-1.26084783451796
12	0	0.9999999999999994	1.999999999999999	1	0.3333333333333334	12.00000000000001	0	-12.00000000000001	0.9999999999999996	1.881676423565182e-06	-1.44033152393031
13	2	0.9967762968975636	2.001273317541985	0.8666666666666667	0.3324749170583354	13.04204367666257	0.9993637463055024	-12.04267993035707	0.9999979137341661	3.046480269786045e-05	-1.445454294691345
16	1	0.9952919500348578	2.004708049965141	0.9411764705882353	0.3317639833449528	16.07568512881033	0.4988257517185052	-15.57685937709183	0.9999999928534388	2.518536719176012e-07	-1.869653467054567
14	1	0.9994150581135989	2.000231043846572	0.9333333333333333	0.3331776563443646	14.00819397941139	0.4999422457102435	-13.50825173370115	0.9999999307949107	2.146812892012129e-06	-1.621363400436334
16	1	0.9992436704333626	2.000378164783318	0.9411764705882353	0.3331232153006318	16.0121104325444	0.4999054766768665	-15.51220495586753	0.9999999923390387	2.683801012537401e-07	-1.861893150300331
19	1	0.9970749752176541	2.001462512391172	0.95	0.3325204301556918	19.05573850737999	0.4996346390746473	-18.55610386830534	0.9999999997268726	1.123832127358781e-08	-2.227245113570445
7	1	0.5989696285805757	2.223969571387715	0.875	0.2121794293647216	11.68673613149374	0.4496464398008913	-11.23708969169285	0.9999958920398997	0.0001261305512468835	-1.348761210014795
14	2	0.9843573308545855	2.015642669145415	0.875	0.3281191102848617	14.22247751011889	0.9922393639582717	-13.23023814616062	0.9999993905436539	9.691993372973329e-06	-1.587994089251702
12	0	0.5989696285805756	2.223502267702368	1	0.2122145589365793	20.03440479684642	0	-20.03440479684642	1	8.342613044831637e-09	-2.404682066006541
8	6	0.948075761692369	2.05156851561887	0.5714285714285714	0.3160627307922612	8.438144210879884	2.924591576796575	-5.513552634083308	0.9879797156366515	0.04262858773043943	-0.6617786389765985
14	4	0.9785022548149146	2.019770424595556	0.7777777777777778	0.3263553250291132	14.3075807246332	1.980423097244317	-12.32715762738889	0.9999861255863668	0.0001118493065577209	-1.479599477598848
11.5	3.5	0.9931287226206527	2.004974654337395	0.7666666666666667	0.33125232780609	11.57956641275461	1.745657977485347	-9.833908435269263	0.9998521032328399	0.0009859417551220107	-1.180340693563542
15	3	0.9763541706226094	2.011754651014027	0.8333333333333334	0.3267465239394608	15.36327743695167	1.491235523421232	-13.87204191353044	0.9999987607152098	1.410371671350941e-05	-1.665028272445035
8	8	0.6141420310806446	2.378313566241222	0.5	0.2052301232573938	13.02630270382764	3.363728027100946	-9.662574676726695	0.9982103035433969	0.008237897657420556	-1.159775909101681
6	8	0.9839115305049798	2.016088469495019	0.4285714285714285	0.3279705101683267	6.098109244558378	3.968079834315905	-2.130029410242473	0.8606728043042476	0.2948058428781193	-0.2556623755392433
9	22	0.6325523877475748	2.365292339781362	0.2903225806451613	0.2110023851265222	14.22807055087985	9.30117585466564	-4.926894696214207	0.8999429959655066	0.1909946298568417	-0.5913634788368639
4	1	0.5989696285805755	2.227302607845109	0.8	0.211929205141992	6.67813493228214	0.4489735685118643	-6.229161363770276	0.9995724823528028	0.008376260997992269	-0.7476714566572538
9	9	0.6492252651327711	2.348232175978913	0.5	0.2165919876720549	13.86267676776171	3.832670419929047	-10.03000634783266	0.9982536407489118	0.007415125080174612	-1.203877860667041
5	8	0.6143149304781456	2.378773296592494	0.3846153846153846	0.2052445113117767	8.139147775731745	3.363077940827614	-4.776069834904131	0.9661844508714671	0.1084268468620327	-0.5732603286420873
13	6	0.9507517779336181	2.04772789054806	0.6842105263157895	0.3170779471768253	13.67339015474096	2.930076807419048	-10.74331334732192	0.9997894008489425	0.001111894485294695	-1.289494407134084
23	6	0.9921416870086545	2.003356657251264	0.7931034482758621	0.3312108948114867	23.18217276944172	2.994973450325311	-20.18719931911641	0.9999999465723721	4.432377883611949e-07	-2.42302162993232
10	3	0.6016413361885801	2.264702436527608	0.7692307692307693	0.2098985271464686	16.62119837601314	1.324677340215962	-15.29652103579718	0.9999982268096125	2.518896660042014e-05	-1.836005121193482
7	12	0.8071347086282348	2.190844652269397	0.3684210526315789	0.2692262392315365	8.672653926501123	5.477339521800299	-3.195314404700825	0.8886673025975876	0.2311567917132805	-0.3835260054966007
12	16	0.9202946120211288	1.971678960945033	0.4285714285714285	0.3182237281225311	13.03930267900394	8.114911360788239	-4.924391318215704	0.9245171801882025	0.1469727861731542	-0.5910630043162342
6	11	0.6017649050993342	2.393257789358457	0.3529411764705883	0.2009216511824381	9.970671185966838	4.596245355979261	-5.374425829987577	0.9614673640081448	0.1075921838860443	-0.645079578829702
11	4	0.9501355810101672	2.02534034397536	0.7333333333333333	0.3193222210375601	11.57729509330131	1.974976705470033	-9.60231838783128	0.9998200510053226	0.00121133087766645	-1.152543489734088
10	32	0.9296681384158137	1.916385882774084	0.2380952380952381	0.3266516136004796	10.75652653541547	16.69809837759714	5.941571842181673	0.1440375933367599	0.9208655712833634	0.7131527688325787
10	8	0.6463053316031535	2.353694668396846	0.5555555555555556	0.2154351105343845	15.47256306116972	3.398911552724457	-12.07365150844526	0.9996804899500595	0.001672371287494312	-1.449171739713537
9	7	0.9869529203089755	2.004418750858287	0.5625	0.3299332309060267	9.118976006659425	3.492284233023971	-5.626691773635454	0.9852323261769598	0.04691072694631693	-0.6753584614172073
7.5	27.5	0.7508119505577897	1.973038298377273	0.2142857142857143	0.2756436227914265	9.989185700131884	13.93789467878925	3.94870897865737	0.2761874785867444	0.8374277128939325	0.4739541683989054
6	10	0.9868825963101333	2.012759429193646	0.375	0.3290001233211786	6.079750542195667	4.968303640741712	-1.111446901453955	0.7496903620004276	0.4382087953261405	-0.1334043341115663
15	14	0.6497315788974324	2.321146411544407	0.5172413793103449	0.2187001893002015	23.08645675719561	6.031502334523097	-17.05495442267251	0.9999052141867891	0.0004015582304802701	-2.047065707847489
9	7	0.6527968503964894	2.344638187694828	0.5625	0.2177851536733126	13.78683122403803	2.985535267973338	-10.80129595606469	0.9994843534509612	0.00277488901654066	-1.296453922068412
10	13	0.6693899576993519	2.179823661990754	0.4347826086956522	0.2349384942825586	14.93897523406136	5.963785156881714	-8.975190077179645	0.9907847139761171	0.02724735046849192	-1.077270766785696
11	21	0.6235452336930736	2.329070201790994	0.34375	0.2111840323664928	17.64106179571009	9.016473605583698	-8.624588190126392	0.9748390254299296	0.05815486550061377	-1.035188854263008
12	19	0.7074058940409839	2.290418721907685	0.3870967741935484	0.2359730753685614	16.96338707534825	8.295426429353906	-8.667960645994345	0.98179763575136	0.04349559012918136	-1.040394747217749
9	5	0.636204796008173	2.353670719431848	0.6428571428571429	0.212786382818531	14.14638817008286	2.12434133573576	-12.0220468343471	0.9999191481664171	0.000622131297928985	-1.442977753139726
10.5	4.5	0.9893970113815678	2.006851439026694	0.7	0.3302119392825233	10.61252447623435	2.242318445944589	-8.370206030289758	0.9990430073994981	0.004776042056991114	-1.004655967268159
6	23	0.7573427984794773	2.224249222368267	0.2068965517241379	0.2540061796463169	7.922436196721279	10.34056785035571	2.418131653634436	0.3679900114601983	0.782909515463222	0.2902426041452839
7	12	0.9163850164458214	2.081818525482388	0.3684210526315789	0.3056446981102806	7.63871066677775	5.764191188191788	-1.874519478585962	0.8029569079355261	0.3547411188812668	-0.224994124769064
5	6	0.5993424470899111	2.225207557146016	0.4545454545454545	0.2121904183643724	8.342476032320665	2.696377684289109	-5.646098348031556	0.9843782414496399	0.06313321811779804	-0.6776877864900577
12	15	0.7253497524002646	2.129759827753203	0.4444444444444444	0.2540532095308494	16.5437431532728	7.043047673513636	-9.500695479759168	0.9910331938986477	0.0244499871196473	-1.140345933229943
11	3	0.5989696285805758	2.249056273405109	0.7857142857142857	0.2103104568546815	18.36487106377588	1.333892813387879	-17.030978250388	0.9999995573618707	6.824392436044491e-06	-2.044187904783775
14	20	0.6861219242315311	2.161532432010171	0.4117647058823529	0.2409428387007846	20.40453672381954	9.252694849181838	-11.1518418746377	0.9917932452192968	0.02067822323471258	-1.33852911682723
10	18	0.7221841556249663	2.114945329661803	0.3571428571428572	0.2545474781359759	13.8468836821076	8.51085829385403	-5.336025388253569	0.9240965293109143	0.1516363634606487	-0.6404704649328403
12	7	0.6067138606808936	2.38720781576429	0.631578947368421	0.2026485413610659	19.77868115050614	2.932296029601795	-16.84638512090435	0.99999241799544	5.710392260349639e-05	-2.022031629492421
5	17	0.641867464539098	2.353172449079919	0.2272727272727273	0.2143101538047638	7.789770125816114	7.224289918338511	-0.5654802074776031	0.6731226100060104	0.524119646097623	-0.06787324741572029
14	35	0.8768000888663954	2.101970747656845	0.2857142857142857	0.2943496284157859	15.96715166635126	16.65104047666504	0.6838888103137784	0.5182456837658487	0.6059732691103965	0.08208555102984422
9	23	0.6991484734747392	2.13788594821816	0.28125	0.2464363731820876	12.87280218931233	10.75829139490325	-2.114510794409087	0.7521124854814623	0.3881740208392104	-0.2537997129065274
0	15	0.0495199081289395	2.949358743071091	0	0.0165128082488845	0	5.085851300808828	5.085851300808828	0.7789877445458505	0.2210122554541495	0.6104426628814105
18	2	0.9999999999999998	2	0.9	0.3333333333333334	18	1	-17	0.9999999882413153	2.297245560445305e-07	-2.040469658901272
6	12	0.6138524037673576	2.335907533615015	0.3333333333333333	0.2081024953888595	9.774336572075924	5.137189647840633	-4.637146924235291	0.9381428044043738	0.1535558537583717	-0.5565857413393803
5	19	0.9525578174258789	1.884188199979707	0.2083333333333333	0.3357924225789744	5.249025212465976	10.08391836877263	4.834893156306653	0.1328049710211425	0.9435007239162676	0.5803207523219487
15	8	0.9895949308139786	2.004963561333049	0.6521739130434783	0.3304643851202461	15.15771709507641	3.990097453282895	-11.16761964179351	0.9996286417142421	0.001583444981704929	-1.340422884778209
2.5	19.5	0.1492731335001182	1.818019186529862	0.1136363636363636	0.07587745449941236	16.74782287596328	10.72595940927365	-6.021863466689631	0.8440695165046062	0.3682533876448537	-0.7227899819897776
17	5	0.9968715719634647	2.00142557621668	0.7727272727272727	0.3324792449502641	17.05335017881626	2.498219298991653	-14.55513087982461	0.999996015636621	2.985683223577507e-05	-1.74701782009524
2	16	0.6388940393129554	2.34804449041413	0.1111111111111111	0.2138959449464569	3.130409546707825	6.814180934526521	3.683771387818696	0.2263639741345682	0.9224957185991423	0.442154338068981
9	28	0.715116374842506	2.138393220086442	0.2432432432432433	0.2506094165981987	12.58536416814972	13.09394349785122	0.5085793297014991	0.5468854374501025	0.6036504239076752	0.06104357008236795
10	20	0.6663075658038956	2.068209954422509	0.3333333333333333	0.2436654952383441	15.00808412393617	9.670198113703814	-5.337886010232356	0.9089107005410841	0.1742639615197321	-0.6406937909736874
0	16	0.6101895599366317	2.381735261520912	0	0.203945485381338	0	6.71779112418348	6.71779112418348	0.02600668245470613	0.9739933175452938	0.8063205272783914
15	46	0.8271598520122919	2.030164406572533	0.2459016393442623	0.2894875684924775	18.13434242910655	22.65826346431739	4.523921035210837	0.2755134818572793	0.8126282303963912	0.5429955065654672
8	21	0.7074092995588854	2.14208244233619	0.2758620689655172	0.2482580627127621	11.30887027494338	9.803544245055786	-1.505326029887598	0.7201031027642171	0.4345453704920201	-0.1806807112199972
10	26	0.7180486544298155	2.140979388982406	0.2777777777777778	0.2511513155963422	13.92663287969079	12.14397491811336	-1.782657961577433	0.7196558349876926	0.4179869697940958	-0.2139682048704436
6.5	23.5	0.6831659624259179	2.190211365701111	0.2166666666666667	0.2377571353885604	9.514525543571496	10.72955805453844	1.215032510966948	0.4920968419926645	0.6721455894430954	0.1458374690121578
7	7	0.787360183453431	2.21263981654657	0.5	0.2624533944844769	8.890467345322676	3.163641884979461	-5.726825460343215	0.9860120839073331	0.04893725121895742	-0.6873772702149198
11	22	1.011488569149936	1.874391274284463	0.3333333333333333	0.3504957323331223	10.87506110844584	11.73714384068415	0.8620827322383082	0.4977264215380601	0.6451885254178652	0.1034737446232339
6	29	0.6091021387439676	2.221252153945716	0.1714285714285714	0.2152034960136169	9.850564656319593	13.05569921383573	3.205134557516137	0.3481362775445488	0.7948887359543392	0.384704695135743
4	31	0.5279697055595221	2.421458266153837	0.1142857142857143	0.1790074925114438	7.576192266109195	12.80220288464412	5.226010618534926	0.2240636125192866	0.8947864676296813	0.627265653189199
8.5	27.5	0.6542547957126117	2.135662849849199	0.2361111111111111	0.234506848886166	12.99188031284025	12.87656429569012	-0.1153160171501337	0.5973650656652998	0.5547474472788265	-0.01384110789295215
7	30	0.6372500911956948	2.136504794423453	0.1891891891891892	0.2297427557494685	10.98469831030648	14.04162540533669	3.056927095030209	0.3596628968993227	0.7785067954562679	0.3669157051107262
9	17	0.672645161256853	2.198347891111294	0.3461538461538461	0.2342900693200981	13.38001151035308	7.733079950055711	-5.646931560297373	0.9374458453414203	0.1336206927369401	-0.6777877949811062
10	18	0.7692754277588907	2.173081064649302	0.3571428571428572	0.2614487502597864	12.99924531468882	8.283170054176002	-4.71607526051282	0.9107505864698525	0.1729549037134579	-0.5660593222453717
14	12	0.9966497110684932	2.000198812914181	0.5384615384615384	0.3325659282051371	14.04706171538525	5.999403620541426	-8.047658094843822	0.9910214387227717	0.02425642854447663	-0.9659413039847076
13	16	0.617346382000998	2.21237882390774	0.4482758620689655	0.2181647817646461	21.05787023139788	7.232034508330311	-13.82583572306757	0.9985396662476812	0.004815259827135709	-1.659482253051335
20	24	1.380457916669522	1.584043956413931	0.4545454545454545	0.4656626899795725	14.48794617966463	15.15109470467781	0.6631485250131774	0.5026985611927547	0.6160887104119595	0.07959614380203056
11	23	0.6029109565562422	2.367937278073673	0.3235294117647059	0.2029423615546447	18.2448168844546	9.713095111501683	-8.531721772952917	0.9695139450168621	0.06780058805979128	-1.024042318582223
2	14	0.5988402548147275	2.229691158022972	0.125	0.2117141963129008	3.339788840045115	6.278896496326224	2.939107656281109	0.3101781322906445	0.8822431400044497	0.3527741174638841
14	24	0.7887678926734017	2.048172207066793	0.3684210526315789	0.2780347363504914	17.74920116556628	11.71776470610869	-6.031436459457595	0.9197381559623632	0.1444100510692841	-0.7239390055949488
9	26	0.7207486211397672	2.139903952308458	0.2571428571428571	0.2519525187467901	12.48701660471817	12.15007803128363	-0.3369385734345443	0.6160082231268111	0.5363539704514381	-0.04044193741215679
8	21	0.6669624588558837	2.158209164643571	0.2758620689655172	0.2360785636200527	11.99467810185795	9.730289512262431	-2.264388589595516	0.7707526807376801	0.3741743696800564	-0.2717891890018761
8	14	0.8348360820000199	1.671595223023028	0.3636363636363636	0.33307758338597	9.582719497262708	8.375233314367478	-1.207486182895231	0.7078998187312699	0.4589229671878488	-0.14493170116119
10	13	0.6313144840821784	2.348599478079855	0.4347826086956522	0.2118566146870017	15.83996605833979	5.535213697070398	-10.30475236126939	0.9959720734781519	0.01346287247978173	-1.236854972685966
1	11	0.0669793939699391	1.748229147529784	0.08333333333333333	0.03689900771103732	14.92996488515271	6.292081341592318	-8.637883543560394	0.9296964927717364	0.3631136165839364	-1.03678466398574
19	22	0.7070721814696218	2.131416145077364	0.4634146341463415	0.2491016696657596	26.87137253866959	10.3217759942423	-16.54959654442729	0.999184532456828	0.002337797849282786	-1.986408800938895
7	39	0.7460770943742252	2.243109858799295	0.1521739130434783	0.2495919813854867	9.382408403613134	17.38657598378893	8.004167580175793	0.08268007196893007	0.9615552975305229	0.9607212407123479
7	24	0.7104991483315842	2.289022645920525	0.2258064516129032	0.2368708071043497	9.852228558524825	10.48482418589112	0.6325956273662925	0.5412789351075217	0.6261459309368469	0.07592895199967852
8.5	27.5	0.732948858064141	2.247435985882206	0.2361111111111111	0.2459242334267271	11.59698921211247	12.23616609004558	0.6391768779331031	0.5346634089843261	0.6160203118633196	0.07671888388786696
5.5	30.5	0.9119972684722754	2.075831124499429	0.1527777777777778	0.3052374997900063	6.030719816971907	14.69291005421014	8.662190237238235	0.03260490744102641	0.9878104568405789	1.039702138747966
2	20	0.6282423435269617	2.138317509954833	0.09090909090909091	0.2270843129369859	3.183484877463004	9.35314793378017	6.169663056317166	0.09477914079494883	0.9741858502515587	0.7405300160034861
8	18	0.6859933849663851	2.284583494595569	0.3076923076923077	0.2309293490049457	11.66192003497529	7.878897857128426	-3.783022177846859	0.8753692446264197	0.2365701160823207	-0.4540671748733603
7	17	0.6011616157991622	2.122083814241065	0.2916666666666667	0.2207519047558934	11.64412333727338	8.010993668541703	-3.633129668731682	0.8599778507351262	0.2673799570873536	-0.4360759327000602