Codon,alpha,beta,beta-alpha,Prob[alpha<beta],Prob[alpha>beta],BayesFactor,PSRF,Neff
1,0.505737,0.220592,-0.285145,0.225988,0.703825,0.514597,1.00539,242.938
2,0.727547,0.216859,-0.510688,0.0936876,0.873068,0.182194,0.999396,567.975
3,1.43026,0.19384,-1.23642,0.0125072,0.980049,0.0223232,1.00095,421.145
4,0.426853,0.206912,-0.219941,0.251919,0.665064,0.59353,1.00633,222.97
5,1.24673,0.413854,-0.832875,0.0577597,0.911787,0.108042,1.00376,287.437
6,0.496494,0.398752,-0.0977419,0.40778,0.525853,1.21359,1.00165,377.159
7,0.422148,0.207,-0.215148,0.254798,0.661315,0.602632,1.00636,222.41
8,1.39919,0.407545,-0.991643,0.0599844,0.911653,0.112469,1.00343,298.295
9,0.976427,0.199486,-0.776942,0.0293967,0.956573,0.0533811,0.999695,532.15
10,0.933085,0.199794,-0.733292,0.0422041,0.939699,0.0776627,0.99955,548.96
11,0.815204,0.39307,-0.422133,0.179279,0.769327,0.385004,1.00565,237.038
12,1.79356,0.191106,-1.60245,0.00823963,0.986545,0.014643,0.999824,518.094
13,0.62575,0.203889,-0.421861,0.106744,0.854525,0.210619,0.999615,541.317
14,0.991982,0.401059,-0.590923,0.11315,0.845836,0.224873,1.00503,251.462
15,0.625938,0.203886,-0.422052,0.106688,0.854599,0.210495,0.999613,541.562
16,0.447892,0.221387,-0.226504,0.255316,0.666268,0.604279,1.00602,229.123
17,0.626359,0.20388,-0.422479,0.106563,0.854763,0.210219,0.999608,542.113
18,0.726626,0.216873,-0.509754,0.0938513,0.872856,0.182546,0.9994,567.476
19,1.00584,0.21304,-0.792798,0.043947,0.937613,0.0810173,1.0001,490.113
20,0.686601,0.202992,-0.483609,0.0914399,0.874675,0.177383,0.999057,614.926
21,0.83591,0.215573,-0.620337,0.0790861,0.89211,0.15136,0.999183,596.655
22,1.40282,0.194131,-1.20869,0.0129226,0.979428,0.0230743,1.00098,419.003
23,1.26533,0.210554,-1.05478,0.0338914,0.95128,0.0618293,1.0004,463.616
24,1.014,0.553255,-0.460745,0.200696,0.734852,0.442545,1.00874,184.614
25,1.79273,0.191666,-1.60107,0.0123451,0.980903,0.0220303,0.99972,529.385
26,0.62575,0.203889,-0.421861,0.106744,0.854525,0.21062,0.999615,541.317
27,0.618104,0.4218,-0.196304,0.282457,0.651507,0.6938,1.00582,233.439
28,0.505737,0.220592,-0.285145,0.225988,0.703825,0.514597,1.00539,242.938
29,0.505737,0.220592,-0.285145,0.225988,0.703825,0.514597,1.00539,242.938
30,0.933655,0.199786,-0.73387,0.0421689,0.939747,0.077595,0.999552,548.725
31,0.646951,0.513069,-0.133882,0.326711,0.601313,0.85525,1.00775,198.608
32,0.707563,0.521654,-0.185909,0.320317,0.609247,0.830624,1.01016,167.669
33,2.87464,0.164702,-2.70994,0.00115661,0.997876,0.00204089,0.997873,865.764
34,0.509361,0.162305,-0.347057,0.166539,0.76207,0.352176,1.00651,219.671
35,0.771426,0.56475,-0.206676,0.33052,0.59688,0.870142,1.01081,161.019
36,0.894762,0.417597,-0.477165,0.138813,0.814017,0.284094,1.00546,241.319
37,0.807149,0.588338,-0.218811,0.337549,0.588344,0.898079,1.01102,158.864
38,0.52743,0.708614,0.181184,0.656249,0.279531,3.36476,1.01175,152.128
39,0.505737,0.220592,-0.285145,0.225988,0.703825,0.514597,1.00539,242.938
40,1.43556,0.697182,-0.738378,0.181715,0.741898,0.391396,1.00911,179.857
41,0.441291,0.38701,-0.0542806,0.439821,0.490576,1.38382,1.00033,469.132
42,0.493527,0.445341,-0.048186,0.451948,0.482541,1.45344,1.00376,287.464
43,0.506727,0.204132,-0.302595,0.209357,0.720118,0.466698,1.00555,239.32
44,0.813296,0.439342,-0.373954,0.216361,0.726798,0.486625,1.00723,206.897
45,0.362808,0.571247,0.208439,0.683868,0.259341,3.81271,1.00731,205.584
46,0.808497,0.494693,-0.313804,0.256744,0.679657,0.608825,1.00975,172.256
47,2.82573,0.759907,-2.06582,0.0657945,0.891937,0.12413,1.00679,214.509
48,0.807149,0.588338,-0.218811,0.337549,0.588344,0.898077,1.01102,158.864
49,0.982088,0.343854,-0.638234,0.0813528,0.886221,0.156083,1.0037,289.111
50,1.24175,1.00849,-0.23326,0.318501,0.540374,0.823711,1.00431,270.53
51,0.789122,0.565844,-0.223279,0.278084,0.646842,0.678923,1.00895,181.97
52,0.90228,0.200221,-0.702059,0.0442212,0.936969,0.0815461,0.999446,561.695
53,0.734342,0.407701,-0.326641,0.213378,0.729646,0.478093,1.00596,230.513
54,0.995016,0.4014,-0.593616,0.112973,0.846056,0.224475,1.00504,251.31
55,2.03736,0.174,-1.86336,0.00826118,0.987006,0.0146817,0.999251,587.16
56,0.361563,0.641881,0.280318,0.732212,0.215599,4.81922,1.00901,181.157
57,2.03736,0.174,-1.86336,0.00826118,0.987006,0.0146817,0.999251,587.16
58,0.776552,0.202019,-0.574533,0.0563337,0.920747,0.105216,0.999212,592.591
59,0.83591,0.215573,-0.620337,0.079086,0.89211,0.15136,0.999183,596.655
60,1.22503,0.587982,-0.637052,0.190552,0.745675,0.41491,1.00891,182.414
61,2.07486,0.711168,-1.36369,0.088718,0.859212,0.171589,1.00848,188.106
62,0.913907,0.417458,-0.496449,0.135232,0.81837,0.275619,1.00546,241.225
63,0.712295,0.440322,-0.271973,0.249801,0.68868,0.58688,1.007,210.769
64,0.434385,0.739871,0.305485,0.745956,0.198565,5.1753,1.01034,165.827
65,0.956127,1.73702,0.780892,0.716495,0.161885,4.45433,1.00188,364.583
66,0.711389,0.83215,0.120761,0.596828,0.308834,2.60909,1.00636,222.457
67,0.702853,1.10776,0.404904,0.722307,0.186804,4.58444,1.00622,225.155
68,0.35733,1.05454,0.697212,0.897638,0.0686166,15.4558,1.0091,179.96
69,0.44499,0.385481,-0.0595086,0.435217,0.495304,1.35817,1.00033,469.044
70,0.927832,0.923068,-0.00476441,0.498798,0.382918,1.75405,1.00648,220.126
71,1.22984,0.389601,-0.840243,0.085292,0.881469,0.164345,1.00425,272.402
72,0.43099,0.642393,0.211403,0.678536,0.263279,3.72024,1.01188,151.044
73,0.809083,0.535619,-0.273464,0.291697,0.64002,0.725843,1.01049,164.181
74,1.12152,0.534106,-0.587413,0.169414,0.773095,0.359498,1.00818,192.265
75,0.708148,1.0079,0.299747,0.692447,0.213087,3.96824,1.00608,227.99
76,3.17785,0.483318,-2.69453,0.323444,0.623762,0.842607,1.00719,207.681
77,0.808881,0.535871,-0.273009,0.291978,0.639704,0.726831,1.0105,164.143
78,3.64445,0.817108,-2.82734,0.520995,0.415853,1.91701,1.0102,167.315
79,0.814588,0.417512,-0.397076,0.198638,0.747093,0.436883,1.00652,219.485
80,0.719943,0.405115,-0.314827,0.216254,0.726207,0.486316,1.0058,233.831
81,0.496295,0.39879,-0.097505,0.407954,0.525671,1.21447,1.00165,377.229
82,0.907215,0.49178,-0.415435,0.230436,0.709743,0.527758,1.00953,174.781
83,0.968676,0.546798,-0.421878,0.205439,0.729584,0.455706,1.00869,185.261
84,0.485164,0.828154,0.34299,0.75112,0.189529,5.31925,1.00875,184.48
85,0.768682,0.685442,-0.0832398,0.43775,0.477266,1.37223,1.01055,163.607
86,0.711476,0.874409,0.162932,0.621736,0.283476,2.89696,1.00629,223.805
87,1.30118,0.169228,-1.13195,0.0137157,0.978789,0.0245101,1.00042,461.699
88,0.705574,0.641353,-0.064221,0.43211,0.48627,1.3411,1.01091,160.014
89,0.769947,0.68559,-0.0843572,0.437283,0.477725,1.36963,1.01055,163.581
90,0.768488,0.686625,-0.0818631,0.438832,0.476087,1.37828,1.01054,163.746
91,0.81365,0.439352,-0.374298,0.216281,0.726891,0.486394,1.00723,206.885
92,1.2256,0.655606,-0.56999,0.232008,0.692757,0.532447,1.00932,177.265
93,0.91874,0.88183,-0.0369102,0.543761,0.353275,2.10061,1.00697,211.341
94,0.708115,0.548589,-0.159526,0.344899,0.582224,0.927929,1.01053,163.799
95,0.431397,0.931955,0.500558,0.832405,0.11814,8.75394,1.00717,207.873
96,3.21228,0.668777,-2.54351,0.447728,0.492522,1.42887,1.01137,155.601
97,0.814246,0.417235,-0.397011,0.198499,0.747251,0.436501,1.00651,219.67
98,0.43205,0.61148,0.17943,0.654773,0.285947,3.34285,1.01181,151.647
99,0.34659,0.571078,0.224488,0.700327,0.244131,4.11893,1.00679,214.512
100,1.24912,0.687122,-0.561999,0.20581,0.712183,0.456744,1.00885,183.183