ObservedSChanges	ObservedNSChanges	E[SSites]	E[NSSites]	ObservedS.Prop.	P{S}	dS	dN	dN-dS	P{Sleq.observed}	P{Sgeq.observed}	ScaleddN-dS	pvalue
12	4	0.6943692893778527	2.305330686652381	0.75	0.2314795796000814	17.28187030096315	1.735108990289148	-15.546761310674	0.9999985138641939	1.651220048870528e-05	-1.9192188678537	0.9999985138641939
10	0	0.6934089113191824	2.197405466752572	1	0.2398662870155307	14.42150488227128	0	-14.42150488227128	0.9999999999999994	6.305102135950591e-07	-1.780308047432122	0.9999999999999994
11	1	0.9995691206685038	2.000089695351815	0.9166666666666666	0.3332276041962143	11.00474171575377	0.4999775771676581	-10.50476413858611	0.9999981254732239	4.688458092927394e-05	-1.296793662309938	0.9999981254732239
15	0	1.000000000000001	2.000000000000001	1	0.3333333333333334	14.99999999999999	0	-14.99999999999999	1	6.969171928439266e-08	-1.851722197474029	1
22	2	0.998288983149724	2.001711016850277	0.9166666666666666	0.3327629943832412	22.03770688782651	0.9991452228439199	-21.03856166498259	0.9999999998330722	3.93778298857228e-09	-2.59717144253163	0.9999999998330722
16	1	0.9999145136439743	2.000042743178014	0.9411764705882353	0.3333095867849917	16.00136789863308	0.499989314433864	-15.50137858419922	0.9999999922658471	2.707234137977466e-07	-1.91361645438735	0.9999999922658471
15	0	1	2.000000000000001	1	0.3333333333333333	14.99999999999999	0	-14.99999999999999	1.000000000000001	6.969171806314733e-08	-1.851722197474029	1.000000000000001
11	2	0.9984869091017758	2.000314977327812	0.8461538461538461	0.3329619451088805	11.01666922192845	0.9998425361348675	-10.01682668579358	0.9999832816770056	0.0002102430327974858	-1.236558688155613	0.9999832816770056
19	0	1.000000000000001	2.000000000000001	1	0.3333333333333334	18.99999999999999	0	-18.99999999999999	1	8.60391313750597e-10	-2.345514783467103	1
16	0	1	2.000000000000001	1	0.3333333333333333	15.99999999999999	0	-15.99999999999999	1.000000000000001	2.323057235464887e-08	-1.975170343972298	1.000000000000001
12	1	0.9999362309375034	2.000063769062498	0.9230769230769231	0.3333120769791676	12.00076527755099	0.4999840582426708	-11.50078121930832	0.9999993732942963	1.692261273933404e-05	-1.419750124805711	0.9999993732942963
8	1	0.6934089113191825	2.197428024858898	0.8888888888888888	0.2398644152637419	11.53720390581702	0.4550774763438326	-11.08212642947319	0.9999973715942259	7.759368489079765e-05	-1.368067966977941	0.9999973715942259
8	1	0.6944881331054313	2.196710585889072	0.8888888888888888	0.2402076787537314	11.51927530313251	0.4552261032580545	-11.06404919987446	0.9999973375468283	7.845604717870991e-05	-1.365836366490154	0.9999973375468283
11	0	0.6934089113191824	2.197405466752572	1	0.2398662870155307	15.8636553704984	0	-15.8636553704984	0.9999999999999994	1.512381442303479e-07	-1.958338852175334	0.9999999999999994
12	3	0.9998288963226234	2.00008555183869	0.8	0.3332858031786312	12.00205359550626	1.499935838865534	-10.50211775664073	0.9999686232500948	0.0002846750533238573	-1.296466971363853	0.9999686232500948
9	0	0.6934089113191825	2.197405466752572	1	0.2398662870155307	12.97935439404415	0	-12.97935439404415	0.9999999999999999	2.628590373920936e-06	-1.602277242688909	0.9999999999999999
10	1	0.9998723861649763	2.000127613835025	0.9090909090909091	0.3332907953883252	10.00127630122393	0.4999680985767751	-9.501308202647156	0.9999943628898974	0.0001296772746838259	-1.172918886925588	0.9999943628898974
12	2	0.9997839576854465	2.000002002775733	0.8571428571428571	0.3332850979580363	12.00259306798705	0.9999989986131361	-11.00259406937391	0.9999939478238773	8.2034481255433e-05	-1.358249844537053	0.9999939478238773
12	12	0.6962004301026422	2.303799569897359	0.5	0.232066810034214	17.2364156658605	5.20878645729352	-12.02762920856698	0.9989977626351882	0.003777278275608809	-1.484788532566032	0.9989977626351882
10	1	0.6934089113191826	2.197428025729201	0.9090909090909091	0.2398644151915293	14.42150488227127	0.4550774761635967	-13.96642740610768	0.9999998487748381	5.422819514100397e-06	-1.724129576486615	0.9999998487748381
11	1	0.6934089113191826	2.197450544599957	0.9166666666666666	0.2398625467244361	15.8636553704984	0.4550728126543793	-15.40858255784402	0.9999999637298559	1.415574864882529e-06	-1.902160956931396	0.9999999637298559
6	11	0.6939205334341046	2.30510697042361	0.3529411764705883	0.2313818504636918	8.646523212545585	4.772012813782141	-3.874510398763443	0.9243207728396187	0.1807236572894341	-0.478301127315615	0.9243207728396187
12	0	0.6934089113191823	2.197405466752572	1	0.2398662870155307	17.30580585872553	0	-17.30580585872553	0.9999999999999994	3.627693256902376e-08	-2.136369656918546	0.9999999999999994
14	7	0.6935564453225653	2.305629168252648	0.6666666666666666	0.2312482569212525	20.18581197596507	3.036047642173544	-17.14976433379152	0.9999963610818718	2.671204039694786e-05	-2.117106619888679	0.9999963610818718
12	3	0.6934089113191823	2.198148502058761	0.8	0.2398046492561722	17.30580585872553	1.36478495296848	-15.94102090575706	0.9999994495406562	7.779459096801666e-06	-1.967889484105861	0.9999994495406562
13	2	0.999809129177911	2.00019087082209	0.8666666666666667	0.3332697097259703	13.00248179438929	0.9999045736960036	-12.00257722069329	0.9999978451369285	3.135841208401491e-05	-1.481695911096928	0.9999978451369285
8	4	0.6934314990413091	2.30613870864354	0.6666666666666666	0.2311769523729597	11.53682809485905	1.73450104497521	-9.802327049883839	0.9997934996836286	0.001617305503769928	-1.210079105678002	0.9997934996836286
17	2	0.9995857654140917	2.00041423458591	0.8947368421052632	0.3331952551380303	17.00704490620425	0.9997929255957348	-16.00725198060851	0.9999999666876754	6.179317113552685e-07	-1.976065587536861	0.9999999666876754
9	4	0.6939810608874132	2.19733080830555	0.6923076923076923	0.2400229004286281	12.96865362361827	1.82039044138491	-11.14826318223336	0.9999130977021821	0.0007175432658862446	-1.376232426521598	0.9999130977021821
9	11	0.7548142621225535	2.038956919721268	0.45	0.270177553204051	11.92346309765241	5.394915357752501	-6.528547739899908	0.9761007188864705	0.0642116785774407	-0.8059371178161047	0.9761007188864705
8	8	0.6940617598233609	2.304922337079991	0.5	0.231432290868106	11.52635177889069	3.470832778745536	-8.055519000145154	0.9956849195067329	0.0172102558591577	-0.9944388896495057	0.9956849195067329
17	4	0.9994929128080157	2.000507087191985	0.8095238095238095	0.3331643042693385	17.00862485581765	1.999493041344135	-15.00913181447352	0.9999989076598886	1.01775173749763e-05	-1.852849503044952	0.9999989076598886
0	23	0.06707991704500794	2.932769328586616	0	0.02236109602597185	0	7.842416986502089	7.842416986502089	0.5944357710960325	0.4055642289039675	0.9681318410502207	0.5944357710960325
9	11	0.6939501940190677	2.305749682762273	0.45	0.2313398748289685	12.96923046865336	4.770682647052159	-8.198547821601196	0.9921226710365758	0.02551893858228627	-1.012095532554086	0.9921226710365758
12	4	0.6936003128802279	2.196144716999322	0.75	0.2400212841300876	17.30103025785714	1.821373595755272	-15.47965666210186	0.9999976908105731	2.45051612622893e-05	-1.910934923366052	0.9999976908105731
9	34	0.5999333313394383	1.753092811521834	0.2093023255813954	0.2549624589423053	15.00166690173089	19.3942954854085	4.39262858367761	0.3122260790986334	0.8035349846103094	0.542261856910316	0.3122260790986334
9	12	0.6951278475592596	2.303714718980058	0.4285714285714285	0.2317987130486284	12.94725859653141	5.208978308439534	-7.738280288091876	0.9878705141461241	0.03611469242654197	-0.9552763586490306	0.9878705141461241
5	8	0.6942614316109491	2.298350976052884	0.3846153846153846	0.2319917640630651	7.201897977247719	3.480756456848445	-3.721141520399274	0.9416700299765179	0.163011099989436	-0.4593680235510398	0.9416700299765179
11	15	0.6945562564529022	2.304715505127318	0.4230769230769231	0.231574966080087	15.83745002338181	6.508395490302116	-9.329054533079695	0.9917056568769972	0.02355572895985336	-1.15165449068996	0.9917056568769972
12	2	0.6937891843055383	2.197160619563152	0.8571428571428571	0.2399865896589088	17.29632036857368	0.9102657230392415	-16.38605464553444	0.9999999047057891	2.013643094600504e-06	-2.022828074410571	0.9999999047057891
9	3	0.6934089113191824	2.19573710204595	0.75	0.2400048000729234	12.97935439404415	1.366283785615615	-11.61307060842854	0.9999744004886172	0.0002807724279841883	-1.433612041764024	0.9999744004886172
7	5	0.6938952375504457	2.305357782314029	0.5833333333333334	0.2313560186335331	10.08797815749687	2.168860746196712	-7.91911741130016	0.9983739325335165	0.009165123132866881	-0.9776003663271724	0.9983739325335165
10	14	0.7368659457219084	2.057297729028932	0.4166666666666667	0.263716099518621	13.57098948330824	6.80504323825223	-6.765946245056011	0.9687140147862375	0.0751931084104529	-0.8352435232590852	0.9687140147862375
16	3	0.999743272389191	2.000128363805407	0.8421052631578947	0.3332620170566321	16.0041086965888	1.499903733324523	-14.50420496326428	0.9999993800739243	7.269019946742894e-06	-1.790517219145964	0.9999993800739243
6	6	0.6934724885943347	2.193603748059602	0.5	0.2401988834898435	8.65210963474841	2.735225085801127	-5.916884548947282	0.9886376759026643	0.04550499105300976	-0.7304284306117864	0.9886376759026643
7	16	0.5937282320874946	2.206072905996089	0.3043478260869565	0.2120608581843393	11.78990592276307	7.252706815133864	-4.537199107629208	0.9050722759120422	0.1992917207620604	-0.5601088201304244	0.9050722759120422
14	2	0.9999144360466379	2.000042781976682	0.875	0.3333095652295616	14.0011979978525	0.9999786094692237	-13.00121938838328	0.9999992341857951	1.190615749790958e-05	-1.60497643571327	0.9999992341857951
5	12	0.6967095100555999	2.197810461904798	0.2941176470588235	0.2406995000223589	7.176592149001931	5.459979469567109	-1.716612679434822	0.7930555094502687	0.3905520153860491	-0.2119126535316554	0.7930555094502687
17	4	0.9959740709173361	2.002012964541333	0.8095238095238095	0.3322142688201984	17.0687174459695	1.997989059434694	-15.07072838653481	0.9999989583053992	9.745786842541015e-06	-1.860453485696565	0.9999989583053992
10	14	0.7380528761159407	2.055800565107611	0.4166666666666667	0.2641702192484065	13.54916473278413	6.809999100893897	-6.739165631890234	0.9683331373076423	0.07595178654674306	-0.8319375062016831	0.9683331373076423
10	8	0.6958034132403114	2.304023840827884	0.5555555555555556	0.231947827094611	14.3718754603842	3.472186293491404	-10.8996891668928	0.9993686612437513	0.003019624712742863	-1.345546425060174	0.9993686612437513
17	30	0.9217886584573693	2.077504062807319	0.3617021276595745	0.3073353434034561	18.44240525637386	14.44040497300457	-4.002000283369295	0.8334039971906709	0.2543046518890689	-0.4940395172674855	0.8334039971906709
15	2	0.6934089113191825	2.197387641131045	0.8823529411764706	0.2398677661115418	21.63225732340691	0.9101716795724557	-20.72208564383446	0.9999999984192017	4.09263433143181e-08	-2.558103064309746	0.9999999984192017
10	4	0.6938536163340215	2.197168752748194	0.7142857142857143	0.2400028528849787	14.41226184398237	1.820524707078983	-12.59173713690338	0.9999736673640488	0.0002380936300483416	-1.554426610744139	0.9999736673640488
14	4	0.9995729453436818	2.000213527328161	0.7777777777777778	0.333214698595992	14.00598131953882	1.999786495466366	-12.00619482407245	0.9999815646629978	0.0001442709603151071	-1.482142497528851	0.9999815646629978
13	11	0.9992371494556472	2.000762850544355	0.5416666666666666	0.3330790498185489	13.00992462808452	5.497902960866746	-7.512021667217777	0.9897350384831334	0.02826206941449239	-0.9273451512728687	0.9897350384831334
6	15	0.6987607095905966	2.30029517688151	0.2857142857142857	0.2329935606543742	8.586630469700273	6.520902252351531	-2.065728217348742	0.8008613165649751	0.3615291259441478	-0.2550103196008748	0.8008613165649751
15	11	0.9993979412080023	2.000301029396001	0.5769230769230769	0.3331660779970761	15.00903632227724	5.499172293742954	-9.509864028534285	0.9970507215730446	0.009144685847517153	-1.173975087773116	0.9970507215730446
12	12	0.6945489940479133	2.304905859682125	0.5	0.2315584090836345	17.27739886291187	5.206286386748546	-12.07111247616333	0.9990196004085687	0.003704911914911402	-1.490156461354489	0.9990196004085687
7	16	0.5882622193688694	2.209390307650327	0.3043478260869565	0.2102699365584342	11.89945532709905	7.24181686893336	-4.657638458165686	0.9088201976816804	0.1931664509419326	-0.5749768347196078	0.9088201976816804
15	19	0.7845702942770216	2.215429705722979	0.4411764705882353	0.2615234314256738	19.11874577640291	8.57621433481663	-10.54253144158628	0.9930184392092194	0.01768755835202274	-1.301455965863547	0.9930184392092194
6	3	0.9994288791946419	2.000571120805359	0.6666666666666666	0.3331429597315471	6.003428683024359	1.499571781678177	-4.503856901346182	0.9917479484011372	0.04230551956601103	-0.5559927865646219	0.9917479484011372
17	25	0.9704205881390271	2.028595527876411	0.4047619047619048	0.3235796509917893	17.51817738389171	12.32379725601124	-5.19438012788047	0.8996360606432731	0.1681376187189749	-0.6412365989942838	0.8996360606432731
11	15	0.6983861036804251	2.299391236248726	0.4230769230769231	0.232967970762275	15.75059976427237	6.523465760646852	-9.227134003625515	0.9912821198602466	0.02458231378733811	-1.139072590238719	0.9912821198602466
11	81	0.9319356450600842	2.066730732850317	0.1195652173913044	0.3107833708761882	11.8033901356899	39.19233343392025	27.38894329823036	1.586994953193023e-05	0.9999954605117081	3.381114284712715	1.586994953193023e-05
14	15	0.6960106228828215	2.303643809612693	0.4827586206896552	0.2320302683345383	20.11463552382735	6.511423310065422	-13.60321221376193	0.9992151039765036	0.002723179969808198	-1.67929133421152	0.9992151039765036
14	14	0.999674217880172	1.998959630652314	0.5	0.3333765535826945	14.00456243603768	7.003643187847382	-7.000919248190295	0.9784122319046592	0.05034473238180148	-0.8642505049731445	0.9784122319046592
12	14	0.6935641531181368	2.200281770576267	0.4615384615384616	0.2396686525150945	17.3019322669002	6.362821429154192	-10.93911083774601	0.9964778440278781	0.01100814296526509	-1.350412957258868	0.9964778440278781
11	17	0.6950675674687792	2.30382109500755	0.3928571428571428	0.2317750492593572	15.82579955508296	7.379045203136438	-8.44675435194652	0.9834775376686893	0.0416965089493786	-1.042736168673982	0.9834775376686893
10	22	0.6943025404153947	2.300537298003088	0.3125	0.2318329452910051	14.4029431233495	9.562983403527703	-4.839959719821801	0.8984040828429352	0.1889772259797263	-0.5974840565382811	0.8984040828429352
9	18	0.7387182001013193	2.055249608112543	0.3333333333333333	0.2643975345491076	12.18326555209497	8.75806030029144	-3.425205251803527	0.8485845579650592	0.2691143731321907	-0.4228352397112811	0.8485845579650592
12	9	0.6937555224911484	2.197168702827693	0.5714285714285714	0.2399770690685031	17.29715960589432	4.096180683994477	-13.20097892189984	0.9997599400804026	0.001147297672406622	-1.629636379871249	0.9997599400804026
10	25	0.7396294068195128	2.054273727561045	0.2857142857142857	0.2647297960040041	13.52028449355616	12.16975112157107	-1.350533371985092	0.6899246071684006	0.4523169055310982	-0.1667208415556164	0.6899246071684006
11	24	0.5932058935163664	2.203112427516859	0.3142857142857143	0.2121381850751455	18.54330868966074	10.89367918778913	-7.649629501871603	0.9484762146967169	0.104977741168511	-0.9443325834045236	0.9484762146967169
15	32	1.020454733813012	1.977017968254919	0.3191489361702128	0.3404383743374906	14.69932913530744	16.1859935083169	1.486664373009468	0.4452699183212473	0.6729650570319948	0.1835259613130295	0.4452699183212473
11.5	31.5	0.7427629818875338	1.587755467855456	0.2674418604651163	0.3187114789713189	15.48273174677583	19.839327048608	4.356595301832169	0.2958950396919799	0.8074893776858107	0.5378136150542466	0.2958950396919799
15	14	0.9985653704938585	2.001434629506145	0.5172413793103449	0.3328551234979525	15.02155035937355	6.994982395929918	-8.026567963443629	0.98756162686672	0.03074219254202604	-0.9908649378294991	0.98756162686672
12	19	0.7144405107636835	2.282984076228041	0.3870967741935484	0.238351454733582	16.79635997568628	8.322440878077392	-8.47391909760889	0.9802523790568356	0.04663457394060444	-1.046089606176099	0.9802523790568356
9	18	0.7018846150621759	2.296124215811921	0.3333333333333333	0.2341169271531248	12.82262042344772	7.839297140827858	-4.983323282619864	0.9211274196311487	0.1602864794403323	-0.6151820226410901	0.9211274196311487
7	10	0.9993651471377119	2.00063485286229	0.4117647058823529	0.3331217157125704	7.004446793095342	4.998413371482103	-2.006033421613239	0.8286324101108912	0.3253819849664175	-0.2476411077117343	0.8286324101108912
9	32	0.6948127709725023	2.301369326734229	0.2195121951219512	0.2318993800491332	12.95312978689648	13.90476514493646	0.9516353580399848	0.5122338369346284	0.6341759585260157	0.1174776210922524	0.5122338369346284
8	20	0.6955817558803667	2.303391264175392	0.2857142857142857	0.2319399845309159	11.50116421595152	8.682849636125519	-2.818314579826001	0.817788653291855	0.3150742710331017	-0.3479157111285667	0.817788653291855
14	15	0.6928282931025825	2.193899984200296	0.4827586206896552	0.2400046788435191	20.2070269637893	6.837139390138463	-13.36988757365083	0.9988574844251785	0.00380244768261051	-1.65048783985743	0.9988574844251785
14	31	0.9897827070074312	1.807446651091642	0.3111111111111111	0.3538439578226301	14.14451869171209	17.15126694404891	3.006748252336825	0.3334164726974675	0.7728035572349137	0.3711774987378897	0.3334164726974675
5	22	0.5892757701664987	2.205953916395207	0.1851851851851852	0.2108147938609445	8.48499166797111	9.973009787960862	1.488018119989752	0.482515859089731	0.7013397794931525	0.1836930788685732	0.482515859089731
12	7	0.6939783183807675	2.197051153723809	0.631578947368421	0.2400453973496069	17.29160649859945	3.186088766361044	-14.10551773223841	0.9999471521290616	0.0003228463180919849	-1.741300019443294	0.9999471521290616
0	19	0.006835000223754249	2.993022549744912	0	0.002278441595943662	0	6.348097845644139	6.348097845644139	0.9575859636625088	0.04241403633749119	0.7836609128344214	0.9575859636625088
9	23	0.6994738787205342	2.300196315892287	0.28125	0.2331835946420829	12.86681357774596	9.999146525490321	-2.867667052255637	0.8058971295509044	0.3214820131654423	-0.3540081823751122	0.8058971295509044
16	16	0.9996912724886923	2.000220478319839	0.5	0.33324022688976	16.0049411656547	7.999118183931307	-8.005822981723393	0.9836525973512391	0.0375584222591453	-0.9883040082869955	0.9836525973512391
14	23	0.7010050447509953	2.293824042564092	0.3783783783783784	0.2340718032024518	19.97132560575645	10.0269242859143	-9.944401319842155	0.984770859782527	0.03486486042637904	-1.227617910969451	0.984770859782527
14	21	0.9990264896557416	1.999346735612406	0.4	0.3331895046409367	14.01364242586232	10.50343075863109	-3.510211667231227	0.845625080825797	0.2514727947437968	-0.4333291241362924	0.845625080825797
3	24	0.7402844215482782	2.055888133493283	0.1111111111111111	0.2647491908943635	4.052496463083213	11.67378691914534	7.621290456062122	0.04773617935499785	0.986076692713544	0.9408341807258137	0.04773617935499785
7	34	0.9915111661178595	2.006605626179351	0.1707317073170732	0.3307113214085786	7.059930577895196	16.9440370127623	9.884106434867105	0.01818318436401726	0.9932676069285136	1.220174619175954	0.01818318436401726
14	21	0.6876982321664001	2.225976247129394	0.4	0.2360243867505095	20.35776645215	9.434062931750271	-10.92370352039972	0.9907738367900106	0.02276390062419953	-1.348510952489959	0.9907738367900106
17	33	0.9884303187586252	2.0108199386867	0.34	0.3295591344219944	17.19898679489151	16.41121582549696	-0.7877709693945505	0.6264996003783339	0.4904728150054618	-0.0972488660369016	0.6264996003783339
19	37	1.010021762631469	1.70372828978377	0.3392857142857143	0.3721867316898066	18.81147585424118	21.7170779060644	2.905602051823223	0.3593019888805192	0.7389230516621275	0.3586911877591433	0.3593019888805192
0	27	0.06756731228332501	2.930005758267846	0	0.02254067230157671	0	9.214998954801304	9.214998954801304	0.5403370837618252	0.4596629162381748	1.137574540953704	0.5403370837618252
21	34	1.08986836748234	1.23266069046824	0.3818181818181818	0.4692593032373293	19.26838196846765	27.58261074025547	8.314228771787821	0.1218218002133612	0.9250427209523865	1.026376131439783	0.1218218002133612
12	16	0.7894796394380414	2.210520360561961	0.4285714285714285	0.2631598798126804	15.19988534288447	7.238114737804299	-7.961770605080169	0.98263500662012	0.04270417897742829	-0.9828658240415459	0.98263500662012
11	22	0.7030079942747481	2.294603546326996	0.3333333333333333	0.2345227140851031	15.64704824067904	9.587712890627975	-6.059335350051068	0.9341106599588945	0.1297609976870165	-0.7480137179752423	0.9341106599588945
