Codon,alpha,beta,beta-alpha,Prob[alpha<beta],Prob[alpha>beta],BayesFactor,PSRF,Neff
1,1.222085730590595,0.1914936319528363,-1.030592098637759,1.509639912096837e-17,0.9999999999999997,3.594185786555113e-17,1.141396997865681,20.82546049177607
2,0.5010995638562112,0.08712116041040652,-0.4139784034458047,1.229775504652228e-06,0.9999486783116327,2.927881701935802e-06,1.025570491234483,85.10378538894689
3,1.163149570206834,0.07147902197474486,-1.091670548232089,1.351566754830164e-20,1,3.217841540135028e-20,1.143700739579319,20.56352301731795
4,0.6223090934991259,0.07314233918861357,-0.5491667543105123,2.495265677966319e-10,0.9999999764811882,5.940786517234005e-10,1.069677056404769,37.09929277501961
5,0.4538031257714967,0.07180763694736789,-0.3819954888241288,8.01893597780015e-09,0.9999978635280634,1.909166928806933e-08,1.016532776864671,119.2161325910001
6,0.578907962510548,0.09476948494477569,-0.4841384775657723,2.374070038805801e-07,0.9999920714797856,5.652242463349337e-07,1.050674165563724,48.4529935614153
7,0.7042806157060093,0.07161418558186823,-0.632666430124141,3.314735363800369e-13,0.999999999936539,7.891798988156728e-13,1.087767758105325,30.61598744656001
8,0.9502899568160619,0.0719015104866509,-0.8783884463294109,1.081090961595144e-15,0.9999999999998792,2.573886485778883e-15,1.100542364656214,27.37859647997686
9,1.226421827430303,0.07154268277908873,-1.154879144651214,3.313492171884504e-29,1,7.888839167949202e-29,1.0796955429065,33.16621463411028
10,1.044462820011064,0.07151550613666016,-0.9729473138744036,3.182208559353992e-19,1,7.576276092222499e-19,1.112479384596278,24.99108428724191
11,0.820583373149628,0.07160262109549428,-0.7489807520541337,3.130493723899232e-14,0.9999999999914932,7.453152210125998e-14,1.061736604616742,41.05647950327853
12,1.064902156695641,0.3041463066768181,-0.7607558500188233,6.288488981874688e-08,0.9999989963734393,1.497178165321112e-07,1.011049391892016,158.6271231316163
13,1.191457172868771,0.07153175763034854,-1.119925415238423,2.462914577857395e-19,1,5.863764264776942e-19,1.166498386105875,18.35244991313537
14,1.265942526874694,0.3903500142682589,-0.8755925126064346,2.588249465895228e-11,0.9999999995525186,6.162164479143383e-11,1.281802650074963,12.58018882213125
15,1.225701153156786,0.07247024026063968,-1.153230912896146,1.530905356524327e-24,1,3.644815050854241e-24,1.108015759222218,25.82466316670756
16,1.184109184605444,0.07300859241884908,-1.111100592186595,7.521662868002134e-18,0.9999999999999997,1.790774975860502e-17,1.115420294649983,24.47573418938291
17,1.223430326732226,0.07150301865165454,-1.151927308080571,2.511483235884631e-24,1,5.979397654537472e-24,1.155259588450219,19.3634503273902
18,1.227278332961705,0.07280590525488777,-1.154472427706817,6.543633400346545e-23,1,1.557923447273313e-22,1.181304975958331,17.20771023211393
19,0.6670244839895145,0.08167686101116803,-0.5853476229783465,1.521438918937992e-09,0.9999999268622061,3.622277141760989e-09,1.075142821430302,34.83148169357943
20,1.224126067685643,0.07158171994906296,-1.15254434773658,5.814554648362324e-24,1,1.384342683631385e-23,1.15986454741257,18.93244661350843
21,1.225087369067604,0.2362057653850917,-0.9888816036825119,3.337685355097241e-17,0.9999999999999991,7.946438860788513e-17,1.151502407762871,19.73399359216209
22,1.189763093621436,0.2216762127358968,-0.9680868808855395,7.709199375527923e-13,0.9999999999568823,1.835424103406058e-12,1.09786729522544,27.98982989239636
23,0.7625893988797802,0.252044672715061,-0.5105447261647191,2.511425753770139e-06,0.9999633705904639,5.979275816290687e-06,1.07058336860073,36.70054212892681
24,0.7750276182895793,0.9227492291508466,0.1477216108612672,0.7807947231892148,0.06442593246926934,8.480335188925107,1.637894572661797,7.924324453799842
25,1.215746128780038,0.4069786441018243,-0.8087674846782137,6.134345553003046e-09,0.9999999254635334,1.46047925435723e-08,1.104858933749598,26.45520342090765
26,0.7509086839092736,0.07284489247819739,-0.6780637914310762,1.740924841802169e-11,0.9999999978019403,4.144834322301373e-11,1.07328693292958,35.56596300230103
27,0.5299012288737914,0.7401573568974772,0.2102561280236858,0.8826792241653223,0.05114551566177213,17.91245578877137,1.298008111705151,12.12409540017899
28,1.221463190948906,0.766552231157321,-0.4549109597915848,0.0003485148147563269,0.9977293163403449,0.0008300414521537099,1.454258588271327,9.400516164661566
29,0.9936968354568538,0.3827701555202192,-0.6109266799366346,3.739155481552991e-05,0.9997447210854592,8.902601150066722e-05,1.028928737351364,77.05833156268987
30,0.8560363514294151,0.07964583853341341,-0.7763905128960017,1.232121799868608e-13,0.9999999999902315,2.933464215477719e-13,1.075628450083903,34.64487902994873
31,1.198886279397452,0.5396155049826359,-0.6592707744148156,1.708218544484694e-05,0.9999043436292043,4.06703588334685e-05,1.42980278075315,9.694898057418177
32,0.8642390098636689,0.2938842440664902,-0.5703547657971787,8.642292642084645e-06,0.9999148634551513,2.057594899140325e-05,1.081040337031289,32.70808614315263
33,1.226045945915416,0.07150108515041967,-1.154544860764997,7.329178035360625e-26,1,1.744947739572967e-25,1.166720999392483,18.3337682593621
34,1.217506252057544,0.3899446020543308,-0.8275616500032134,2.354267061140004e-09,0.999999971877029,5.605093745217926e-09,1.182590433542036,17.11690586098788
35,1.212462453758508,0.7184192546563525,-0.4940431991021553,0.0005467847808580254,0.9973071725125149,0.00130251010617686,1.142958532719389,20.64701806518169
36,0.6958831936152017,0.7382232170690664,0.04234002345386467,0.5373695988042291,0.275801652640625,2.76545169951166,1.637387092120336,7.927198810258981
37,0.8931924461830494,0.5735416677888994,-0.31965077839415,0.02208765013622695,0.9458365203586437,0.05377454407418769,1.276620187445277,12.73728732712632
38,0.9719684016798371,0.6997461988650577,-0.2722222028147794,0.07930057722788755,0.8323657476048194,0.2050622087182232,1.386174119733709,10.31413123238861
39,1.208216037812388,0.2164952228539455,-0.9917208149584421,1.225337757372048e-13,0.9999999999946303,2.91731260944164e-13,1.176187911873747,17.58203729670391
40,0.7254470656331152,0.1592913168543909,-0.5661557487787243,1.051687513315557e-07,0.9999977681842752,2.503882336112711e-07,1.111324745551205,25.20056178168805
41,0.9952924034313998,0.6566846134399562,-0.3386077899914436,0.03518758784182149,0.9171945301356589,0.08683079304646525,1.357395316024459,10.80630147342256
42,0.7860644429220215,0.4218257300939747,-0.3642387128280468,0.003647345041860217,0.9870147244133808,0.008715472173704835,1.050993151899776,48.19876642913582
43,0.8865273889563964,0.5389566548703156,-0.3475707340860807,0.01450586855276973,0.9638051507240732,0.03504425634094158,1.155672265587601,19.32381250805802
44,1.166360787960339,0.6681438896469561,-0.4982168983133831,0.003283803338112079,0.9893484955767147,0.007843913170793294,1.273222354629732,12.84350804725932
45,1.007568785942506,0.07327378258842317,-0.934295003354083,1.227255996250914e-13,0.9999999999887248,2.921879597144067e-13,1.100617720347925,27.3618276549934
46,1.216257930934414,0.5998826306768007,-0.6163753002576132,1.08097020785256e-05,0.9999324451787676,2.573626812601342e-05,1.729236023022562,7.474681727076486
47,1.157733697902739,0.7071428825875794,-0.4505908153151599,0.007511090469001296,0.9764478570240065,0.01801791291936257,1.164464373188292,18.52542990744145
48,0.3112020775278367,0.1213037263373189,-0.1898983511905178,0.003287549869783434,0.960586298417528,0.007852891905974161,1.020489292534259,101.3065069763405
49,0.7284436307351867,0.2662615867639041,-0.4621820439712826,1.696207995871222e-05,0.9998119488800329,4.038439916563912e-05,1.070746396434305,36.62982841655753
50,1.20732257278343,0.5754247130006749,-0.6318978597827554,2.289306840102883e-05,0.9998719541226349,5.450559708146004e-05,1.706370364283294,7.575844545654033
51,0.5309995851773122,0.321289117023514,-0.2097104681537981,0.03347390219992467,0.8941488495526823,0.08245555341765176,1.087044450837818,30.82622555164147
52,0.5729830277025298,0.2229413427374282,-0.3500416849651016,0.000497181889904671,0.9966224537649264,0.001184291005967961,1.115842670357462,24.40378518529978
53,0.9244060850349468,0.7432842009824931,-0.1811218840524537,0.2440548029291915,0.6336787176566318,0.7686421566896082,1.371981285711276,10.54725864754309
54,1.182611280221572,1.113285056518598,-0.06932622370297392,0.1155368445708912,0.3671235825877361,0.3110053855009309,1.338263884573576,11.18015932453303
55,0.9916915108538309,0.1567278894767106,-0.8349636213771203,3.524791813302607e-10,0.9999999880324177,8.391906267771542e-10,1.09245355690811,29.32973138281459
56,0.7894974120979633,0.7556157235070828,-0.03388168859088048,0.3723146739784032,0.4213354703517528,1.412197149757523,1.654674525792212,7.83189237045914
57,1.198231743352932,0.6100467202590341,-0.5881850230938976,0.0001372504966728008,0.9993472801245202,0.0003268140275498741,1.574384042440431,8.325081950824329
58,1.214345760889886,0.3386971591487385,-0.875648601741148,6.958097401486471e-11,0.9999999988613789,1.656599999988916e-10,1.186380565552507,16.85632018776366
59,1.213413087790166,0.8275339404488221,-0.3858791473413438,0.005446911714001696,0.9740582430052154,0.0130391571319368,1.802762398739595,7.190311748523652
60,1.21188809501124,0.7161014899688696,-0.49578660504237,0.0003303888444918577,0.9976674208577908,0.0007868574080697677,1.234817717413763,14.25623279943167
61,1.224563366726106,0.3852780533158365,-0.8392853134102695,1.92955619718047e-11,0.9999999996464309,4.593932236970651e-11,1.411827449118008,9.933931438114831
62,1.143720499106412,0.3531199650913198,-0.7906005340150928,4.912142598354057e-08,0.9999994795880685,1.169494383018796e-07,1.1401342634724,20.9725780846598
63,1.219474955640687,0.4671896097933869,-0.7522853458472997,1.367600323998659e-07,0.9999989060820823,3.256015079522168e-07,1.311235308385027,11.78697636698528
64,0.7320467856946677,0.417872238767977,-0.3141745469266908,0.01125450862410267,0.9666862915908192,0.02709999278812551,1.061269955272936,41.31856853121236
65,1.226170762327007,0.6859093223115778,-0.5402614400154293,4.33490732190833e-05,0.9996951948952493,0.0001032109550460573,1.164252144277453,18.54371954082079
66,1.219945989716725,0.7806890393412814,-0.4392569503754434,0.0008427394216954038,0.9955040854032335,0.002008105910340415,1.490771041445263,9.0165586141962
67,1.212895947092155,0.5423461251108916,-0.6705498219812636,6.7896509534838e-06,0.999960411065467,1.61650685358312e-05,1.562459842423305,8.410780421824251
68,1.139608431042631,0.8425445075762859,-0.2970639234663452,0.07346303111335301,0.8305131802978931,0.1887701167025369,1.563726461487245,8.401499740058105
69,0.8814912157880006,0.3806957142990853,-0.5007955014889153,0.000194125552804448,0.9988933381426879,0.0004622683656714268,1.065921063803159,38.86057457072861
70,1.162201509308774,0.8670592596559364,-0.2951422496528374,0.1250883169374564,0.7634458601567153,0.3403922678897441,1.634714765889513,7.942413637831283
71,0.9310641095448103,0.3963461066899928,-0.5347180028548175,0.0002366681146631627,0.998871350745595,0.0005635983332811874,1.060273488076758,41.89077965096058
72,0.7192154510580159,0.7227534598702789,0.003538008812263072,0.4264003548915246,0.371102612381567,1.76984745906263,1.610797662158632,8.08474811039836
73,1.242738105162523,0.8118618820660026,-0.4308762230965206,0.0005858732589228799,0.9949856915536983,0.001395678361091655,1.821129170795325,7.127649096976783
74,0.4236429588413944,0.7111714153078589,0.2875284564664645,0.9657123457695986,0.0136348229977128,67.05592573897412,1.077738025726845,33.85973405004911
75,0.7558979576252514,0.4072707299794994,-0.3486272276457519,0.005167853724048756,0.9820017928528554,0.01236766050687104,1.067223765545682,38.22893278251829
76,1.187179252611041,0.6890238137143687,-0.4981554388966722,0.002018401441819415,0.9924821495471937,0.004815176018288251,1.190080883686821,16.61174519178952
77,0.7939956270432642,0.7772149790484805,-0.01678064799478374,0.4383951615155535,0.3680377745595043,1.858497856961749,1.609123413756503,8.095146373933668
78,1.083975734958307,0.9567426904650891,-0.1272330444932177,0.2147520067695385,0.5235469163724848,0.6511147725729131,1.564806474365334,8.393620249287029
79,0.8224968668527348,0.8434887427005094,0.02099187584777462,0.516507957581845,0.268001777602968,2.543401009948768,1.533789064350887,8.633003807960485
80,0.7098266544874676,0.8205820114111301,0.1107553569236625,0.7034489890451463,0.128966969551088,5.647553504501622,1.642872436054659,7.896380087005658
81,1.215506180234527,0.7802584249923468,-0.4352477552421801,0.001503611324230659,0.9906059526500224,0.003585223567215284,1.732579790932371,7.460443118056283
82,1.189363068442439,0.7117680451999788,-0.4775950232424597,0.002920630177093663,0.989578713853818,0.006973872302587704,1.134890814148145,21.61201146883674
83,0.8897974425245507,0.6749750284619335,-0.2148224140626173,0.1001123685184776,0.798607626067583,0.2648662402157849,1.444067313065499,9.519184329149979
84,0.6948738675772511,1.041722455518495,0.3468485879412443,0.9788875264914976,0.001796800322355333,110.3877369627502,1.529381386893763,8.669364528674173
85,0.7355812418593818,0.5880907661352824,-0.1474904757240993,0.1675062471191818,0.7331750887498156,0.4790459563025828,1.119996937272698,23.72211967888754
86,0.8585426928155625,0.9091261471923989,0.05058345437683642,0.5708725224084094,0.190968868616859,3.167232674031997,1.626601017981786,7.989435747697955
87,1.170938169665283,0.8333826664785768,-0.3375555031867066,0.03684538635310504,0.8968407460427794,0.09107816218550896,1.634316656893896,7.944691667833129
88,0.9069637191602234,0.6911196682645797,-0.2158440508956437,0.1158860086012113,0.7752685176918831,0.3120684720948649,1.455871768694919,9.382227217719219
89,0.6830002740471703,0.9248626776102362,0.2418624035630659,0.9123086706046545,0.01968295134156474,24.76921834675194,1.500455830154212,8.924311687140879
90,0.8971303819511192,1.005914864112412,0.1087844821612933,0.6563336123871703,0.08518203558349915,4.546893073638255,1.546535818657232,8.531242122965942
91,0.8470151313906218,0.9128462524917008,0.06583112110107903,0.6014565106608669,0.159359710482357,3.592987156124069,1.647664076792273,7.869903100729998
92,0.8635250007722555,1.033321450150907,0.1697964493786517,0.7729274940502904,0.03256286587322375,8.104035901980987,1.564416055834396,8.396465051422249
93,0.8290885205064775,1.047540072046119,0.218451551539641,0.8675965447367051,0.01104721283935321,15.60075613156972,1.61934509518574,8.032570659283147
94,0.9340105020350992,1.013965717764194,0.07995521572909492,0.579955980265684,0.1295157322538243,3.287209461502048,1.542988338923428,8.55906937164233
95,0.8170962088385855,0.8903691035880337,0.0732728947494482,0.6295823402669031,0.1655917021223933,4.046578848856957,1.567347856856866,8.375201044478127
96,0.9758697211243635,1.080964353314692,0.105094632190328,0.5743105626454541,0.1221377262813668,3.212041019730934,1.490033346237019,9.023738029013991
97,0.900763156619621,0.7870373301453428,-0.1137258264742782,0.2430213577422208,0.5582783128370117,0.7643424318705598,1.433164379209221,9.652429939787462
98,1.221264188972844,0.8111013656807329,-0.4101628232921111,0.0009390248944449115,0.9925437508036232,0.002237753597846719,1.830446505199298,7.096982777456263
99,0.7147483630640169,0.7726752529011592,0.05792688983714234,0.5780640436034515,0.2222913110887369,3.261794327503894,1.69507585448828,7.628390012356911
100,1.103816194421961,0.8939464651947059,-0.2098697292272554,0.1371495291024214,0.6704496912892562,0.3784303274292357,1.721936367828787,7.506246814043196