dN/dS,LRT,p-value,Log(L)
1,0,1,0
1.114081262003413,0.01122412249661053,0.4578134079473243,-12.46540581439047
1,0,1,0
1,0,1,0
2.449231293967717e-15,1.888039504114335,0.08471160601269484,-9.164770039333535
1,0,1,0
1,0,1,0
2.449231293967717e-15,1.587897994206902,0.1038133545520081,-9.488391628378052
1.028145822447522e-15,1.620269297174207,0.101527121043075,-9.213487589320861
1,0,1,0
1,0,1,0
2.449231293967717e-15,1.720117984178568,0.09483892929141896,-9.224819255844798
1,0,1,0
1,0,1,0
1,0,1,0
9.682324783204268e-17,1.588040995462325,0.1038031221958445,-10.11542717140841
1.028145822447522e-15,1.588040792368179,0.1038031367272606,-10.11410257408544
1.028145822447522e-15,1.587899090076096,0.1038132761333103,-15.71048156245025
1,0,1,0
1.028145822447522e-15,1.620269298714039,0.1015271209357446,-9.908513104725493
1,0,1,0
1,0,1,0
1,0,1,0
1.063111044155309,0.003653885730336981,0.4758996619813996,-17.156122786683
1.028145822447522e-15,1.888382269795585,0.08469224926581126,-9.927982096151231
1,0,1,0
1,0,1,0
1,0,1,0
1,0,1,0
9.682324783204268e-17,1.588040627338945,0.1038031485351283,-10.11302380462156
1,0,1,0
1,0,1,0
1.240231357390923,0.04302965277898352,0.4178347239110501,-12.3057692499968
1,0,1,0
2.804502661847769e-15,1.806895541214608,0.08944054406145824,-10.35826340680608
1,0,1,0
2.13692711075671,0.9043550267859004,0.1708083231330824,-16.834268911252
1,0,1,0
1.062029660603517,0.003535700090910865,0.4762921640481964,-12.40429114143507
1,0,1,0
1.028145822447522e-15,1.720118232506731,0.09483891331026956,-9.225920792441071
1,0,1,0
1.312179121914266,0.06728812292040942,0.3976634911411274,-12.61569254660144
1.201378397070983,0.03154176599213798,0.4295185556525181,-10.07066855377417
1,0,1,0
1,0,1,0
1.167282111681151,0.02263324686747481,0.4402073616465894,-10.09809592502156
1,0,1,0
1,0,1,0
1.353486712580164,0.08269962751758442,0.3868358776620765,-16.14551306567457
1.177925900076012,0.0252928389735807,0.4368197728287704,-10.31245612278131
1,0,1,0
1,0,1,0
1,0,1,0
2.449231293967717e-15,0.8606880998602584,0.1767731017107616,-10.33037084219349
1.160322812706628,0.02095244988216649,0.4424542838538685,-17.31492898163678
1.207987286078074,0.03338697474985253,0.4275084570641709,-17.55261485962199
1,0,1,0
1,0,1,0
2.451981974439456,1.21264926654883,0.1354040377444938,-19.45421134070202
1,0,1,0
1,0,1,0
2.525167616727094,1.280947933076938,0.1288614288142627,-16.01333675381267
1.201224475014741,0.03148984029922275,0.4295759877462504,-15.32042713626786
2.415535935699017,1.176083901982256,0.1390773398387471,-14.74539330838896
2.134682976206594,0.9017696581469181,0.1711538218131839,-20.96645010629004
1,0,1,0
1.278163885327188,0.05537178583752222,0.4069832509925365,-17.89584108520054
2.623123549569816,1.374968421964983,0.1204800354918123,-15.92252828012615
1,0,1,0
1,0,1,0
1,0,1,0
1.179605561414022,0.02572269878579903,0.4362896998607028,-20.78946919565785
1.091102452533047,0.007351403697050785,0.4658364218680921,-16.04412818936834
1,0,1,0
1,0,1,0
1,0,1,0
1,0,1,0
2.449231293967717e-15,1.888381820234066,0.08469227465023543,-9.926570179876441
1.666803309289121,0.2208149309314535,0.3192098411359225,-10.32101470110482
9.682324783204268e-17,1.483442814427189,0.1116183190216183,-10.36271969145846
1.028145822447522e-15,1.483442915860991,0.1116183111093348,-10.3630388811029
1,0,1,0
1,0,1,0
1.090654898295821,0.007286172149445491,0.465987962816088,-10.5894884223621
1.652177421524562,0.2138263413951762,0.3218923726590028,-11.96772997838456
1,0,1,0
1.028145822447522e-15,1.720124724734337,0.09483849550432527,-9.250901850882896
2.416482656229177,1.176993660588007,0.1389844387107843,-14.74500884786668
1,0,1,0
1.309253066246158,0.06623142239287816,0.3984524991763753,-12.04618480684137
1.096722055641969,0.00823211119334033,0.4638531758262966,-12.08497229469296
2.151963884758018,0.9192605890940087,0.1688345961978405,-17.39666598555945
1,0,1,0
1.285070810064078,0.05773071303717003,0.4050596362714249,-12.94381067023575
1.262802797181664,0.05024288147551559,0.4113205898359685,-10.88152888829228
1,0,1,0
1,0,1,0
1,0,1,0
1.028145822447522e-15,1.53880805259864,0.1073976557135325,-11.11711441347132