ObservedSChanges	ObservedNSChanges	E[SSites]	E[NSSites]	ObservedS.Prop.	P{S}	dS	dN	dN-dS	P{Sleq.observed}	P{Sgeq.observed}	ScaleddN-dS
0	0	1	2.000000000000001	0	0.3333333333333333	0	0	0	0	0	0
1	0	1	2.000000000000001	1	0.3333333333333333	0.9999999999999996	0	-0.9999999999999996	1	0.3333333333333333	-1.869187075620798
0	0	1	2.000000000000001	0	0.3333333333333333	0	0	0	0	0	0
1	0	1	2.000000000000001	1	0.3333333333333333	0.9999999999999996	0	-0.9999999999999996	1	0.3333333333333333	-1.869187075620798
1	0	1	2.000000000000001	1	0.3333333333333333	0.9999999999999996	0	-0.9999999999999996	1	0.3333333333333333	-1.869187075620798
0	1	0.9986800713262318	2.00131992867377	0	0.3328933571087438	0	0.4996702354643907	0.4996702354643907	0.6671066428912562	0.3328933571087438	0.9339771462024405
3	0	1	2.000000000000001	1	0.3333333333333333	2.999999999999999	0	-2.999999999999999	1	0.03703703703703698	-5.607561226862395
0	0	0.5779350834504084	2.241500941466207	0	0.204982513645615	0	0	0	0	0	0
2	0	0.5779350834504084	2.241500941466207	1	0.204982513645615	3.460596280224985	0	-3.460596280224985	1	0.04201783090047462	-6.468501840937956
0	0	1	2.000000000000001	0	0.3333333333333333	0	0	0	0	0	0
0	0	1	2.000000000000001	0	0.3333333333333333	0	0	0	0	0	0
1	1	0.5782817200820787	2.421047541753555	0.5	0.1928036802895597	1.729260955815903	0.4130443466119232	-1.31621660920398	0.9628267408668012	0.3484341014459207	-2.460255074641512
0	1	0.5779350834504086	2.243193238620527	0	0.2048595517364335	0	0.445793069800335	0.445793069800335	0.7951404482635664	0.2048595517364336	0.833270644472107
0	0	1	2.000000000000001	0	0.3333333333333333	0	0	0	0	0	0
0	1	0.581887885759559	2.418112114240442	0	0.1939626285865196	0	0.4135457550172821	0.4135457550172821	0.8060373714134804	0.1939626285865196	0.7729943804561489
2	1	0.5779350834504084	2.421500612954515	0.6666666666666666	0.1926812713948535	3.460596280224985	0.4129670645756652	-3.04762921564932	0.9928465011784101	0.09707121939583274	-5.696589141176062
0	0	0.5779350834504084	2.422064916549593	0	0.1926450278168027	0	0	0	0	0	0
1	0	0.5779350834504084	2.422064916549593	1	0.1926450278168027	1.730298140112493	0	-1.730298140112493	1	0.1926450278168027	-3.234250920468978
1	0	0.5779350834504084	2.241500941466207	1	0.204982513645615	1.730298140112493	0	-1.730298140112493	1	0.2049825136456149	-3.234250920468978
0	0	1	2.000000000000001	0	0.3333333333333333	0	0	0	0	0	0
0	0	1	2.000000000000001	0	0.3333333333333333	0	0	0	0	0	0
2	0	1	2.000000000000001	1	0.3333333333333333	1.999999999999999	0	-1.999999999999999	1	0.1111111111111109	-3.738374151241596
0	0	1	2.000000000000001	0	0.3333333333333333	0	0	0	0	0	0
0	0	0.5779350834504084	2.241500941466207	0	0.204982513645615	0	0	0	0	0	0
0	1	0.5710449312027935	2.235336335584683	0	0.2034808805064754	0	0.4473599717773281	0.4473599717773281	0.7965191194935246	0.2034808805064754	0.8361994773962672
0	0	0.5779350834504084	2.422064916549593	0	0.1926450278168027	0	0	0	0	0	0
1	0	1	2.000000000000001	1	0.3333333333333333	0.9999999999999996	0	-0.9999999999999996	1	0.3333333333333333	-1.869187075620798
0	1	0.5778274163022535	2.418821107033351	0	0.1928245544322519	0	0.413424538545757	0.413424538545757	0.8071754455677481	0.1928245544322519	0.7727678041942219
0	0	0.5779350834504084	2.422064916549593	0	0.1926450278168027	0	0	0	0	0	0
3	0	1	2.000000000000001	1	0.3333333333333333	2.999999999999999	0	-2.999999999999999	1	0.03703703703703698	-5.607561226862395
0	0	0.5779350834504084	2.241500941466207	0	0.204982513645615	0	0	0	0	0	0
0	0	0.6887768008930805	2.096745664708317	0	0.2472702372351439	0	0	0	0	0	0
1	0	0.5779350834504084	2.422064916549593	1	0.1926450278168027	1.730298140112493	0	-1.730298140112493	1	0.1926450278168027	-3.234250920468978
0	3	0.9931911317685088	1.792331333832889	0	0.35655470168828	0	1.673797664176589	1.673797664176589	0.2664004140158867	0.7335995859841133	3.128640961083162
1	2	0.5725819868563902	2.214957146095732	0.3333333333333333	0.2054076945818521	1.746474780826123	0.9029520067805226	-0.8435227740456004	0.8907562917883423	0.4983127481495802	-1.57670186723784
0	0	0.5779350834504084	2.241500941466207	0	0.204982513645615	0	0	0	0	0	0
0	5	0.02011632063850317	1.859381608912629	0	0.01070302888990541	0	2.689066072307778	2.689066072307778	0.9476182084619699	0.05238179153803013	5.026367547848084
1	0	0.5779350834504084	2.241500941466207	1	0.2049825136456149	1.730298140112493	0	-1.730298140112493	1	0.2049825136456149	-3.234250920468978
2	0	1	2.000000000000001	1	0.3333333333333333	1.999999999999999	0	-1.999999999999999	1	0.1111111111111109	-3.738374151241596
0	0	0.5779350834504084	2.241500941466207	0	0.204982513645615	0	0	0	0	0	0
0	0	0.5779350834504084	2.241500941466207	0	0.204982513645615	0	0	0	0	0	0
0	2	1.561674218733284	1.434362460453554	0	0.5212466955368323	0	1.394347701603671	1.394347701603671	0.2292047265344025	0.7707952734655975	2.606296702759149
1	2	0.9973640718705576	2.002071575845035	0.3333333333333333	0.3325172429120666	1.002642894609687	0.9989652838240007	-0.003677610785686514	0.7418281942118157	0.7026142505913443	-0.006874142549768884
1	1	0.5714121355023628	2.209565192786125	0.5	0.2054716986326638	1.750050336471835	0.4525777303447932	-1.297472606127042	0.9577813810610079	0.3687247783263353	-2.425219026344703
0	1	0.5782817200811525	2.421113393928796	0	0.192799447255229	0	0.4130331121655055	0.4130331121655055	0.807200552744771	0.192799447255229	0.7720361550631987
0	1	0.5782820139519433	2.421046679248654	0	0.1928038148212612	0	0.4130444937601696	0.4130444937601696	0.8071961851787388	0.1928038148212612	0.7720574293928447
2	0	0.5779350834504084	2.422064916549593	1	0.1926450278168027	3.460596280224985	0	-3.460596280224985	1	0.03711210674253662	-6.468501840937956
0	0	0.7584990585337946	2.241500941466207	0	0.2528330195112647	0	0	0	0	0	0
1	1	0.5792527304701379	2.420747269529864	0.5	0.1930842434900459	1.726362168700304	0.413095581098894	-1.31326658760141	0.9627184749158767	0.3488869618959684	-2.454740932389186
0	0	0.5779350834504084	2.241500941466207	0	0.204982513645615	0	0	0	0	0	0
0	6	0.9913839789178637	2.008616021082138	0	0.3304613263059544	0	2.987131406413612	2.987131406413612	0.09008531593197311	0.9099146840680269	5.583507418049305
0	1	0.005348645936385101	2.99283969743917	0	0.00178395928601445	0	0.334130825936201	0.334130825936201	0.9982160407139855	0.001783959286014491	0.6245530214064499
0	0	0.5779350834504084	2.241500941466207	0	0.204982513645615	0	0	0	0	0	0
2	3	0.577903559939806	2.210378534265909	0.4	0.207261511000174	3.460785048993847	1.357233593021809	-2.103551455972037	0.9363511702149322	0.277655423042781	-3.931931194406247
0	2	0.003343030823596433	2.996656969176404	0	0.001114343607865477	0	0.6674103911698896	0.6674103911698896	0.9977725545459455	0.002227445454054511	1.24751487730978
0	3	0.3135805671426335	2.685814842161445	0	0.1045479252818456	0	1.116979455510682	1.116979455510682	0.7180042932833339	0.2819957067166661	2.087843561974525
1	1	0.5721474959460552	2.212239636308238	0.5	0.2054841761471702	1.747801060190753	0.4520305954145136	-1.29577046477624	0.9577762533531187	0.3687446056474591	-2.422037405730904
0	0	1	2.000000000000001	0	0.3333333333333333	0	0	0	0	0	0
0	1	0.5779350834504084	2.422064916549593	0	0.1926450278168027	0	0.4128708496486429	0.4128708496486429	0.8073549721831973	0.1926450278168027	0.7717328560638215
0	1	0.6870388810763647	2.101846440730004	0	0.2463489178649224	0	0.4757721499638597	0.4757721499638597	0.7536510821350776	0.2463489178649224	0.8893071536527671
0	0	0.5779350834504084	2.241500941466207	0	0.204982513645615	0	0	0	0	0	0
4	3	0.7520460164841154	2.247953983515886	0.5714285714285714	0.250682005494705	5.318823466016574	1.334546891083547	-3.984276574933027	0.9869635178151032	0.07118774796785809	-7.447358279563519
1	0	0.6884092862067301	2.097113179394667	1	0.2471382998011835	1.452624216489286	0	-1.452624216489286	1	0.2471382998011835	-2.715226411195563
0	1	0.007218187436562695	1.862701039549627	0	0.003860160017818783	0	0.5368548031957855	0.5368548031957855	0.9961398399821813	0.003860160017818748	1.00348205961851
0	4	0.5812638355442379	2.417396904055774	0	0.193841146438517	0	1.65467242606666	1.65467242606666	0.4223597379712534	0.5776402620287466	3.092892313189913
0	4	1.249480614924733	1.339013352448365	0	0.4827056314111303	0	2.987274169212774	2.987274169212774	0.07160626185443728	0.9283937381455627	5.583774268428376
0	1	0.5782814583702244	2.42104830987504	0	0.192803560479628	0	0.4130442155661131	0.4130442155661131	0.807196439520372	0.192803560479628	0.77205690939611
0	0	0.5779350834504084	2.422064916549593	0	0.1926450278168027	0	0	0	0	0	0
0	0	0.5710449312027935	2.235534650849534	0	0.2034665023769658	0	0	0	0	0	0
2	0	0.7556968177724567	2.244303182227545	1	0.2518989392574854	2.646564009486418	0	-2.646564009486418	1	0.06345307559904634	-4.946923241335175
0	1	0.5779350834504084	2.422064916549593	0	0.1926450278168027	0	0.4128708496486429	0.4128708496486429	0.8073549721831973	0.1926450278168027	0.7717328560638215
0	0	0.5779350834504084	2.422064916549593	0	0.1926450278168027	0	0	0	0	0	0
0	3	0.5796446271793192	2.416730386077053	0	0.1934486252938608	0	1.241346580190824	1.241346580190824	0.5246819298494311	0.4753180701505689	2.320308984058766
1	0	0.5717818076562934	1.850283108893299	1	0.2360720407406908	1.748918882359956	0	-1.748918882359956	1	0.2360720407406909	-3.269056571216403
0	1	0.004745183422513418	2.995254816577488	0	0.001581727807504472	0	0.3338614112112988	0.3338614112112988	0.9984182721924956	0.001581727807504429	0.6240494348846806
0	1	0.3102524109475561	2.689747589052445	0	0.103417470315852	0	0.3717820973499911	0.3717820973499911	0.896582529684148	0.103417470315852	0.694930291313797
0	6	0.6801729883998122	2.309047546915096	0	0.227541922840483	0	2.598473993320771	2.598473993320771	0.2124464665671823	0.7875535334328178	4.857034004651951
1	3	0.592417713380988	2.405774903302448	0.25	0.1975916123882372	1.687998142886205	1.24699945779709	-0.440998685089115	0.8228880684065378	0.5854453041646299	-0.8243090425343406
0	2	0.5884836214628828	2.411516378537119	0	0.1961612071542941	0	0.829353687082667	0.829353687082667	0.6461568048836415	0.3538431951163585	1.550217193013378
0	1	0.9973587440790722	2.002641255920929	0	0.3324529146930239	0	0.4993405568987656	0.4993405568987656	0.667547085306976	0.332452914693024	0.9333609152884649
2	0	0.5779350834504086	2.422064916549593	1	0.1926450278168027	3.460596280224985	0	-3.460596280224985	1	0.03711210674253662	-6.468501840937955
0	1	0.5782814699406783	2.421048275915882	0	0.1928035657765033	0	0.4130442213597331	0.4130442213597331	0.8071964342234967	0.1928035657765033	0.7720569202254696
0	3	0.9551579223600344	2.044842077639967	0	0.3183859741200114	0	1.467105960310842	1.467105960310842	0.3166762952676503	0.6833237047323497	2.742295499579267
1	0	0.6884089426947474	2.11817063935758	1	0.2452839559929188	1.452624941340162	0	-1.452624941340162	1	0.2452839559929187	-2.715227766077451
0	1	0.5710449312027935	1.852220456734986	0	0.2356510079520254	0	0.5398925362063849	0.5398925362063849	0.7643489920479746	0.2356510079520254	1.009160150901109
0	4	0.5793894513090764	2.419401172316613	0	0.1932077040472287	0	1.65330167058237	1.65330167058237	0.4236887864979064	0.5763112135020936	3.090330114754842
0	1	0.5779350834504084	2.001320393918415	0	0.2240705073698157	0	0.4996701193066268	0.4996701193066268	0.7759294926301843	0.2240705073698157	0.9339769290818496
0	0	0.5779350834504084	2.422064916549593	0	0.1926450278168027	0	0	0	0	0	0
0	2	0.5798174034232064	2.420182596576795	0	0.1932724678077354	0	0.8263839277370565	0.8263839277370565	0.6508093111970215	0.3491906888029785	1.544666157226858
0	2	0.5792526789294987	2.420747321070503	0	0.1930842263098328	0	0.8261911446071786	0.8261911446071786	0.6511130658300012	0.3488869341699988	1.544305809492093
3	2	0.9986835845504276	2.001316415449574	0.6	0.3328945281834758	3.003954452050491	0.9993422252276496	-2.004612226822841	0.9549488478030523	0.2092268896766372	-3.746995266008684
2	1	0.9905671051469743	2.009432894853028	0.6666666666666666	0.3301890350489912	2.019045443370797	0.4976528465127676	-1.52139259685803	0.9640012068658322	0.2550768103314165	-2.843767378992194
0	3	0.5779350834504086	2.009982239790441	0	0.2233205358842995	0	1.492550501497355	1.492550501497355	0.4685171220349132	0.5314828779650868	2.789856107110198
0	2	0.9973583219253049	2.002641678074696	0	0.3324527739751015	0	0.9986809032770976	0.9986809032770976	0.4456192989735369	0.5543807010264631	1.866721437074856
1	0	0.5779350834504086	2.422064916549593	1	0.1926450278168027	1.730298140112492	0	-1.730298140112492	1	0.1926450278168027	-3.234250920468977
0	4	0.9866151306948081	2.006692434652598	0	0.3296070013374321	0	1.993329885001778	1.993329885001778	0.2019844239797989	0.7980155760202011	3.725906458494017
0	3	0.8060789814750091	2.000434861995219	0	0.2872171763379937	0	1.499673924402528	1.499673924402528	0.3621359807235849	0.6378640192764151	2.803171117138728
0	0	0	1.857910137594414	0	0	0	0	0	0	0	0
1	3	0.5814061685068056	2.414626713829064	0.25	0.1940586740334805	1.719967991685136	1.242428066755985	-0.477539924929151	0.8282569237264672	0.5780959425343366	-0.8926114557704957
1	2	0.5782817200821776	2.421047541753265	0.3333333333333333	0.192803680289605	1.729260955815608	0.8260886932239453	-0.9031722625916623	0.9028145049388381	0.4740584046384094	-1.68819792029553