Codon,alpha,beta,beta-alpha,Prob[alpha<beta],Prob[alpha>beta],BayesFactor,PSRF,Neff
1,1,0.1566176399953543,-0.8433823600046457,5.194230300792011e-15,0.999999999999992,3.532231852123339e-14,0.9995362792215969,550.5884036813734
2,1,0.09519457191012402,-0.904805428089876,1.071282451655145e-14,0.9999999999999837,7.285040861164975e-14,1.003439910509433,298.0441269438861
3,1,0.0407660558832668,-0.9592339441167332,2.162215557037288e-17,1,1.470371204095268e-16,1.000066803993309,493.4733874243994
4,1,0.146642853372166,-0.853357146627834,6.334903134269782e-13,0.999999999999025,4.307923471854113e-12,1.000983695103281,418.5905741472465
5,1,0.02098015715228443,-0.9790198428477156,4.325087397302246e-19,1,2.941188700400652e-18,1.000188699437452,481.9965070271888
6,1,0.04074702335613984,-0.9592529766438601,2.117374346004768e-17,1,1.439877840358065e-16,1.000061816385141,493.9547303715513
7,1,0.02098015514212085,-0.9790198448578792,4.325556992930316e-19,1,2.941508039463233e-18,1.00018872913235,481.9937766886849
8,1,0.04082124635991692,-0.9591787536400831,2.287337619497457e-17,1,1.55545794627491e-16,1.000080521631987,492.1543908262966
9,1,0.04081681553589144,-0.9591831844641086,2.275082781903716e-17,1,1.547124290432848e-16,1.000079268855887,492.2745545304373
10,1,0.05941440224512244,-0.9405855977548776,4.850797027492444e-17,1,3.298686961585307e-16,1.003397355814517,299.5332196840332
11,1,0.2172609178188917,-0.7827390821811083,6.325176040373455e-12,0.9999999999901725,4.301308757301156e-11,0.9996167515814698,541.0826950695733
12,1,0.1618954750288774,-0.8381045249711225,2.74359749062149e-14,0.9999999999999567,1.865728295547741e-13,0.9995161718377645,553.0163170097754
13,1,0.02026548779947811,-0.9797345122005219,6.26723011743641e-20,1,4.261903797761911e-19,0.9998287256439237,517.5560374760821
14,1,0.04078515842480758,-0.9592148415751924,2.202067441372307e-17,1,1.49747167655484e-16,1.000071348730648,493.0356073396535
15,1,0.1868381805766051,-0.8131618194233949,4.599441091579084e-11,0.9999999999300699,3.127757412664301e-10,1.000293330427617,472.5657260633355
16,1,0.2006758925065052,-0.7993241074934948,1.064703874115949e-12,0.9999999999983322,7.240304567670052e-12,0.9990449940376736,616.7984317740326
17,1,0.2189165947148161,-0.7810834052851838,1.006337919231079e-11,0.9999999999844125,6.843398629824499e-11,0.9997868215128283,522.0421008722973
18,1,0.4219908303348648,-0.5780091696651353,2.21182111722537e-05,0.9999678689630421,0.0001504137736493437,1.003075419561148,311.3062454607912
19,1,0.02027276517116032,-0.9797272348288397,6.395968315472766e-20,1,4.349449620214111e-19,0.9998324522548061,517.1608410689851
20,1,0.2028101512203012,-0.7971898487796988,1.474470289056636e-10,0.9999999997766981,1.002683866364016e-09,1.000468221599245,457.6060881646861
21,1,0.1459922107453404,-0.8540077892546596,5.265852799369455e-13,0.9999999999991889,3.580937291844606e-12,1.000984942155204,418.5043185494953
22,1,0.780514405792933,-0.219485594207067,0.04461527564325397,0.9402746160230107,0.3175654806503922,1.005007816412092,251.997224190211
23,1,0.4805505094515874,-0.5194494905484126,3.811950474739061e-05,0.9999439725121594,0.0002592339074863004,1.001396214328055,391.8886766281998
24,1,0.4323704239136877,-0.5676295760863124,1.628196623105636e-06,0.9999975327808764,1.107224170792724e-05,1.000852256617228,427.8875426210404
25,1,0.4623134555974328,-0.5376865444025672,1.852826385058076e-05,0.9999726095121823,0.0001260000665605904,1.00143238324834,389.710494541826
26,1,0.2715497339692711,-0.7284502660307288,4.845149020172623e-10,0.999999999258395,3.294846149393946e-09,1.002419294460303,338.4581408481526
27,1,0.486419915915537,-0.513580084084463,6.289651239140909e-05,0.9999081393006761,0.0004277419865445513,1.001571138820677,381.5763108208797
28,1,0.2004785955477348,-0.7995214044522652,8.905098847457413e-11,0.99999999986471,6.055733376569888e-10,1.000308075122774,471.2665497397998
29,1,0.8713448388092973,-0.1286551611907027,0.1449597062184336,0.8149262580785728,1.152892250446621,1.008093701803178,193.5505147980411
30,1,0.2115266163257353,-0.7884733836742648,1.083513857192809e-10,0.9999999998351908,7.368218075399067e-10,1.000404190061693,462.971048847532
31,1,0.0408588919264432,-0.9591411080735568,2.370794196027365e-17,1,1.612210912704442e-16,1.000089468057645,491.2979835364599
32,1,0.1844339449660125,-0.8155660550339876,2.517693604994845e-11,0.999999999961581,1.71210690144368e-10,1.00017154351471,483.5791613941437
33,1,0.3071772948332752,-0.6928227051667248,1.350987224538058e-09,0.9999999979165682,9.18711692865118e-09,1.003129269770052,309.2721306485985
34,1,0.1404598176959379,-0.8595401823040622,9.618618088830828e-14,0.9999999999998506,6.540947786161994e-13,1.000987191331955,418.3488390311415
35,1,0.3284152736667406,-0.6715847263332595,1.407289776552363e-08,0.9999999785291609,9.569991232584377e-08,1.003475812711154,296.799433261608
36,1,0.3416082018525766,-0.6583917981474234,6.876369059552814e-07,0.9999989871434825,4.676139700116918e-06,1.004464122238915,266.2389086386595
37,1,0.2213598502069307,-0.7786401497930693,1.651100969967921e-11,0.9999999999744971,1.122798008474793e-10,0.9999785129958385,502.1363713034438
38,1,0.3666156341726557,-0.6333843658273443,2.06389438913719e-06,0.9999969683166036,1.403512767956274e-05,1.004080380736775,277.3160083308027
39,1,0.3895273839779099,-0.6104726160220901,7.797673727304418e-07,0.9999988284116645,5.302655329924225e-06,1.002458790231814,336.6888243184707
40,1,0.4166550758410589,-0.583344924158941,9.912864184708188e-06,0.9999854531008687,6.741110749638227e-05,1.002722955342723,325.3194099099646
41,1,0.8961631524968359,-0.1038368475031641,0.1796886554923451,0.7718531463863784,1.489600956655261,1.008776614758732,184.1514184657742
42,1,0.2410325885647968,-0.7589674114352032,2.592580633472117e-09,0.9999999961218169,1.763032323594457e-08,1.002137631720596,351.642711508019
43,1,0.06434215054500264,-0.9356578494549974,6.278132157256572e-16,0.9999999999999997,4.269317510684889e-15,1.00386153438184,284.0622123256771
44,1,0.1917637364576074,-0.8082362635423925,1.194146028434752e-11,0.9999999999816385,8.120549905403702e-11,0.9997948061783747,521.1812680529933
45,1,0.3951864140353794,-0.6048135859646206,2.266798680307096e-06,0.9999966332278619,1.541494348005397e-05,1.002784789801965,322.7693815163382
46,1,0.1603969920003003,-0.8396030079996997,7.358228803764278e-13,0.9999999999988607,5.003815512747578e-12,1.000251412362744,476.2989447534468
47,1,0.1407783726908158,-0.8592216273091842,1.062482667797339e-13,0.9999999999998354,7.225199700812025e-13,1.000986088442705,418.4250642195321
48,1,0.2042790409570673,-0.7957209590429327,1.993309044083493e-10,0.9999999996986855,1.35550972720002e-09,1.000569234660099,449.3928390822264
49,1,0.5988756075459719,-0.4011243924540281,0.001436617820925984,0.9979604076911311,0.009783485695251143,1.001054713894566,413.7348635113593
50,1,0.04079300889327285,-0.9592069911067271,2.219058917491932e-17,1,1.509026388165371e-16,1.000073239922733,492.8536653598687
51,1,0.3409970034038555,-0.6590029965961445,4.870688140974525e-08,0.9999999261558514,3.312213674595624e-07,1.003510561073414,295.6047282495243
52,1,0.1964340501561881,-0.8035659498438119,3.666988040261916e-11,0.9999999999439921,2.493661468123271e-10,1.000060327815549,494.098572304208
53,1,0.7320471614969721,-0.2679528385030279,0.0173624137651573,0.9760793120507898,0.1201557976373683,1.003032613880737,312.9425952329319
54,1,0.824657203833107,-0.175342796166893,0.07632727414292542,0.8992459543021651,0.561939594722767,1.006569840201663,218.5199706320366
55,1,0.5257827299002304,-0.4742172700997696,0.000195780796637976,0.9997165496959564,0.001331628640334502,1.00126853111922,399.7786681923777
56,1,0.6946893795130683,-0.3053106204869317,0.01455766362685119,0.9801348885281908,0.1004589107562942,1.002858261291645,319.7915344965739
57,1,0.279230640887561,-0.720769359112439,1.780459324534874e-08,0.9999999734714464,1.210765577441978e-07,1.003683214078194,289.8102212622863
58,1,0.6981197510082274,-0.3018802489917726,0.01007225821053575,0.9860141316445477,0.06919127870027485,1.002187169230794,349.2491093121697
59,1,0.9641091931256304,-0.03589080687436963,0.3504163309062594,0.5739365628290773,3.668404699211559,1.008845095340242,183.2600112124073
60,1,0.5335641739239911,-0.4664358260760089,0.0002686450656002119,0.9996125154412517,0.001827357650591112,1.001292566309214,398.2690345509052
61,1,0.7150468546264459,-0.2849531453735541,0.01816894075511161,0.9752360146891318,0.1258406182910714,1.003130170983829,309.2383174851925
62,1,1.170383054074704,0.170383054074704,0.8030135069707095,0.1504203626947456,27.72135171228106,1.005539460761264,239.4903893892039
63,1,0.9166780927038094,-0.0833219072961906,0.2127873603595511,0.7303982395508923,1.838153475263561,1.009300723348743,177.5463120830175
64,1,0.2276967737670813,-0.7723032262329187,1.639170353414055e-09,0.9999999975468207,1.114684834438936e-08,1.001616793378737,378.9743815396129
65,1,0.6053410765990689,-0.3946589234009311,0.002020722128778394,0.9971501967900911,0.01376933844546995,1.001313130707475,396.9865057604556
66,1,0.2454630074860115,-0.7545369925139885,4.807419841207532e-09,0.9999999928355457,3.269189194150299e-08,1.002480622395253,335.7188001594491
67,1,0.7611677580621874,-0.2388322419378126,0.02176021582467386,0.9698811864253726,0.1512675867375548,1.003601938124498,292.5090356490352
68,1,0.8883581348638845,-0.1116418651361155,0.1674705976894144,0.7868901308855255,1.367939817528164,1.008578406881361,186.7821069848137
69,1,0.8010358427404942,-0.1989641572595058,0.05504683394011953,0.9265118132528667,0.3961412447654501,1.005646527703606,237.1225900688788
70,1,0.3652022057226311,-0.6347977942773689,1.859038989743898e-06,0.9999972672076438,1.264204427058034e-05,1.004085146676608,277.1727035748626
71,1,0.610922939632945,-0.389077060367055,0.002049286835197922,0.9971051978151497,0.01396437999987585,1.001189919839996,404.7979012977628
72,1,0.9923180977359081,-0.007681902264091933,0.436825991613656,0.48955277033848,5.274652699402618,1.007799243472042,197.9123974060915
73,1,1.164532196976048,0.1645321969760485,0.8059414391231454,0.1466828449497651,28.24221021128917,1.00535973239971,243.5750099061938
74,1,0.8249544499944603,-0.1750455500055397,0.07350781805577922,0.9026066911303993,0.5395351875401748,1.006532996007916,219.2052987171832
75,1,0.9417068676256054,-0.0582931323743946,0.2885729150761923,0.6456259417838683,2.758374138582155,1.008959763739403,181.7869464587107
76,1,1.001707457666136,0.001707457666136225,0.4699825299964726,0.4517147150013199,6.030030811119453,1.007553577838531,201.7079262272787
77,1,0.1243462490725323,-0.8756537509274677,1.218387946876024e-13,0.9999999999998128,8.28540219624636e-13,1.001992577598891,358.8462770680044
78,1,0.9862067205379313,-0.01379327946206865,0.4233505477386144,0.4974753503237105,4.992478959833438,1.008065556840193,193.9589427816915
79,1,1.136358853859387,0.1363588538593872,0.7929564508819297,0.1534650737805131,26.04447659199957,1.005054775361642,250.8393371195735
80,1,0.4772221553769047,-0.5227778446230953,6.150931325773951e-05,0.9999104180962466,0.0004183074441474959,1.001837225171134,366.89962458956
81,1,0.9899308677286383,-0.01006913227136175,0.4355582119732712,0.4846495432275194,5.247531430032313,1.007946343578843,195.7085886855072
82,1,0.9783526142725443,-0.02164738572745573,0.3976422710359743,0.5251861377831391,4.489170076521089,1.008287778916922,190.781206371809
83,1,0.8279946895376178,-0.1720053104623822,0.07166337995128226,0.9045979652702467,0.5249522557123076,1.006572528518471,218.4701366757609
84,1,1.229829442643579,0.2298294426435787,0.8897579189042688,0.07850226411386965,54.88484726901469,1.005073389631996,250.3833411344394
85,1,0.9458135161420105,-0.05418648385798952,0.297312118067826,0.6346661443764655,2.87725363832708,1.009038243415115,180.7926323590601
86,1,1.010261946110757,0.01026194611075715,0.4941325991055735,0.4282806496499567,6.642549720814345,1.007332838036306,205.2472014380603
87,1,0.9765712594045723,-0.02342874059542766,0.3917807385465604,0.5292802920553565,4.3803711724118,1.008461396709992,188.3714429838519
88,1,0.8803267522108502,-0.1196732477891498,0.1578951810032711,0.7990457856488927,1.275060300155631,1.008332221134445,190.1583903629595
89,1,0.4232152557869114,-0.5767847442130886,5.285626935340017e-06,0.9999921494680418,3.594403293996195e-05,1.001979278073357,359.5217065734171
90,1,0.9907107111026358,-0.009289288897364245,0.437624128584987,0.4830205076169111,5.291789752708331,1.007908452552848,196.2714622373121
91,1,0.8119274041408978,-0.1880725958591022,0.05621353498167971,0.9244989037091145,0.4050374246808755,1.005883488655227,232.0476316543204
92,1,1.467880463059992,0.4678804630599915,0.9939020651807547,0.003517344935189753,1108.380346079814,1.002168156242933,350.1638922785448
93,1,0.8926708744798221,-0.1073291255201779,0.167223669779975,0.7860026654969394,1.36551783934105,1.00879306474646,183.936483006304
94,1,1.015176029552781,0.01517602955278141,0.5107854939029535,0.4107327633164237,7.100145194403901,1.007177096293403,207.8214446253452
95,1,0.8844103610271563,-0.1155896389728437,0.157390555139404,0.7986617876007565,1.270224091483228,1.008530908809649,187.4239565016496
96,1,1.001548442214433,0.001548442214432955,0.4638473822272753,0.4614054008912839,5.883214464426541,1.007599908799134,200.9808003130468
97,1,0.7637264001499146,-0.2362735998500854,0.03074451645399965,0.958238837405134,0.2157036039529982,1.004187922209619,274.1185177814662
98,1,0.9703989630766209,-0.02960103692337912,0.3715549949587449,0.5514856011236489,4.02053480821028,1.008622333890628,186.1924942000027
99,1,1.024538917321787,0.02453891732178737,0.5392363545007017,0.3824143148050594,7.958458563098999,1.006912374456983,212.3512959998851
100,1,0.9300367988884772,-0.06996320111152277,0.2522292897840933,0.6855592122408153,2.29379746300371,1.009212663182061,178.6220749808212