Codon,alpha,beta,beta-alpha,Prob[alpha<beta],Prob[alpha>beta],BayesFactor,PSRF,Neff
1,0.5915324580933574,0.07143051318678564,-0.5201019449065718,2.653826264042092e-20,0.9999999999999982,9.800440643616655e-20,1.291576273235115,12.29906267064721
2,0.5906690962564419,0.07144101902522369,-0.5192280772312182,3.538287806723376e-22,1,1.306671054532717e-21,1.193652511867228,16.38437916540538
3,1.129199431355121,0.5581896469003194,-0.5710097844548014,1.965303828168401e-05,0.9998386017168535,7.257906185175172e-05,1.357918444339528,10.79664320658071
4,0.5974503925723077,0.07143195672316485,-0.5260184358491429,2.417710697463395e-22,1,8.928478289998268e-22,1.204905994331642,15.71896179927673
5,1.208865053693066,0.1536409901540066,-1.055224063539059,3.657947145982811e-28,1,1.350860618399656e-27,1.112547395574301,24.97887426576863
6,0.5033137585053333,0.07164425164441592,-0.4316695068609174,2.449488953211897e-15,0.9999999999520195,9.045833715046535e-15,1.178610341993567,17.40221236839777
7,0.8782025018798615,0.07143656475628693,-0.8067659371235746,2.248157847341855e-30,1,8.302328543088602e-30,1.144283591738387,20.49853924236737
8,0.6047793743679957,0.07144254089805586,-0.5333368334699398,6.138644286994391e-20,0.9999999999999982,2.266969009317589e-19,1.179114565660301,17.36538100250681
9,0.9826256071813575,0.07142972534513335,-0.9111958818362241,6.261052652996082e-36,1,2.312173774284173e-35,1.11982359759842,23.74965272388466
10,1.210595166113504,0.07433785390347646,-1.136257312210028,5.39855015470627e-40,1,1.993656143571392e-39,1.067599550877237,38.05094229137968
11,0.8632545120792482,0.2244980326495894,-0.6387564794296587,2.402189467936236e-12,0.9999999993627415,8.871159206717877e-12,1.0604859984011,41.76728570800534
12,1.22162667480077,0.1525385739949625,-1.069088100805808,2.471377620016159e-31,1,9.126667408905711e-31,1.115172362318237,24.51820415691508
13,0.6855823242018138,0.07143875572552609,-0.6141435684762877,5.433158978927528e-28,1,2.006437000107538e-27,1.016401721566488,119.9226221485251
14,1.221723936424537,0.2531169376849713,-0.9686069987395656,1.40519850290218e-23,1,5.189324073994231e-23,1.193938625569408,16.36652126745388
15,0.6187816649049456,0.07167062154380113,-0.5471110433611445,6.288533043259051e-21,1,2.322322137697588e-20,1.054147946467104,45.83218701436584
16,0.6641646022548213,0.07259170231023204,-0.5915728999445893,1.151093952262827e-18,0.9999999999999908,4.25092934953296e-18,1.216923813276082,15.08344678984462
17,1.079636701212878,0.269057170377089,-0.810579530835789,6.358066779291086e-13,0.9999999998855784,2.348000580253678e-12,1.053047960629633,46.62811952338017
18,0.8925517288552207,0.1641845274132541,-0.7283672014419666,4.06054784282045e-20,1,1.499538935661701e-19,1.01525457727636,126.4966720541462
19,1.218672450229429,0.07151546803667655,-1.147156982192753,4.524766480493949e-42,1,1.670972433996676e-41,1.056560382595831,44.18624278532459
20,0.945422310044733,0.07659208362453584,-0.8688302264201971,6.745934406124309e-23,1,2.491238052345391e-22,1.128938549757736,22.39880797129946
21,1.219301458629052,0.205174606026673,-1.014126852602379,3.643678921704287e-24,1,1.345591438309528e-23,1.139937640752538,20.99571768181254
22,0.6751370902508584,0.1575640872335262,-0.5175730030173322,4.691886620720366e-13,0.9999999996929547,1.732689021734745e-12,1.038806117669714,60.544240920619
23,0.778945411593374,0.0724406673625143,-0.7065047442308597,2.770014089544572e-22,1,1.022951616479022e-21,1.12798376779932,22.53159527337791
24,1.144330028659708,0.4270155522337699,-0.7173144764259378,3.023096074926032e-10,0.9999999772469821,1.116413461297701e-09,1.240961205431695,14.00025015153747
25,1.219860408964429,0.08048737610018378,-1.139373032864246,5.693802807619136e-35,1,2.102691393502771e-34,1.053428993456703,46.34901564322337
26,1.226074662653226,0.2153265194772363,-1.010748143175989,2.390286705203016e-29,1,8.827202930717786e-29,1.130170293418892,22.2302830244885
27,1.176691038118835,0.2266598878410132,-0.9500311502778223,2.95159845555518e-19,1,1.090009766630312e-18,1.072845742259856,35.74572609210198
28,1.10763915757364,0.4401553614732304,-0.6674837961004098,8.343923902877254e-09,0.9999995743947,3.081367184254488e-08,1.207631802085978,15.56846447970362
29,1.216408264702516,0.1428911402292405,-1.073517124473276,1.657857439610269e-28,1,6.122380222332831e-28,1.124312531130026,23.06050811007565
30,1.112367611841302,0.07228114748283494,-1.040086464358467,1.051692285749025e-30,1,3.883844229551784e-30,1.139603958461113,21.03513179382134
31,0.9369590624157087,0.176250141857505,-0.7607089205582037,1.348511539255913e-15,0.9999999999993584,4.979982102362713e-15,1.012983135724981,141.986933465082
32,0.9872115566899422,0.1263354136394045,-0.8608761430505376,1.390799079581683e-24,1,5.136147761939843e-24,1.042912091275963,55.68313175711236
33,1.193612932108452,0.1139810511789267,-1.079631880929526,7.398324682110183e-28,1,2.732162345804371e-27,1.085445644987753,31.30288997949399
34,1.192122822627506,0.1694342184452209,-1.022688604182285,8.578424744621786e-22,1,3.167967084527456e-21,1.123980399571855,23.10984850493758
35,0.771470520156165,0.5000818966295025,-0.2713886235266625,0.001813219234075417,0.9867397952297667,0.006708286742548366,1.17023467091506,18.0452250143788
36,0.7004537197218913,0.1944924982878163,-0.5059612214340751,2.361694952559348e-09,0.9999995857469663,8.721615114433432e-09,1.081885208765277,32.42752961823358
37,1.21863238158424,0.2057834783975855,-1.012848903186655,2.00610774929982e-24,1,7.408450277286293e-24,1.146356239350633,20.27152646806171
38,1.223549705257916,0.4658040238821707,-0.7577456813757456,1.448870063012789e-13,0.9999999999914462,5.350600845755591e-13,1.390721575511953,10.24305255485825
39,1.196205143277313,0.3235000241955507,-0.8727051190817626,1.880009520504704e-14,0.9999999999964373,6.942776158631262e-14,1.172789773255685,17.84260395358673
40,1.219407812617119,0.6493305934335533,-0.5700772191835656,5.668211719924913e-07,0.999984803070312,2.09324192607284e-06,1.287766693050538,12.40637604828705
41,1.154439839515546,0.8981954594721653,-0.2562443800433805,0.003267189687662532,0.9176270256171882,0.01210510915536066,1.133708574722665,21.7628906029509
42,0.8215752168095936,0.2012397286257991,-0.6203354881837945,5.147372727492792e-12,0.9999999980788885,1.900897642402103e-11,1.064551680720256,39.55008232038482
43,0.3699161709056867,0.07498541186459279,-0.2949307590410939,4.483834940882394e-10,0.9999977207385502,1.655856632704532e-09,1.221950248800679,14.83777781541318
44,0.6377078629324319,0.4922370393886458,-0.145470823543786,0.05808902575764206,0.7968471623995981,0.2277494572661956,1.05169394281394,47.65029838111914
45,1.246112814343927,0.2532293380805071,-0.99288347626342,1.126001853309388e-26,1,4.158265549438383e-26,1.270839635985694,12.91957702625985
46,1.218851588220524,0.4890272237287523,-0.7298243644917719,3.313437061464123e-11,0.9999999985289982,1.223634858404569e-10,1.17993824147985,17.30564985798992
47,1.132707988823381,0.4146705276716441,-0.7180374611517367,9.839919002335955e-12,0.9999999993559412,3.633830270955843e-11,1.53346973288227,8.635617358854415
48,1.12139324187467,0.7989571865260119,-0.3224360553486585,0.002215919219827571,0.9761887069419469,0.008201446732797922,1.112283885214489,25.02626140286786
49,1.21845880341477,0.8728044014279848,-0.3456544019867855,3.450528776465512e-05,0.9943264022134135,0.0001274306077092124,1.183630270560906,17.04436362828708
50,1.208053088004702,0.6501099232966174,-0.5579431647080841,8.719197032462124e-05,0.9995546229974497,0.0003220234327701271,1.353400690002487,10.88100113069786
51,2.640489981044388,0.3628487541600922,-2.277641226884295,2.601482162764949e-24,1,9.60713663402081e-24,1.071008274279645,36.51687399026648
52,1.219975009321103,0.6994403324497094,-0.5205346768713932,2.351167842742762e-06,0.9999270237469451,8.682759446261416e-06,1.14205738182068,20.74953149727088
53,0.7190279068524748,0.131247928571097,-0.5877799782813777,1.222389253486013e-13,0.9999999998165471,4.51421914256705e-13,1.217030796105305,15.07810103456461
54,1.22428217893873,0.6353413439485719,-0.588940834990158,3.032835090868533e-08,0.9999987171154336,1.120010062230532e-07,1.22812441511776,14.55064543159635
55,1.193478265045155,0.8786698172490468,-0.3148084477961079,0.0006511643046619569,0.9762408483253135,0.002406282372237497,1.177906774880387,17.45394649122964
56,0.9608476768405332,0.7438149221974528,-0.2170327546430804,0.02325569197802195,0.886891645664835,0.08792684547379878,1.227987729327494,14.55683575310833
57,1.221241453071945,0.6153624998124515,-0.6058789532594934,2.991398541032039e-07,0.9999964512565571,1.104708059073374e-06,1.360931669238362,10.74156014097427
58,1.219798171014653,0.6358881592043961,-0.5839100118102571,3.610023715768882e-07,0.9999919160368153,1.333163229259716e-06,1.313519202009328,11.73164683152539
59,0.699485486277125,0.6415341974206333,-0.0579512888564917,0.2249397168957961,0.5593203414664203,1.071775379752989,1.133512555944196,21.78815670729187
60,0.5054276739019745,0.8129759345490257,0.3075482606470512,0.9919984197759382,0.001174310307830563,457.8343056479422,1.147295159641367,20.17073125617122
61,1.184385476911481,0.4956918015782262,-0.6886936753332548,1.54842773325319e-08,0.9999995257232491,5.718262167826385e-08,1.148914415359888,19.9998030106891
62,1.173904496624708,0.4740548160738063,-0.6998496805509016,1.758731785139551e-08,0.999999648097347,6.494903982595393e-08,1.31293671902435,11.74568127843782
63,0.8311304016977701,0.5824132777213215,-0.2487171239764486,0.009027453058309052,0.9606453946456242,0.03364160678814596,1.208814396937106,15.50437451908487
64,1.012805133770054,0.3788028321802378,-0.6340023015898159,6.902087232523707e-09,0.9999994378648095,2.548904486432551e-08,1.048959799003186,49.87082915104617
65,0.842612615092488,1.223327831240844,0.3807152161483556,0.9634158738062926,0.0004391931774402122,97.25103368634812,1.152792181970993,19.60479362880672
66,1.21925596883096,0.7533235029126522,-0.4659324659183077,4.648211779700893e-06,0.9997799354217971,1.716568111907625e-05,1.03670005897875,63.4091387583459
67,0.5440137567945126,0.542134929575296,-0.001878827219216617,0.343520371095535,0.3584625459110863,1.932432607116226,1.048143299738236,50.57827360628936
68,1.206732370372932,0.619083035105224,-0.5876493352677082,6.251540506692295e-06,0.9999356535578791,2.308675421522702e-05,1.356455131824957,10.82373136058275
69,1.204162708885052,0.6586005657721352,-0.5455621431129163,3.35246078943092e-05,0.9996315527375597,0.0001238087622006748,1.316817981686205,11.65313998727582
70,1.150496062138468,0.4840530136642093,-0.6664430484742589,1.110417652171434e-07,0.9999980783124819,4.100714370644641e-07,1.280455492565999,12.62046959715039
71,1.007483984218092,0.7778789159144444,-0.2296050683036477,0.07897604968161669,0.8115878687658851,0.3166632013471326,1.309049594966667,11.84069352216307
72,1.013072561067703,0.8450529832146163,-0.1680195778530864,0.02042127196970001,0.8271837032666431,0.07698685143894288,1.400301159518915,10.09865990687164
73,1.078420885365195,1.032806168124407,-0.04561471724078858,0.150968849440293,0.3601833073063863,0.6566543649814959,1.149871278517784,19.90048475736276
74,1.082246555558558,1.157052454276544,0.07480589871798649,0.3645455114357867,0.1381544447221284,2.118558293521428,1.199864824662485,16.00793556051174
75,0.8851824793987637,0.1863343876569579,-0.6988480917418058,9.248301273746534e-14,0.9999999999718868,3.415348959188989e-13,1.0236674005427,90.49968973382011
76,0.814536467672618,0.8667646348383444,0.05222816716572642,0.4820396415865617,0.2263202080459539,3.436840258984481,1.572442200944137,8.338786740520971
77,0.5980755907042986,0.7728157770998978,0.1747401863955992,0.894705986612512,0.02993792103998423,31.37977162595842,1.177233744981365,17.50381144202604
78,0.7444554129828866,0.7090542282973548,-0.03540118468553188,0.3571397527126961,0.4635010678737251,2.051609670202217,1.080423270836204,32.91650744149486
79,1.154466259454678,0.7872713142464833,-0.3671949452081948,0.001154035692642792,0.9853095069409097,0.004266716985536946,1.096617756642035,28.28639158586021
80,1.173769334426482,0.9906266330983795,-0.1831427013281024,0.006441586005826489,0.7815307450261675,0.02394266665448984,1.105495911508258,26.3250654358192
81,1.083578305011403,0.826848437684523,-0.2567298673268797,0.01473720533135197,0.9133253660413152,0.05523777364526174,1.289720724205667,12.35098062619871
82,1.17257046045714,0.9617867952529601,-0.2107836652041798,0.003669353852334791,0.8513060320752895,0.01360063609633586,1.093185280175536,29.13997595282824
83,1.168145634939571,0.6690844598389878,-0.4990611751005829,0.002542085823414455,0.9920860488109436,0.00941171446650761,1.289930023163246,12.34509130480824
84,1.138493343383333,0.8665199208119813,-0.271973422571352,0.005666901268351691,0.9253586787483286,0.02104683832191924,1.150540456250042,19.83175657745309
85,1.205973912238943,1.184166370219223,-0.02180754201972013,0.06507942470248512,0.1662000844032469,0.2570644980102419,1.088975133752586,30.27227146354921
86,1.221591638996184,1.223601766601054,0.002010127604870071,0.02217926056339018,0.01390756589043746,0.08376467997221108,1.098323972082088,27.88323726043544
87,1.225880719730884,1.173966136041404,-0.05191458368948076,0.002835511482105199,0.2314548189660611,0.01050117077676166,1.092853974925097,29.22554001129381
88,1.189352379033944,0.6305208226982142,-0.5588315563357296,0.0001115569322569239,0.9994245884917599,0.0004120198399481886,1.383033898593233,10.36420942130901
89,0.5791688379131669,0.5438553694456278,-0.03531346846753902,0.2573497383614796,0.4767870904574279,1.279712781265149,1.026902973482433,81.70884414479583
90,0.9819093663092617,0.9064972504670148,-0.07541211584224694,0.1621647354944133,0.5148712282160686,0.7147775392342974,1.243021073485512,13.91728988062217
91,1.22133936984263,1.219512254233878,-0.001827115608751706,0.02257145102286394,0.03131844587151965,0.0852800750607941,1.097332059609042,28.11597246937549
92,1.214666529223144,0.937349457453489,-0.2773170717696548,0.0002557352904669073,0.9744633078928636,0.000944658543297246,1.198285469539587,16.10144085879503
93,0.5920088860495814,1.036554792124692,0.4445459060751109,0.9990948955031481,3.018775705565534e-05,4076.440731391368,1.138773431125965,21.13403031473096
94,1.144834989311917,0.976549940406402,-0.1682850489055152,0.01917782664538591,0.7305789215614378,0.07220748656411308,1.069275805397554,37.2789426480187
95,0.5617460351807302,0.7125293605239433,0.1507833253432131,0.8945180762172857,0.02569829815425339,31.31729145640634,1.143576477108057,20.57744360889058
96,0.847066171507187,0.7803611929968794,-0.06670497851030754,0.1708790763051014,0.5586561026582755,0.7611042157213758,1.440874543057894,9.55750977051542
97,1.084995391156837,0.8712962749370725,-0.2136991162197648,0.01420731350375865,0.8573627355480017,0.05322301670150059,1.209788073166842,15.45214099617061
98,0.8348841453509532,1.226824451153041,0.3919403058020874,0.9530641177995778,6.190408052962805e-06,74.98773718596395,1.143152855695229,20.62507637524718
99,0.9939350670307544,0.9368827428805954,-0.05705232415015904,0.1210127274640613,0.4250831204973139,0.5084187723797673,1.04394754203982,54.58604640302982
100,0.9167736221551431,0.7804336556399736,-0.1363399665151696,0.0748110538372227,0.743538042682852,0.2986128222184342,1.430004184005268,9.692334676504185