Codon,alpha,beta,beta-alpha,Prob[alpha<beta],Prob[alpha>beta],BayesFactor,PSRF,Neff
1,1,0.0610705,-0.93893,1.44e-58,1,3.72397e-57,0.996435,1722.59
2,1,0.0652683,-0.934732,6.73894e-58,1,1.74275e-56,0.996747,1417.6
3,1,0.324571,-0.675429,2.417e-26,1,6.25058e-25,1.00044,460.287
4,1,0.0745691,-0.925431,1.79996e-56,1,4.65485e-55,0.997281,1088.26
5,1,0.02603,-0.97397,8.50743e-65,1,2.2001e-63,0.998996,624.295
6,1,0.149093,-0.850907,3.84662e-44,1,9.94771e-43,0.999179,597.231
7,1,0.0519601,-0.94804,1.47545e-61,1,3.81564e-60,0.996158,2128.47
8,1,0.0823868,-0.917613,7.14289e-54,1,1.84722e-52,0.997459,1010.14
9,1,0.0444051,-0.955595,9.19597e-63,1,2.37816e-61,0.996655,1495.63
10,1,0.0433235,-0.956676,2.89454e-64,1,7.48553e-63,0.996737,1425.52
11,1,0.088944,-0.911056,6.67227e-53,1,1.72551e-51,0.99764,941.539
12,1,0.157452,-0.842548,8.67027e-41,1,2.24221e-39,0.999518,552.832
13,1,0.241563,-0.758437,2.95972e-32,1,7.6541e-31,1.00012,488.424
14,1,0.0503087,-0.949691,1.04992e-57,1,2.71518e-56,0.996296,1904.66
15,1,0.142227,-0.857773,6.5046e-45,1,1.68215e-43,0.998855,646.928
16,1,0.0968035,-0.903196,2.75126e-51,1,7.11501e-50,0.99797,837.745
17,1,0.145348,-0.854652,3.07232e-41,1,7.94528e-40,0.999142,602.42
18,1,0.0767527,-0.923247,1.28664e-54,1,3.32736e-53,0.997328,1066.6
19,1,0.223836,-0.776164,1.08676e-32,1,2.81046e-31,0.999071,612.835
20,1,0.371902,-0.628098,1.58645e-21,1,4.10271e-20,0.998243,767.9
21,1,0.372693,-0.627307,3.57145e-22,1,9.2361e-21,0.998163,787.023
22,1,0.147587,-0.852413,4.50271e-40,1,1.16444e-38,0.999271,584.482
23,1,0.371503,-0.628497,1.33756e-20,1,3.45906e-19,0.998334,747.15
24,1,0.146356,-0.853644,9.53458e-41,1,2.46573e-39,0.999199,594.368
25,1,0.507853,-0.492147,1.89841e-12,1,4.90944e-11,0.998416,729.233
26,1,0.192587,-0.807413,3.32302e-35,1,8.59362e-34,0.998832,650.825
27,1,0.141364,-0.858636,1.93492e-43,1,5.00389e-42,0.998903,639.067
28,1,0.165949,-0.834051,4.36856e-37,1,1.12975e-35,0.999681,533.683
29,1,0.307543,-0.692457,1.50907e-27,1,3.90259e-26,1.00115,407.116
30,1,0.158414,-0.841586,9.04204e-41,1,2.33835e-39,0.999541,550.033
31,1,0.137293,-0.862707,4.78044e-42,1,1.23626e-40,0.998901,639.372
32,1,0.14115,-0.85885,6.78648e-44,1,1.75504e-42,0.998862,645.762
33,1,0.181036,-0.818964,4.66785e-37,1,1.20715e-35,0.999146,601.951
34,1,0.532739,-0.467261,4.74206e-11,1,1.22634e-09,0.999037,618.049
35,1,0.199111,-0.800889,4.97065e-32,1,1.28545e-30,0.998959,630.042
36,1,0.651415,-0.348585,1.13166e-06,0.999998,2.92658e-05,0.999029,619.209
37,1,0.634872,-0.365128,2.43832e-07,1,6.30572e-06,0.99912,605.691
38,1,0.424098,-0.575902,1.56048e-17,1,4.03555e-16,0.996756,1410.5
39,1,0.416913,-0.583087,3.09548e-16,1,8.00518e-15,0.997113,1174.24
40,1,0.440382,-0.559618,8.41763e-16,1,2.17688e-14,0.997064,1201.77
41,1,0.368961,-0.631039,2.37365e-21,1,6.13848e-20,0.998411,730.427
42,1,0.422106,-0.577894,4.05999e-17,1,1.04995e-15,0.996857,1334.38
43,1,0.564967,-0.435033,2.6784e-10,1,6.92657e-09,0.999417,565.36
44,1,0.512738,-0.487262,2.23652e-11,1,5.78383e-10,0.998768,661.682
45,1,0.402543,-0.597457,2.02121e-20,1,5.22703e-19,0.996875,1321.68
46,1,0.387915,-0.612085,1.42559e-18,1,3.68671e-17,0.997712,916.694
47,1,0.559609,-0.440391,2.57142e-10,1,6.64992e-09,0.999404,567.029
48,1,0.650774,-0.349226,8.46295e-07,0.999999,2.1886e-05,0.998975,627.52
49,1,0.372057,-0.627943,8.11286e-21,1,2.09806e-19,0.998286,757.965
50,1,0.528225,-0.471775,9.77179e-11,1,2.52707e-09,0.999082,611.273
51,1,0.220469,-0.779531,2.88515e-30,1,7.46125e-29,0.999161,599.824
52,1,0.593914,-0.406086,3.9728e-09,1,1.0274e-07,0.999457,560.267
53,1,0.73917,-0.26083,0.000297309,0.999535,0.00769096,1.00001,498.537
54,1,0.429914,-0.570086,4.59822e-16,1,1.18914e-14,0.997011,1233.26
55,1,0.215284,-0.784716,8.62326e-30,1,2.23005e-28,0.999102,608.341
56,1,0.431962,-0.568038,2.52306e-15,1,6.52486e-14,0.997171,1143.13
57,1,0.563187,-0.436813,9.51879e-10,1,2.46164e-08,0.99955,548.904
58,1,0.71641,-0.28359,7.42029e-05,0.999882,0.0019191,0.99949,556.23
59,1,0.678698,-0.321302,7.69302e-06,0.999987,0.00019895,0.999027,619.506
60,1,0.731479,-0.268521,0.000151082,0.999761,0.00390771,0.999758,525.18
61,1,0.657648,-0.342352,2.5871e-06,0.999996,6.69048e-05,0.999092,609.82
62,1,0.778022,-0.221978,0.00155016,0.997625,0.0401507,1.00111,409.931
63,1,0.589973,-0.410027,8.04754e-09,1,2.08117e-07,0.999609,542.023
64,1,0.657233,-0.342767,1.37692e-06,0.999998,3.56084e-05,0.998944,632.441
65,1,0.69996,-0.30004,3.20523e-05,0.999949,0.000828926,0.999261,585.753
66,1,0.50835,-0.49165,1.34554e-11,1,3.47967e-10,0.998673,678.713
67,1,0.640284,-0.359716,2.75261e-07,1,7.1185e-06,0.998996,624.368
68,1,0.810974,-0.189026,0.00809234,0.988007,0.210982,1.00239,339.578
69,1,0.70384,-0.29616,6.77654e-05,0.999892,0.00175259,0.999457,560.237
70,1,0.744951,-0.255049,0.000539482,0.999166,0.013959,1.00027,474.78
71,1,0.726649,-0.273351,0.000119822,0.99981,0.00309907,0.999663,535.765
72,1,0.807841,-0.192159,0.00475322,0.99282,0.12351,1.00207,355.002
73,1,0.624194,-0.375806,7.71843e-08,1,1.99605e-06,0.999196,594.8
74,1,0.449925,-0.550075,8.33449e-14,1,2.15537e-12,0.997599,956.352
75,1,0.643961,-0.356039,1.17372e-06,0.999998,3.03534e-05,0.999226,590.562
76,1,0.65816,-0.34184,5.41778e-07,0.999999,1.40109e-05,0.99872,670.196
77,1,0.641737,-0.358263,1.55795e-06,0.999997,4.02902e-05,0.999356,573.202
78,1,0.80351,-0.19649,0.00508894,0.992363,0.132278,1.00205,355.764
79,1,0.895531,-0.104469,0.0798199,0.887552,2.24327,1.00354,294.5
80,1,0.651546,-0.348454,3.73425e-06,0.999994,9.65714e-05,0.999335,575.965
81,1,0.791621,-0.208379,0.00288025,0.99563,0.0747009,1.00161,379.61
82,1,0.69176,-0.30824,1.80647e-05,0.999971,0.000467177,0.999143,602.335
83,1,0.866746,-0.133254,0.0362672,0.947454,0.973197,1.00319,306.946
84,1,0.784004,-0.215996,0.00200411,0.996941,0.0519323,1.00132,396.617
85,1,0.827186,-0.172814,0.0130301,0.980821,0.341418,1.00279,322.4
86,1,0.679345,-0.320655,3.64071e-06,0.999994,9.41524e-05,0.998841,649.212
87,1,0.858179,-0.141821,0.0314145,0.954533,0.838755,1.00326,304.516
88,1,0.832753,-0.167247,0.0115268,0.982829,0.30157,1.0027,326.191
89,1,0.816949,-0.183051,0.00657803,0.990111,0.17124,1.00233,342.357
90,1,0.986649,-0.0133514,0.423489,0.475359,18.9967,1.00511,249.39
91,1,0.875196,-0.124804,0.0449177,0.935222,1.21624,1.00321,306.444
92,1,0.919252,-0.0807479,0.13827,0.810382,4.14954,1.00417,274.776
93,1,0.947669,-0.0523314,0.240075,0.68296,8.16996,1.00529,245.23
94,1,0.928896,-0.0711038,0.170169,0.769827,5.30315,1.00457,263.304
95,1,0.919324,-0.0806764,0.133924,0.815203,3.99895,1.00401,279.358
96,1,0.84126,-0.15874,0.0169185,0.975058,0.445058,1.00292,317.277
97,1,0.864051,-0.135949,0.0312995,0.954318,0.835587,1.00307,311.657
98,1,0.95943,-0.0405701,0.292383,0.620973,10.6856,1.0056,238.058
99,1,0.884295,-0.115705,0.0609617,0.913308,1.67887,1.00343,298.387
100,1,0.9156,-0.0844002,0.12393,0.82841,3.65831,1.00391,282.637