dN,dS,dN/dS,dS=dN,LRT,p-value,Full Log(L)
0,1.259984458116412,0,0.4171498444929795,2.208378650906972,0.1372628663069755,-10.82762123829771
0.6664449592534919,1.821590718118783,0.3658587808032704,0.9759150762123502,0.4842288903537906,0.4865130215648734,-18.80627935392058
0,0,0,0,0,1,0
0.6146522990249993,1.786570509166195,0.3440403252328743,0.9145259734363153,0.5420729242342262,0.4615749069380581,-19.03774910546552
0,1.663765848360177,0,0.4536297313781294,2.596109633947343,0.1071263884651366,-11.08605770966619
0.5420473557214637,3.336056100938575,0.1624814869177298,0.9323611250095443,1.456156460085275,0.2275426596597847,-17.85818685056362
0,0,0,0,0,1,0
0,3.633408600898159,0,0.9152699170249992,5.494532486069609,0.01907602762169269,-14.68152740236521
0,0,0,0,0,1,0
0,6.520906100470636,0,0.9274976534064592,7.758195759300495,0.005346934709807738,-14.66547604047251
0.6132815651414979,0,inf,0.466339848538211,0.5475326564435257,0.4593276055703233,-10.93853812629373
0,4.032018350996706,0,1.277264085147937,6.871033758921236,0.008760396172146967,-20.48937254975577
0,1.821659015002356,0,0.4868888245501541,2.636141543513091,0.1044569581089062,-10.40948057455198
0,0,0,0,0,1,0
0.5430166410526656,3.298695495866733,0.1646155705287335,0.9322426753978127,1.43785397216557,0.2304869303613227,-19.08776122599102
0,0,0,0,0,1,0
0,0,0,0,0,1,0
0,3.824718449844732,0,1.255924532648163,6.659081217082914,0.009865176651813412,-21.66172805006097
0,1.33459214838552,0,0.4249834900302368,2.285768242430311,0.1305654777288813,-10.77089736753416
0,0,0,0,0,1,0
0.6276229263652942,0,inf,0.455877567580717,0.6390772381833081,0.4240451402570721,-11.70414029294579
0.6639470563943932,0,inf,0.4856942583623002,0.6247467181309112,0.4292888256858826,-12.66970772077597
0,0,0,0,0,1,0
0,0,0,0,0,1,0
0.5455447949949493,0,inf,0.4172921074356344,0.5356365084470376,0.4642467461387405,-13.54488909438058
0,0,0,0,0,1,0
0,1.824062361234782,0,0.4871230253908401,2.637843284380978,0.1043451087611491,-9.708983514013275
0.6258493596869991,1.26204556209156,0.4959007649848969,0.8366845329328497,0.2405207921687946,0.6238302240721443,-18.67045826155465
1.293294404877546,0,inf,0.8924050057494055,1.48181625072494,0.2234905691766356,-19.91305657183831
0.6639822252949905,0,inf,0.5525849006257499,0.3671267379219074,0.5445746229108455,-12.08414822162763
1.08695484604645,0,inf,0.837282833667672,1.042606218794063,0.307216108184923,-19.04559703569419
0,2.690116337882255,0,0.851888015430856,4.587792997328918,0.03220045165626784,-17.08360830348312
0,0,0,0,0,1,0
0,0,0,0,0,1,0
0.6639832025743758,0,inf,0.5525855807329801,0.3671272363313278,0.5445743497820178,-12.08325492219462
1.050838007004339,3.874101656946476,0.271246885099189,1.389173770962432,0.934568745084924,0.3336785468533568,-23.11031460897928
0.613105150233591,1.960339052034961,0.3127546480274151,0.9339171739698616,0.6377544649360125,0.4245251095882723,-15.76226632817436
4.287076201459244,1.272450365575454,3.369150041086633,3.308919386088731,1.708702935361131,0.1911537445813778,-48.35355633504495
1.195324778350681,1.973689739281767,0.6056295245197272,1.375849386773521,0.156423130379828,0.6924712347860488,-24.30356276563522
1.195731085892205,0,inf,0.8968740657576327,1.149178232154902,0.2837212405345778,-16.97698474506132
0,0,0,0,0,1,0
0,1.670625446887291,0,0.4541372516731884,2.602077813759973,0.1067237128596085,-11.83115992183129
0.6123958783542615,1.972973543967226,0.3103923416645845,0.9344703581745828,0.6458275779784515,0.421608391247819,-18.94280454351684
0,0,0,0,0,1,0
0,3.671491589879354,0,0.8363940027366435,5.906097753576386,0.01508855954451638,-14.09307299244261
2.004909690120237,1.340956282535234,1.495134268158035,1.78408188853287,0.1285334018240363,0.7199575307194548,-27.07852811092152
0.6244662199013287,1.184901717429895,0.5270194233964178,0.8179519662672943,0.2013977536035583,0.6535949773010151,-19.96737044159648
0,0,0,0,0,1,0
0.5425441377873914,3.650261219284468,0.1486315924244298,1.255142978445154,2.58521069313516,0.1078660544072053,-21.83924953684983
0,0,0,0,0,1,0
0,0,0,0,0,1,0
0,0,0,0,0,1,0
0.6260646209717582,0,inf,0.4177386706381679,0.8088118034825449,0.3684717747200372,-12.80984370966429
2.976437251104461,0,inf,2.019672421234167,3.8741482681191,0.04903518396597217,-35.74598792775888
0,0,0,0,0,1,0
0,3.672153230567545,0,0.9759408059790315,5.289210298144141,0.02145794837481507,-15.13752269392875
0,0,0,0,0,1,0
0.6417293919708,1.46370589328922,0.4384278255030555,0.89237431621981,0.3300147986669089,0.5656503742484611,-19.12997980447902
0.6266072652046775,1.181191988436151,0.5304872292896936,0.8188946911509979,0.1973577738556926,0.656862081225666,-19.26868861619434
0,0,0,0,0,1,0
1.102333988748792,0,inf,0.4533294635418758,1.77617099022623,0.1826202106468733,-11.49975864789676
0.5418545711756532,3.324844979898079,0.1629713789520086,0.9315488194149097,1.452104990372256,0.2281904891944938,-17.28435282555009
4.478977763322436,1.276287662326658,3.509379503957053,3.297242265257745,1.764432176093607,0.1840726449023395,-45.64378971206324
4.394419991182112,0,inf,2.8440316956695,5.198885145398961,0.02260137939411444,-38.50283004034561
0.6438638835994189,0,inf,0.4997156776936195,0.506594474934726,0.4766168097189251,-10.82539206677785
1.597601252232988,0,inf,1.375559177014721,0.8969215257520489,0.3436085066074729,-26.57178163889323
2.402869982186457,0,inf,1.836649060199484,2.145874272154025,0.1429535804937397,-29.0720830559531
0.542184379963177,0,inf,0.4663251103458795,0.3013333161676286,0.5830477562530609,-11.65109364326582
0.596843054150464,0,inf,0.4478190066201017,0.5742282346073218,0.448583603602659,-11.13128891168216
2.667933059044424,0,inf,2.296580256225009,1.496225443983079,0.2212530537103202,-35.14197380196366
1.102304232907923,1.494807300988712,0.7374222966256754,1.336107899844641,0.06358841448481201,0.8009116491908085,-24.20810044018096
1.541511850937495,0,inf,1.371622279694628,0.6983559800741546,0.4033366607923486,-21.98885840115511
1.292296168038561,0,inf,1.003116001638271,1.012076782864206,0.3144058197689807,-18.57017658309959
1.087291123043406,3.328122925977676,0.326698005820804,1.401575739302249,0.7074919763202274,0.400277674426908,-26.37491889901685
1.087876617993344,1.000001006535583e-06,1087875.52300792,0.9341388357440706,0.6089599282146523,0.4351796845331556,-20.24800202273945
0.6445621591862392,1.457959800849138,0.4420987182299788,0.894034608476668,0.3235499445401402,0.5694820279672291,-19.21264824907327
0.6129365868238145,0,inf,0.4568153240380342,0.5876265723185519,0.4433383788850855,-11.10571668954157
2.767255410834355,2.781875417545328e-13,9947445501625.398,2.741157551581117,0.05651821071069918,0.8120861781585849,-23.94849216115308
0.5291669499886462,3.324777586330557,0.1591586012141852,0.9127133941823768,1.486277069312791,0.2227949932453075,-17.30793433667566
0.6124414861572597,1.972227092243584,0.3105329444899537,0.9344901603761472,0.6452004687192101,0.4218338820694943,-18.24924487963822
0.5125543642267112,0,inf,0.4563332512354266,0.232110673679049,0.6299631931118055,-12.48926169461246
0,0,0,0,0,1,0
0.6631037995854207,0,inf,0.4854517080129336,0.6232065715439461,0.4298581939772741,-11.48304994771841
1.324446708028314,0,inf,0.9699187886674736,1.244219213443877,0.2646594552736381,-19.78439824769874
0.6246228024455077,0,inf,0.4170962949022456,0.8072804057195313,0.3689255231205125,-11.61158860194574
0.9202977085547976,4.670556579478128e-13,1970424065942.112,0.913641801363606,0.01450312997271652,0.9041433661695464,-11.82046754757172
0.5969148968686878,0,inf,0.456966729150324,0.5340789002691366,0.464897035200227,-10.3549544436771
0.6135689332413697,0,inf,0.4661990039475391,0.5490716895580618,0.4586972495582351,-10.93968412140202
0,0,0,0,0,1,0
0.7163185090842524,3.284038181037054,0.2181212487785538,1.17563517257483,1.056260213270477,0.3040696960645389,-17.52560312889446
0,1.961506772039085,0,0.4569099301668015,2.907881782396377,0.08814757782405369,-9.250336912902636
1.087310683194597,1.000001000628281e-06,1087309.595201866,0.9333265382185342,0.6103713297127129,0.4346480322464826,-17.27133459192969
2.21907848751775,0,inf,1.399509690905492,2.759385580546301,0.09668536396901317,-21.75856094670841
0.7494448306130411,0,inf,0.5286429290370396,0.6978499749690847,0.4035070782551553,-12.78860657904015
2.01016131079415,6.589361384360553,0.3050616279090634,2.781601790924619,1.472274309230841,0.2249872015643836,-35.96180645509213
0.5426310693430202,0,inf,0.4175832375619978,0.5235423144140015,0.469334530670574,-13.55126040934208
1.32905283391391,0,inf,1.105507835140824,0.7359599057565802,0.3909581459978988,-17.22963079324321
2.168933705209414,3.757069216089918,0.5772940503520139,2.524972351994093,0.3724126527376086,0.5416920939289895,-43.60011442218622
1.087720161382676,1.000001002971623e-06,1087719.070431314,0.9344121963593068,0.607220633263708,0.4358362141373062,-19.56733547599506
0.665520329068391,0,inf,0.5533990646435558,0.3688877973244438,0.5436111389002187,-11.41526637594415