Codon,alpha,beta,beta-alpha,Prob[alpha<beta],Prob[alpha>beta],BayesFactor,PSRF,Neff
1,0.3533952352692232,0.0715675609982602,-0.281827674270963,5.149235921416454e-10,0.9999994965649186,1.87395023746397e-09,1.047666829783314,51.0012437388968
2,0.6553460149968805,0.07335389439846009,-0.5819921205984204,8.79818109084127e-15,0.9999999999951854,3.201902920658581e-14,1.014884672921818,128.778161600018
3,1.223464028970136,0.07143221215799407,-1.152031816812142,1.319507068462219e-32,1,4.802053393441577e-32,1.166984644833009,18.31170611274066
4,1.191306884650498,0.07552577944484765,-1.11578110520565,8.44581667421859e-24,1,3.073667704416553e-23,1.046577070518487,51.99802956585587
5,0.5428407237632171,3.344240931715043e-05,-0.5428072813539,1.825855862486698e-19,0.9999999999999998,6.644797553534661e-19,1.05354836194453,46.26232679140483
6,0.5215618199975637,0.07814603349165725,-0.4434157865059064,6.443918625448307e-10,0.9999998585976071,2.345121300365472e-09,1.029904797980882,75.01028934457905
7,0.8500779667278753,3.609206943195607e-05,-0.8500418746584433,8.840119715488325e-27,1,3.217165553168537e-26,0.9982170093020144,773.9681537772296
8,1.218165467474006,0.07315195701145875,-1.145013510462547,2.320634185175304e-25,1,8.445433548790932e-25,1.090777336851049,29.77537015396822
9,1.297863375563529,0.0714432131835265,-1.226420162380003,7.897882925556116e-35,1,2.874259366254919e-34,1.190295994055214,16.59781440902267
10,0.9882813098742694,0.2635883041225703,-0.7246930057516991,1.339469197208997e-08,0.9999996097628348,4.874701199987905e-08,1.118170904389869,24.01606855081469
11,0.816390220301076,0.1664308558585969,-0.649959364442479,3.973994400930608e-12,0.9999999994914077,1.446247144459984e-11,1.043096181662151,55.48462990845758
12,0.6370320065625069,0.07182753587744992,-0.565204470685057,6.531347476782434e-17,0.9999999999999332,2.376939090684924e-16,1.017995365317466,111.8778283336016
13,0.803835311532872,0.1413813176440309,-0.6624539938888412,3.283659905670796e-14,0.9999999999928793,1.195015212105816e-13,1.036409573810949,63.82716132521025
14,1.176914963638151,0.417871416008991,-0.75904354762916,2.337263704018376e-07,0.9999966473009373,8.505954983323198e-07,1.028070596005299,78.95880528266291
15,1.225951689417307,0.07165093771402627,-1.154300751703281,3.375549888698473e-30,1,1.22845653389692e-29,1.183649522579409,17.04302813957273
16,1.163928456759596,0.1738236187634096,-0.990104837996186,2.555640192083447e-17,0.9999999999999929,9.300685801639863e-17,1.071841157794276,36.16275460744517
17,1.193209864294468,0.1725890282369208,-1.020620836057547,6.511201162281319e-19,1,2.369607286238574e-18,1.022598902148809,93.85535772751483
18,0.7211722007643072,0.08802678242483383,-0.6331454183394734,5.784461165184645e-14,0.9999999999826432,2.105126378737765e-13,1.045504402352896,53.0212083359096
19,1.222899114056091,0.07219464437861965,-1.150704469677472,1.918795875837702e-27,1,6.983032123978325e-27,1.193993470894507,16.36310398450975
20,0.9867206135617905,0.1690807668503713,-0.8176398467114192,3.159845333435494e-13,0.9999999999637943,1.149955643955969e-12,1.085426399049912,31.30873076786544
21,0.6181689923476171,0.3258061747420681,-0.2923628176055491,0.0009674526782637563,0.9934708046437679,0.003524239037944595,1.040300856978443,58.67257405506394
22,1.210552852502562,0.2183200427872387,-0.9922328097153232,4.889353682768424e-19,1,1.779371858268029e-18,1.027377265851998,80.56785073343858
23,0.6146668623122558,0.1544959066769401,-0.4601709556353157,4.03141154012185e-08,0.9999968349433832,1.467142898264748e-07,1.014469721202046,131.4406079773003
24,0.4934527687297393,0.2682562880168552,-0.2251964807128841,0.001768979040055174,0.9843301399381381,0.006449215496973488,1.031824330974636,71.29927493478645
25,1.103141755308686,0.48677495013727,-0.6163668051714162,0.0001253526526962489,0.9992434957921533,0.0004562503764864887,1.016044708716189,121.8918110112699
26,1.088832563719287,0.07363749384404703,-1.01519506987524,2.303002588480446e-19,1,8.38126726217982e-19,1.049431798356076,49.47155686065265
27,0.7755265922647619,0.48104435871566,-0.294482233549102,0.005970893829837289,0.9757846068546382,0.02186026947970028,1.054215727568411,45.78410943734517
28,1.227412869342749,0.3696983810283359,-0.8577144883144134,1.225962945165494e-14,0.9999999999991533,4.461620298803446e-14,1.002969471173876,315.3884161066691
29,1.220026216597784,0.420929995062213,-0.799096221535571,1.195346805145799e-09,0.9999999749542935,4.350199651102303e-09,1.022397805700929,94.51616819987944
30,1.217207358296693,0.08342290572202579,-1.133784452574668,3.825978145881484e-23,1,1.392379910482423e-22,1.131458286121699,22.0573281119965
31,0.5881228318903226,0.3007565979612591,-0.2873662339290635,0.0007311073595984621,0.9944027598784466,0.002662649805301739,1.051372706173458,47.90001788288652
32,1.480041859916321,0.1800992820799043,-1.299942577836417,6.990676168514917e-23,1,2.544101583070027e-22,1.006982800768368,211.126658588726
33,1.279095310071545,0.431769122217169,-0.8473261878543757,1.749618087165737e-11,0.9999999994195911,6.3673470750252e-11,1.0599616099739,42.07348233162056
34,2.122815864020356,0.3478076168757471,-1.775008247144609,2.065341131146416e-16,0.9999999999999817,7.516351086314845e-16,1.0081180769134,193.1982082268521
35,1.114158348793703,0.2375244345421855,-0.8766339142515172,2.845278153049134e-11,0.9999999984817419,1.035475893770458e-10,1.145676631089638,20.34527125257168
36,1.212823336952134,0.6449398964243166,-0.5678834405278178,3.687312248454215e-05,0.9997436841940928,0.0001341965014276331,1.077908717369608,33.79795536923035
37,0.9964152302066734,0.1608866435780989,-0.8355285866285745,5.701943541432679e-14,0.999999999993426,2.075095919286061e-13,1.049928663869576,49.05866687009149
38,1.251411426555742,0.4354781129032216,-0.8159333136525208,2.278105488478671e-11,0.9999999991852782,8.290659787495736e-11,1.060102711602114,41.99060596728129
39,1.220912185323167,0.4027205443628068,-0.8181916409603607,4.614366371999853e-11,0.999999998557683,1.679296324050083e-10,1.007454306796563,203.2840992132202
40,1.408600067288136,0.3281684911050106,-1.080431576183126,1.282300249551336e-15,0.9999999999998872,4.666647426106829e-15,1.039316624747657,59.89079995173869
41,1.099453867388859,0.2431174441638662,-0.8563364232249929,1.218295198585583e-12,0.9999999999029054,4.433715235346702e-12,1.043299965516216,55.26665799657342
42,1.186103344663251,0.09681278352382545,-1.089290561139426,2.751110910319769e-19,1,1.001205813776469e-18,1.103628335495376,26.71095454453345
43,1.22055538229312,0.3950093218709597,-0.8255460604221605,5.823620771433171e-11,0.9999999983020309,2.119377649245752e-10,1.007782930602693,198.1599131379074
44,0.9704602121534137,0.3991126824795165,-0.5713475296738972,1.791941941534266e-06,0.9999732118183642,6.521387044112611e-06,1.01663795264745,118.6553407301834
45,0.3459603433296808,0.3218428043001307,-0.02411753902955016,0.2992646171272526,0.4466392355363336,1.554234655354358,1.05957581196122,42.301932027275
46,1.223716752831212,0.7715047748828028,-0.4522119779484091,5.496994672213242e-05,0.9994432593289391,0.0002000619296724042,1.008607108915835,186.3964216086113
47,1.325727421792456,0.4798046415653535,-0.845922780227102,1.713967286801832e-10,0.9999999947281208,6.237603893124535e-10,1.016366041828624,120.1164638386961
48,1.651264511841045,0.3432433936242353,-1.308021118216809,1.386849108536576e-15,0.9999999999998979,5.047129816137233e-15,1.011361024519353,155.6797853824048
49,2.813898908808111,0.6595080549191963,-2.154390853888914,1.006338016787454e-12,0.9999999999385807,3.66234407072954e-12,1.02990260620951,75.01475996855311
50,1.337983654467402,0.7197609283929322,-0.6182227260744698,4.170754680898941e-07,0.9999858202316307,1.517854318524659e-06,1.010505771331164,164.0519148958704
51,0.5011067345601917,0.2933549093136829,-0.2077518252465088,0.003525306770508984,0.9783234124262293,0.01287496048920842,1.041847074435077,56.86215167420367
52,0.7583621175187631,0.3749969583029679,-0.3833651592157953,0.0001069175763974777,0.9989417299027469,0.000389144418200368,1.059783934090322,42.17835457598591
53,0.6738794417656773,0.474526372844669,-0.1993530689210082,0.02055913055273754,0.9285103084715749,0.0763909280091874,1.058251598697387,43.10727811946818
54,1.198414616110391,0.7199172126851663,-0.478497403425225,0.0007115558768505114,0.9963839109100517,0.002591393757697093,1.039612861731524,59.51847929595412
55,1.188071797494917,0.3916001995924894,-0.7964715979024273,1.824698838423763e-08,0.9999996418306265,6.640586942182216e-08,1.042959335460213,55.63204367603788
56,0.7265361316745937,0.4589484135275851,-0.2675877181470087,0.003977791146236386,0.980670395651454,0.01453410248137652,1.063011075141231,40.35902550478346
57,1.240568880390094,0.6301887048363244,-0.6103801755537694,1.872830259344877e-06,0.9999821600787729,6.815763219752478e-06,1.061762872558433,41.04183538518521
58,1.229772774424819,0.6335264912659226,-0.5962462831588959,3.958777512841525e-07,0.9999947433303873,1.440709865792395e-06,1.057174876465678,43.78741317966671
59,1.173949041258079,0.9567016204039988,-0.2172474208540801,0.04962255249931939,0.8810518554189523,0.1900195308607286,1.026548282876084,82.5845322917767
60,1.196485616484309,0.6705688070749036,-0.5259168094094056,0.0004643944517522783,0.9977517607039008,0.001690845853614868,1.098072389089516,27.94184197334846
61,1.198518884693267,0.5465998277017882,-0.6519190569914787,7.684441836835027e-06,0.99993201673944,2.796603705110835e-05,1.027183277824126,81.0304589637424
62,1.225115774792878,0.4980481136609882,-0.7270676611318898,4.071800463266589e-10,0.999999987520901,1.481841492732235e-09,1.023685653284715,90.44453732333962
63,1.042355218452605,0.6639904094344098,-0.3783648090181948,0.008301244286642917,0.9663953117639419,0.03046342220602697,1.019078315659914,107.0184958147683
64,0.506500247736733,0.2754955918316684,-0.2310046559050646,0.001622577185350559,0.9868730846606801,0.005914606788334636,1.0389032270088,60.41877189483681
65,1.36373808868192,0.4063212934997022,-0.9574167951822179,6.154193617820637e-13,0.9999999999732756,2.239682306576173e-12,1.034352138482278,66.96458034814623
66,1.19762521391984,0.7905263713049216,-0.4070988426149188,0.001920183809389331,0.9905116155157391,0.007001527419977472,1.0156464935503,124.1685649351222
67,1.217176865026831,0.6364901705053511,-0.5806866945214798,1.697154456529904e-05,0.9998746912031663,6.176522149411494e-05,1.062803406197242,40.47088271934712
68,1.223722230364586,0.9922094163171618,-0.2315128140474247,0.001696331545298822,0.9814820778825254,0.006183912487159438,1.044589214676746,53.92917878441883
69,1.240760764230789,0.5332066783705972,-0.7075540858601913,2.188798757759947e-05,0.9998818213879987,7.96582209918896e-05,1.088818575898293,30.31634030196215
70,1.208731790327,0.5891090652363378,-0.6196227250906621,6.796695050242256e-06,0.9999392796944599,2.473523268117877e-05,1.049565472790427,49.35973510472707
71,0.5922426555235205,0.4215396748693926,-0.1707029806541279,0.02898318436275606,0.8967404220346257,0.1086262062346472,1.030710307554507,73.40442644381741
72,0.889944782494745,0.7863240504869606,-0.1036207320077843,0.2237812900053076,0.5950556890371641,1.049191901868123,1.002344082947914,341.8799734647849
73,1.219715864303179,0.5970140305507844,-0.6227018337523943,8.579735363338002e-07,0.9999901833033638,3.122407120804722e-06,1.037964373270719,61.65557655511012
74,1.199144436032273,0.840457945407849,-0.3586864906244239,0.004965109952597627,0.9811626479802813,0.0181595810454146,1.045895206589907,52.64343850769784
75,0.382464145950271,0.8271623612017057,0.4446982152514347,0.9996329732945407,4.82266149275719e-05,9911.928744069075,1.012217278839292,148.1305176813109
76,1.282548740904754,0.9598615252149998,-0.3226872156897542,2.352476353094075e-05,0.9980971621320961,8.561517466050032e-05,1.028369374307379,78.28602854456115
77,1.196560675327695,0.7950151675141786,-0.4015455078135162,0.002549676525854508,0.9887151850542905,0.009302701239737162,1.021687554612174,96.92975729062422
78,1.486054946892903,0.8966483025875537,-0.5894066443053497,1.499527453390115e-05,0.9992207654581897,5.457279500789902e-05,1.01991463493151,103.5548032215671
79,1.228228795378995,0.9986766265487151,-0.2295521688302796,0.0009656399190243103,0.9842712655173953,0.003517629131259991,1.051128692482483,48.09161790820959
80,0.4460858665150183,0.7100741370469159,0.2639882705318976,0.9673693102288166,0.009034587135831915,107.8900301727623,1.005487608340733,240.6544684546651
81,1.15438555984265,0.9559708183973076,-0.1984147414453429,0.07711123063462204,0.8385463581885254,0.3040769753341089,1.030926905140042,72.98490193453434
82,1.229248663338183,0.959081690106187,-0.2701669732319963,0.0003185788499038298,0.9952071670302975,0.00115976656092049,1.008031013737057,194.462627166096
83,1.220254027843701,0.9503425239045153,-0.2699115039391859,0.001905276117679068,0.9866143383627216,0.006947066040992988,1.012972994649716,142.0648651616789
84,1.224819052807464,0.9961986195281176,-0.2286204332793467,0.00214242248308691,0.9799818341945497,0.007813611632226179,1.051021558670714,48.17626713678374
85,1.187879739782457,0.7800727009498682,-0.4078070388325885,0.003772523016552913,0.9850879077360961,0.0137812511015372,1.005373038840523,243.267753261238
86,1.224231051349101,1.045562572454051,-0.1786684788950499,0.008770065565062475,0.7945687349951196,0.03219909717812596,1.034482311272905,66.75638733487781
87,1.217011253051314,0.9482804055558518,-0.2687308474954626,0.00344923730972013,0.9803577025323014,0.01259618158811687,1.014373411316231,132.0748577876927
88,0.8931100713551203,0.7498178420653513,-0.143292229289769,0.1624211577697672,0.6817923740492242,0.7057195803924637,1.001615977056164,379.0205904137298
89,1.184777333141697,0.7212040291307489,-0.4635733040109478,0.003772825578081031,0.9882257162597148,0.0137823605626095,1.058475778036233,42.96857458287668
90,1.220490091644386,0.9921382227339416,-0.2283518689104443,0.003977177054782989,0.9741562561133588,0.0145318497469061,1.020642016216173,100.7259332588074
91,1.235489744454255,1.002499731980791,-0.2329900124734645,0.001496334607398057,0.9695376404070242,0.005453738630218503,1.05293512665957,46.71147456740782
92,1.181293157147364,1.06300366428583,-0.1182894928615332,0.1312104185401633,0.6836974244452125,0.5496281658908269,1.067102195688665,38.28691186700106
93,1.203770927173744,1.005311795309734,-0.1984591318640099,0.03543776609771845,0.8999986225214641,0.1337061387549736,1.064464727175963,39.59478368737783
94,1.224535237130786,0.9927487344675756,-0.2317865026632107,0.001013484562860709,0.9867537823464702,0.003692094221010508,1.035787592174026,64.74224941380446
95,1.028670107000664,1.008806915036728,-0.01986319196393671,0.3653155121948012,0.5106037454529839,2.094717656686434,1.052405101476042,47.10741303559484
96,1.247499795963575,0.9962991148685439,-0.2512006810950308,0.0002970902732669183,0.9879063465271397,0.001081515481674457,1.050451353094742,48.63230755067728
97,1.214555460842797,0.9772446670836679,-0.2373107937591294,0.008202061552531633,0.9641056764486198,0.03009643715815596,1.01665662527926,118.5563483186853
98,1.204695595082638,0.9819003253200528,-0.2227952697625851,0.018528211795447,0.9325746563206131,0.06870224826452417,1.019203374191254,106.4853395051884
99,1.159079330101636,1.029749708630251,-0.1293296214713842,0.1443622667851654,0.7446474731531177,0.6140150664911215,1.092594230736768,29.29302952568447
100,1.18323448191138,1.006968876275168,-0.1762656056362124,0.0733497822963782,0.8451668347822107,0.2880701512610134,1.064117399237777,39.77446212854402