Codon,alpha,beta,beta-alpha,Prob[alpha<beta],Prob[alpha>beta],BayesFactor,PSRF,Neff
1,1.552181299314929,0.1044940212057732,-1.447687278109156,0.0003677470838965781,0.9992388232588929,0.0007749588687162808,1.002296676035009,344.0729875435946
2,1.138503540496185,0.2392904170093567,-0.8992131234868287,0.0068964375209269,0.9874971740658427,0.01462850489782367,1.001169400088661,406.1290714042538
3,0.6638241787537844,0.09528875273459107,-0.5685354260191934,0.0145863972356793,0.9740324740042059,0.0311816547662675,0.9971054104910777,1178.208293848558
4,0.7930954828495829,0.1009058292533029,-0.6921896535962799,0.01111470034827618,0.9806027658934152,0.02367671862266804,0.9970949236797526,1184.05236180318
5,0.9887092241856719,0.09522918979095066,-0.8934800343947212,0.001427492153017372,0.997230050569619,0.003011367782222753,0.9987527992953393,664.3710391288979
6,0.6101211692217812,0.09780354646735363,-0.5123176227544275,0.03414656072991483,0.940552884349956,0.07447412550848857,0.99649883213635,1649.560643568825
7,0.7947352313511555,0.09466957947253832,-0.7000656518786172,0.006749658296553146,0.9877744143690684,0.0143150457123666,0.9974635105839394,1008.353644401958
8,0.6450668963660309,0.1017059665765908,-0.5433609297894401,0.03150418028058556,0.9460227040019553,0.0685235901316079,0.9963658463353803,1808.344552568038
9,1.009391958921729,0.2393599918001488,-0.7700319671215803,0.009135136239095324,0.9836845325119905,0.01942094129111745,1.000333175979734,469.0713623548035
10,1.062437508016952,0.09591076896850456,-0.9665267390484478,0.001141323572435269,0.9977648775575778,0.002406990720300211,0.9991725234167048,598.1175679216411
11,0.9187472235715891,0.4498181445497148,-0.4689290790218743,0.09346428453204503,0.8619742358949063,0.2171853074901329,0.9998839801120694,511.7581219763641
12,0.6037360166429637,0.2571290089662216,-0.3466070076767421,0.1335767396185749,0.8088226922401359,0.3247658913702172,0.9975982754599801,956.4987083662617
13,0.6682924443179175,0.2848759385302453,-0.3834165057876721,0.096400023571386,0.8562272874123511,0.2247349431506466,0.9977154160241489,915.587421097126
14,1.259642028908353,0.09809953748049351,-1.16154249142786,0.0005335302499502391,0.9989069620976647,0.001124502678599057,1.000548940249643,451.019003268649
15,0.5498956123162854,0.09604522589384963,-0.4538503864224357,0.0332379956308938,0.9415822015188843,0.07242440370298321,0.9969652395750171,1261.444379092035
16,1.001592690676255,0.09534045962636239,-0.9062522310498927,0.001364036156529561,0.9973481557023947,0.002877321264484111,0.9988414857672533,649.169433974695
17,0.8756974819844692,1.162555245447345,0.2868577634628759,0.6272129452940115,0.2182622187078243,3.544246064646688,1.000765756968795,434.2366405143674
18,0.6788989745670545,0.2507875237052787,-0.4281114508617758,0.07701031268494184,0.8837542572508396,0.175760675633822,0.997317489812284,1071.310400261256
19,0.7696729902844544,0.3666635135404136,-0.4030094767440408,0.08925501240920686,0.8669177777385627,0.2064455377646917,0.9994306241026266,563.5916110394802
20,1.009577618780873,0.2400524913427378,-0.7695251274381354,0.009242967765516733,0.9835110688606703,0.01965232556364579,1.000307023129491,471.3590037887509
21,0.6112504169616737,0.09553609681180401,-0.5157143201498697,0.02439352481191656,0.9569657966811518,0.05267075704636068,0.9969052185382993,1300.806515258398
22,1.483118699219553,0.3593089334185815,-1.123809765800972,0.01203407788588421,0.97849546863005,0.02565904736685986,0.9988986532799551,639.7358603698962
23,0.6134407395767881,0.4733630851515725,-0.1400776544252156,0.3274009069801896,0.5965178243847939,1.0253999125464,1.003712881117004,288.8376361255847
24,0.7389551870453943,0.3548289146082679,-0.3841262724371264,0.1103752039380155,0.8411282070727871,0.2613571074529058,0.9992761690666843,583.7536338852645
25,1.107399786265089,0.0862985038575409,-1.021101282407548,0.001002854214918296,0.9979965867441202,0.002114673056899749,0.9993209592995829,577.7589129892804
26,1.172301238587247,0.2385678456249009,-0.9337333929623464,0.004827424375483784,0.9909182511682415,0.01021849071782388,1.000631135868897,444.5050169375229
27,0.8403834858374672,0.246649210519977,-0.5937342753174903,0.02981955079951405,0.9518741729670148,0.0647467917381194,0.9990187555852315,620.7885182170965
28,0.9610680245227098,0.6517621480821523,-0.3093058764405575,0.1742223722683757,0.7445097813239931,0.4444372846363587,1.000048315824666,495.2623991289368
29,0.9300728573810438,0.0849269606779533,-0.8451458967030905,0.002576964316263422,0.9950312779402642,0.005442503110810986,0.9987139364204687,671.2604675829797
30,0.955688753580843,0.09507890045750883,-0.8606098531233342,0.002259219949986918,0.9957365936591052,0.004769913093782243,0.9983803136669854,736.89656964526
31,0.7268002096461442,0.4593022998903932,-0.2674979097557511,0.2028257148613702,0.7311240766537769,0.535968677127507,1.002023179200206,357.3018420848343
32,1.093596036700097,0.5965116262418626,-0.4970844104582346,0.1268873095287492,0.8121098322471951,0.306138227573453,0.9982904893088631,756.8339000725248
33,0.6635180019597703,0.09529080725426421,-0.5682271947055061,0.01461186107452963,0.9739880279074372,0.0312368965469045,0.9971055974143411,1178.104650569251
34,0.6366270966893894,0.1007723343260671,-0.5358547623633224,0.03212119044067589,0.9447623287139175,0.06991016478975688,0.9963953511939411,1770.526722682835
35,0.6450668422215136,0.1017059644634284,-0.5433608777580852,0.03150418946265954,0.9460226904312584,0.06852361075285689,0.9963658462104144,1808.344716171618
36,0.9453576022972117,0.1985908847240881,-0.7467667175731236,0.009776004392880051,0.982224062095525,0.02079685276267273,0.9995810967508675,545.2532914690961
37,0.5896785281772349,0.3610342295734312,-0.2286442986038037,0.2318250499299968,0.6956653000455696,0.6357258869053357,0.9991923760145272,595.3114306040588
38,0.7238130992469143,0.09487277756031279,-0.6289403216866015,0.01346165250250653,0.97604689814221,0.02874445504882282,0.997041930880004,1214.496546734676
39,1.13081289238473,0.2392911278624673,-0.8915217645222628,0.006994534027232134,0.9873282101606218,0.01483804976956681,1.001123393946163,409.1459691848772
40,0.8769065639186963,0.6760579024739449,-0.2008486614447513,0.245044089268128,0.6609802988672422,0.6837420927278731,1.001076296381145,412.281663762997
41,0.5642175554393705,0.6372009444169702,0.07298338897759971,0.5680754323077701,0.3629682813947859,2.770561376938226,1.008379152708281,189.5051761612934
42,2.265454558132919,1.81213644833407,-0.4533181097988488,0.1899876501964707,0.4335060093535329,0.4940869760531048,1.002959599749579,315.7742858931283
43,0.8928107869189267,0.09470950312218487,-0.7981012837967418,0.002954057965618272,0.9944777214994183,0.006241277863361446,0.9979540592666669,842.236999213285
44,0.9313765571475127,0.1010177684045971,-0.8303587887429156,0.004372787685627124,0.9921288020466422,0.009251908060607009,0.9979402123693278,846.169026202664
45,1.030715575119794,0.2446364478820177,-0.7860791272377762,0.01260790570856144,0.9783235521251564,0.02689818534131804,1.000784358222746,432.855311270635
46,0.7828654174838819,0.3933165832981808,-0.3895488341857012,0.1219591582193477,0.8283077862997139,0.2925966678119102,1.000161622407894,484.4991848925561
47,0.7799227966418398,0.5594883786435456,-0.2204344179982942,0.2540991379760374,0.6689518236109017,0.7176154129126581,1.003876481525902,283.5908791706726
48,0.5181909231141076,0.2887244948006952,-0.2294664283134125,0.2125403886895733,0.7077854414587977,0.5685685817741503,0.9976121995177214,951.4445052620573
49,0.8364430283288534,0.3429756708577346,-0.4934673574711189,0.04857826567428222,0.9228637961948005,0.1075569832570195,0.9987478359846387,665.2429796283647
50,1.808820453177702,0.2414385314328272,-1.567381921744875,0.001014220814111219,0.997847347764678,0.002138665621238448,1.000620587281605,445.3303576831319
51,1.144859436590368,0.5886583649113556,-0.5562010716790126,0.08109283472150677,0.8684198484508879,0.1859004835091367,0.9985816098998224,695.836005802157
52,4.034542898768131,0.4550666439722235,-3.579476254795908,0.09119949940171831,0.8758757124696533,0.2113944456491938,0.9999085004003615,509.226889556612
53,0.9903125641592847,0.2402715195687325,-0.7500410445905522,0.009791854693757563,0.9825917825628053,0.02083090512495686,1.000161055332484,484.551878647215
54,1.841193999407323,0.3357840189737343,-1.505409980433589,0.004228149864035425,0.9917440761535904,0.008944585145227987,0.9976938762737373,922.844438851972
55,0.7229223452009108,0.4620481031420887,-0.2608742420588221,0.1963077409602946,0.7350038591038109,0.5145378355414822,1.002126110273022,352.2041778599277
56,0.8300095763583883,0.3466101447243948,-0.4833994316339935,0.05186359672833209,0.9181896316304835,0.1152289184284443,0.9987654006140952,662.167567143367
57,0.9010195647697549,0.5983633778424877,-0.3026561869272671,0.2002287226532336,0.7244729910055885,0.5273880063793264,1.001135070011,408.3760240664695
58,0.945177782724427,0.6278436214204682,-0.3173341613039588,0.212307038095549,0.709205576973798,0.5677760926098178,1.00000946159582,499.0650667828894
59,0.384544766931299,0.4974856430741044,0.1129408761428053,0.6095029564186069,0.3248072740693929,3.287969206757912,1.004991765879151,252.3954817806953
60,0.7563851653484993,0.5316204209125468,-0.2247647444359525,0.2408954640020211,0.6840998499514011,0.66849276468654,1.004126659566474,275.9307932999178
61,0.9416894859756798,0.6288291335451878,-0.312860352430492,0.2142792668682552,0.7068239897618215,0.5744888629222883,1.00004899311552,495.1966303095979
62,0.8398481984887962,0.5769939716394715,-0.2628542268493247,0.2057640779073758,0.7182800817552815,0.5457449276497698,1.002746089758862,324.3605969525053
63,2.078054581427679,0.3823601595537676,-1.695694421873912,0.005203106739675349,0.9901662282937742,0.011017878789902,0.9981884679390461,780.8356168015042
64,0.8793050793395331,0.2476521455246293,-0.6316529338149037,0.02634171269145544,0.957268654257873,0.05699111045088912,0.9995042202621761,554.4696810528496
65,0.8165516377541039,0.6523080639049197,-0.1642435738491842,0.2906460298489463,0.617363295342818,0.8631197741537279,1.002502850885671,334.7369570929525
66,0.5622130122650022,0.64097203277049,0.07875902050548778,0.5542316248158967,0.3633697553838041,2.619097850147992,1.010421919293099,164.9226944010469
67,0.8729022520118754,0.4468710793109416,-0.4260311727009338,0.0927086095681296,0.8621593790990332,0.2152498974019628,0.9990693092346669,613.1466100168441
68,0.6827234075944654,1.264974133292037,0.5822507256975712,0.8416360176722382,0.08305657782711839,11.19534737709155,0.9970274665357327,1223.081039430127
69,2.762929024642335,0.5238082813087797,-2.239120743333555,0.3321604944309893,0.6101333710766446,1.047720756063914,1.003284190301165,303.5674821187677
70,0.7857870974719688,0.4834439692359737,-0.3023431282359952,0.186113134526264,0.7495427999454602,0.4817066689827088,1.00206549763473,355.1880727506675
71,0.5133089708601311,0.3761415381998161,-0.137167432660315,0.3159829816641591,0.5990693741240276,0.9731201400785966,0.9995668348939722,546.9397054727771
72,0.7213850264338342,0.2492047668328826,-0.4721802596009516,0.05241385004569972,0.9179214803420847,0.1165190761884443,0.9976610065518273,934.1440397700009
73,1.43978563748232,0.336566861374905,-1.103218776107415,0.009819523100608754,0.9821355689102432,0.02089034980238218,0.9976439755982438,940.1087343711097
74,0.8173658739198828,0.09463276825991787,-0.722733105659965,0.004614094008360962,0.9915031579079454,0.009764828648569814,0.9973294545885594,1065.856518556192
75,0.6624118409917384,0.5621952384821234,-0.1002166025096151,0.3699373660349775,0.5479122440932542,1.236841790653535,1.007939913821275,195.8038711227256
76,0.6293080601902605,0.3304269786521291,-0.2988810815381314,0.1802475961008366,0.7574930756469676,0.4631871023109181,0.9990817068440909,611.3013486727286
77,0.2528144370533559,0.6562814140033373,0.4034669769499814,0.8720341771245301,0.09281648366608491,14.35519802527882,1.010986907646252,159.2319016993657
78,0.4906808681325406,0.7039596930852005,0.2132788249526599,0.7047305317072222,0.2232319481203072,5.02775631878107,1.011641502390082,153.1214193169083
79,2.222497388735633,0.3397345427037167,-1.882762846031916,0.001667559007262737,0.9964733276108438,0.003518647020374865,0.9978536970161707,871.5965402166787
80,1.147603764856702,0.2502972318408446,-0.8973065330158575,0.01113995619273589,0.980819429944113,0.02373112512657336,1.001377115157227,393.0488249211341
81,0.6291200816698377,0.3289325789537155,-0.3001875027161222,0.1789554046236402,0.7588886064586224,0.4591427674961479,0.9990360314135462,618.1555638430583
82,0.6011621699183882,0.5941323037746606,-0.007029866143727581,0.4623908604783231,0.4546002418116205,1.811808418689057,1.008602786080623,186.4544059601573
83,0.6172952219595829,0.4132370780348958,-0.204058143924687,0.2596370743980329,0.6669063763315121,0.7387401770575663,1.00060839766229,446.2879539154294
84,0.6399015773453981,0.5292057645533826,-0.1106958127920155,0.3365582213229522,0.5773345420090983,1.068629262360177,1.006407281294998,221.5769688235524
85,0.5981755953614502,1.148609304729401,0.5504337093679504,0.8857646654312419,0.06423027525884259,16.33381261062532,0.9975678277374792,967.7407772400519
86,0.5645952863330187,0.5857483109323777,0.02115302459935897,0.4941890882756839,0.421805997168802,2.058138672417142,1.009947992747698,170.0277903767706
87,0.8010306688182768,0.6954736751699361,-0.1055569936483407,0.3495200037513863,0.5521396795274977,1.131899234065831,1.001573266226478,381.4542650831295
88,0.5408808460926741,0.6804513123019612,0.1395704662092871,0.6187477738127277,0.2980239866414661,3.418778281582154,1.010514827181735,163.9584352045359
89,0.5650223648494102,0.9028135772789796,0.3377912124295694,0.7982644945434746,0.1349385495632356,8.335547822306216,1.000097492730242,490.5323633645693
90,0.8040958335999268,0.620863397762077,-0.1832324358378498,0.2470220340639574,0.6639818594072427,0.6910716878276203,1.002357505100137,341.2641978027102
91,0.7606560517813176,0.5077412334966698,-0.2529148182846478,0.220542245215834,0.7091022253333594,0.5960310498520313,1.002938579520326,316.5991501311528
92,1.110099905229923,0.6702040699374876,-0.4398958352924351,0.1518566676193565,0.7715135397338904,0.3771675219090022,0.9992801092388101,583.2212631590274
93,1.210150066614847,0.5695348264238771,-0.6406152401909699,0.05615321709223207,0.9012333042017208,0.1253264730768583,1.000367099110234,466.1371762173363
94,3.562517345362379,0.3275583887863767,-3.234958956576002,0.1768767611072658,0.7795525859122338,0.4526636168102913,1.001541788069237,383.2682014707082
95,0.81437917954468,1.122220154630857,0.3078409750861772,0.6294875405430023,0.248490040244374,3.578936533003564,1.001506419365002,385.3272311573346
96,0.6922102938478073,0.5924698754454135,-0.09974041840239378,0.4723549373590347,0.4593776225752507,1.885802711380634,1.006557796409398,218.7435134972714
97,0.7067464783995625,0.618548596891255,-0.08819788150830754,0.3576331486219327,0.5519588153703932,1.172800979276565,1.00510496617668,249.6136442091918
98,0.563497090135154,0.384380232387232,-0.1791168577479221,0.2782756623914435,0.6439555128372623,0.812219757871228,0.9999822771585116,501.7607869336825
99,2.065351987724552,0.2385272074019843,-1.826824780322568,0.1203533926613886,0.8389004019217999,0.2882171241110488,1.001339827500341,395.3339086597458
100,0.7531396351703152,0.2401505096642055,-0.5129891255061096,0.04301138041281532,0.9292057524942999,0.09467739130701398,0.9979683438957256,838.2189525735921