Codon,alpha,beta,beta-alpha,Prob[alpha<beta],Prob[alpha>beta],BayesFactor,PSRF,Neff
1,1,0.03743113771014823,-0.9625688622898517,3.331848503441537e-22,1,2.200383664511551e-21,1.00147201259529,387.3518139961022
2,1,0.1007217505986983,-0.8992782494013016,1.592656582920247e-16,1,1.051805184003616e-15,1.001012001199039,416.6415029671483
3,1,0.04070410073245057,-0.9592958992675494,3.12669301030083e-20,1,2.064897073411943e-19,1.001593006658614,380.3255383941333
4,1,0.01193906405190025,-0.9880609359480997,2.689639850980591e-24,1,1.776263112024421e-23,1.000280053980954,473.7417263471752
5,1,0.01201073198717122,-0.9879892680128288,3.571339417214067e-24,1,2.358545685959915e-23,1.000272175967819,474.4423378544436
6,1,0.04071590611021626,-0.9592840938897838,3.173131475961384e-20,1,2.095565466989538e-19,1.001593193974899,380.3148602559918
7,1,0.01201169173807212,-0.9879883082619279,3.589095842218993e-24,1,2.370272193777004e-23,1.000271977719093,474.4599955568077
8,1,0.2684406975624619,-0.7315593024375382,6.404958376310316e-13,0.9999999999989596,4.229893936822558e-12,0.9977035669984813,919.5652664138657
9,1,0.01332349124729008,-0.98667650875271,3.893599398194326e-22,1,2.571369167322385e-21,1.000122032856352,488.2058816208793
10,1,0.2302129314471232,-0.7697870685528768,3.074823854441611e-14,0.9999999999999499,2.030642201641354e-13,0.9972891152418064,1084.471009011737
11,1,0.01194062757827999,-0.98805937242172,2.697053391132715e-24,1,1.781159082723594e-23,1.000280150583812,473.7331481567276
12,1,0.03740810773384888,-0.9625918922661512,3.212879647158748e-22,1,2.121815528031193e-21,1.001470720203051,387.4282804288465
13,1,0.1349388483355593,-0.8650611516644406,1.330045336106481e-14,0.9999999999999787,8.783742801047402e-14,0.9993038167477363,580.0385745411995
14,1,0.01193721436328418,-0.9880627856367158,2.662639690641474e-24,1,1.758431955629399e-23,1.000280467444878,473.7050135621849
15,1,0.1007638116729103,-0.8992361883270897,1.62841884726298e-16,1,1.075422915177291e-15,1.001007901475546,416.9226623615772
16,1,1.270781322672555,0.2707813226725553,0.9257912631126299,0.05410677558438119,82.3893742544787,1.001865684912797,365.3970761730844
17,1,0.3625018307538506,-0.6374981692461494,1.315532667566433e-09,0.9999999979152054,8.687899802954884e-09,1.000674614231125,441.1355072984064
18,1,0.3627257260705299,-0.6372742739294701,1.358442733287763e-09,0.9999999978476897,8.971281858925551e-09,1.000680320752732,440.6970811184141
19,1,0.100396731017359,-0.899603268982641,1.338970946904993e-16,1,8.842688362877446e-16,1.001043986166082,414.4610402382046
20,1,0.06053880217563605,-0.939461197824364,8.134326330345029e-19,1,5.37198457871344e-18,1.002132403838975,351.8972536618292
21,1,0.08193404823842962,-0.9180659517615704,1.256248665717856e-17,1,8.296382742957165e-17,1.001630252402659,378.2141553321191
22,1,0.1360926766984411,-0.8639073233015589,1.980198450571197e-14,0.9999999999999686,1.307741429007769e-13,0.999214363895637,592.2342383635551
23,1,0.1539842889981478,-0.8460157110018521,1.117475983458485e-13,0.999999999999823,7.379915074009158e-13,0.998440177525421,724.1852967494059
24,1,0.1179271134863879,-0.8820728865136122,1.685965718207547e-15,0.9999999999999982,1.113427402668061e-14,1.0001878714127,482.0726534667814
25,1,0.1533312288512332,-0.8466687711487668,9.387172054897791e-14,0.9999999999998513,6.199375519091876e-13,0.9984767475041068,716.6347663026485
26,1,0.09337129307394344,-0.9066287069260566,2.315453024436671e-18,1,1.529146660075241e-17,1.001717457230104,373.3621114162371
27,1,0.1082646469512188,-0.8917353530487812,1.425230149933768e-17,1,9.412352142794955e-17,1.001171825700555,405.9712552042935
28,1,0.6056537460741163,-0.3943462539258837,0.0004014495542217219,0.9994129495274198,0.002652274857066697,0.9992534476442633,586.8427931244361
29,1,0.1180580012904081,-0.8819419987095919,1.785237401596597e-15,0.9999999999999982,1.178987343419329e-14,1.000175253441991,483.2360291194462
30,1,1.350034239652184,0.3500342396521838,0.9817864684847016,0.01171207454301705,355.9885639104784,1.000548535049186,451.0515922982465
31,1,0.3100990369010642,-0.6899009630989358,2.745221192293497e-11,0.9999999999558765,1.812969545560058e-10,0.9986104520693172,690.3264697694011
32,1,0.8146231887536943,-0.1853768112463057,0.05753077345684883,0.9237059278793224,0.4031310040740902,0.9962436825889392,1983.832411013461
33,1,0.1747742500080941,-0.8252257499919059,7.156411243407655e-13,0.9999999999988749,4.726160382222365e-12,0.9977272757347336,911.6404414633317
34,1,0.3929523470175694,-0.6070476529824306,1.619772362670053e-08,0.9999999746680137,1.069712713857083e-07,1.001544140557117,383.1320365980366
35,1,0.4330816996600937,-0.5669183003399063,2.426578807427604e-07,0.9999996257830113,1.602535547053624e-06,1.001589526608386,380.5240320769159
36,1,0.753892388191302,-0.246107611808698,0.03656770257395443,0.9520343263087447,0.2506626580709043,0.9960975118677735,2244.562469059651
37,1,0.6816375703938263,-0.3183624296061737,0.002241225506519009,0.9967641022659256,0.0148345086648028,0.997988775404706,832.5383589178424
38,1,0.2829293714712329,-0.7170706285287671,3.451646155087274e-10,0.9999999994632407,2.279499145925953e-09,0.9976306525076245,944.8284208563226
39,1,0.1247126019889606,-0.8752873980110394,2.35453282276294e-16,1,1.554955321471672e-15,1.000201532594636,480.8194420923537
40,1,0.3999261644560559,-0.6000738355439441,3.696448379729313e-08,0.9999999425409187,2.441168895800546e-07,1.001516341044995,384.7473778931691
41,1,0.07515951501873826,-0.9248404849812617,1.530784870851057e-19,1,1.010944531308337e-18,1.002169568430689,350.0957803542748
42,1,0.3297382141367836,-0.6702617858632164,9.060082273104838e-12,0.9999999999851837,5.983362392515512e-11,0.9994856677728711,556.7410444062129
43,1,0.1400526269027448,-0.8599473730972551,1.50545764723948e-15,0.9999999999999984,9.942181978496652e-15,0.9993570376759803,573.0195523316153
44,1,0.636458800879969,-0.363541199120031,0.000849122882709967,0.9987655155430926,0.005612451960293632,0.9987068517105488,672.5319270709477
45,1,0.7068748692807694,-0.2931251307192306,0.005939198254643006,0.9916144473438889,0.0394573614035364,0.9972737578635722,1091.73026914304
46,1,0.3366683733015,-0.6633316266985,1.764159999827117e-10,0.9999999997179538,1.165067631940492e-09,0.9995449193772312,549.5517085544592
47,1,0.9406541915618341,-0.05934580843816595,0.2909573834127024,0.6537694356197084,2.710005731794873,0.9963457194133111,1835.084869498899
48,1,0.1979669191881417,-0.8020330808118583,4.148719544007572e-12,0.9999999999935142,2.739852878629577e-11,0.997203558401066,1126.19383036632
49,1,0.3938635025726536,-0.6061364974273464,1.936900872253827e-08,0.9999999697588635,1.279147331348507e-07,1.001516857113888,384.7172654662585
50,1,0.4096151653106649,-0.5903848346893351,9.889700790161188e-10,0.9999999983983872,6.531250164772266e-09,1.002915149287897,317.523741719083
51,1,0.1770227816567901,-0.8229772183432099,7.59417802155629e-14,0.999999999999879,5.015265624102103e-13,0.9978211638173149,881.5599949596029
52,1,0.330499881772495,-0.669500118227505,1.024797240699176e-11,0.9999999999832527,6.767856058175826e-11,0.9995157774573308,553.0641530016612
53,1,0.4278446575290286,-0.5721553424709714,6.017136970682692e-08,0.999999905869591,3.973773321449761e-07,1.001998358748369,358.5534747617134
54,1,0.1968968710509213,-0.8031031289490788,3.465745868925565e-12,0.9999999999945768,2.288810726982817e-11,0.9972269012485904,1114.49416995466
55,1,0.8109131982472191,-0.1890868017527809,0.03874572364463814,0.9469010462761585,0.2661942423201537,0.9964721704662201,1679.114778707365
56,1,0.6926423953571325,-0.3073576046428675,0.002750108312027125,0.9960327051867693,0.01821205557265943,0.9978648118349208,868.2442076586578
57,1,0.5931187431285061,-0.4068812568714939,0.0003387887929435965,0.9995052669169013,0.00223815088180687,0.9993295709035156,576.6205117177046
58,1,0.3527998168596649,-0.6472001831403351,7.467872539221701e-10,0.9999999988144822,4.931852315390697e-09,1.000211774752017,479.8841745529963
59,1,1.030631564833804,0.03063156483380403,0.5205008307919567,0.4158774824734665,7.168804451139823,0.9956865264027559,3561.9061803342
60,1,0.4666199886324584,-0.5333800113675415,1.585237175667219e-06,0.9999975800858296,1.046906998212464e-05,1.00121596184713,403.1211174137118
61,1,0.7626591925342421,-0.2373408074657579,0.03791904278423875,0.9500857498985757,0.2602908568055805,0.9961324274502912,2176.23069343724
62,1,1.239226863444469,0.2392268634444694,0.9054221401129887,0.06899854469518778,63.22295540812031,1.001920959749605,362.5140530582937
63,1,0.9599816230873646,-0.04001837691263543,0.3382009435600172,0.6019808269423771,3.374907213552393,0.996158367521858,2128.102925784161
64,1,0.535620643353535,-0.464379356646465,2.560617573923768e-05,0.9999614869042134,0.0001691098905765182,1.000648358127356,443.1641264684842
65,1,0.3164153302252363,-0.6835846697747636,5.264386442104579e-09,0.9999999919140805,3.476649667564085e-08,0.9982544731485167,765.1359334386543
66,1,1.331445031358181,0.3314450313581807,0.9715202792939245,0.01912941833209749,225.2834614557599,1.001098482276668,410.7985342298052
67,1,0.7883435234796019,-0.2116564765203981,0.0218307472382669,0.9694300973304916,0.1473899121320847,0.9968158955116087,1364.16962131392
68,1,0.4197307620770322,-0.5802692379229677,7.570939297359027e-07,0.9999988558261448,4.999922340444179e-06,1.000848492695247,428.1599155740256
69,1,1.232051065263056,0.2320510652630561,0.8833286077770401,0.08847852240003974,50.00012402100111,1.001282116257453,398.9239784990759
70,1,0.6229463833771814,-0.3770536166228186,0.001940620979104286,0.9972663796549635,0.01284096043372782,0.9978820756272533,863.0883355488252
71,1,0.2211058992778536,-0.7788941007221464,2.275601232564837e-12,0.999999999996404,1.502828166982195e-11,0.9970819873834827,1191.342092261038
72,1,0.4231467059838647,-0.5768532940161353,3.454875577258664e-09,0.9999999944386045,2.281631893386419e-08,1.002734781632453,324.8285502808779
73,1,1.369467291828992,0.3694672918289916,0.9872021259076563,0.008051426774665976,509.4263613559605,0.9996586117956818,536.267499852209
74,1,0.4032495030428634,-0.5967504969571367,8.563863569743232e-07,0.999998716552972,5.655659800281753e-06,1.000273641979764,474.3118035844766
75,1,0.5423316987778992,-0.4576683012221008,3.754360448717278e-06,0.9999941472368647,2.47942378188151e-05,1.001723903381029,373.0084361947588
76,1,0.3759052977361236,-0.6240947022638763,5.926576906924568e-08,0.9999999092321824,3.913966607985886e-07,1.000259607695164,475.5644006795041
77,1,0.5675843635657556,-0.4324156364342444,7.997151140082006e-05,0.999880689182772,0.0005281815205099343,1.00025824924646,475.6859999100717
78,1,1.158130306270735,0.1581303062707349,0.7758727654398406,0.1803282267366123,22.86172735042716,0.9987769731893253,660.156890425063
79,1,0.5148572205758316,-0.4851427794241684,5.150557478048217e-05,0.9999242157485162,0.000340165114929312,1.000007245947531,499.283686673019
80,1,0.4131157768940322,-0.5868842231059678,1.199407996858974e-08,0.9999999810246335,7.921001787149792e-08,1.002281321644932,344.789383834514
81,1,0.4289454965847554,-0.5710545034152446,1.667138430108329e-07,0.999999742185555,1.100993870478968e-06,1.001668015073797,376.0975042935921
82,1,0.8315309079772779,-0.1684690920227221,0.07218030195790168,0.9049070086285559,0.5137694446594721,0.9962467287082908,1979.042763776014
83,1,1.071309180301875,0.07130918030187483,0.6354279632108872,0.3005899125516266,11.51055155220267,0.99597442489035,2524.013417010345
84,1,0.7059927057433364,-0.2940072942566636,0.01017040439369153,0.9859998054862066,0.06785642147155625,0.9967464875383358,1417.848476004275
85,1,1.517782818192239,0.517782818192239,0.9995943115762882,0.0002056678050804484,16272.12705616821,0.9960128038482922,2429.681280734478
86,1,0.9402453131289157,-0.05975468687108432,0.2869336582988083,0.65661967105227,2.65744768788951,0.9963607683261509,1815.017188341994
87,1,0.9268790875215066,-0.07312091247849339,0.2454772857486451,0.6994295723155332,2.148583123885267,0.9964325408487729,1725.058879795136
88,1,0.4930902221425247,-0.5069097778574753,2.305175662225511e-05,0.9999658890555116,0.0001522394488585017,1.000245796520264,476.8036123231745
89,1,0.6840371994472541,-0.3159628005527459,0.003055898895755794,0.9956298051593278,0.02024330131553363,0.9977371364017729,908.3846776656899
90,1,0.9267592790560885,-0.07324072094391154,0.2347924725813005,0.7082650186323161,2.026366988530256,0.9963280612196903,1859.206497246035
91,1,0.9412677910632699,-0.05873220893673015,0.2719946049830003,0.6649054297741214,2.467396010002194,0.9962155163043284,2029.246030047818
92,1,0.9270771514167475,-0.07292284858325249,0.2345757906744293,0.7081890979638054,2.023923814592193,0.9963129504092231,1880.358624594595
93,1,1.187556715612934,0.1875567156129339,0.8771648287868731,0.08651338131527654,47.15976584975257,1.000134600509312,487.0230179610195
94,1,0.6558454575502337,-0.3441545424497663,0.003068520937743306,0.9956773283747425,0.02032717132055589,0.9976004423972059,955.7086068099979
95,1,0.9983079127904262,-0.001692087209573812,0.4425148436292643,0.4900309083262143,5.24212896144414,0.9957556078104847,3241.922128630503
96,1,0.9434857104517864,-0.05651428954821358,0.2874727011416678,0.6519985771663996,2.664454250460494,0.9963113729538871,1882.594581625156
97,1,0.6422361673369781,-0.3577638326630219,0.0006570942941818297,0.9990350747911509,0.00434236502716615,0.9989152635639702,637.0463769276867
98,1,0.8196859949095316,-0.1803140050904684,0.05292550096428968,0.9288595503108825,0.3690574702875238,0.99629892120476,1900.433060048049
99,1,0.9665320985909889,-0.03346790140901112,0.3503698489532933,0.5793810356895498,3.561834354547153,0.9960201421066648,2412.44295899483
100,1,0.7833974892112873,-0.2166025107887127,0.02441762652505017,0.9662178875407985,0.1652923171014788,0.9966361454961735,1512.488788843625