Codon,alpha,beta,beta-alpha,Prob[alpha<beta],Prob[alpha>beta],BayesFactor,PSRF,Neff
1,0.638275,0.301568,-0.336707,0.156237,0.788255,0.331973,0.996528,1617.98
2,1.46461,0.294799,-1.16981,0.00776,0.986037,0.0140212,1.02095,99.5719
3,1.81184,0.1304,-1.68144,0.000776719,0.998507,0.00139361,1.0201,102.811
4,0.537467,0.12251,-0.414957,0.0628818,0.902011,0.120301,0.998646,683.693
5,0.820264,0.127747,-0.692517,0.0126054,0.979394,0.0228879,1.00036,466.327
6,0.238967,0.115563,-0.123404,0.260731,0.596691,0.63231,1.00171,373.621
7,0.709656,0.116184,-0.593472,0.0208938,0.965878,0.0382583,0.997896,858.885
8,0.820047,0.127747,-0.6923,0.0126148,0.97938,0.0229052,1.00036,466.526
9,0.624449,0.121842,-0.502607,0.0445753,0.929796,0.0836446,0.998666,680.015
10,1.29036,0.126668,-1.16369,0.00125551,0.997575,0.00225374,1.01142,155.108
11,0.4033,0.128422,-0.274878,0.171235,0.742624,0.370426,0.999958,504.206
12,0.308603,0.398806,0.0902027,0.603655,0.322639,2.73058,1.00308,311.296
13,1.00838,0.546128,-0.462255,0.123569,0.820945,0.252774,1.01149,154.464
14,0.646611,0.776454,0.129843,0.604521,0.311198,2.74049,1.00088,426.025
15,0.638244,0.280973,-0.357271,0.138088,0.808678,0.287232,0.996103,2234.06
16,0.557235,0.113774,-0.443462,0.0513721,0.917707,0.0970892,0.998813,653.945
17,0.386967,0.299757,-0.0872102,0.402789,0.516786,1.20918,0.999417,565.266
18,0.59183,0.114016,-0.477814,0.0347801,0.943817,0.0646017,0.99774,907.454
19,0.638245,0.280973,-0.357272,0.138088,0.808678,0.287231,0.996103,2234.05
20,2.11001,0.437643,-1.67237,0.00750959,0.985377,0.0135653,1.00285,319.989
21,2.18241,0.449127,-1.73329,0.013272,0.977012,0.0241146,1.00243,337.756
22,0.39453,0.722315,0.327785,0.776807,0.172675,6.23982,1.00531,244.79
23,0.388441,0.301249,-0.0871916,0.402903,0.516922,1.20975,0.999357,573.003
24,1.14574,0.123814,-1.02193,0.00272579,0.995103,0.00490024,1.00787,196.854
25,2.55022,0.972437,-1.57778,0.638543,0.292051,3.16719,1.002,358.401
26,0.92134,0.292018,-0.629322,0.0311404,0.950828,0.057624,1.01677,117.971
27,0.557235,0.113774,-0.443462,0.0513721,0.917707,0.0970892,0.998813,653.945
28,1.17217,0.736567,-0.435602,0.242717,0.669416,0.574621,0.999181,596.987
29,1.17479,0.524884,-0.649911,0.0718576,0.887588,0.138803,1.01191,150.72
30,0.64434,0.511404,-0.132935,0.34572,0.578927,0.947329,1.00373,288.243
31,0.646439,0.619103,-0.0273351,0.451988,0.467159,1.47868,1.00315,308.447
32,0.523905,0.287998,-0.235907,0.208252,0.719949,0.471566,0.995184,12665
33,0.935239,0.2927,-0.642539,0.0242694,0.960506,0.0445933,1.02011,102.788
34,0.805579,0.113257,-0.692322,0.0142588,0.976254,0.0259334,0.998119,798.019
35,0.76883,0.549676,-0.219153,0.30725,0.620497,0.79516,1.00572,235.596
36,0.459381,0.483329,0.0239485,0.49683,0.420752,1.77024,0.99805,816.036
37,1.45577,0.579396,-0.87637,0.0797255,0.878546,0.155317,1.00328,303.652
38,1.02101,0.128266,-0.892746,0.00787011,0.986884,0.0142217,1.00327,304.015
39,0.536303,0.122526,-0.413777,0.0631907,0.901545,0.120932,0.998646,683.74
40,1.06667,0.265547,-0.801127,0.0235501,0.962313,0.0432397,1.01324,140.016
41,1.38446,0.810387,-0.574071,0.213351,0.690142,0.486243,1.00195,361.189
42,0.493179,0.82613,0.332952,0.781724,0.159047,6.42076,1.00406,277.942
43,2.29031,0.300365,-1.98995,0.00114509,0.997543,0.0020553,1.00627,224.239
44,0.386869,0.299976,-0.0868928,0.403122,0.516458,1.21085,0.999419,565.089
45,0.451891,0.112782,-0.339109,0.0783352,0.875278,0.152379,0.998874,643.782
46,0.828597,0.700381,-0.128215,0.31841,0.582569,0.837535,1.00276,323.825
47,2.103,0.314258,-1.78874,0.00280389,0.994457,0.00504103,1.00881,183.74
48,0.592443,0.114026,-0.478418,0.0346827,0.943971,0.0644142,0.99774,907.4
49,0.835667,0.701603,-0.134065,0.368075,0.540517,1.04427,1.00123,402.512
50,0.515995,0.113282,-0.402712,0.0605411,0.903253,0.115535,0.99884,649.434
51,0.64342,0.606785,-0.0366352,0.44239,0.477123,1.42238,1.00328,303.754
52,0.767322,0.550036,-0.217286,0.308259,0.619382,0.798937,1.0057,235.97
53,0.679644,0.523774,-0.15587,0.301881,0.620746,0.775258,1.00615,226.535
54,0.858537,0.433408,-0.425128,0.11486,0.838434,0.232647,1.01597,122.306
55,0.727142,1.05894,0.331802,0.714821,0.186095,4.49387,1.00574,235.097
56,0.724267,0.413185,-0.311082,0.154774,0.788445,0.328296,1.00897,181.657
57,0.554847,0.697539,0.142692,0.625287,0.29732,2.99171,1.00159,380.361
58,0.811195,0.29089,-0.520305,0.0534498,0.919623,0.101238,1.00794,195.834
59,1.08883,0.631271,-0.457561,0.221339,0.708392,0.509623,1.00208,354.499
60,0.392885,0.539918,0.147033,0.640158,0.297035,3.18945,1.00372,288.604
61,0.641393,0.427733,-0.21366,0.267322,0.663981,0.654127,1.00139,392.15
62,1.96173,0.622373,-1.33935,0.0415068,0.930574,0.0776372,0.998915,637.109
63,1.99805,0.756093,-1.24196,0.0319395,0.918211,0.0591514,1.00841,189.131
64,0.388489,0.398508,0.0100189,0.511274,0.415634,1.87555,1.00046,457.984
65,0.833552,0.792947,-0.0406046,0.457521,0.440196,1.51206,0.999723,529.002
66,0.814581,0.700343,-0.114238,0.348279,0.555281,0.958088,1.00232,343.181
67,0.484814,2.98724,2.50243,0.999452,1.43927e-07,3270.8,0.998456,720.854
68,0.644323,0.635723,-0.0086001,0.470311,0.448376,1.59186,1.0029,318.093
69,0.703351,0.764511,0.0611602,0.528847,0.375499,2.01237,1.00091,424.095
70,0.577665,0.516197,-0.0614675,0.409064,0.511768,1.24105,1.00145,388.574
71,0.699304,0.995373,0.296069,0.735746,0.167832,4.99166,1.00558,238.635
72,1.16877,0.717462,-0.451309,0.228925,0.687103,0.532274,0.999096,609.134
73,0.823972,0.303762,-0.52021,0.0747409,0.892255,0.144822,1.00537,243.353
74,0.645072,0.60648,-0.0385911,0.440682,0.47886,1.41256,1.0033,302.834
75,1.27053,0.514564,-0.755968,0.0594329,0.905539,0.113286,1.01159,153.54
76,0.646255,0.689058,0.0428026,0.522215,0.394627,1.95955,1.00191,363.28
77,0.812338,0.453059,-0.359279,0.209529,0.730611,0.475223,1.00727,206.296
78,1.00695,0.580378,-0.426569,0.139915,0.798165,0.29165,1.00924,178.33
79,0.684557,0.732327,0.0477701,0.510366,0.398416,1.86874,1.00222,347.486
80,0.454828,1.61218,1.15735,0.943535,0.0235322,29.9583,1.01034,165.749
81,0.83002,0.402792,-0.427228,0.127053,0.825413,0.260938,1.01128,156.426
82,0.836107,0.895052,0.0589445,0.553127,0.334816,2.21912,1.0021,353.695
83,0.509985,1.63454,1.12455,0.942294,0.0273041,29.2758,1.00597,230.228
84,0.82919,0.689971,-0.139219,0.36043,0.549446,1.01035,1.00171,373.695
85,0.387398,0.399345,0.0119464,0.513263,0.413678,1.89053,1.0005,454.931
86,0.546518,0.376529,-0.169989,0.286562,0.637063,0.720115,0.996743,1420.49
87,1.07516,0.541726,-0.533432,0.132729,0.813358,0.274379,1.00994,170.072
88,0.394425,0.61802,0.223595,0.704107,0.238566,4.26622,1.00476,258.18
89,0.644378,0.660881,0.0165025,0.496536,0.420851,1.76816,1.00229,344.216
90,0.534478,0.0869709,-0.447507,0.0359019,0.936251,0.0667629,0.99965,537.25
91,2.35738,1.22408,-1.1333,0.087484,0.754979,0.171881,1.0068,214.341
92,1.59509,0.911093,-0.683996,0.22925,0.661701,0.533257,1.00863,186.132
93,0.837831,0.937898,0.100067,0.561621,0.313098,2.29685,1.00525,246.244
94,2.07438,1.68869,-0.385691,0.278887,0.445254,0.693368,1.00436,269.19
95,0.642901,0.42944,-0.213462,0.267912,0.663414,0.656097,1.00151,385.16
96,3.54113,0.519059,-3.02208,0.328205,0.617663,0.875885,1.0041,276.828
97,0.833101,0.41409,-0.419011,0.134119,0.816853,0.277697,1.01156,153.876
98,1.69292,0.669462,-1.02346,0.0629002,0.892189,0.120339,1.00075,435.763
99,0.647709,0.843952,0.196243,0.662643,0.253106,3.52151,1.00093,422.688
100,0.896361,0.653034,-0.243327,0.208386,0.704934,0.47195,1.00494,253.656