Codon,alpha,beta,beta-alpha,Prob[alpha<beta],Prob[alpha>beta],BayesFactor,PSRF,Neff
1,1,0.1150614205211777,-0.8849385794788223,0.0003677641142308839,0.9995256341169589,0.002061212396357634,0.9966870108615707,1467.334853797432
2,1,0.1150613954610322,-0.8849386045389678,0.0003677629328832637,0.9995256355780308,0.002061205772807102,0.9966870084301267,1467.336947630983
3,1,0.1270266904004996,-0.8729733095995004,0.0006183159051544188,0.9992103512200028,0.003466352153877584,0.9967212652387523,1438.419580761053
4,1,0.1275118569516634,-0.8724881430483367,0.0006305854265748258,0.9991950046175703,0.00353517994509636,0.9967238068117238,1436.319617898458
5,1,0.3211457480666655,-0.6788542519333345,0.005457110013465094,0.9931781672833588,0.03074205117971193,0.9973051043636474,1077.015351378858
6,1,0.4315490961034626,-0.5684509038965374,0.01194860420257435,0.9851270809963191,0.06775343035961465,0.9978350581647949,877.2769294241808
7,1,0.1150614167357937,-0.8849385832642063,0.0003677639983106733,0.999525634262908,0.002061211746419072,0.9966870107547524,1467.334945783648
8,1,0.1150614095233714,-0.8849385904766286,0.0003677637722295321,0.9995256345470039,0.002061210478832937,0.9966870105172073,1467.335150344905
9,1,0.1150614079734861,-0.8849385920265139,0.0003677638362892801,0.9995256344733491,0.002061210838001543,0.9966870109331795,1467.33479213172
10,1,0.1150614069017736,-0.8849385930982264,0.0003677638033403897,0.9995256345147645,0.002061210653264522,0.9966870108989252,1467.3348216297
11,1,0.1270423557656243,-0.8729576442343756,0.0006186880038385517,0.9992098848520644,0.003468439474546128,0.9967213022463942,1438.388959199759
12,1,0.1150614098410033,-0.8849385901589967,0.0003677637847144571,0.9995256345315505,0.002061210548833105,0.9966870105426634,1467.335128423516
13,1,0.3207766358262343,-0.6792233641737657,0.005425112876563863,0.9932172162898916,0.03056081547433219,0.9973037931780665,1077.622877251326
14,1,0.3220634983111254,-0.6779365016888746,0.005543177936850477,0.9930735062846715,0.03122960832478838,0.9973083492458636,1075.514816242376
15,1,0.4898376444504111,-0.5101623555495889,0.01580934713127607,0.9802308922460478,0.08999706544218262,0.9978231338582165,880.9501573272159
16,1,0.1150613966322551,-0.8849386033677449,0.0003677628945305095,0.9995256356216977,0.002061205557771832,0.9966870081593125,1467.337180842494
17,1,0.1270087331611453,-0.8729912668388548,0.0006177156335826593,0.9992110962930358,0.003462984880375128,0.9967208641497736,1438.75154124754
18,1,0.3809833051226872,-0.6190166948773128,0.005583300016970992,0.992905517127277,0.03145692052697482,0.9979894063755647,832.3641602896603
19,1,0.1150614027535702,-0.8849385972464299,0.0003677637672897296,0.9995256345659319,0.002061210451136575,0.9966870111603409,1467.334596512488
20,1,0.1270087331611453,-0.8729912668388548,0.0006177156335826593,0.9992110962930358,0.003462984880375128,0.9967208641497736,1438.75154124754
21,1,0.5847930470335065,-0.4152069529664935,0.03512380204956182,0.9568448259093557,0.2039499376382312,0.9977176443982817,914.8431892198392
22,1,0.1274712931760427,-0.8725287068239573,0.0006292522830084954,0.9991966597534232,0.003527701386803118,0.9967229770591933,1437.004520862696
23,1,0.6050848385282986,-0.3949151614717014,0.0431844438519853,0.9474006386344103,0.2528673472115976,0.9977460437803142,905.4636766993973
24,1,0.1275024941766156,-0.8724975058233844,0.000629841849196764,0.9991959143216912,0.003531008683884596,0.9967227255935928,1437.21221754489
25,1,0.2512818366225193,-0.7487181633774806,0.001317046717293684,0.9983000868669821,0.007388685691473221,0.9970352858828117,1218.425250064965
26,1,0.5667559157742442,-0.4332440842257558,0.0376605154528778,0.9543687244061433,0.2192560590670888,0.9978465063816249,873.7791881023719
27,1,0.4956196544784549,-0.5043803455215451,0.01701976316996158,0.9787674651884674,0.09700684396460514,0.9978089562092237,885.3579196711273
28,1,0.4685027612801501,-0.5314972387198499,0.01906513313447172,0.9766226421556367,0.1088913343993194,0.9978284977892951,879.2940075207358
29,1,0.54959981678759,-0.45040018321241,0.03162305672534658,0.9614108604050348,0.182958695763109,0.9977977038877635,888.8878678093853
30,1,0.6744677401410508,-0.3255322598589492,0.06903706537032152,0.9169611416779683,0.4154737413948595,0.9977758630214301,895.8208478489003
31,1,0.0937594040463163,-0.9062405959536837,0.0001111691460856364,0.9998536456323321,0.0006229112890701912,0.996743148105499,1420.538143908179
32,1,0.7493933378103055,-0.2506066621896945,0.144992315740122,0.8362175056607878,0.9500984671806016,0.9997811314216521,522.657303876859
33,1,0.1270165123337149,-0.8729834876662851,0.000618004376544979,0.9992107387512099,0.00346460460762643,0.9967210971848628,1438.55865152852
34,1,0.1150614095545362,-0.8849385904454639,0.0003677637740235992,0.999525634544821,0.002061210488891868,0.996687010522797,1467.335145531461
35,1,0.09377419928433342,-0.9062258007156666,0.0001112506897085561,0.9998535390756415,0.0006233682512454227,0.9967428522412248,1420.776934343612
36,1,0.3038501743805625,-0.6961498256194375,0.004036044349739468,0.9949162723822159,0.02270418712325899,0.9972456032215151,1105.295088226891
37,1,0.4479582255229715,-0.5520417744770285,0.01481239068684765,0.9816840038377741,0.08423641322219599,0.9978187150039809,882.3192224896594
38,1,0.3216889878807888,-0.6783110121192113,0.005506928790104988,0.9931175254347598,0.0310242540516433,0.9973070256168007,1076.126396788453
39,1,0.6003673182926741,-0.3996326817073259,0.04119987954317426,0.9497146467755225,0.2407473500484825,0.9977359558488805,908.7732378745311
40,1,0.6642643148755898,-0.3357356851244102,0.06309571836548962,0.9237609010114518,0.3773099992167838,0.9977353499507805,908.9727892445463
41,1,1.1326538316886,0.1326538316886003,0.4570632321865947,0.513818537546017,4.716509161937672,1.000513839080254,453.8598066819038
42,1,0.5635882424155307,-0.4364117575844693,0.03650536165797383,0.9557122704030562,0.212276052183688,0.9978361586228399,876.9394882940556
43,1,0.6018448350084996,-0.3981551649915004,0.04181809267660173,0.9489934318895843,0.2445174757469667,0.9977390115249717,907.7681960641288
44,1,0.5524455856574111,-0.4475544143425889,0.0245705647139552,0.9694002765514862,0.1411279165623532,0.9977392079108074,907.703679175202
45,1,1.084403715146632,0.0844037151466317,0.4366085247242622,0.5299925104748847,4.341857729609514,1.000838067091039,428.9161851472406
46,1,0.4467127599607634,-0.5532872400392366,0.01460865260392049,0.9819300512460938,0.08306060043505029,0.9978201487242451,881.8745540666956
47,1,0.4887819184946353,-0.5112180815053647,0.01560867429684216,0.980474902650759,0.08883659196278465,0.9978259664673353,880.0747902711718
48,1,0.5842009179727788,-0.4157990820272212,0.03490183815091052,0.9571061816409692,0.2026144714040848,0.9977172340744318,914.9801378152966
49,1,0.6923940429848994,-0.3076059570151006,0.08030745398882275,0.9041780259068659,0.489222970250994,0.9978737178172391,865.5767131471814
50,1,0.08479110444967555,-0.9152088955503245,5.674946436169191e-05,0.9999244936317367,0.0003179655453488034,0.9968233325222078,1358.658720223105
51,1,0.250955192303376,-0.749044807696624,0.001306567856237967,0.9983133567714884,0.007329821944952825,0.9970334846070595,1219.494609622363
52,1,0.7133158386727005,-0.2866841613272995,0.09468836132765024,0.888054528185054,0.5859926194748225,0.9980275930477732,821.9561834173103
53,1,1.426816561183719,0.4268165611837189,0.6990179389745983,0.2763494551787949,13.01191922346093,0.9990136934899602,621.5642964896363
54,1,0.1275062120183033,-0.8724937879816967,0.0006301377504368676,0.9991955523058034,0.003532668606373991,0.9967231560455333,1436.856724704319
55,1,0.4882591406997695,-0.5117408593002305,0.0154948967315419,0.9806121747614018,0.08817883639125784,0.997827394465963,879.6341549528222
56,1,0.2980508077044175,-0.7019491922955825,0.003623702035058423,0.9954237613028614,0.02037617871630926,0.9972259088099041,1114.986623219188
57,1,0.7848592289108151,-0.2151407710891849,0.135509794845618,0.8408210719950941,0.87822189412862,0.9979162960621117,853.0479727061344
58,1,1.395209203725997,0.3952092037259967,0.7337373190486389,0.2393631386350807,15.43917028059954,1.000690313568926,439.9314568457979
59,1,0.1270220726819261,-0.872977927318074,0.0006181956803607269,0.999210501513813,0.003465677742535052,0.9967212339845061,1438.445442757239
60,1,0.6850648701151932,-0.3149351298848068,0.07556692198912303,0.9095363832262905,0.4579835771542361,0.9978292093977642,879.0747633546532
61,1,0.7503256464130891,-0.2496743535869109,0.1135798006086151,0.8660548997968762,0.7178853769540349,0.9979616683363541,840.0918809678036
62,1,0.4611039734717053,-0.5388960265282947,0.01066006951169995,0.9865104674746666,0.06036818904347079,0.9979265527116401,850.0841852613322
63,1,0.5656205929184073,-0.4343794070815927,0.0372520008372451,0.9548444110847504,0.2167856986591255,0.9978431508077469,874.8015017873668
64,1,0.9663292225633375,-0.03367077743666247,0.3238544809570398,0.6404780058338879,2.683511034050171,0.9995908646725177,544.1042985908483
65,1,0.8524927000906695,-0.1475072999093305,0.203277026421987,0.7680814216855307,1.429468560439704,0.9987362004320802,667.2961318108026
66,1,0.5860076592815682,-0.4139923407184318,0.04533394242763825,0.945512385377655,0.2660514658187533,0.9979366346031687,847.1909872794672
67,1,0.4830838204652309,-0.5169161795347692,0.02247692448701858,0.9725932487125954,0.1288259985565395,0.9978529638897472,871.8185722004594
68,1,0.5549592654417839,-0.4450407345582161,0.02523811026804556,0.9685941200590751,0.1450614256570028,0.9977345141937466,909.248188663846
69,1,0.5135427321525459,-0.4864572678474541,0.02119503509574622,0.9737527454541007,0.1213197831939337,0.9977802844416499,894.4085957123956
70,1,2.510666363057401,1.510666363057401,0.9969574933794713,0.002476103063591087,1835.85661688977,1.000325213071087,469.7655200529392
71,1,0.4901917084827859,-0.5098082915172142,0.01589063790328304,0.9801330992384163,0.09046729756932885,0.9978222105917121,881.2358543134965
72,1,0.9411905218254721,-0.05880947817452786,0.2954143473591699,0.6710671337688082,2.349045545993897,0.9995889480351279,544.3293664489217
73,1,0.1095908701261648,-0.8904091298738351,0.0002828844380728465,0.9996334461998913,0.001585351538849472,0.9966914680340372,1463.506613070893
74,1,0.48850179223215,-0.51149820776785,0.01554262519550189,0.9805542593757757,0.08845473926145207,0.9978267294037605,879.8393170202379
75,1,0.0772028635196783,-0.9227971364803217,2.9072339858938e-05,0.9999609437295064,0.0001628869390564556,0.9969410155065959,1277.039563273
76,1,0.4681731967040032,-0.5318268032959967,0.01898329027492578,0.9767189615185121,0.1084148399261142,0.9978276807435335,879.5458720444732
77,1,0.5938625300328945,-0.4061374699671055,0.03858263530256729,0.9527781303653751,0.224839999192588,0.9977258825303007,912.1023357163526
78,1,1.624144263969784,0.6241442639697836,0.8437727584263099,0.1391843834127673,30.25954436203189,0.9981275888935937,795.9011269677942
79,1,0.8686090352688817,-0.1313909647311183,0.2200880476117923,0.7504006737688959,1.581046091308417,0.9989585101114514,630.1495840803638
80,1,0.4354477817381563,-0.5645522182618437,0.02423339952518723,0.971071609063878,0.1391432179216876,0.9979763726593261,835.977444252582
81,1,0.7198436472994187,-0.2801563527005813,0.1105920185863349,0.8716780344683155,0.6966528398150743,0.9986332526186312,686.0327207344781
82,1,1.542976937881074,0.5429769378810743,0.8183915529571608,0.1616004369353554,25.24752102449087,0.9992988881736495,580.69734446963
83,1,1.019921271798736,0.01992127179873582,0.3852703362449662,0.5772539349285976,3.511357518197321,1.000036292787222,496.4328417581646
84,1,0.9131414160378579,-0.08685858396214208,0.2651091125804163,0.7020674213541562,2.021135558723764,0.9991770014617873,597.482279606115
85,1,0.1195992483964621,-0.8804007516035379,0.0004521765011763494,0.9994189948273722,0.002534533642948041,0.9966948190017815,1460.641647612759
86,1,1.614760163660085,0.6147601636600846,0.8262167203315858,0.1559686265423649,26.63665217704423,0.9978992356163385,858.0240517536481
87,1,0.4528456945099464,-0.5471543054900536,0.01574533745890624,0.9805680101842441,0.08962685169917825,0.9978174597845368,882.7088987722577
88,1,0.4879336014265769,-0.5120663985734231,0.01543028528527215,0.9806905318513237,0.08780538105698925,0.9978282911458228,879.357694255556
89,1,0.5529575312011423,-0.4470424687988577,0.03274080598761649,0.9601012307149157,0.1896444550157441,0.9978047277065999,886.6811294442923
90,1,1.111127950505268,0.1111279505052678,0.4768867261708961,0.4871667448696393,5.107556072405066,1.000857332875718,427.5207567984127
91,1,0.7859325655456993,-0.2140674344543007,0.1534159598848589,0.8240210643854372,1.015299363527741,0.9988645126882603,645.3361553839069
92,1,0.6744707159270341,-0.3255292840729659,0.06902344134840192,0.9169747036002025,0.4153856714252277,0.9977751416059242,896.0517013057759
93,1,1.783584101891306,0.7835841018913059,0.9122607464808544,0.07680717718927868,58.25305443545194,0.9969790188864878,1252.742688579478
94,1,0.4535953254876093,-0.5464046745123907,0.009564813117381929,0.9878608101719746,0.05410583167364178,0.9979611929515052,840.2255780523045
95,1,0.504054736328258,-0.495945263671742,0.01890610499958931,0.9764959419763176,0.1079655350531866,0.9977925392044416,890.5175548743156
96,1,0.9593706384871613,-0.04062936151283869,0.3131850736428831,0.6547997744044496,2.554788658820242,1.000167771427292,483.9285467750591
97,1,2.140564488846674,1.140564488846674,0.9736274526443432,0.02258522696750865,206.8399285772931,0.996337257393683,1846.565492052727
98,1,1.017248937989263,0.01724893798926264,0.3797552333843947,0.5839606320630815,3.430317414733694,1.000189358068554,481.9359556003412
99,1,0.4277476095149664,-0.5722523904850336,0.02238057182493684,0.9732072240540643,0.128261112928703,0.997910399105308,854.7613893815429
100,1,1.600292321539012,0.6002923215390119,0.8331759428906169,0.1488544951504572,27.98154509550461,0.9983582354982955,741.698529951301