dN,dS,dN/dS,dS=dN,LRT,p-value,Full Log(L)
0.5948207678934653,1.254057350656879,0.4743170378786076,0.7559824641655517,3.964187099035087,0.04647795806118327,-210.974963150036
0.1668115102055603,0.8454568089301379,0.1973034085758298,0.3081815631941437,8.743703394088698,0.00310672923637223,-96.73753101104407
0.02770489357607019,0.9780062167563747,0.02832793197159359,0.1849161549143331,19.44457591433428,1.035615248978772e-05,-53.48425131666858
0,0.6978949246601616,0,0.1309094610912164,16.69514108774273,4.389327558373957e-05,-33.47853817286838
0.03264677492252718,1.070840065650236,0.03048706895618758,0.3732023634517851,28.78520078660981,8.086668001894282e-08,-100.9879528384621
0.03264884010260045,1.010331794362465,0.03231496849329814,0.3516431618967348,26.78414224880913,2.274965349435831e-07,-98.02192586806342
0.06520695443310959,1.073504940097975,0.06074210932569938,0.3950539898627903,24.70586539829853,6.678062965947973e-07,-119.6985961267278
0,0.4159643537927895,0,0.07845755222128045,9.993856087226661,0.001570633642978603,-23.64953800927618
0,0.8408174000431976,0,0.1973796042270256,23.13438959048233,1.510646089775136e-06,-47.85944610624944
0,0.3975646802023012,0,0.1311453086592146,13.28888684031202,0.0002669839518426587,-47.21470691331444
0.06455618648025636,0.6902337565974118,0.09352800535067084,0.1830697823806663,9.067823047086435,0.002601465921120982,-55.81742807866814
0.3182891876553454,0.5192555336581764,0.6129721630754419,0.3654133172338728,0.7473132313851636,0.3873282131266136,-117.4014978502199
0.3913941331907351,0.959956356393321,0.407720757911592,0.5094795421133744,3.992780593169812,0.04569559567157222,-160.8006388763654
0.5346087871606167,0.7497033786090507,0.7130937413574071,0.5885664271485724,0.5895033130213392,0.4426112488260628,-172.9487022021288
0.1290503146976682,1.419315861799363,0.09092430950081988,0.3678073015211699,18.48464442768565,1.712787363150614e-05,-92.86433287456667
0.1267648558237288,0.9790263624675917,0.1294805336030213,0.2840540082553321,10.80034603789971,0.001014811236864199,-78.57277936236531
0.1902956257475219,0.7346478574002063,0.2590297158436501,0.3166058978157476,5.65052757578087,0.01745012141140734,-96.05401247085558
0.1949449974864806,0.9446232726208978,0.2063732740202318,0.3522055153454726,9.433841239067448,0.002130176406889062,-108.6023214783279
0.09792328068230631,1.069306587939657,0.09157643073254149,0.416840289715878,21.39234966831407,3.742615850788056e-06,-125.2314707622507
0.03227263013222949,1.881672323160602,0.01715103620061855,0.4499236209649735,43.15220704795823,5.064271224597405e-11,-95.48321920492923
0.2257641847003621,1.321505115951543,0.1708386762754239,0.4403853478857878,12.49649034403308,0.0004077172451476541,-114.7798946919596
0.3896931928514504,1.562019145365728,0.2494804202673255,0.6504220933707764,12.60215477014168,0.000385302310662694,-174.3942271162892
0.1637739767123428,1.302961327935582,0.1256936588991686,0.5317384707225284,22.11700684096536,2.565270120435947e-06,-146.842360443356
0.3717070440793931,0.6828381095840297,0.5443560323629697,0.446596258813052,1.519430718934018,0.217705662833066,-131.5219762839449
0.06537586813664911,1.511072634649523,0.04326454376682716,0.5311223873370403,37.35781457156992,9.832610281534926e-10,-141.0073233387753
0.03264384983173008,0.7393293397337155,0.04415332663990776,0.2635709318870278,18.44988714408998,1.7443116220206e-05,-85.05213749961167
0.09805643995347831,0.7414547172889204,0.1322487235795264,0.3080807109036744,12.40214515185318,0.0004288409250360337,-98.51073730612144
0.06461765809440446,1.158512458634016,0.05577640327717677,0.3214330304083919,21.69934503927652,3.189001434256156e-06,-81.61171947528435
0.2797311605213111,0.8377799968650346,0.333895726286212,0.3973860485536502,4.886654046340141,0.02706509004327451,-127.0246807778471
0.2235890915697307,1.494253165481926,0.1496326705104344,0.4866904415918416,18.65512516001132,1.566256775342723e-05,-133.8740907358446
0.7517284945045113,1.066572345857118,0.7048077867614386,0.8281000569933228,0.8611659286664235,0.3534126203860949,-221.0217781518753
0.48176873310117,1.348941042229812,0.3571458781510582,0.6678774870784007,7.112601056758535,0.007654396564098276,-190.3283137361255
0.5628074825665159,1.389292195971899,0.405103752974583,0.7604613804006596,5.921102586213806,0.0149605935040914,-193.4028408764032
0.03222458636209006,1.36041626396723,0.02368729867145009,0.306652665242525,28.12648628216311,1.136399530032861e-07,-72.08649852630174
0.5961623316339736,1.501066721289102,0.3971591157000636,0.8536504750636806,7.7566429172266,0.005351533848741874,-232.2465343271661
1.153586125857917,1.163665798621206,0.9913380003303074,1.15481308685214,0.0002599307636046433,0.9871367684125099,-216.172932149403
0.1942512015792207,1.254049454749975,0.1548991555663563,0.3938645905087315,12.26036249338642,0.0004626816218691321,-100.7791346500927
0.09809006503756908,0.8085341441138736,0.1213183954588244,0.3301008263548492,14.15429521341102,0.0001684121727891785,-104.4241774000248
0.1905719152895916,0.9411022429215196,0.2024986304335945,0.3654017721601052,9.168572509584521,0.002462065380841927,-104.6221519755528
0.3285598858007814,0.7923107260001093,0.4146856467026246,0.4827539059885607,4.186192373896176,0.04075453440506105,-151.2426572892941
0.7817709146052351,0.492528406338066,1.587260561106878,0.7122341940861453,0.9711548427768548,0.3243923333074723,-189.8530103866552
0.2168680249525418,0.1891171170087728,1.146739271318744,0.2100235156567872,0.02980150493101519,0.8629413858731187,-68.13503527075156
0.7576466630990315,1.054244247032983,0.7186633128246304,0.8309482630212902,0.7766190718996313,0.3781771463788003,-215.1379222809466
0.8206800869600587,1.259984321511625,0.6513415071510369,0.9283279781708327,1.486365627300302,0.2227812106543672,-227.2323383657629
0.3180861162134112,0.2763792368158064,1.150904532041242,0.3102927944224238,0.0338061709437909,0.8541197194979071,-96.23301057256728
0.2298714026899935,1.148223901857795,0.2001973677068277,0.5302646573235188,14.48062120915466,0.0001416088779619962,-152.3455291572443
0.2806657763051981,1.372368617531338,0.2045119457847039,0.4658794953425905,11.36157321072926,0.0007497928709678803,-131.6339933713343
0.447363166498517,0.556032149916982,0.8045634889373038,0.4676354213670546,0.140158295488277,0.708123695886731,-129.1386477669637
0.1944387058301711,1.588065050651758,0.1224374944529957,0.5211308818415473,21.45799218191581,3.616654355442783e-06,-127.4328410972246
1.083506706717396,0.9204218076163695,1.177184957756889,1.0306743204308,0.2493332620977071,0.6175449398417701,-272.0437443586375
0.563237610508593,1.242454810287076,0.4533264355735028,0.6781544494500171,3.416091723351769,0.06456369506458937,-181.6252860097479
1.190083182225394,0.424236611014673,2.805234511418047,0.9767598236614593,5.836373286697722,0.01569815163210742,-236.8771144747284
0.1310811843232949,0.8761241177485221,0.1496148566942198,0.3746738889541776,13.60744059598582,0.0002252908228307371,-114.5505014326002
0.5736822496108417,0.4490868151324339,1.277441755758661,0.5606817834899938,0.1166667709239846,0.7326781465267825,-158.8690138809123
0.2295972629164479,1.222249477343389,0.1878481170763004,0.5526150883684972,16.14349043885221,5.872003398910142e-05,-155.9045839750885
0.6279540904907404,0.6638678938712583,0.9459021836843301,0.6368724779076251,0.01573132326382165,0.9001874360725876,-165.429471308262
0.2548778687030966,0.6839071423912342,0.3726790567092686,0.3358350270324166,2.675870037132739,0.1018796349293024,-94.02763205807467
0.5009185269621484,1.394480854489569,0.3592150622573466,0.7143089636504586,7.260225557087324,0.007049843624455265,-183.088284303266
0.3836190583510554,1.099934846727925,0.3487652559533336,0.5184833725676362,4.740910973664768,0.02945347109454288,-141.7067121515246
0.8767633114148311,1.193717698897342,0.7344812866766679,0.9524358375193414,0.7536432100191632,0.3853252146540889,-239.0712663180846
0.6028514223782644,0.8729974726406536,0.6905534566494813,0.6319724331470888,0.4231537530765763,0.5153675630801003,-176.7058792591114
0.980122309097802,0.6910574464757455,1.418293535647766,0.9291817642872625,0.5695333124157855,0.4504444252429476,-236.68845682106
0.2922771636152652,0.9797842483994272,0.2983076775246473,0.4216541303629595,5.165086472601899,0.02304531034141311,-110.7606436636945
0.2605956948348618,1.055829705079273,0.2468160287413924,0.4474507114696284,8.352357689863084,0.003851871949522412,-118.6809673013933
0.4379654144247307,1.353667456211574,0.3235398859705454,0.6741089095950529,8.79588467805047,0.003019108043983865,-188.6809920972097
0.2873602960572144,1.250960862947355,0.2297116597078606,0.513199701595807,10.86223936200327,0.0009814494445067323,-136.0665295902151
1.010383204097083,1.253230141263152,0.8062231914392838,1.087796074461845,0.512578060015926,0.4740249583361515,-298.081654995314
0.6020538272506691,1.34532640197874,0.4475150613004794,0.7065313521809012,3.256445927880009,0.07114316581644409,-199.7222127802749
0.6852153103077038,1.284192733854067,0.53357669160085,0.828518487497065,2.970323370701635,0.08480490102318483,-204.1467574616645
0.2886940831182724,1.076436080859526,0.2681943575207479,0.4400585879684825,6.651072884280239,0.009909613619098478,-117.1825860717404
0.4288347610793311,0.945677344495127,0.4534683669600597,0.5982670225233336,4.119866862867411,0.04238241362513107,-169.931218794417
0.5276818209465876,1.211308266490497,0.4356296704516278,0.7209392145769038,4.908450322942258,0.02672560848135341,-192.4164361584666
0.4786023176324681,1.847248025019214,0.2590893649094523,0.7890477192305185,13.76004406354235,0.0002077072322664852,-193.6105807281191
0.2271246429903081,1.363369585311025,0.1665906628968067,0.4453692602537865,12.83817309397827,0.0003396190398071708,-107.7182769755627
0.4457303522598121,0,inf,0.4423949036103861,0.2846427877387896,0.5936741907928318,-124.5158262918464
0.8992993611500413,1.521818062804798,0.5909374997774577,1.079875277395073,2.462152472330047,0.1166188745236938,-231.5081930438872
1.797344745639515,0.8282197354764491,2.170130303168347,1.525744962962379,5.515259173120512,0.01885127989678248,-330.6087346332828
0.6431831817281219,0.7948686583556881,0.8091691312356539,0.6905191055657771,0.2497233191752457,0.6172699643470552,-169.2904085168519
1.863139398167071,0.9850090464001472,1.891494707562508,1.579644590608754,4.630393391046141,0.0314103608734404,-362.8659124189136
0.6638981169235543,1.150377309469781,0.5771133622494266,0.7843179111503527,2.144510683960107,0.1430806488930956,-197.0114029892114
0.7280081230665256,0.85092730834101,0.8555467851723658,0.7587662205572806,0.1519480630071826,0.6966806276779112,-190.6497845354894
0.7215223630289488,1.065817705357456,0.6769660134206191,0.8055612022562237,1.062101545591247,0.3027363601812744,-198.9625172390479
0.2627780657353285,0.7390189906999061,0.3555768783241389,0.4190336342299477,4.978515465652663,0.02566399651051121,-134.9291039620796
1.422833487940809,0.8546817026688185,1.664752484460457,1.236293690456701,2.598624059189888,0.1069565362691252,-300.9359827273825
1.281324431915051,0.6482874717372213,1.976475696007938,1.035902257571141,3.464347823154185,0.0627052304894159,-221.3315586717634
0.4613238162069407,0.862601982721769,0.5348049569180505,0.5945658534397307,2.565204929440483,0.1092384010515399,-173.8420296838694
1.650063159721031,0.9891170673819749,1.668218266709792,1.424608206371559,2.984681057451212,0.0840558455581889,-335.2949160341949
0.7262662822481395,0.9262049335394671,0.7841313039358715,0.7770125666878458,0.3936171284895522,0.5304041871130551,-202.5678704660006
0.5635433835675475,0.8337339700434895,0.6759270988300402,0.621054734542553,0.8189601308590113,0.3654843746766762,-178.7069521954384
0.7900559796379382,0.2827981876123385,2.79370948699626,0.6630834961057109,3.636656721068675,0.05652032533928608,-172.4333641373499
1.186705374576268,0.7364262634395448,1.61143814865273,1.070240614957747,1.638063949629554,0.2005913090910201,-261.9864263580403
0.5315280895077165,1.273689168456302,0.4173138177440284,0.6863153511905896,5.081539578003571,0.02418188810942234,-200.4618553466796
0.8821908410590201,1.178961835520085,0.7482776918472955,0.954073658314486,0.6670386980289891,0.4140859607600988,-237.4063392770333
1.314783662332897,0.8650876507607186,1.519827107896796,1.06858381072823,1.937761929600242,0.1639117465348182,-268.7354224855679
0.8821359808692444,0.7706529037402063,1.144660555469236,0.8547272082164642,0.1147963875138203,0.734748229765654,-216.4223983659395
0.9593804670373657,1.036889302625045,0.925248688175822,0.9789763355311458,0.04714964343804695,0.8280994864001161,-242.0766064232755
0.4230490234822666,1.273317188314529,0.3322416655996376,0.5817878558085444,5.738258959601751,0.01659923850393541,-145.7762901625269
1.126579626492826,0.6470459957031689,1.741112121818373,0.9811317330127592,2.169485069197663,0.1407733644743548,-242.700783385802
0.5954613016984645,1.976807868740657,0.3012236601819116,0.8260568282685349,10.48902585394467,0.001200856692282537,-212.0185457200919
0.7589869355267175,0.7800023209240715,0.9730572783777656,0.7637795547021474,0.003937077465423044,0.9499686592827616,-192.5410508820422