ObservedSChanges	ObservedNSChanges	E[SSites]	E[NSSites]	ObservedS.Prop.	P{S}	dS	dN	dN-dS	P{Sleq.observed}	P{Sgeq.observed}	ScaleddN-dS
3	0	1	2	1	0.3333333333333333	3	0	-3	1	0.03703703703703698	-1.807602956307165
1	0	1	2	1	0.3333333333333333	1	0	-1	1	0.3333333333333333	-0.6025343187690551
2	0	1	2	1	0.3333333333333333	2	0	-2	1	0.1111111111111109	-1.20506863753811
6	1	0.9955225438915516	2.004477456108449	0.8571428571428571	0.3318408479638504	6.026985563326044	0.4988831363269253	-5.528102426999119	0.9995568926934312	0.006688460849520239	-3.330871429937474
2	0	1	2	1	0.3333333333333333	2	0	-2	1	0.1111111111111109	-1.20506863753811
5	0	1	2	1	0.3333333333333333	5	0	-5	1	0.004115226337448097	-3.012671593845275
5	0	0.5570109585066857	2.277736076171357	1	0.1964940616191344	8.976484077449234	0	-8.976484077449234	0.9999999999999994	0.0002929187343795325	-5.408639718547144
2	0	0.5570109585066858	2.442989041493314	1	0.1856703195022286	3.590593630979693	0	-3.590593630979693	1	0.03447346754405956	-2.163455887418857
3	1	0.7768196786379458	2.223180321362056	0.75	0.2589398928793151	3.86190010693359	0.4498060685366893	-3.412094038396901	0.9955043151845068	0.0559604882322885	-2.055903757001431
3	0	1	2	1	0.3333333333333333	3	0	-3	1	0.03703703703703698	-1.807602956307165
1	0	1	2	1	0.3333333333333333	1	0	-1	1	0.3333333333333333	-0.6025343187690551
2	2	0.9318344445549361	2.026266472347389	0.5	0.3150110394241512	2.146304004629537	0.9870370098376251	-1.159266994791912	0.9045042975519982	0.3748593822034969	-0.6984981489783946
2	0	0.5570109585066858	2.277736076171357	1	0.1964940616191344	3.590593630979693	0	-3.590593630979693	0.9999999999999999	0.03860991625158428	-2.163455887418857
2	1	0.558349611969617	2.438726144365144	0.6666666666666666	0.1862981310330454	3.581985116717215	0.4100501412635336	-3.171934975453682	0.9935341519536248	0.09118928478646682	-1.911199679614723
7	0	1	2	1	0.3333333333333333	6.999999999999998	0	-6.999999999999998	1	0.0004572473708274183	-4.217740231383384
0	0	0.5570109585066857	2.277736076171357	0	0.1964940616191344	0	0	0	0	0	0
1	1	0.6415660286633308	2.178310883108125	0.5	0.2275156145947863	1.55868602033597	0.4590712959084834	-1.099614724427487	0.9482366451155566	0.4032678743051293	-0.662555608891338
0	1	0.9919663681834224	2.004016815908289	0	0.3310987770060384	0	0.4989978088316419	0.4989978088316419	0.6689012229939616	0.3310987770060384	0.3006633048116245
2	0	1	2	1	0.3333333333333333	2	0	-2	1	0.1111111111111109	-1.20506863753811
1	4	0.5704062071589936	2.417621130857174	0.2	0.1908972518095172	1.753136602388449	1.654518960372335	-0.09861764201611445	0.75580905085117	0.6532484736289971	-0.05942051375079006
1	0	1	2	1	0.3333333333333333	0.9999999999999998	0	-0.9999999999999998	1	0.3333333333333333	-0.6025343187690549
2	2	0.9994560604464985	1.999442986711098	0.5	0.3332743265878852	2.001088471169525	1.000278584232011	-1.000809886937514	0.8889413323656949	0.4073025065274327	-0.6030223034432302
2	1	0.7078787769791798	2.132824131201045	0.6666666666666666	0.2491914148926796	2.825342509256813	0.46886191194624	-2.356480597310573	0.9845261198788767	0.1553413235264001	-1.419860431393022
1	0	0.5570109585066857	2.277736076171357	1	0.1964940616191344	1.795296815489847	0	-1.795296815489847	1	0.1964940616191344	-1.081727943709429
2	2	0.6094882500369967	2.388316173632052	0.5	0.2033115453512597	3.281441438581626	0.8374100640781086	-2.444031374503517	0.9715098854022944	0.1859073860120906	-1.472612779286674
0	1	0.5592505924794511	2.440749407520549	0	0.186416864159817	0	0.4097102295380075	0.4097102295380075	0.8135831358401829	0.1864168641598171	0.2468644740473966
1	0	1	2	1	0.3333333333333333	1	0	-1	1	0.3333333333333333	-0.6025343187690551
3	1	0.9977288466390594	2.002271153360942	0.75	0.3325762822130197	3.006828969720354	0.4994328556956111	-2.507396114024742	0.9877660952031027	0.1104393230337555	-1.510792209448074
1	2	0.9944950876779906	2.002752456161006	0.3333333333333333	0.3318027867675558	1.005535384126293	0.9986256633202281	-0.006909720806065223	0.7427791197514875	0.7016582862183367	-0.004163343918766875
2	2	0.9959952212647868	2.001318445716762	0.5	0.3322959596243412	2.008041762951689	0.9993412114301032	-1.008700551521586	0.8898088465674875	0.4055631919492394	-0.6077766996530287
0	1	0.9874029451880714	2.012597054811929	0	0.3291343150626904	0	0.4968704478668964	0.4968704478668964	0.6708656849373096	0.3291343150626904	0.2993814968219558
2	5	0.9869598056455191	1.994200450973794	0.2857142857142857	0.3310656659446912	2.026424975525628	2.507270519148883	0.4808455436232548	0.5758704978138354	0.7324234636063558	0.2897259420601738
3	5	0.5628659757655273	2.431704312943877	0.375	0.1879621853885789	5.329865597080801	2.056171045708631	-3.27369455137217	0.954103934168685	0.1772009113732685	-1.972513316368998
5	1	0.5583533304493502	2.27689446366812	0.8333333333333334	0.1969328153989973	8.95490315420186	0.4391947083875732	-8.515708445814287	0.9999416677755298	0.0014855609526645	-5.1310065872346
2	2	0.5588032092370172	2.441196790762985	0.5	0.186267736412339	3.5790775123335	0.8192702888876523	-2.759807223445848	0.9777606330930396	0.1600839154822958	-1.662878565312861
3	1	1	2	0.75	0.3333333333333333	3	0.4999999999999999	-2.5	0.9876543209876545	0.1111111111111109	-1.506335796922637
0	2	0.7321185552451939	2.088426789012746	0	0.2595663128535193	0	0.9576586598687771	0.9576586598687771	0.5482420450613326	0.4517579549386674	0.5770222082373199
2	1	0.9991808081424894	2.000269692801314	0.6666666666666666	0.3331212859915803	2.001639726966	0.4999325858902217	-1.501707141075779	0.9630336004556733	0.2589765744533994	-0.9048300892387195
3	4	0.6423632582919491	2.267195278414813	0.4285714285714285	0.2207768808181532	4.670254659298281	1.764294429369462	-2.905960229928819	0.9533115112237829	0.1855481628582569	-1.750940767510128
1	0	0.9999999999999999	2	1	0.3333333333333334	1	0	-1	1	0.3333333333333334	-0.6025343187690553
4	1	0.9986550391374603	2.00134496086254	0.8	0.3328850130458201	4.005387088873857	0.4996639857473745	-3.505723103126483	0.9959123734132853	0.04504646898275588	-2.112318481735253
2	2	0.557010958506686	2.442989041493315	0.5	0.1856703195022286	3.590593630979691	0.8186692473976341	-2.771924383582057	0.9779624609605131	0.1592004672918497	-1.670179570140948
0	2	0.5597013133514099	2.44029868664859	0	0.18656710445047	0	0.8195718052640191	0.8195718052640191	0.6616730755620926	0.3383269244379074	0.4938201393670804
2	1	0.9933220763919131	2.006677923608087	0.6666666666666666	0.3311073587973044	2.013445636147227	0.4983360748803973	-1.51510956126683	0.9637000105419582	0.256296270233097	-0.9129055073583913
2	0	1	2	1	0.3333333333333333	2	0	-2	1	0.1111111111111109	-1.20506863753811
1	3	0.973255577788009	2.008979188096596	0.25	0.3263510937910071	1.027479341318315	1.493295708474882	0.4658163671565667	0.6050040941765608	0.7940629743878109	0.280670347456158
1	1	0.5553054903417812	2.276031323155669	0.5	0.1961283757179818	1.800810576147044	0.4393612644194727	-1.361449311727572	0.9615336602382262	0.3537904116741898	-0.8203199335803714
1	1	0.7200493689890604	2.27995063101094	0.5	0.2400164563296868	1.388793662029017	0.4386059883922117	-0.9501876736368051	0.9423921006909394	0.4224250133503132	-0.5725206826375057
3	0	0.5570109585066858	2.442989041493314	1	0.1856703195022286	5.385890446469539	0	-5.385890446469539	1	0.006400699733255188	-3.245183831128286
3	2	0.5809427523295104	2.419057247670491	0.6	0.1936475841098367	5.164020013969297	0.826768362727242	-4.337251651242054	0.9940582119756129	0.0531574445231876	-2.61334296901109
3	3	0.9329968828118104	2.06700311718819	0.5	0.31099896093727	3.215444826523727	1.451376621086568	-1.764068205437159	0.920453770204296	0.2763196527057024	-1.062911634425228
4	5	0.7206357464600903	2.155107668162584	0.4444444444444444	0.2505911142126861	5.550654432074478	2.320069699470252	-3.230584732604227	0.9506109660318237	0.1668321065698399	-1.946538171085398
2	3	0.5570109585066857	2.440294641745674	0.4	0.1858372260939251	3.590593630979694	1.229359745614136	-2.361233885365558	0.9523808298217717	0.2339991035750431	-1.422724450573146
3	4	0.5570109585066859	2.440749426862142	0.4285714285714285	0.1858090330452326	5.385890446469539	1.63884090516512	-3.747049541304419	0.9741573893828737	0.1245099990474938	-2.257725942763758
0	6	0.9934513899653137	2.003274305017343	0	0.3315122874371267	0	2.995096570136488	2.995096570136488	0.0892402079391985	0.9107597920608015	1.804648471534722
3	2	1	2.000000000000001	0.6	0.3333333333333333	2.999999999999999	0.9999999999999996	-1.999999999999999	0.9547325102880663	0.2098765432098761	-1.20506863753811
1	0	0.5570109585066857	2.442989041493314	1	0.1856703195022286	1.795296815489847	0	-1.795296815489847	1	0.1856703195022286	-1.081727943709429
0	8	0.08447906369247901	1.755196435694344	0	0.04592063313374369	0	4.557894397065166	4.557894397065166	0.6865561003681091	0.3134438996318909	2.746287795556953
3	2	0.6475625095500364	2.176050637815835	0.6	0.2293382541280992	4.632757387521665	0.919096258719171	-3.713661128802494	0.9887059985964162	0.08293425428024725	-2.237608278382131
1	9	0.6748907435371023	2.187446965975395	0.1	0.235783059872431	1.481721315007226	4.114385463963396	2.63266414895617	0.2775808200828568	0.9320535762758332	1.58627049953902
1	2	0.9986670729428241	2.000666463528588	0.3333333333333333	0.3329629935447971	1.001334706123081	0.9996668792421239	-0.001667826880956902	0.7412343898723113	0.703209642965078	-0.001004922933542085
6	2	0.9882143253849696	2.005892837307516	0.75	0.3300530915187105	6.071557399921961	0.9970622372252818	-5.074495162696679	0.9975724368584404	0.01867338311214906	-3.057557485952309
2	14	0.9082625979639298	2.07179981068636	0.125	0.3047797238499089	2.202006340989312	6.757409633782128	4.555403292792816	0.09255430024990374	0.9761315702116513	2.74478681974123
0	1	0.6387705127960099	2.182628478560634	0	0.2264020490376878	0	0.4581631779401432	0.4581631779401432	0.7735979509623122	0.2264020490376878	0.2760590383052295
3	2	0.9984935270397561	2.001506472960245	0.6	0.3328311756799186	3.00452623753519	0.9992473304580342	-2.005278907077156	0.9549800226904283	0.209133166728011	-1.208249360217689
0	3	0.02801414604681646	2.971648741407806	0	0.009339098124652261	0	1.009540582033515	1.009540582033515	0.972243547342889	0.02775645265711102	0.6082828468652794
2	5	0.6513349674679283	2.178982597004674	0.2857142857142857	0.2301278752758252	3.070616656395743	2.294648891126171	-0.7759677652695718	0.7964921745948175	0.5042890518208669	-0.4675472088334475
5	7	0.9835411908579101	2.009627614454357	0.4166666666666667	0.3285952964337742	5.083671173587216	3.483232390743497	-1.600438782843718	0.8316319132066106	0.3549727748476138	-0.9643192917523156
2	1	0.5570109585066859	2.281419988126678	0.6666666666666666	0.1962390380387275	3.590593630979692	0.4383235025573354	-3.152270128422357	0.9924428817326142	0.1004150436163236	-1.899350934405007
2	4	0.5837719952669571	2.41381251290598	0.3333333333333333	0.1947474687286708	3.425995108047974	1.657129532063124	-1.76886557598485	0.907467916134174	0.3317332523678221	-1.065802214820064
2	10	0.8997676692735638	2.099894325297276	0.1666666666666667	0.2999563520496892	2.222796026461719	4.762144399139861	2.539348372678142	0.2529199863124059	0.9149261136954295	1.530044541848933
5	2	0.5570109585066862	2.442989041493316	0.7142857142857143	0.1856703195022286	8.976484077449225	0.8186692473976338	-8.157814830051592	0.9997588576165723	0.003313927897398594	-4.915363401269231
1	4	0.7202634718751947	2.171278352074387	0.2	0.2490932228299505	1.388380834302919	1.842232708753577	0.4538518744506574	0.6347252274943636	0.7612572896382971	0.2734613299941856
5	5	0.9955988111065843	2.001694619353744	0.5	0.3321659471137195	5.022103224935171	2.497883519122548	-2.524219705812623	0.9246258710007946	0.21074302227818	-1.520929000865233
0	3	1.266983222749325	1.301710272871144	0	0.4932403281705218	0	2.304660309227635	2.304660309227635	0.1301386024877604	0.8698613975122396	1.388636929414553
0	3	0.5586956672238548	2.441304332776146	0	0.1862318890746182	0	1.228851298759843	1.228851298759843	0.5388923289802234	0.4611076710197766	0.7404250801667308
2	5	0.984727996580704	2.004765030513893	0.2857142857142857	0.3293963182572575	2.031017709402648	2.494057869075221	0.4630401596725733	0.5797170406558478	0.7293028562638566	0.2789975871710285
0	14	0.5576817952561468	2.437898611637355	0	0.1861681943081201	0	5.742650630822274	5.742650630822274	0.05590945021323591	0.9440905497867641	3.460144085771183
3	1	0.5553182543581635	2.276044081819752	0.75	0.1961311158457357	5.402307553291937	0.4393588015221903	-4.962948751769747	0.9985202580137689	0.0257394018403716	-2.990346945233317
2	6	0.728014104300552	2.096758431030677	0.25	0.2577248593275444	2.747199522901446	2.86155997333973	0.1143604504382845	0.6592033987022112	0.6518680484534143	0.06890609609895403
6	8	0.9469055358329398	2.052646776377142	0.4285714285714285	0.3156822876462041	6.336429319448571	3.89740704151727	-2.439022277931301	0.8823119382158404	0.2606165735095036	-1.469594626695885
2	12	0.7625651417642099	2.198851393019704	0.1428571428571428	0.2575001296870425	2.622726755347038	5.457394728035841	2.834667972688803	0.260049728305992	0.9093656703772075	1.707984735860506
3	3	1.188716903854503	1.640620045028599	0.5	0.4201397448698204	2.523729569481411	1.828576951190246	-0.6951526182911656	0.7918052120327768	0.4973834917602629	-0.4188533093025925
1	2	0.5570109585066858	2.441179978740826	0.3333333333333333	0.1857823501454679	1.795296815489846	0.8192759310731408	-0.9760208844167055	0.9092793410830038	0.4602140985395455	-0.5880860786963903
0	8	0.5698563805871856	2.430143619412815	0	0.1899521268623952	0	3.291986504868797	3.291986504868797	0.1853896517178903	0.8146103482821098	1.983534846108043
3	4	0.5607756309364945	2.434636777240917	0.4285714285714285	0.1872114936179035	5.349733181147697	1.642955547781157	-3.706777633366541	0.9734716084979605	0.1267533265518064	-2.233460736148879
1	6	0.1020611253009872	2.897938874699014	0.1428571428571428	0.03402037510032904	9.798049914214769	2.070437044888731	-7.727612869326038	0.9783142470133661	0.2151696981834462	-4.656151955930347
1	3	0.5572620608531142	2.442189414479223	0.25	0.1857879900495373	1.794487854545664	1.22840594681708	-0.5660819077285835	0.8406256458075942	0.5605089691245435	-0.3410837766407291
1	1	0.7311160043668931	2.082088436706304	0.5	0.2598872636814062	1.367772000649809	0.4802869956772439	-0.8874850049725653	0.9324586101761911	0.4522331375390037	-0.5347401728888961
0	3	0.0653672569761842	1.774606893218139	0	0.03552618223972367	0	1.690515241130213	1.690515241130213	0.8971629442178916	0.1028370557821084	1.018593449183098
0	5	0.5981874451950013	2.286192706975259	0	0.2073885596338313	0	2.187042231717744	2.187042231717744	0.3128251653095744	0.6871748346904256	1.317768001207205
0	8	0.4095434405385004	2.590006426556004	0	0.1365349664732203	0	3.088795424588116	3.088795424588116	0.3089996889141987	0.6910003110858014	1.861105246971175
2	6	0.780191279868741	2.214369342354888	0.25	0.2605361447948932	2.563473921852188	2.709575085436855	0.146101163584667	0.652124683348037	0.6586142712245309	0.08803096507185358
1	5	0.9964176503727511	2.00358234962725	0.1666666666666667	0.332139216790917	1.003595228994497	2.49553006939306	1.491934840398563	0.3535289493804764	0.9112607702757985	0.8989419427073668
1	3	0.9626619583449596	2.037338041655041	0.25	0.3208873194483198	1.038786244051062	1.472509686003279	0.4337234419522173	0.6147110558016419	0.7873000640302655	0.2613332586308491
4	5	0.7397543846888367	2.260245615311164	0.4444444444444444	0.2465847948962789	5.407200123163206	2.212148965638701	-3.195051157524505	0.9536837488143932	0.1594019332420968	-1.925127972631309
1	9	0.6443476651687695	1.860946225642663	0.1	0.2571944423494656	1.551957202697517	4.836249363891168	3.284292161193651	0.2282060095773782	0.9488610926412122	1.978898739983364
1	1	0.5547328784386836	2.275458951364326	0.5	0.1960053988557005	1.802669426796078	0.4394717819015884	-1.363197644894489	0.9615818836194179	0.3535926813308187	-0.8213733643140814
3	2	0.7213163194479315	2.278683680552068	0.6	0.2404387731493105	4.159062978494771	0.8776997075414389	-3.281363270953332	0.9865038260479971	0.09368965845057642	-1.977133983097664
0	6	0.9902774442726366	2.003273190915767	0	0.3308036392076301	0	2.995098235831323	2.995098235831323	0.08980932311489259	0.9101906768851074	1.804649475173025