Codon,alpha,beta,beta-alpha,Prob[alpha<beta],Prob[alpha>beta],BayesFactor,PSRF,Neff
1,1,0.1395518264410615,-0.8604481735589384,0.0002126057832175398,0.9997280339338875,0.001569351244080719,0.9985423378436857,703.4816382958024
2,1,0.1426874720562062,-0.8573125279437939,0.0002494031843560551,0.9996816729231384,0.001841039306942003,0.9984935521418866,713.2179655109364
3,1,0.1426874797257425,-0.8573125202742575,0.0002494033448397607,0.9996816727215432,0.001841040491892858,0.9984935518252851,713.2180295753815
4,1,0.2727358439158244,-0.7272641560841755,0.001802809644643877,0.9977273938609373,0.01332865321086695,0.9999227309437478,507.7694032819874
5,1,0.1426874811179988,-0.8573125188820012,0.0002494034429752008,0.9996816726015398,0.001841041216487751,0.9984935512495893,713.218146067651
6,1,0.1374449803283126,-0.8625550196716874,0.0001902926539238146,0.9997562067067316,0.001404615358449443,0.9985746868558673,697.1716559598655
7,1,0.2741500077830501,-0.7258499922169499,0.001868135656080952,0.9976464536588108,0.01381252980831056,0.9998897394669372,511.161307762128
8,1,0.142687470450902,-0.857312529549098,0.0002494033994049364,0.9996816726647314,0.001841040894781433,0.9984935503466614,713.2183287755446
9,1,0.1426874717721701,-0.8573125282278299,0.0002494031985277446,0.999681672906293,0.001841039411580387,0.9984935520022329,713.2179937699174
10,1,0.4020689124026774,-0.5979310875973225,0.004839125388342384,0.9938585869848812,0.03588610480286435,0.999806742238089,519.8997516457736
11,1,0.1395862095799256,-0.8604137904200744,0.0002129618619877707,0.9997275841319493,0.001571980202163269,0.9985419449413522,703.5589835870351
12,1,0.1426874836415778,-0.8573125163584222,0.0002494034234472008,0.9996816726226617,0.001841041072300401,0.998493551686517,713.2180576551514
13,1,0.1395116989856496,-0.8604883010143504,0.0002122692328669817,0.9997284611994826,0.001566866467606238,0.9985423382703341,703.4815543166934
14,1,0.2652270939112858,-0.7347729060887142,0.00148222884856806,0.9981254629294058,0.01095499545834097,1.000099824995739,490.3102967262577
15,1,0.2742656352385919,-0.7257343647614081,0.001873566328129409,0.9976397281621333,0.01385275821559413,0.9998870236554039,511.442559416367
16,1,0.2690866406766755,-0.7309133593233245,0.001641591618429533,0.9979273952017994,0.01213476540752504,1.000008370062072,499.1727452275273
17,1,0.3100091447851669,-0.6899908552148331,0.001404249746302757,0.9981985990418192,0.01037784976705611,1.001127425532454,408.8797866168149
18,1,0.2155254918031512,-0.7844745081968487,0.0002843761625188843,0.9996317962106881,0.00209927555551011,1.001257875185215,400.451662914843
19,1,0.1426874798126287,-0.8573125201873713,0.000249403348606351,0.9996816727169433,0.001841040519703933,0.9984935518031215,713.2180340601867
20,1,0.4021224859598367,-0.5978775140401633,0.004846272090819418,0.9938497896676483,0.03593936159135521,0.9998042237691274,520.1696186818808
21,1,0.1426874797004086,-0.8573125202995914,0.0002494031327726972,0.9996816729779541,0.00184103892607004,0.9984935534101332,713.2177088808875
22,1,0.2152850957298546,-0.7847149042701455,0.000281920272535579,0.9996349449311543,0.002081140970534854,1.001260833888973,400.2645713695831
23,1,0.1426874796703299,-0.8573125203296701,0.0002494031329920778,0.9996816729777226,0.001841038927689863,0.9984935534046133,713.2177099978546
24,1,0.3892829207787437,-0.6107170792212564,0.007204594556726186,0.9910285268053816,0.05355530855754623,0.9990388114651855,617.7339624451369
25,1,2.542442684124134,1.542442684124134,0.9982038789483095,0.001430114989748692,4101.440247930789,1.000775486256877,433.5130360576289
26,1,0.5284012868225371,-0.4715987131774629,0.02087815361994371,0.9741303850919454,0.1573649785341366,0.9978312048842178,878.4605459737314
27,1,0.5992450004268195,-0.4007549995731805,0.03645467789682275,0.9552208076081425,0.2792118568279254,0.9972893904407805,1084.341808947583
28,1,0.142687477299604,-0.8573125227003959,0.0002494031487957536,0.9996816729609531,0.001841039044378215,0.9984935530131164,713.2177892173457
29,1,0.1395188989604252,-0.8604811010395748,0.000212273053771682,0.999728454462627,0.001566894677622763,0.9985426681949869,703.4166197977045
30,1,0.1395877801037456,-0.8604122198962545,0.0002130022484086043,0.9997275337669406,0.001572278378461481,0.9985417868310767,703.5901134126009
31,1,0.2398723464194355,-0.7601276535805646,0.0006985730963355591,0.999106384365604,0.005159030402686001,1.000698675748074,439.2928269418185
32,1,0.4325063217368533,-0.5674936782631467,0.008134880017710327,0.9897831811536812,0.06052729599214696,0.999061271551742,614.3489405832887
33,1,0.8945464182627731,-0.1054535817372269,0.2554744417975733,0.7130557466245838,2.532331672489281,0.9981117801939673,799.9092710203515
34,1,0.2690882596299278,-0.7309117403700722,0.001641202694180828,0.9979278618980704,0.01213188572486651,1.000008989910548,499.1115922036946
35,1,0.6198786774197537,-0.3801213225802463,0.04490840546779618,0.9452404455842283,0.3470046950827722,0.9971302971238578,1164.568464116889
36,1,0.2262308703967296,-0.7737691296032704,0.0004328236973506969,0.9994426443532575,0.003195595368774807,1.001017402371811,416.2716737006947
37,1,0.6505470950406151,-0.3494529049593849,0.05162731209886488,0.9369074563415591,0.4017475299329354,0.9971003778551752,1181.005630984503
38,1,0.6231932686128828,-0.3768067313871172,0.04637628068625457,0.9435174516354283,0.3588984725805476,0.9971107895521742,1175.233060686944
39,1,0.8896963099837683,-0.1103036900162317,0.2503681510192937,0.7183467963609018,2.464811951299276,0.9981187159082963,798.1458042630383
40,1,0.675858335293512,-0.324141664706488,0.06532747070662712,0.920927883942543,0.5158092238472216,0.9970336695561821,1219.384724538578
41,1,0.7117126771033954,-0.2882873228966046,0.08020064172418964,0.9031734981255951,0.6434835956274864,0.9970893775856131,1187.166652353049
42,1,0.4874714513278516,-0.5125285486721484,0.01222603585405992,0.9846437578312385,0.09134416898406848,0.9985533795504579,701.314979008888
43,1,0.2723092714727299,-0.72769072852727,0.001783427338597432,0.9977514203148801,0.01318509862632225,0.9999326915369183,506.7542339501769
44,1,0.4191286213913797,-0.5808713786086204,0.01132927515043803,0.9860381671502217,0.0845674409229282,0.9984156096617008,729.3482370600243
45,1,0.1426874823574741,-0.8573125176425259,0.0002494034318901099,0.999681672613708,0.001841041134639642,0.9984935514765924,713.21810013349
46,1,0.3829044478223014,-0.6170955521776986,0.006481373233100811,0.9919108554200964,0.04814417580264773,0.9991849575239883,596.3569177985436
47,1,0.2741422768331668,-0.7258577231668332,0.001867772993106702,0.997646902833516,0.01380984335090244,0.9998899205683215,511.1425638378188
48,1,0.3352362389627106,-0.6647637610372894,0.002578264485845845,0.9967251255668759,0.01907661773901718,1.00040708547528,462.7257164670248
49,1,1.078399731023087,0.07839973102308662,0.4734348794323114,0.4861762382214155,6.635305162471463,0.9978212402428596,881.5363211783412
50,1,0.9906682646917606,-0.009331735308239386,0.3734233782200584,0.5851634485991071,4.398251459460931,0.9987077646653492,672.3678115712831
51,1,0.7477819360898372,-0.2522180639101628,0.1077496058943624,0.8718433575387868,0.8912133444580729,0.9972850229497613,1086.395905180099
52,1,0.7104872541337698,-0.2895127458662302,0.07213319866744645,0.9119642298191296,0.573723043515878,0.9971000493326697,1181.188700122353
53,1,0.3941420346417162,-0.6058579653582838,0.004165116775469763,0.994699099483778,0.03086686949073053,1.000017677631035,498.2560648418622
54,1,0.9500535106593995,-0.04994648934060053,0.3169564262097839,0.6466759566116124,3.424552988350668,0.9983928087237245,734.206509412648
55,1,0.3894926982575342,-0.6105073017424658,0.007229101213654139,0.9909986629547036,0.05373880515394729,0.9990341404103705,618.4426699634154
56,1,0.3061441103133866,-0.6938558896866134,0.001264998734839186,0.9983745649456635,0.009347437278964539,1.001245119529041,401.2602833856848
57,1,0.426843587422174,-0.5731564125778259,0.004515929981805733,0.9942104920033925,0.03347847167349712,0.9999536262798049,504.6338687989747
58,1,0.2336070996921581,-0.7663929003078419,0.0005641304916004751,0.9992761621296381,0.004165598237927896,1.000848576257991,428.1538648314073
59,1,0.5669870893557712,-0.4330129106442288,0.03225809634021269,0.9605491235345378,0.2459981985894325,0.997341763718291,1060.303520678555
60,1,0.6402588376450364,-0.3597411623549636,0.04667149264313913,0.9427453365230752,0.3612949153279033,0.9971572564988773,1150.145665841241
61,1,0.5163857031289855,-0.4836142968710145,0.01801596793647441,0.9775886610049038,0.1353960246449756,0.9980208137345139,823.7847892595854
62,1,0.6239652724224006,-0.3760347275775994,0.04672394356840096,0.9431098971421944,0.3617208516022055,0.9971064461962599,1177.634256769178
63,1,0.5659689121693522,-0.4340310878306478,0.02525294925923671,0.9686210866894214,0.1911934082561002,0.9976739063884437,929.6765076682476
64,1,0.4780768538493396,-0.5219231461506604,0.02355957455066905,0.9715347652992452,0.1780633054425201,0.9975042240317935,992.1024670641614
65,1,0.5517937805549438,-0.4482062194450562,0.02736270894703583,0.9663611862603091,0.2076160448334326,0.9975112403909975,989.3547831227553
66,1,0.1374402378615701,-0.8625597621384299,0.0001902231622743908,0.9997562939921056,0.001404102319154,0.9985748954972293,697.1313278263189
67,1,0.389772303663658,-0.610227696336342,0.007261892311806356,0.9909587099754364,0.05398434669013333,0.9990279083415747,619.390771118557
68,1,1.729405655941704,0.7294056559417039,0.86520687263234,0.1191211672492239,47.37017070298704,0.9986776465668969,677.8247802029771
69,1,0.3473161274605639,-0.6526838725394362,0.001469908196944367,0.9980964659563888,0.01086380078741024,1.001381779762889,392.7648413559616
70,1,0.3350166667705869,-0.6649833332294131,0.002565496149457411,0.9967410561292409,0.01898190163208151,1.000413380071344,462.193270024351
71,1,0.3826987295654654,-0.6173012704345346,0.006457891083234954,0.9919394968839089,0.04796861469909518,0.9991901338789113,595.6270253805782
72,1,0.4241396759423824,-0.5758603240576176,0.007110041925935137,0.9910450489695271,0.05284741904406658,0.9992558075847155,586.5204097544349
73,1,0.5437511389688015,-0.4562488610311985,0.01926066788575175,0.9758847331883803,0.1449340701924469,0.998013325089523,825.8142500373734
74,1,0.3828491563462142,-0.6171508436537858,0.006474700147472159,0.9919189780545065,0.04809428454037032,0.9991864832343368,596.1415978287332
75,1,0.5744856342583251,-0.4255143657416749,0.02785228446693241,0.9654920524372436,0.2114371523354429,0.9975610274249729,970.2879645365916
76,1,0.3897284299619666,-0.6102715700380335,0.007256857184371288,0.990964850502805,0.05394664232640558,0.9990288455875362,619.2479985961446
77,1,0.8097344493040378,-0.1902655506959622,0.1587588934427946,0.8144058411285601,1.392740856788221,0.9978469566483079,873.6421918213516
78,1,0.4895831769518257,-0.5104168230481743,0.02667776320394222,0.9678915377350099,0.2022765355275434,0.9973749407651652,1045.621563266147
79,1,1.020002368494703,0.02000236849470305,0.3843559035183732,0.5805798670314424,4.607406975965084,0.9977241563573177,912.6752725771896
80,1,0.3895496501197477,-0.6104503498802523,0.007235783319616343,0.9909905216748021,0.05378883981290108,0.9990328662005098,618.6362813173762
81,1,0.7809626637137776,-0.2190373362862224,0.1225490650949187,0.853636348911569,1.030718094436132,0.9974929645067848,996.54398459281
82,1,0.3895080499433071,-0.610491950056693,0.00723102053983567,0.9909963303545023,0.05375317672643393,0.9990337567873336,618.500947198831
83,1,0.4243108883174531,-0.5756891116825469,0.007135990987302441,0.9910133264450087,0.05304167909830233,0.9992497702708831,587.3458580412764
84,1,0.4653989279142025,-0.5346010720857974,0.008784771639468196,0.9888839555385467,0.06540564753656185,0.99902341649783,620.075942959086
85,1,1.092599406836906,0.09259940683690582,0.4587721748293096,0.5053618751871136,6.255610388400366,0.9974270262494128,1023.377560658703
86,1,0.5217295943634835,-0.4782704056365165,0.01439607874891743,0.981842270065415,0.107793985567832,0.9984039374179273,731.8271800360333
87,1,0.7113906100997311,-0.2886093899002689,0.07275951425686397,0.9112367952070153,0.5790954385451342,0.9971003296220723,1181.032505311364
88,1,1.224603001272301,0.224603001272301,0.6372641846801651,0.3255757710073386,12.96527734710588,0.9972330880371094,1111.434067520978
89,1,1.10676983705792,0.1067698370579198,0.4820315889017404,0.4809375733583668,6.867915828997641,0.9974262025900007,1023.721924773966
90,1,0.9876993611275786,-0.01230063887242139,0.3583509035425368,0.6048150016164626,4.121579256692322,0.9981355216331254,793.9050251327683
91,1,0.7667217348533575,-0.2332782651466425,0.1328737819746751,0.8448825064631957,1.13086227832467,0.9974701409081577,1005.670751962217
92,1,0.5431303676420061,-0.4568696323579939,0.01911721872793296,0.9760600751101578,0.143833595554622,0.99802266953444,823.2834064234263
93,1,0.6888367629797948,-0.3111632370202052,0.06536715005689256,0.9203533053055037,0.5161444336966892,0.9970683682653314,1199.114536480588
94,1,0.6283093056067173,-0.3716906943932827,0.05802641493445028,0.9305521187074609,0.4546108049855542,0.9969816715749374,1251.081308285563
95,1,0.3896786825851116,-0.6103213174148884,0.007250921554818789,0.990972077399389,0.05390219525623548,0.999029986997094,619.0742148361535
96,1,0.6498577347614758,-0.3501422652385242,0.0512885944384712,0.9373058338431507,0.3989692409313637,0.997103542430506,1179.245082635331
97,1,0.5887508574332969,-0.4112491425667031,0.04025843989667958,0.9511353114580763,0.3095675130168739,0.9971550799912035,1151.296747073927
98,1,0.587181339206076,-0.412818660793924,0.02624594529820288,0.9671862965979348,0.198914150361243,0.9977089529794431,917.7528407434642
99,1,1.508481560774365,0.5084815607743651,0.7508269410578755,0.2251480684606998,22.23778374506711,0.9977061590139992,918.6921360856742
100,1,0.6182076764670348,-0.3817923235329652,0.05305951113991416,0.9362631028290116,0.4135169318192103,0.9970067349805676,1235.599537197489