ObservedSChanges	ObservedNSChanges	E[SSites]	E[NSSites]	ObservedS.Prop.	P{S}	dS	dN	dN-dS	P{Sleq.observed}	P{Sgeq.observed}	ScaleddN-dS
7	1	0.9998524475054106	2.000147552494588	0.875	0.3332841491684703	7.001033019886787	0.4999631145976196	-6.501069905289167	0.9998477640314775	0.002588550651557164	-1.463969899368689
4	0	0.6102807882946518	2.202410437866454	1	0.216973972335951	6.554360020372697	0	-6.554360020372697	1	0.002216310277112332	-1.475970250934315
1	11	0.6858661710552658	2.163389404032251	0.08333333333333333	0.2407176727325343	1.458010384826841	5.084613976336188	3.626603591509347	0.1763918295379701	0.9632853410338766	0.816671497501135
3	3	0.610968748170208	2.387330216676143	0.5	0.2037717903829905	4.910234785305645	1.256633866167401	-3.653600919138245	0.9818537772814425	0.1035692306825662	-0.8227510006579838
14	0	0.9999999999999997	1.999999999999999	1	0.3333333333333333	14.00000000000001	0	-14.00000000000001	1	2.090751577421557e-07	-3.152647008838773
4	5	0.6221313893483238	2.376016600262371	0.4444444444444444	0.2075052303969514	6.429510017473895	2.104362401949497	-4.325147615524398	0.9771419687296845	0.09588255956396452	-0.9739759780620814
4	0	0.6102807882946519	2.202410437866453	1	0.2169739723359511	6.554360020372696	0	-6.554360020372696	1	0.002216310277112665	-1.475970250934315
3	0	0.6102807882946519	2.202410437866454	1	0.216973972335951	4.915770015279522	0	-4.915770015279522	1	0.01021463659097788	-1.106977688200736
6	0	0.6102807882946515	2.202410437866453	1	0.216973972335951	9.831540030559051	0	-9.831540030559051	1.000000000000001	0.0001043388006851664	-2.213955376401474
2	1	0.6102807882946518	2.202553564496602	0.6666666666666666	0.2169629319583121	3.277180010186349	0.4540184702516199	-2.823161539934729	0.9897869225965961	0.1207925867250341	-0.6357451274531345
6	5	0.6133601185112618	2.38121679089079	0.5454545454545454	0.2048236318745061	9.782181493252459	2.099766816329877	-7.682414676922582	0.9977243901049195	0.01312086258488887	-1.729995832275647
4	3	0.6123559384661602	2.20154703320959	0.5714285714285714	0.2176180005600857	6.532148622611989	1.362678132579508	-5.169470490032481	0.9931213985646639	0.04447133070847908	-1.164108262691514
7	1	0.9977313524900762	2.000970803727075	0.875	0.332721057481984	7.015916641819296	0.4997574168185595	-6.516159225000736	0.9998498095559361	0.002559870707764422	-1.467367849272553
9	0	0.9999999999999997	1.999999999999999	1	0.3333333333333333	9.000000000000004	0	-9.000000000000004	1.000000000000001	5.080526342449154e-05	-2.026701648539211
1	6	0.6102807882946518	2.382497543341191	0.1428571428571428	0.2039178050186812	1.638590005093174	2.518365660761882	0.879775655668708	0.5659602528432059	0.7973692393232319	0.1981158635209372
0	6	0.6117432292707996	2.387142102409034	0	0.2039902035627784	0	2.513465785696199	2.513465785696199	0.254396115526574	0.745603884473426	0.5660050279352653
3	0	0.6102807882946518	2.202410437866454	1	0.216973972335951	4.915770015279523	0	-4.915770015279523	1	0.01021463659097788	-1.106977688200736
4	4	0.6129522771487691	2.383201946903617	0.5	0.2045796815891984	6.52579352279519	1.678414204552414	-4.847379318242776	0.9885034571845149	0.06057995601476385	-1.091576850597501
6	10	0.6201427026864713	2.375733257951646	0.375	0.2069987912831951	9.675192458135641	4.209226758319656	-5.465965699815984	0.9682051559508703	0.09374885302996105	-1.23087574385287
3	1	0.6102807882946517	2.202480964349022	0.75	0.2169685319849994	4.915770015279524	0.4540334360145383	-4.461736579264985	0.9977839119993586	0.03420720900822594	-1.004734320060449
8	1	0.9964325498515753	2.001783725074211	0.8888888888888888	0.3323417854091394	8.02864177930724	0.4995544660864537	-7.529087313220786	0.9999505388126244	0.0009437469062915094	-1.695468185522247
2	3	0.6198922234425913	2.380107776557407	0.4	0.2066307411475305	3.226367301226874	1.260447123255572	-1.965920177971302	0.9368608673295347	0.2763532577875905	-0.442703740621215
6	1	0.9984995127875413	2.000642091189535	0.8571428571428571	0.3329284324099467	6.0090164523462	0.4998395287212134	-5.509176923624986	0.9995466264272912	0.006812182652576992	-1.240606439244993
3	6	0.7173524557243577	2.121088888672607	0.3333333333333333	0.252727595425003	4.182044650520787	2.828735764937623	-1.353308885583163	0.8291401375659353	0.4069679975514573	-0.3047503721549065
1	6	0.613246003314853	2.386447141422237	0.1428571428571428	0.2044362452175425	1.630666966591839	2.514197735980113	0.8835307693882739	0.5645410742589609	0.7982911647131289	0.1989614740949257
8	2	0.6102807882946517	2.213699985340633	0.8	0.2161065663025187	13.1087200407454	0.903464793442753	-12.20525524730265	0.9999917190642225	0.000139824701520519	-2.748490103394457
8	3	0.9993862861107543	2.000306856944622	0.7272727272727273	0.3331628398139473	8.004912726122221	1.499769892596561	-6.50514283352566	0.9986339645623074	0.008792733476893799	-1.464887078298832
5	1	0.6102807882946519	2.20262340614725	0.8333333333333334	0.2169575449816326	8.192950025465871	0.4540040740551125	-7.738945951410758	0.9998957085880226	0.002362740730590507	-1.742726057520003
4	4	0.6123372276668807	2.387230006038011	0.5	0.2041418577941183	6.532348221323645	1.675582155838699	-4.856766065484946	0.9886111524458987	0.06016066574115619	-1.093690643498626
7	0	0.6102807882946518	2.202410437866454	1	0.216973972335951	11.47013003565222	0	-11.47013003565222	1	2.263880405317664e-05	-2.582947939135052
7	1	0.6102807882946516	2.202845312739787	0.875	0.216940430814758	11.47013003565223	0.4539583393426072	-11.01617169630962	0.9999950940401893	0.0001465728224215868	-2.480721481944632
4	8	0.7167651361236483	2.125807492508862	0.3333333333333333	0.2521536754782818	5.580628574699488	3.763275850796095	-1.817352723903393	0.8378775398409006	0.3579011055130684	-0.4092479735013589
6	3	0.6104247688796608	2.206968465443665	0.6666666666666666	0.2166629639920573	9.829221070128039	1.359330704979925	-8.469890365148114	0.9994696134157681	0.004707087213300043	-1.907326751776895
12	6	0.971116590250225	2.028636690637172	0.6666666666666666	0.3237321537199706	12.35690968569283	2.957651326968491	-9.399258358724337	0.9993788350669349	0.002974122159127512	-2.116610267852507
4	8	0.6339191040498587	2.365499925994786	0.3333333333333333	0.2113472968264868	6.309953390654392	3.381948953828728	-2.928004436825664	0.9114005099996789	0.236400825679466	-0.6593546021160772
0	14	0.2941345817098616	2.70166706811654	0	0.0981822617418299	0	5.181985658121843	5.181985658121843	0.2353221607300364	0.7646778392699636	1.166926541780232
14	31	0.9648322584891716	2.033988863543188	0.3111111111111111	0.3217371824549796	14.51029427842987	15.24098806814425	0.7306937897143744	0.5104212694517486	0.6156852672336642	0.1645442564657206
10	12	0.717048024084373	2.141930217691209	0.4545454545454545	0.2508056947082769	13.94606729830878	5.602423412717349	-8.34364388559143	0.9897711621835804	0.03014355479539965	-1.878897424194695
7	4	0.6342879066069179	2.365462452988245	0.6363636363636364	0.2114468974319981	11.03599789162944	1.691001264867626	-9.344996626761818	0.9996462303379885	0.002765045747356587	-2.104391118783504
4	19	0.9594306306084764	2.039815008143201	0.1739130434782609	0.3198906479056525	4.169139354518187	9.314570156680672	5.145430802162485	0.09667092314306699	0.9644501441371025	1.15869478768746
2	1	0.9988498890105167	2.000492157565358	0.6666666666666666	0.3330230008780857	2.002302870535677	0.4998769908785953	-1.502425879657082	0.9630663108383662	0.2588455790182691	-0.3383298896787756
3	4	0.997700150423401	2.000984155771625	0.4285714285714285	0.3327126327910669	3.006915453231985	1.999016328271479	-1.007899124960505	0.8276555278390025	0.4279248626854686	-0.2269678686798537
6	9	0.7723113599780667	2.227688640021932	0.4	0.257437119992689	7.768887408532224	4.040061900172636	-3.728825508359589	0.9347807375716682	0.1652262188923341	-0.8396907561008263
3	13	0.9799806099631555	2.020019390036842	0.1875	0.3266602033210522	3.061285059622548	6.43558178902575	3.374296729403201	0.1802325270243082	0.9339296906916489	0.7598547493491037
3	11	0.6172660440403764	2.378661876681947	0.2142857142857143	0.2060350116472603	4.860140986151126	4.624448774259655	-0.2356922118914717	0.6772870387738132	0.5743295856061411	-0.05307531048758873
4	4	0.6200978238158382	2.379118982778999	0.5	0.2067532505327171	6.450595126081192	1.681294642661244	-4.769300483419949	0.9879576910380576	0.06268778169430822	-1.073994350236229
3	9	0.6967562090076047	2.159624271465493	0.25	0.2439297613783588	4.305666689749236	4.167391577745473	-0.1382751120037629	0.6674965441547522	0.5902995553176948	-0.03113804416110779
2	15	0.6133570492937154	2.381419334899071	0.1176470588235294	0.2048089642122111	3.260743480983895	6.298764682128411	3.038021201144516	0.2926761772718331	0.8906856654481131	0.6841291751840736
6	11	1.572071979348441	1.414065066690055	0.3529411764705883	0.5264567416401741	3.816619136285829	7.77899140507589	3.962372268790061	0.1169723023346734	0.9537754568705321	0.892282934364763
5	2	0.9999999999999994	1.999999999999999	0.7142857142857143	0.3333333333333334	5.000000000000003	1.000000000000001	-4.000000000000002	0.993141289437586	0.04526748971193395	-0.9007562882396494
5	12	0.7088841463531949	2.137717697052381	0.2941176470588235	0.2490282046277011	7.053338723573029	5.613463375705011	-1.439875347868018	0.7682741928739372	0.4223932351384174	-0.3242441934683423
1	2	0.6104287481333539	2.203124400907971	0.3333333333333333	0.2169600913141976	1.638192832591725	0.9078016652966769	-0.7303911672950485	0.8792103088437431	0.5198779065298669	-0.1644761092039281
6	10	0.6111571580522166	2.384288909675717	0.375	0.2040287637412826	9.817442078437322	4.19412259958047	-5.623319478856852	0.9704652865196371	0.08850675921176432	-1.266310095340204
8	14	0.9638111086330454	2.023143725681467	0.3636363636363636	0.3226734792105532	8.300381608328051	6.919923593309861	-1.38045801501819	0.7434250313284778	0.4173123996383998	-0.3108640594196146
5	13	0.7110244618895958	2.134180156867687	0.2777777777777778	0.2499027511772262	7.032106865510872	6.091332054684623	-0.940774810826249	0.717785823029308	0.4809440192260528	-0.2118522066673025
5	6	0.62168936206353	2.376985633584595	0.4545454545454545	0.2073213545868647	8.042601828353392	2.524205411772618	-5.518396416580774	0.986067496241688	0.05783054231648799	-1.24268256830857
0	9	0.2797901441533655	2.720089057536153	0	0.0932671368886417	0	3.308715196314994	3.308715196314994	0.4142993071798663	0.5857006928201337	0.745086504768704
6	7	0.622313283106764	2.377564075719431	0.4615384615384616	0.2074462415191085	9.641446137942456	2.944189841816085	-6.697256296126371	0.9913652424661324	0.03549759082690507	-1.508148930672102
2	17	0.7172933613754721	2.143715333075877	0.1052631578947368	0.2507134503878277	2.788259459372142	7.930157394362531	5.141897934990389	0.1100517619919795	0.9694480866044781	1.157899224607265
13	6	0.9790016084863244	2.009885447457848	0.6842105263157895	0.3275472074260308	13.27883415850547	2.985244759888652	-10.29358939861681	0.9996902761530713	0.0015629034905702	-2.318003844840271
3	10	0.7160908231030705	2.119298011211349	0.2307692307692308	0.252554716459627	4.189412715833946	4.718543568247015	0.5291308524130693	0.5756813498084962	0.675060335847141	0.1191544856531695
3	14	0.8545967409890183	1.986608930637158	0.1764705882352941	0.3007866517807865	3.510427615869589	7.047184669360079	3.53675705349049	0.1999545056297442	0.9235891757117785	0.7964390389768728
8	5	0.9989067609650722	2.001093239034926	0.6153846153846154	0.332968920321691	8.008755484116428	2.498634197780492	-5.510121286335935	0.9912471885128611	0.0344294684844898	-1.240819099407559
1	3	0.9999999999999994	1.999999999999999	0.25	0.3333333333333334	1.000000000000001	1.500000000000001	0.5000000000000002	0.5925925925925926	0.8024691358024691	0.1125945360299562
2	3	0.6169498128888138	2.199302096522216	0.4	0.2190676944868324	3.241754771972738	1.36406908570857	-1.877685686264168	0.9263873104926816	0.3021709081062119	-0.4228342973100075
4	1	0.6102807882946517	2.202845312739788	0.8	0.216940430814758	6.554360020372699	0.4539583393426071	-6.100401681030092	0.9995194899324364	0.009152660415070346	-1.373743793743895
7	11	0.9954709488317469	2.002493332064989	0.3888888888888889	0.3320489690871122	7.031847597576783	5.493151874147168	-1.538695723429615	0.7802911744949866	0.386956692844024	-0.3464974621416703
1	4	0.610575297424275	2.209570731257084	0.2	0.2165048515979746	1.637799636209525	1.8103063836858	0.1725067474762749	0.7031717300363911	0.7047556755895467	0.03884663438825596
2	8	0.7025899877477585	2.29641214359866	0.2	0.234274587671709	2.846610448308912	3.483695216601392	0.6370847682924796	0.5732313749767841	0.7186775416794728	0.1434645277952877
1	10	0.7074167723460163	2.145913902978909	0.09090909090909091	0.2479266698611645	1.4135938517314	4.660019204926267	3.246425353194867	0.2014139753188161	0.9564626421955613	0.7310595127977251
4.5	13.5	0.3198004409635821	2.677524373563509	0.25	0.1066952902180004	14.07127515659819	5.041970909132337	-9.029304247465856	0.9775432162732108	0.07697762673089947	-2.033300644833461
2	6	0.6622961474316966	2.333229250466277	0.25	0.2210951534233175	3.019797122111846	2.571543280113151	-0.4482538419986941	0.7487811924511781	0.5568677612909774	-0.1009418667269765
7	9	0.9956357901187168	2.001978131051195	0.4375	0.3321427696499819	7.030683377869873	4.495553602912883	-2.53512977495699	0.8756745354654185	0.2591758936951803	-0.5708835215740187
5	5	0.6809288418245758	2.159566962698888	0.5	0.2397218262882849	7.342911172043031	2.31527898248236	-5.027632189560672	0.9839812847931778	0.06669456533884621	-1.132167827425713
1	13	0.711548532931783	2.131196029668655	0.07142857142857142	0.2503033660825595	1.405385513029891	6.099861213621517	4.694475700591626	0.1005319335602493	0.9822826872051196	1.057144626824035
5	12	0.6148849232807909	2.21111773884683	0.2941176470588235	0.2175811550077808	8.131602858827488	5.427119410772939	-2.704483448054549	0.8549107644267228	0.3039176936521023	-0.6090201180687957
7	20	0.967996438789805	2.030571021285304	0.2592592592592592	0.3228196302662333	7.231431562652691	9.849446185507199	2.618014622854508	0.3154570765732823	0.8179670571512989	0.5895482835598879
10.5	31.5	1.041629820966008	1.791665621647942	0.25	0.3676389709662676	10.08035656108837	17.58140560347799	7.501049042389624	0.07772414995200437	0.960450032621839	1.689154273331613
1	13	0.2868059554777661	2.710599013445021	0.07142857142857142	0.09568475346220533	3.486677946886366	4.795987874089026	1.30930992720266	0.6069626050477275	0.7553878966343813	0.2948422875455983
7	4	0.6135341992797181	2.386465800720278	0.6363636363636364	0.2045113997599063	11.40930694363561	1.676118718647771	-9.733188224987837	0.9997229013419003	0.002254398036631522	-2.191807624569476
5	2	0.9999999999999996	1.999999999999999	0.7142857142857143	0.3333333333333333	5.000000000000003	1	-4.000000000000002	0.993141289437586	0.04526748971193395	-0.9007562882396494
3	16	0.6221074408298726	2.376603065368245	0.1578947368421053	0.207458319015464	4.822318144914149	6.732297973166531	1.909979828252382	0.4230203697162743	0.7866176883648308	0.4301065851773045
7	14	0.9591197513356471	2.040818910364008	0.3333333333333333	0.3197131206650223	7.298358719286062	6.859991314713421	-0.4383674045726407	0.6521790771538835	0.5283376985363498	-0.09871554905702509
5	21	0.6108242605091371	2.082249948020961	0.1923076923076923	0.2268130074449489	8.185660464488389	10.08524457880721	1.899584114318825	0.4432385291027938	0.7347569527660063	0.4277655840032066
4	10	0.996578656559242	2.003421343440756	0.2857142857142857	0.3321928855197476	4.013732356872143	4.991461248399002	0.9777288915268594	0.479169651348773	0.7358636886663282	0.2201738618091001
5	12	0.7413111357663599	2.112569570018192	0.2941176470588235	0.259755474103662	6.74480627467042	5.680286306451278	-1.064519968219142	0.7346848296649416	0.4634114420861145	-0.2397182638325158
14.5	11.5	1.287189613183319	1.37480817140092	0.5576923076923077	0.4835427063979909	11.26485162053195	8.364803351642562	-2.900048268889384	0.8250433465593903	0.2911384000990297	-0.6530591786001552
4	6	0.7059451489801613	2.243081058254588	0.4	0.2393824603010611	5.666162598862776	2.674892188099876	-2.9912704107629	0.9336635198459065	0.1998688680146536	-0.67360140807997
11	22	0.9382097642812653	2.061790235718733	0.3333333333333333	0.3127365880937553	11.72445695918202	10.67033863041401	-1.054118328768009	0.6776311500027028	0.4637657643849504	-0.2373759282966135
7	16	0.6212398744047738	2.370593331039458	0.3043478260869565	0.2076452234283332	11.26778928462518	6.749365144372661	-4.518424140252514	0.9141419297518207	0.1843527563425951	-1.017499739316571
4	13	0.6275315170847059	2.300267632734999	0.2352941176470588	0.2143355759644064	6.374181839635106	5.65151629097311	-0.7226655486619959	0.7078676984141744	0.5104234633287392	-0.1627363843128622
6	14	0.6254229898018573	2.34680758851205	0.3	0.2104220965779339	9.593507270816641	5.965550848110408	-3.627956422706233	0.8919794610525749	0.2311782567920011	-0.8169761403030154
5	14	0.9322440080105074	2.045421804519957	0.2631578947368421	0.3130787894623651	5.363402668224652	6.844554003024175	1.481151334799523	0.4244672506769869	0.7576999669238514	0.333539094663805
2	21	0.6422830423550877	2.354133816562573	0.08695652173913043	0.2143503633159665	3.113891957456188	8.92047845889385	5.806586501437662	0.1016330256772286	0.9716791592879925	1.307579826094359
1	11	0.5978743633645652	2.303705491875183	0.08333333333333333	0.2060513214154379	1.672592205446734	4.774915907782187	3.102323702335454	0.2581118687727845	0.9372651068400225	0.6986093957583922
3	7	0.6797707007730461	2.161888871655458	0.3	0.2392160930776479	4.413252875695219	3.237909261561524	-1.175343614133694	0.8005022005522051	0.4418135511603734	-0.2646745378183102
2	14	0.2678841222022775	2.726311392454609	0.125	0.0894678122690913	7.465914678174966	5.135143417126402	-2.330771261048564	0.8327546683990429	0.4258575992352471	-0.5248642174594376
9	9	0.9703329145495334	1.915329685500298	0.5	0.336260002999927	9.275167177213763	4.698929937823803	-4.57623723938996	0.9540570638397217	0.1127579047289621	-1.03051861746424
6	14	0.675201861675078	2.322316747445249	0.3	0.2252536013023211	8.886231422873848	6.028462747556389	-2.85776867531746	0.8567226935957248	0.2853950007987388	-0.6435382761566234
7	12	0.6283845375825139	2.364525156923314	0.3684210526315789	0.2099577340191913	11.13967575798413	5.075014729644165	-6.06466102833997	0.9693730337116504	0.08421331563370993	-1.365695389329791