dN,dS,dN/dS,dS=dN,LRT,p-value,Full Log(L)
0.05650303380527943,0.970192621107427,0.05823898530663325,0.2687754583915339,1085.159212618907,0,-2797.097200620567
0.07803746905266282,0.9188514999610295,0.08492935915757067,0.2719023223351189,878.4366690642973,0,-2904.452306819862
0.03900842014595454,0.9126180188839852,0.04274342533106769,0.2454405890521841,1125.691176375869,0,-2565.329504577729
0.05856733574027442,0.912312641009636,0.06419656278735682,0.2703844865855253,1020.272041745505,0,-2821.694748999148
0.01931211746786176,0.9595555152206875,0.02012610751699987,0.2447201835074061,1372.530233170511,0,-2432.867583793316
0.01932823969026896,1.031101529360251,0.01874523423727362,0.1895197523195164,1124.473427403188,0,-1466.712529050253
0.03830192394917977,0.8331979818168429,0.04596977523356443,0.2317994665687143,1042.262330986097,0,-2484.121673709652
0.07021208212404489,0.9062655991499364,0.07747406741456674,0.2744759597094861,927.2555076113867,0,-2908.183410220832
0.04870467502660483,0.9418835151216586,0.05170987096033194,0.258049028161989,1095.619626436051,0,-2685.596135447
0.1136808888296901,0.9338986590626721,0.1217272213922959,0.2756887348983539,679.9215168689889,0,-3074.396780726442
0.02772571974851701,1.076026167188235,0.02576677091502999,0.1835116889344949,1009.035769075025,0,-1522.82620402356
0.08007580675618012,0.9003066898441542,0.08894280988852975,0.2768193535275527,866.2207480648294,0,-2933.478964255528
0.112705487246885,0.8195042538510958,0.1375288617688659,0.2843078065528688,629.8005539389542,0,-3118.400364488235
0.2058579786376656,1.080443477811575,0.1905310021905343,0.336546056720564,436.8027726584287,0,-3566.640612111267
0.06207616070431207,0.9169329840764548,0.06769977935392506,0.2684501358738484,984.9302504694206,0,-2827.354081802159
0.1190390908377869,0.9208414339691072,0.1292720836036799,0.3017159692573677,703.9617634554043,0,-3257.075091516204
0.08090299805608486,0.994572056815505,0.08134453155171695,0.2324954423259406,717.801956056187,0,-2114.814233656931
0.05083313611971619,1.039026547358165,0.04892380877944344,0.2047105912080487,857.4525259060301,0,-1786.699781178803
0.2164368530719593,0.9743891630990018,0.2221256775717736,0.345036539450928,371.3854775601876,0,-3625.639080853059
0.07216636149023006,1.017647669058735,0.0709148791712752,0.218960348054751,737.2344875754393,0,-1986.796289495848
0.1585777782598742,1.304499456274806,0.1215621650872257,0.320126283998994,629.7506730722398,0,-2893.10548276877
0.1954726680305964,0.9374153388864188,0.2085230099422138,0.3513377962546698,451.2957209435881,0,-3669.23495983982
0.2835427083877646,1.049556048714294,0.270154899050036,0.4094959365038805,302.1356346744078,0,-4045.957037171832
0.1092382924230947,1.149295459524952,0.09504805010562477,0.2623970124945497,682.5692228579092,0,-2426.996753668219
0.166587022516968,0.9315565881858476,0.1788265196442725,0.2842194839903157,396.1023564446286,0,-2849.877217608174
0.1480039615862838,0.9628362990019701,0.1537166408658436,0.3298565080452511,632.2663024821804,0,-3506.409677998569
0.1569461331407461,0.9799380989806866,0.1601592317963742,0.2894273644467311,454.5648592768803,0,-2803.42027204054
0.08576744927847563,1.004858566687776,0.08535275721555828,0.2301613840810742,671.3776001645356,0,-2110.998083555639
0.2411514047510827,1.025758619271324,0.235095665023406,0.3618218414397693,329.5683155550478,0,-3573.897018341348
0.3087025973867532,0.9489642773504897,0.3253047609427949,0.4107981890047442,203.5497050754429,0,-4019.102937823498
0.1867144695941566,1.011395258053673,0.1846107820927196,0.3162860907054943,404.9713016966771,0,-3077.158914220349
0.1359703130123746,0.8841939087503536,0.1537788393097435,0.3107867398517894,612.0179789849662,0,-3375.646999124662
0.2390364308682366,1.055278281364969,0.226515067247523,0.3530690337559063,347.1481877863889,0,-3722.287202173099
0.2440329026469339,1.029653292360408,0.2370049262771798,0.3715718715613509,315.9964194601107,0,-3463.684769024617
0.3644626349095528,1.019586364745497,0.357461268129579,0.4711873251571131,192.7641971968751,0,-4350.700057452136
0.4110243612146764,0.9721430761784617,0.4228023336137225,0.509866944491517,140.9823526988002,0,-4594.037045555207
0.449683437575735,1.069252810932336,0.4205585741538832,0.5473970980844365,130.4561556266326,0,-4735.278179447569
0.2911519411364776,0.9629806282270897,0.3023445462994488,0.4208529285380577,280.5454482057739,0,-4182.075058472356
0.3932079686762791,1.105832850042815,0.3555763139619654,0.5021893346313161,185.436510606758,0,-4496.242742409811
0.3454355097520415,1.016134460350078,0.3399505904297669,0.4517833338519215,207.2912995000715,0,-4308.626896804688
0.3121586526708179,0.9813631008932888,0.3180868043506777,0.4225143604148329,229.8954043268513,0,-4137.758950053018
0.3425229091063478,1.058776237927618,0.3235083078335612,0.4543763308256349,227.2722372287608,0,-4324.347667037127
0.2152330232354712,1.070931042616798,0.2009774809679191,0.3512927545395287,387.8216546261374,0,-3208.897941713764
0.444089983709775,1.016569889228624,0.4368514043306475,0.5196639998318133,100.8631853915049,0,-4709.744773095593
0.473407345401792,0.9595967700691647,0.4933398695867539,0.5636467862860121,100.177379855093,0,-4769.551343750775
0.3211169359246491,1.044779623488357,0.3073537506909731,0.450371698796531,250.2037599691839,0,-4005.297117557524
0.4309547411596035,0.9888147326515554,0.4358296118869276,0.5241008606949844,127.8066611382055,0,-4628.953668765419
0.2272820368512236,1.174286097816158,0.1935491165857317,0.3732013540338033,423.0178525521806,0,-3310.50785426819
0.2568866193108635,1.066871311161079,0.2407850099852186,0.3955785582751885,341.3691570142637,0,-3556.781029269189
0.392172545798582,1.109366757155254,0.3535102735584297,0.5075885412515654,202.0789964160394,0,-4576.104492387532
0.285612457996839,1.162173805527282,0.2457570947120562,0.4265401473271897,328.3993658230856,0,-3792.224426944684
0.4324208740792266,0.967423444899321,0.4469820080949437,0.5258995692108409,122.7182249757625,0,-4723.161971627442
0.4344223633199333,0.9549530992832208,0.4549148682233785,0.5235431132021856,115.6816998609156,0,-4704.493471876685
0.4196899171194114,1.013607896739072,0.4140554927300949,0.5273197604871477,141.1134473215661,0,-4446.382783176225
0.3710694789807973,0.9982675787342588,0.3717134432546536,0.4671235329498118,174.72984208872,0,-4491.484337569995
0.5123530964198114,0.9903012173816638,0.517370964941821,0.5927107358166533,83.12134672134925,0,-5050.471823099751
0.456312417549859,0.9641621019305608,0.4732735466745432,0.5465993290900237,110.1103310091239,0,-4760.100131852483
0.441282118166946,1.032771166855288,0.4272796649722683,0.5412058236587399,132.1299341570939,0,-4737.559754279998
0.5448785506694649,0.8393028429475701,0.649203747190813,0.6021198679190747,36.79008666347727,1.315575093308041e-09,-5006.161893547778
0.3568020929289255,1.145755500890244,0.3114120705959454,0.4824771998813169,233.0183064580633,0,-4076.250216208438
0.4690113758533306,0.9657754565509563,0.4856319061247386,0.5528448580551225,97.84969499313593,0,-4863.804672407708
0.4561239319741092,0.8910645670472505,0.5118865106325369,0.5358140121552087,87.06978715514924,0,-4842.752544249671
0.4601651968074855,0.8738808944610725,0.5265765617765017,0.5509202991061987,93.70174084153223,0,-4987.642540120954
0.317361786482454,1.043863271088776,0.304026202733848,0.4495169838866421,263.1398455446706,0,-3897.250480636115
0.6092103800860141,1.051674981315329,0.5792762886914693,0.6880847475671363,56.70612762366181,5.062616992290714e-14,-5379.203110810358
0.4090084165190415,1.119230563046013,0.3654371404993761,0.523081757066953,182.6509122644056,0,-4445.463009424505
0.502113059852777,1.04470813136658,0.480625205047427,0.5911024751559327,105.4075394576612,0,-5040.346094986517
0.6013251530804227,1.012098245082556,0.5941371363917075,0.6861458527732838,60.37838766444656,7.771561172376096e-15,-5455.079981700881
0.4926195368403671,1.156712409811935,0.4258790107736981,0.6129539233596117,147.4291534965341,0,-4708.51749373621
0.6741790408388438,0.8943864479577207,0.7537894188561246,0.719392373430076,16.55227782324619,4.73271029819422e-05,-5549.527967488915
0.5047955061436818,1.000162100271859,0.504713691917011,0.5887168215521003,89.67720080601066,0,-4999.256603469677
0.4811792449398338,1.098111268831849,0.4381880585304471,0.5981008129477204,141.3721978639533,0,-4840.804568725848
0.5284549565983885,1.037512226349064,0.509348172655262,0.6181839773528649,86.43820278298153,0,-5100.370691880571
0.5439927295893535,1.032583321492681,0.5268269574633155,0.6431544574365734,92.49834214179646,0,-5325.521648273037
0.4297850381658547,1.048806242934402,0.4097849732123838,0.5457881729516969,153.2485370593386,0,-4546.035015310016
0.47396805478417,1.086301712405966,0.4363134563549706,0.5760453004321718,127.8527079336,0,-4593.349719191742
0.4522658537554212,1.057102791111798,0.4278352659345028,0.5571496975725575,135.641314514507,0,-4618.366594362759
0.6475111367481394,0.9663231965086448,0.6700771947601143,0.7105694315479546,34.86832721919927,3.527731551322688e-09,-5460.162078351633
0.6702618380782615,0.9523974277572097,0.7037627554881724,0.7230757891083824,24.36025437562239,7.990028667581583e-07,-5536.438766018846
0.6604748156302341,0.9846477132486996,0.6707727106287538,0.7226014801533208,31.85426522085982,1.661843473943492e-08,-5495.291400938729
0.5234201872517121,1.051999283590485,0.4975480453420779,0.6118962773371884,89.01872227212516,0,-4774.216056519103
0.6245914539796865,0.9638807967493348,0.6479965739395436,0.6903190476649216,40.86850595620126,1.628240875461984e-10,-5477.198498844026
0.6361344310188997,0.9903034343452235,0.6423631474523805,0.7011105727625514,39.27513013877069,3.681001059518962e-10,-5371.255938154462
0.6538969461628519,0.9910603174978829,0.6597953067213275,0.7173332193215369,35.57930238760855,2.448756086792514e-09,-5364.37051041846
0.6878079294697732,0.9890438704830571,0.6954271190557424,0.7495236551245334,27.53574948894129,1.54217451031613e-07,-5584.701327722171
0.5803287438667366,1.083695628907085,0.5355089827685309,0.6692928147269074,75.45830622935864,0,-5189.945008136718
0.6533802890359887,0.9235857408821395,0.7074386926025179,0.7039229030578523,23.43797212941899,1.29006780669183e-06,-5349.162058557968
0.6398412726353264,0.9844291178618748,0.6499617504458076,0.701889579631258,36.34083079339325,1.656567327756875e-09,-5457.358125059871
0.6794208977548755,0.962993490833792,0.7055301040161861,0.7383577578192629,26.1787948702713,3.112214036482541e-07,-5569.49210148858
0.7850054679423172,0.9624860366986135,0.8156019287666078,0.8207944556782499,8.867174610997608,0.002903441677454155,-5860.071636814575
0.7700476230732554,0.9318322948506023,0.8263800550041193,0.8015761710015009,7.25161372376715,0.007083732484936434,-5769.574088926403
0.7563553511274972,1.010981287779952,0.7481398125462873,0.8069019370674818,17.61264573242624,2.70781771476436e-05,-5815.754419681051
0.7710979669842408,1.017928045596223,0.7575171647153029,0.8184217171745941,15.63206493875441,7.693881245440792e-05,-5678.791850254704
0.6902191484592232,0.995679783310808,0.6932139830780985,0.7449317459338044,25.92576944064422,3.548010055753892e-07,-5516.811079937929
0.7289750304653057,0.9291901644721072,0.7845272779866884,0.7663167831874101,10.86910836033167,0.0009778159517234153,-5734.347600536823
0.7526542967720513,1.047993899940223,0.7181857612100437,0.8151520911914086,24.55716898467654,7.213745660816784e-07,-5859.622717855568
0.6377928439110152,1.07814683906104,0.5915639881358553,0.7162250964941653,53.1992658719555,3.0142555118573e-13,-5133.413674387802
0.7621163428885129,1.103158787442417,0.690849179251354,0.8291707840882571,29.02752379900994,7.135721402651285e-08,-5893.114540391198
0.724639384411964,0.9712792695170182,0.7460669728617814,0.7773771955521833,18.13187825182285,2.061216407434063e-05,-5661.404652177347
0.789142170440142,1.000482753488654,0.7887613931258952,0.8309675079480425,11.85912245949112,0.000573795758860407,-5783.284753455958