ObservedSChanges	ObservedNSChanges	E[SSites]	E[NSSites]	ObservedS.Prop.	P{S}	dS	dN	dN-dS	P{Sleq.observed}	P{Sgeq.observed}	ScaleddN-dS	pvalue
1	0	0.6212002239772956	2.21570166030504	1	0.2189713459668851	1.609786927630839	0	-1.609786927630839	1	0.2189713459668852	-0.3758026463221166	1
6	3	0.7241954814481559	2.275804518551845	0.6666666666666666	0.2413984938160519	8.285055836031933	1.318215152287763	-6.96684068374417	0.9989288601603932	0.00832764860470081	-1.626399817588807	0.9989288601603932
8	0	0.9999999999999994	1.999999999999999	1	0.3333333333333334	8.000000000000005	0	-8.000000000000005	1	0.0001524157902758061	-1.867589504532475	1
6	0	0.9999999999999998	2	1	0.3333333333333334	6.000000000000002	0	-6.000000000000002	0.9999999999999999	0.001371742112482921	-1.400692128399356	0.9999999999999999
8	0	0.9999999999999994	1.999999999999999	1	0.3333333333333334	8.000000000000005	0	-8.000000000000005	1	0.0001524157902758061	-1.867589504532475	1
5	0	1	2	1	0.3333333333333333	5	0	-5	1	0.004115226337448097	-1.167243440332796	1
4	3	0.6219629926162207	2.377970726604957	0.5714285714285714	0.2073255781056691	6.431250809914636	1.261579869943613	-5.169670939971024	0.9944884237872659	0.03771960295843857	-1.206852898672051	0.9944884237872659
6	0	0.9999999999999997	1.999999999999999	1	0.3333333333333333	6.000000000000002	0	-6.000000000000002	1	0.001371742112482699	-1.400692128399356	1
5	1	0.9997017253091994	2.000298274690799	0.8333333333333334	0.3332339084363999	5.001491818425682	0.4999254424466157	-4.501566375979067	0.9986307109933584	0.0178081109163889	-1.050884764716849	0.9986307109933584
11	0	0.9999999999999996	1.999999999999999	1	0.3333333333333333	11.00000000000001	0	-11.00000000000001	1	5.645029269252255e-06	-2.567935568732153	1
8	0	0.9999999999999998	2	1	0.3333333333333334	8.000000000000002	0	-8.000000000000002	1	0.0001524157902758061	-1.867589504532474	1
6	5	0.6690900518778267	2.175809400968372	0.5454545454545454	0.2351893495597643	8.967402793033273	2.297995402434922	-6.669407390598352	0.9947394673552766	0.0257210927030137	-1.556964405516599	0.9947394673552766
5	0	0.6212002239772955	2.215701660305039	1	0.2189713459668851	8.048934638154199	0	-8.048934638154199	1	0.0005034269250508983	-1.879013231610583	1
1	2	0.982904828176741	2.017095171823258	0.3333333333333333	0.3276349427255804	1.017392499592224	0.9915248561088936	-0.02586764348333048	0.7483057531565391	0.6960407212128192	-0.006038767434556981	0.7483057531565391
6	10	0.6690856114222341	2.187575137768254	0.375	0.2342194856746071	8.967462306125773	4.571271554220494	-4.396190751905279	0.9414512110608783	0.1502352722376443	-1.026284963522628	0.9414512110608783
4	2	0.7334237318939156	2.100528195683915	0.6666666666666666	0.2587989318932345	5.453873151432971	0.9521414680886093	-4.501731683344362	0.9945365771631054	0.04243034136913515	-1.050923355504404	0.9945365771631054
4	1	0.6212002239772956	2.225690192597621	0.8	0.2182030682883324	6.439147710523358	0.4492988302351694	-5.989848880288188	0.9995053428785388	0.009356159914282514	-1.398322362820226	0.9995053428785388
6	1	0.6239088999539733	2.214159246759994	0.8571428571428571	0.2198357712715111	9.616788605584292	0.4516386982839252	-9.165149907300366	0.9999751864712476	0.0006412300103192381	-2.139592221792617	0.9999751864712476
4	0	0.6212002239772956	2.21570166030504	1	0.2189713459668851	6.439147710523358	0	-6.439147710523358	0.9999999999999999	0.002299053891402836	-1.503210585288466	0.9999999999999999
6	1	0.9994635275017805	2.000268236249109	0.8571428571428571	0.3331842998695467	6.003220562732652	0.4999329499303524	-5.5032876128023	0.9995441817594846	0.00684155524884611	-1.284735273261643	0.9995441817594846
0	3	0.6219632397076932	2.377570574759656	0	0.207353301605683	0	1.261792197400182	1.261792197400182	0.4980110338232002	0.5019889661767998	0.2945637330956934	0.4980110338232002
9	3	0.6212002239772957	2.377322316297459	0.75	0.2071687691633544	14.48808234867755	1.261923963542447	-13.22615838513511	0.9999936651697521	8.340450055466242e-05	-3.087629323170312	0.9999936651697521
4	14	0.6596998464335506	2.196631140707069	0.2222222222222222	0.2309605747385581	6.063363545746872	6.373395942795188	0.3100323970483165	0.5949174168349641	0.6254530030731125	0.07237665634906008	0.5949174168349641
1	11	0.7441116556069837	2.255234259490358	0.08333333333333333	0.2480913094623279	1.343884338411934	4.877542079591236	3.533657741179302	0.1619604761420014	0.9673426265194632	0.8249277637545491	0.1619604761420014
5	1	0.6214967872131822	2.215532786967685	0.8333333333333334	0.2190660234455351	8.045093881209283	0.451358700662093	-7.59373518054719	0.9998894776401711	0.002474485459226239	-1.772747515423618	0.9998894776401711
5	0	0.6212002239772955	2.21570166030504	1	0.2189713459668851	8.048934638154199	0	-8.048934638154199	0.9999999999999998	0.0005034269250511203	-1.879013231610583	0.9999999999999998
9	0	0.9999999999999996	1.999999999999999	1	0.3333333333333333	9.000000000000004	0	-9.000000000000004	1.000000000000001	5.080526342449154e-05	-2.101038192599034	1.000000000000001
4	1	0.6214976495526298	2.378502350447369	0.8	0.20716588318421	6.436066174794554	0.4204326305634767	-6.015633544231077	0.9996184151013741	0.007683306626212749	-1.404341758789931	0.9996184151013741
4	18	0.9837106152073392	1.857372683320395	0.1818181818181818	0.3462449044408883	4.066236490857538	9.691108392862594	5.624871902005056	0.0766471426650316	0.9733815849827916	1.313118966065532	0.0766471426650316
8	2	0.9927212549624786	2.00727874503752	0.8	0.330907084987493	8.058656908985364	0.9963738244847583	-7.062283084500606	0.9996659547587727	0.003230280944424124	-1.64868072083132	0.9996659547587727
6	2	0.998797637128808	2.001202362871191	0.75	0.3329325457096028	6.007222861727917	0.9993991797663753	-5.007823681961542	0.9974293888357281	0.01953878266971909	-1.169069868622568	0.9974293888357281
9	2	0.9949036588228541	2.002548170588573	0.8181818181818182	0.3319164795446309	9.046102022228546	0.9987275359334684	-8.047374486295077	0.9998753487601844	0.001324933942693063	-1.878649016205887	0.9998753487601844
5	0	0.6212002239772955	2.215701660305039	1	0.2189713459668851	8.048934638154199	0	-8.048934638154199	1	0.0005034269250508983	-1.879013231610583	1
6	7	0.6694586699165568	2.327905038679959	0.4615384615384616	0.2233491611300064	8.962465152251829	3.006995510422263	-5.955469641829566	0.9869018384297212	0.04940629703737431	-1.390296574705334	0.9869018384297212
7	5	0.6268420714851735	2.212263160134017	0.5833333333333334	0.2207886007549198	11.16708708369708	2.260128944016364	-8.906958139680713	0.9988281359046258	0.006990727978514966	-2.079317692372223	0.9988281359046258
6	3	0.9998947407525396	1.993423861805317	0.6666666666666666	0.334042203158096	6.000631621968815	1.504948374242441	-4.495683247726374	0.9916092542349315	0.04285964750873428	-1.04951135614453	0.9916092542349315
6	1	1	2	0.8571428571428571	0.3333333333333333	6	0.5	-5.5	0.9995427526291726	0.00685871056241405	-1.283967784366076	0.9995427526291726
7	0	0.9999999999999996	1.999999999999999	1	0.3333333333333333	7.000000000000004	0	-7.000000000000004	1	0.0004572473708274183	-1.634140816465915	1
5	8	0.6249057978365131	2.363685866046231	0.3846153846153846	0.2090970825451084	8.001205969460523	3.384544500992302	-4.616661468468221	0.963203546799025	0.115556113423947	-1.077753563061341	0.963203546799025
8	6	0.6252708413502183	2.37472915864978	0.5714285714285714	0.2084236137834062	12.7944555718042	2.526603919501907	-10.26785165230229	0.9994711877192454	0.003159611393301787	-2.397016497492023	0.9994711877192454
7	3	0.9999999999999996	1.995344027067301	0.7	0.3338514677992049	7.000000000000004	1.503500127950023	-5.496499872049981	0.9965579636493634	0.01983915358644084	-1.283150684088079	0.9965579636493634
4	10	0.629030595917062	2.365760583425151	0.2857142857142857	0.2100415549024104	6.358991161897953	4.226970417066458	-2.132020744831495	0.8476412592543304	0.3367317903125486	-0.4977174458116009	0.8476412592543304
4	6	0.6277638410715828	2.366313289688577	0.4	0.2096685601790763	6.37182287079814	2.535589867218994	-3.836233003579146	0.9603869950598229	0.1385156937496592	-0.8955635618031876	0.9603869950598229
6	1	0.9984044850780808	2.000797757460959	0.8571428571428571	0.3328900168575694	6.009588387947563	0.4998006401551621	-5.509787747792401	0.9995469924938907	0.006807781459128859	-1.286252721247338	0.9995469924938907
6	1	0.9974629274440192	2.002537072555979	0.8571428571428571	0.3324876424813399	6.015261153990847	0.4993665354337882	-5.515894618557059	0.9995508115713445	0.006761819398066415	-1.28767836221554	0.9995508115713445
3	12	0.357392960838215	2.642010448995754	0.2	0.1191546824500004	8.394121677617605	4.541995662644438	-3.852126014973167	0.9060791869369862	0.2618555498127062	-0.8992737644625487	0.9060791869369862
6	1	0.9991492495497155	2.000850750450284	0.8571428571428571	0.3330497498499052	6.005108849057343	0.4997874028210019	-5.505321446236341	0.9995454687130235	0.006826096765728762	-1.285210069008566	0.9995454687130235
3	3	0.6273703178312987	2.372629682168699	0.5	0.2091234392770997	4.781864737194511	1.264419821831553	-3.517444915362959	0.980074448039036	0.1104079802936588	-0.8211429008378722	0.980074448039036
1	14	0.3302325561868852	2.657340953253982	0.06666666666666667	0.1105353743241247	3.028169031989929	5.268424431142958	2.24025539915303	0.4942138492021724	0.8274439420378848	0.5229846838663007	0.4942138492021724
8	9	0.7139263719163987	2.123852865715175	0.4705882352941176	0.2515792498757745	11.20563732437216	4.237581682462446	-6.968055641909716	0.9870784372302885	0.04166216611320417	-1.626683447978609	0.9870784372302885
4	2	0.6375116196959011	2.362488380304099	0.6666666666666666	0.212503873231967	6.274395440679241	0.8465650102975578	-5.427830430381683	0.9978603651836802	0.02110911860278175	-1.267119893020352	0.9978603651836802
1	2	0.7347081529800559	2.09666183931959	0.3333333333333333	0.259488570896142	1.361084664630291	0.9538972677868935	-0.4071873968433977	0.8329420168439463	0.5939352434718161	-0.0950573635903286	0.8329420168439463
2	12	0.731988061315094	1.711964644696272	0.1428571428571428	0.2995099125750798	2.732284999849299	7.009490550623478	4.277205550774179	0.1617902652985299	0.9521527534024722	0.9985080244192369	0.1617902652985299
0	8	0.08773218531239857	2.912267814687599	0	0.02924406177079954	0	2.747000107494635	2.747000107494635	0.7886429890779357	0.2113570109220643	0.6412835712133197	0.7886429890779357
9	3	0.9988040234414765	2.001195976558521	0.75	0.3329346744804924	9.010776677680596	1.499103553645522	-7.511673124035074	0.9994621083327557	0.003820046280039957	-1.75359023599082	0.9994621083327557
3	15	0.9074429224821219	2.079507337642771	0.1666666666666667	0.3038024886441126	3.305993055512651	7.213246968872577	3.907253913359925	0.1561888547454914	0.9439150775487766	0.912143300016804	0.1561888547454914
2.5	12.5	0.2708223755222539	2.72674395931437	0.1666666666666667	0.09034741696117111	9.231142719204794	4.584222129584576	-4.646920589620217	0.9057118382889167	0.2732776492098284	-1.084817515196322	0.9057118382889167
4	10	0.9777464808783602	2.015897411793032	0.2857142857142857	0.3266074776869548	4.091040037706495	4.960569888874226	0.869529851167731	0.4972215962863608	0.7211627307713355	0.2029906029898173	0.4972215962863608
9.5	24.5	0.9442808971846759	2.051355727423698	0.2794117647058824	0.3152187716719893	10.06056569430108	11.94332103031667	1.882755336015583	0.4054570075465274	0.7287054318998021	0.4395267631431517	0.4054570075465274
7	24	0.9453638990052828	2.041854778773374	0.2258064516129032	0.3164695996438635	7.404556073450064	11.75401906614426	4.349462992694193	0.1875477528223323	0.9028999582381413	1.01537642943851	0.1875477528223323
8	7	0.9941252876264818	2.00221726905853	0.5333333333333333	0.3317795842162745	8.047275428533112	3.496124076130608	-4.551151352402504	0.9700977209411062	0.08610845022342772	-1.062460312410711	0.9700977209411062
3	14	0.6974022640839096	2.162473153301168	0.1764705882352941	0.243857568006084	4.301678033610525	6.474068812659251	2.172390779048726	0.375074244255063	0.8218812791175969	0.5071417773368156	0.375074244255063
7	13	0.8140537872697288	2.184301763562323	0.35	0.2715000851196006	8.598940401072808	5.951558624756419	-2.647381776316388	0.8508990666384804	0.286311363036593	-0.618027802492378	0.8508990666384804
3	2	0.9999999999999997	1.999603264583409	0.6	0.3333774208766511	3.000000000000001	1.00019840706585	-1.999801592934151	0.9547107350620794	0.2099418624079394	-0.4668510582638928	0.9547107350620794
4	6	0.6219408153351709	2.36698412042519	0.4	0.2080817781316925	6.431480136649908	2.534871251659347	-3.896608884990561	0.9615664004811534	0.1355376873487203	-0.9096582321095447	0.9615664004811534
4	13	0.7386335931971455	2.096649571328237	0.2352941176470588	0.2605149293159896	5.415404927206414	6.200368520221736	0.7849635930153216	0.5336935715953474	0.6830717277331421	0.1832487209694394	0.5336935715953474
6	8	0.9997007048974141	2.000299295102585	0.4285714285714285	0.3332335682991381	6.001796308241775	3.999401499358985	-2.00239480888279	0.8507301656455066	0.3099038851667607	-0.4674564411249759	0.8507301656455066
8	19	1.003887887537096	1.996112112462903	0.2962962962962963	0.3346292958456987	7.969017356735847	9.51850343543923	1.549486078703383	0.4224745701914522	0.7292616118811668	0.3617254922507022	0.4224745701914522
6	6	0.6420144619362437	2.357282579532792	0.5	0.2140549779030187	9.345583870345649	2.545303669613164	-6.800280200732486	0.9941674818239676	0.02678217766617519	-1.587516491345997	0.9941674818239676
5	13	0.9822354684417481	2.00623650993071	0.2777777777777778	0.3286748129312158	5.090429088182053	6.47979434909645	1.389365260914396	0.4288115138737279	0.756047154355288	0.3243454974057186	0.4288115138737279
1	7	0.640556475505923	2.357250853289973	0.125	0.2136749981738186	1.561142597473832	2.969560914668978	1.408418317195146	0.463886057438617	0.8538439904913754	0.3287934083981179	0.463886057438617
2	3	0.6224048124903352	2.211775279755031	0.4	0.2196066559754986	3.213342763205348	1.356376494239627	-1.856966268965721	0.9259132535969166	0.3032957470380706	-0.4335063392739009	0.9259132535969166
7	11	0.7816380871994695	2.21836191280053	0.3888888888888889	0.2605460290664899	8.955551315417976	4.95861380261134	-3.996937512806636	0.9293626571785812	0.1643867598881963	-0.9330798186487255	0.9293626571785812
10	6	0.999052870942936	2.00061349020522	0.625	0.3330546636395046	10.00948026960945	2.999080046883283	-7.010400222726171	0.9959902258533685	0.01584620316202212	-1.636568734816939	0.9959902258533685
4	7	0.5384225865927718	2.143292660492353	0.3636363636363636	0.2007754504054848	7.429108844249401	3.266002879136428	-4.163105965112972	0.9488354590938611	0.1628606600915415	-0.9718716258376903	0.9488354590938611
6	22	0.6328282112470592	2.349307330497033	0.2142857142857143	0.2122063878011902	9.481246084425226	9.364462330837554	-0.1167837535876721	0.6176084871846187	0.563386464167869	-0.02726301406253039	0.6176084871846187
5	10	0.6221030523385974	2.375474214146273	0.3333333333333333	0.2075352850097208	8.037253604855497	4.20968577156032	-3.827567833295177	0.9287219729155315	0.184209346414227	-0.8935406891685217	0.9287219729155315
11	12	0.9798417862284294	2.006591521050532	0.4782608695652174	0.3280976621310174	11.22630219960387	5.980290394986576	-5.246011804617292	0.9572583063112474	0.09703047178285251	-1.22467457336959	0.9572583063112474
9	7	0.6248091113722772	2.225697319759237	0.5625	0.2191923177399246	14.40439941766081	3.145081740385625	-11.25931767727519	0.9994552211454037	0.002908860810240665	-2.628472940284512	0.9994552211454037
6.5	10.5	0.6344873418600121	2.364644376677739	0.3823529411764706	0.2115570109636135	10.2444912154514	4.440414002020977	-5.804077213430419	0.9675203748525484	0.09020685034890374	-1.354954210912342	0.9675203748525484
1	9	0.7318309347115378	2.103014813460465	0.1	0.2581554693702278	1.366435815389746	4.279570425464906	2.91313461007516	0.2261510488750045	0.9495188789009159	0.6800674528833336	0.2261510488750045
5	9	0.7156080772623467	2.089733883512089	0.3571428571428572	0.2550876460938821	6.987064789889127	4.306768469904046	-2.68029631998508	0.8791564022124312	0.2735501935801679	-0.6257116595301436	0.8791564022124312
10	7	0.6621712248466167	2.175024290974516	0.5882352941176471	0.2333893526738404	15.10183412502766	3.218354861160499	-11.88347926386716	0.9996705912767556	0.001780548571530316	-2.77418264381595	0.9996705912767556
4	9	0.6287080296964885	2.208337263624408	0.3076923076923077	0.2216066240382633	6.362253718838325	4.07546444478723	-2.286789274051094	0.8595723961545937	0.321323692268112	-0.5338479559119074	0.8595723961545937
3	6	0.7286715504974351	2.104433755843506	0.3333333333333333	0.2571988936897446	4.117081280244877	2.85112324554738	-1.265958034697497	0.8205663110129358	0.4194948079096057	-0.2955362423474503	0.8205663110129358
2	24	0.7872427147889018	2.153878520421344	0.07692307692307693	0.2676675498324455	2.540512554042876	11.14268969788746	8.602177143844589	0.01637434279928483	0.996810455519461	2.008166968746661	0.01637434279928483
1	10	0.09020513542477726	1.731788486648174	0.09090909090909091	0.04950902919305913	11.08584334241045	5.774377227414596	-5.311466114995853	0.899802877930205	0.4279579530448422	-1.239954796255766	0.899802877930205
7	8	0.6415089462160819	2.35571195875024	0.4666666666666667	0.2140345895603214	10.91177300221494	3.39600092884199	-7.515772073372953	0.9934303855047506	0.02585213355577376	-1.7545471303362	0.9934303855047506
9	14	0.7617716213095346	2.090354647795296	0.391304347826087	0.2670890239192056	11.81456456008222	6.697428120518137	-5.117136439564082	0.9385278137754982	0.1344086280352779	-1.194588788473819	0.9385278137754982
5	11	0.7491885285054839	1.642710498475375	0.3125	0.3132191284224638	6.673887559349357	6.696249893215676	0.02236233386631881	0.6155884164070805	0.5955290228872552	0.005220457503198513	0.6155884164070805
0	5	0.02106225165191207	1.680526248172838	0	0.01237799365362502	0	2.975258497411915	2.975258497411915	0.9396233311747884	0.06037666882521164	0.6945701928796938	0.9396233311747884
9	8	0.6253247739399785	2.368226815011895	0.5294117647058824	0.208890595454519	14.39252109474853	3.37805481691576	-11.01446627783277	0.999288407432487	0.003536129960182488	-2.571312702313419	0.999288407432487
6	16	0.9829896078700266	2.015387983782456	0.2727272727272727	0.3278404996777861	6.103828516560813	7.938918029059294	1.835089512498481	0.3827591232540239	0.7780636628670795	0.4283992391774721	0.3827591232540239
5	12	0.7984043679885005	2.195348561711502	0.2941176470588235	0.2666901333332496	6.262490788467249	5.466102380865093	-0.7963884076021568	0.7120901537042006	0.4897629302472968	-0.1859158289461397	0.7120901537042006
2	18	0.6353944179032386	2.34792248350034	0.1	0.2129825422181267	3.147651196873705	7.666351903221762	4.518700706348056	0.1689514867934017	0.9467023922078304	1.054884751662388	0.1689514867934017
6.5	21.5	0.7610034944740761	2.237196189670319	0.2321428571428572	0.2538201503050475	8.541353682603129	9.610243437419907	1.068889754816778	0.4954689814325652	0.6706814343017581	0.2495309109497631	0.4954689814325652
4	11	0.7104984373862195	2.151026234136189	0.2666666666666667	0.2482936612278849	5.629850523971866	5.113838141735815	-0.5160123822360507	0.6921088149945539	0.5325510627245205	-0.1204624136591059	0.6921088149945539
4	17	0.9731609023283793	2.02683909767162	0.1904761904761905	0.3243869674427932	4.110317204924306	8.387444281852051	4.277127076927745	0.1391989263482409	0.9451702987261295	0.9984897048027395	0.1391989263482409
9	17	0.9180220637931868	2.014947620307469	0.3461538461538461	0.3130008703361973	9.803685940632828	8.436943883139703	-1.366742057493125	0.7233153499057007	0.4290732791176158	-0.31906414024716	0.7233153499057007
12	14	1.108090106700337	1.421128873287169	0.4615384615384616	0.4381155271521055	10.82944421887632	9.851323312865381	-0.9781209060109362	0.671428669594558	0.4795779153492874	-0.2283410422787273	0.671428669594558
