ObservedSChanges	ObservedNSChanges	E[SSites]	E[NSSites]	ObservedS.Prop.	P{S}	dS	dN	dN-dS	P{Sleq.observed}	P{Sgeq.observed}	ScaleddN-dS
19	1	1.000000000000002	1.999862274630813	0.95	0.3333486368546932	18.99999999999997	0.5000344337134947	-18.49996556628648	0.9999999997129395	1.176869590668872e-08	-0.6618294241872605
23	3	0.9975112081180748	2.002488791881929	0.8846153846153846	0.3325037360393579	23.05738503268778	1.498135725983572	-21.5592493067042	0.9999999994974405	8.258599581978388e-09	-0.7712741682378051
15	2	0.9943371291229174	2.0024809043602	0.8823529411764706	0.3317976326935097	15.0854268242313	0.9987610846351653	-14.08666573959614	0.9999997477489236	4.200951394306429e-06	-0.5039452555601017
31.5	27.5	0.849894725598549	2.143528126066384	0.5338983050847458	0.2839207047296509	37.06341391613618	12.82931614733024	-24.23409776880594	0.9999820715264622	5.416919646739071e-05	-0.8669658824260237
19	1	0.6538726228376753	2.210940406262697	0.95	0.2282426867637532	29.05764721811387	0.4522962252475942	-28.60535099286628	0.9999999999998526	1.010269645718154e-11	-1.023345849398972
21.5	4.5	0.9963293438262066	2.003121558473755	0.8269230769230769	0.3321705793091085	21.57920985989782	2.246493719247223	-19.33271614065059	0.9999999480431246	4.839610283635665e-07	-0.6916207679142664
27	1	0.6538726228376757	2.211279249346414	0.9642857142857143	0.2282156939692108	41.29244604679338	0.4522269181043367	-40.84021912868904	0.9999999999999986	1.554312234475219e-15	-1.461043730745031
31	1	0.9987502385766063	2.001249761423398	0.96875	0.3329167461922016	31.03879108372522	0.4996877547601781	-30.53910332896504	0.9999999999999999	3.33066907387547e-14	-1.092525123843314
29	0	1.000000000000001	2.000000000000003	1	0.3333333333333333	28.99999999999996	0	-28.99999999999996	1.000000000000001	1.321165399303936e-14	-1.037464271631246
69	4	0.9961691895268563	2.003830810473148	0.9452054794520548	0.3320563965089516	69.26534239908831	1.99617651305377	-67.26916588603454	1.000000000000002	-2.220446049250313e-15	-2.406529523765392
42	1	0.6538726228376764	2.210935301978306	0.9767441860465116	0.228243093428219	64.2326938505674	0.452297269443035	-63.78039658112436	1.000000000000002	-1.998401444325282e-15	-2.28172009253063
38	25	0.7021229044186862	2.285873533970345	0.6031746031746031	0.2349811717972574	54.12157865931125	10.93673802529984	-43.18484063401141	0.9999999999087024	4.707264578129866e-10	-1.544921697719867
33.5	34.5	0.681399551653878	2.309384033252432	0.4926470588235294	0.2278331187494543	49.16351928716351	14.93904846627512	-34.22447082088838	0.9999994444759825	1.895034386967254e-06	-1.224367782488202
47	7	0.9950721546248711	2.002091754091142	0.8703703703703703	0.3320045833099468	47.23275571681369	3.49634325484632	-43.73641246196737	0.9999999999999999	4.440892098500626e-16	-1.564653975814441
39.5	46.5	0.6937567445283402	2.290904025448094	0.4593023255813953	0.2324407354788993	56.93638341037622	20.29766392806645	-36.63871948230977	0.999998744184955	3.652772704643148e-06	-1.310736635214348
16	7	0.9943805419778234	2.00301033662016	0.6956521739130435	0.331748704874601	16.09041943658309	3.49473982835838	-12.59567960822471	0.9999236481966178	0.0003903815143245781	-0.4506057782912899
42	12	0.6562283632989055	2.215602009455524	0.7777777777777778	0.2285052660229036	64.00211016308879	5.416135185284903	-58.58597497780389	0.9999999999999999	1.110223024625157e-16	-2.095891581315648
34	4	0.6628012541138112	2.206406975321246	0.8947368421052632	0.2310049327595563	51.29742858658167	1.812902172962725	-49.48452641361894	0.9999999999999976	2.442490654175344e-15	-1.770290625955945
32	29	0.6671103062397126	2.317056868627524	0.5245901639344263	0.2235499109628105	47.96807919274065	12.51587753095492	-35.45220166178573	0.9999999291622916	2.85655840093213e-07	-1.268289399129953
26	6	0.9941616736308065	2.0029191631846	0.8125	0.3317099964134327	26.15268792755272	2.995627637043586	-23.15706029050913	0.9999999966214282	3.135115422825407e-08	-0.8284352650832392
22.5	47.5	0.7491909174786334	2.22817513396853	0.3214285714285715	0.2516287566033358	30.03239825133317	21.3178934078666	-8.714504843466568	0.926252473428395	0.1171916573864467	-0.3117581868984144
28	29	0.6549883800265049	2.342907924314154	0.4912280701754386	0.2184826670215866	42.74884998550195	12.37778049194539	-30.37106949355655	0.9999985861262545	5.180560051498695e-06	-1.086513775544643
52	49	0.6856564909653516	2.30602591323068	0.5148514851485149	0.2291875935773373	75.83972540942185	21.24867709372455	-54.59104831569729	0.9999999998892398	4.086085914067894e-10	-1.952974557876935
22	5	0.6548959204903316	2.210710923549688	0.8148148148148148	0.2285365565246345	33.59312420747442	2.261715879148782	-31.33140832832564	0.9999999999882189	1.858161402523706e-10	-1.120869542087157
30	4	0.9926091190314411	2.00696097462018	0.8823529411764706	0.3309171274684424	30.22337738471829	1.993063168932323	-28.23031421578596	0.9999999999975733	3.871702958235801e-11	-1.009929047441436
26	27	0.7065225593524286	2.262471010333788	0.4905660377358491	0.2379670224166564	36.79995727784064	11.93385456727537	-24.86610271056527	0.999983032179543	5.596653747230729e-05	-0.8895756254111856
59	6	0.6540588129938644	2.212107523311764	0.9076923076923077	0.2281998796472223	90.2059552258544	2.712345551366939	-87.49360967448746	0.9999999999999992	7.771561172376096e-16	-3.130051518390716
25	47	0.6933510716193232	2.293817147633272	0.3472222222222222	0.2321098179709488	36.0567698289013	20.48986339146254	-15.56690643743876	0.9907670743441638	0.01784442604928704	-0.556900318919627
32	58	0.8216542858825159	1.998658474105004	0.3555555555555556	0.2913344567806557	38.94582009711018	29.0194651820003	-9.926354915109883	0.9252869478093829	0.111587720735046	-0.355111674895094
38	25	0.6633770287380305	2.325355508351561	0.6031746031746031	0.2219593156984274	57.28265881061478	10.75104426407575	-46.53161454653903	0.9999999999854068	8.089373615405293e-11	-1.664651296322451
47.5	79.5	0.9670205789352966	1.889671465585156	0.3740157480314961	0.3385106143275687	49.11994742893494	42.07080513616267	-7.049142292772274	0.8254976086686213	0.2258009213336535	-0.2521804577377934
27	24	0.6668777944445723	2.328992171291684	0.5294117647058824	0.2225990453763511	40.48717804809755	10.30488650663404	-30.18229154146351	0.9999995843364354	1.732607512017204e-06	-1.079760314145738
34	33	0.6583896918972381	2.289549382231869	0.5074626865671642	0.2233389752438294	51.64114872762428	14.41331654870504	-37.22783217891924	0.9999999100166429	3.3860116310791e-07	-1.331811923996992
31	52	0.7131500823792752	2.219574221332281	0.3734939759036144	0.2431698340947824	43.46911087295261	23.42791671493978	-20.04119415801282	0.9972156717455777	0.005574004107756325	-0.7169663068883855
26.5	89.5	0.7140435824642271	1.795208514296794	0.228448275862069	0.2845643063867217	37.11258059143417	49.85493288787029	12.74235229643612	0.1077047136597271	0.9268602976246105	0.4558529394514085
27	24	0.6761609197924755	2.204288508195521	0.5294117647058824	0.234741465419435	39.93132286954225	10.88786695152121	-29.04345591802104	0.999998693669839	5.093178033432899e-06	-1.039018891022205
22	52	0.6794026310023066	2.299778093615664	0.2972972972972973	0.2280501566716563	32.38138770164007	22.61087717304354	-9.770510528596532	0.936842666129209	0.1023708749186639	-0.3495363996212356
49	26	0.9643367979303104	2.035178609049352	0.6533333333333333	0.3214975311299839	50.81212301051389	12.77529150728682	-38.03683150322706	0.9999999990424669	3.956209027045077e-09	-1.36075357553986
8.5	69.5	0.2953730257840673	2.689999351141862	0.108974358974359	0.09894009473224114	28.77717075700044	25.83643745880398	-2.940733298196463	0.6967228809586919	0.4390795277807618	-0.1052036458370741
41.5	19.5	0.9932232487110151	2.005199425339688	0.680327868852459	0.3312485785632169	41.78315404301888	9.724718526037194	-32.05843551698169	0.9999999922816384	3.387023106427023e-08	-1.146878670802163
26	22	0.6755924303692002	2.203665390086374	0.5416666666666666	0.2346411723081832	38.4847414376615	9.983366848239013	-28.50137458942248	0.9999989498564095	4.308998233115702e-06	-1.019626132031191
47	58	0.6981244147101645	2.296488253489787	0.4476190476190476	0.2331267820121138	67.32324355038158	25.25595326336293	-42.06729028701865	0.999999610006589	1.083331365281381e-06	-1.504941747486967
18.5	11.5	0.9888761952715928	2.011014800942384	0.6166666666666667	0.3296373756645183	18.70810531031037	5.718505897923262	-12.98959941238711	0.999603316935252	0.001382473629930825	-0.4646981135570301
41	16	0.6533929442209301	2.219590871115497	0.7192982456140351	0.2274266011291183	62.74937671524162	7.20853568475838	-55.54084103048324	0.9999999999999997	4.329869796038111e-15	-1.986953040878524
15	11	0.985469155367751	2.014402349724278	0.5769230769230769	0.3285037888106208	15.2211765515912	5.460676712130338	-9.760499839460865	0.9974951064261642	0.007919272829617574	-0.349178270920799
43	67	0.6968156412736976	2.120682009471862	0.3909090909090909	0.2473172040052306	61.70929217576263	31.59360983907521	-30.11568233668742	0.9997022611264003	0.0006145215214115041	-1.077377394486532
28	36	0.6697181244596493	2.320703005290988	0.4375	0.2239544516980775	41.8086340765995	15.51254077661956	-26.29609329997994	0.9999587317625191	0.0001187415538237424	-0.9407330097314143
26	27	0.6605223663781006	2.215182852895559	0.4905660377358491	0.2296905684042727	39.36278515831046	12.18861005749803	-27.17417510081243	0.9999915058545389	2.929137490392808e-05	-0.9721460613153221
44	11	0.6558667640454952	2.208675112534316	0.8	0.2289604384588656	67.08679630082288	4.980361275216342	-62.10643502560654	1	0	-2.221834737153596
46.5	61.5	0.7691888834255629	2.230355928105418	0.4305555555555556	0.2564352032577121	60.4532917752444	27.57407426546549	-32.87921750977891	0.9999703721406125	6.766304504568499e-05	-1.176241842951315
12.66666666666667	66.33333333333334	0.8635283110919163	2.132799590269016	0.160337552742616	0.2881955311699035	14.66850189387525	31.10153135624268	16.43302946236743	0.006652721864551608	0.9970662204038171	0.58788554971965
25	20	0.9631177216155058	2.036633669903147	0.5555555555555556	0.3210658471027221	25.95736682953536	9.820126366147678	-16.13724046338768	0.9996604447895437	0.0009740783249200247	-0.5773038077064412
28	69	0.6321130742396662	2.316438739693369	0.288659793814433	0.214380860208286	44.29587227519325	29.78710328818523	-14.50876898700802	0.9682028724847956	0.05214573304827275	-0.5190458430818036
43	15	0.9912310823264281	2.004821665884241	0.7413793103448276	0.3308456711646417	43.38039914878236	7.481962238962606	-35.89843690981975	0.9999999999685002	1.901038215734729e-10	-1.284253300046429
34	83	0.7909585734847986	2.208223301088884	0.2905982905982906	0.2637247778103584	42.98581637493742	37.58677845626951	-5.399037918667908	0.7797526080433881	0.2857082250217826	-0.1931485842000099
41	46	0.6766872952394826	2.181586811445784	0.4712643678160919	0.2367468164291056	60.58928590567069	21.08556934734806	-39.50371655832263	0.9999994933803851	1.523403755587793e-06	-1.413230845720946
49.5	66.5	1.02206312752974	1.948921836808851	0.4267241379310345	0.3440149108116655	48.43145072617803	34.12142998453266	-14.31002074164537	0.9738165067936216	0.03995056113870787	-0.5119356981296261
29	98	0.6607994363908721	2.33054621029089	0.2283464566929134	0.2209037384642872	43.88623597863678	42.05022821142344	-1.836007767213339	0.628146286392638	0.4542412562307238	-0.06568249865245858
36	47	0.6199988343984703	2.180358116318074	0.4337349397590362	0.221399930548078	58.06462529067107	21.55609193198406	-36.508533358687	0.9999953551296124	1.317724410099252e-05	-1.306079274803286
26	62	0.759154480746513	2.224403713449426	0.2954545454545455	0.2544460108816826	34.24862878294936	27.87263823789226	-6.375990545057103	0.8427974409593143	0.2208789991097122	-0.2280987029915651
32.5	95.5	0.6275474783146952	2.194181535176101	0.25390625	0.2223982087983524	51.78891019892248	43.52420183516645	-8.264708363756029	0.8315019258104956	0.2250456704463415	-0.2956668842361664
49.5	61.5	0.7778183673960708	2.165274499993913	0.4459459459459459	0.2642860427594532	63.63953600853223	28.40286531807995	-35.23667069045229	0.9999868846581493	3.052553644666833e-05	-1.260578858364835
26	32	0.6696395594653201	2.310211491015249	0.4482758620689655	0.2247224938834864	38.82685787076251	13.85154568075377	-24.97531219000874	0.9999554159244052	0.0001338777879545949	-0.8934825541369112
17	54	0.6216402187928505	2.215586873379166	0.2394366197183098	0.2191013262589985	27.34700794136507	24.37277483849701	-2.974233102868055	0.717655710520014	0.3838183314049268	-0.106402088956157
41	50	0.6891776452007941	2.305030717599919	0.4505494505494506	0.2301702359004011	59.49119256190401	21.69168489522855	-37.79950766667545	0.9999989649175957	2.972503284848216e-06	-1.352263403083696
35	74	0.687595058792226	2.235740627541956	0.3211009174311927	0.2352090668227225	50.90205281794516	33.09865155572985	-17.80340126221531	0.9847021004555778	0.02550249932468163	-0.6369100938987253
75	87	0.9184085125590463	2.071554290212627	0.462962962962963	0.3071638589308497	81.6630061398501	41.99745109797253	-39.66555504187757	0.9999887227350083	2.273186428491947e-05	-1.419020557598988
19.5	80.5	0.8472093579194757	2.139754683489508	0.195	0.283635606647557	23.01674293103524	37.62113508671972	14.60439215568448	0.0293685749514053	0.9833529539908543	0.5224667265660102
23.5	36.5	1.541214338337424	1.43977610707655	0.3916666666666667	0.5170141825541456	15.2477169563258	25.35116385151915	10.10344689519335	0.03583787695750312	0.9802809852540827	0.3614470749685087
36	38	0.6563167061121068	2.207237084068755	0.4864864864864865	0.2291965697877301	54.85156733744755	17.21609349275337	-37.63547384469418	0.999999659853453	1.137856848631991e-06	-1.346395153785604
41	54	0.6916397645469258	2.29660617354146	0.4315789473684211	0.2314534274877574	59.27941408466874	23.51295604014241	-35.76645804452633	0.9999952212139079	1.264111139698265e-05	-1.279531804965313
9	75	0.3032889641312715	2.691479676439593	0.1071428571428571	0.1012729197249302	29.67467024650644	27.86571292234808	-1.80895732415836	0.6557171152849427	0.4815404502133689	-0.06471477905930907
39	86	0.7672795074464553	2.176943113326121	0.312	0.2606051261317726	50.82893472522674	39.5049367498638	-11.32399797536294	0.9187902184124256	0.114907312478713	-0.405111838326332
26	67	0.6765896494305035	2.302215591278419	0.2795698924731183	0.2271345706607804	38.42801914259939	29.10240042410405	-9.325618718495342	0.9059449347789029	0.1399753159285166	-0.3336205596998102
11	25	0.9536186610502091	2.046263599550714	0.3055555555555556	0.3178853628939373	11.53500917010771	12.21738978569971	0.6823806155919936	0.5167734451739339	0.624527093646024	0.02441191408035965
20.5	81.5	0.2262193782306451	2.76880402844027	0.2009803921568628	0.07553175635515207	90.61999975571916	29.43509152791531	-61.18490822780385	0.9999858190573319	4.615032672805608e-05	-2.188867456875284
24.5	56.5	0.6667826708039813	2.302461017117487	0.3024691358024691	0.2245631348873029	36.74360638445931	24.53896052091856	-12.20464586354075	0.9602760088328233	0.06591695934243136	-0.4366166907357112
32.5	79.5	0.6824665666903433	2.28672095308877	0.2901785714285715	0.2298496009915581	47.62138042543302	34.76593849049051	-12.85544193494252	0.9443308015933964	0.08373559027571964	-0.4598986794321701
25	104	0.665180019137979	2.188932268766787	0.1937984496124031	0.2330602134880596	37.58381081920957	47.51174875711988	9.927937937910308	0.1712759848165413	0.8782900018564436	0.3551683069501498
31.5	105.5	0.6899584939550601	2.299118435594819	0.2299270072992701	0.2308266097584045	45.6549202248849	45.88715325259241	0.2322330277075153	0.5373767714911002	0.5429608078445749	0.008308050653079194
32	72	0.5936253437666357	2.227740331072866	0.3076923076923077	0.2104035464316071	53.90605427483189	32.31974525743996	-21.58630901739193	0.9928958451179253	0.01281235949298043	-0.7722422193770876
20	37	0.9863726450735714	2.006923661157302	0.3508771929824561	0.329527231574211	20.2763125071339	18.43617707843644	-1.840135428697458	0.6899172688078583	0.4140294075430576	-0.06583016421505039
30	61	0.9162823502423683	2.080702154412437	0.3296703296703297	0.3057347640000249	32.74099953149226	29.31702640411098	-3.423973127381281	0.7318247738219557	0.3467363541757414	-0.1224913719546064
49.5	118.5	0.9205387142547241	2.058265840750815	0.2946428571428572	0.3090295778915285	53.77286064505784	57.57273800782387	3.799877362766026	0.378547107859295	0.6833367085658038	0.1359392069120731
46	79	0.7339195974374699	2.256525870369139	0.368	0.2454214950041457	62.67716540151281	35.00956981586769	-27.66759558564512	0.9991938865025412	0.001525890308711975	-0.989797996622387
36	101	0.7199237002478441	2.098771088810303	0.2627737226277372	0.25541030658676	50.00529915546117	48.12339970685048	-1.881899448610682	0.6217240429739458	0.454034221090673	-0.06732425657710782
29	75	0.8701472988250919	1.964563582299499	0.2788461538461539	0.3069615686802901	33.32769065554415	38.17641774271992	4.848727087175767	0.3068237264749525	0.7646062093933907	0.1734614177874313
36	77	0.6361905676443818	2.20477341601746	0.3185840707964602	0.2239347528877744	56.58681821281466	34.92422370507673	-21.66259450773793	0.9925732993218832	0.01295541279886547	-0.7749713045728754
14	52	0.6818385591513617	2.30039077687068	0.2121212121212121	0.2286338447937266	20.53271967696408	22.60485501977965	2.072135342815574	0.4417387218433553	0.6715886618753755	0.07412987531570775
45	112	0.8164854721572041	2.067337156875708	0.286624203821656	0.2831261062789468	55.11426906483378	54.17597203605703	-0.9382970287767591	0.5785362407335283	0.4913992228583405	-0.03356722908736703
41	73	0.7367980929253618	1.797472591378923	0.3596491228070176	0.2907337789481749	55.64618094655319	40.61258032535471	-15.03360062119849	0.955377888239904	0.0666557755798195	-0.5378215006367847
6.166666666666666	62.83333333333334	0.104178839107062	2.894390684599051	0.0893719806763285	0.03474284597487039	59.1930829669674	21.7086565637691	-37.48442640319829	0.9911788388424785	0.02898265346329432	-1.340991487445145
8.5	45.5	0.1770437525039747	1.866745070815112	0.1574074074074074	0.08662526699625354	48.01073113161205	24.37397623882969	-23.63675489278236	0.9711104862367776	0.06680872335823085	-0.8455961620195438
30	105	0.6793306907872115	2.22895603339936	0.2222222222222222	0.2335844967202179	44.16111388289533	47.10725488822921	2.946141005333885	0.4235701246300327	0.6548185679344971	0.1053971045593679
37.5	72.5	0.8422885482385813	2.154434941602119	0.3409090909090909	0.2810698254590568	44.52155983649678	33.6515151142537	-10.87004472224308	0.9302644735402734	0.1012409957322672	-0.388871828633138
28	107	0.7651832526848709	2.181390324395054	0.2074074074074074	0.2596857783009012	36.59254159281944	49.05128568848556	12.45874409566612	0.09694400469706087	0.9338938105469552	0.4457069609879432
31	77	0.9735769465981597	2.023223169944999	0.287037037037037	0.324872166556504	31.8413455745015	38.05808530854915	6.216739734047643	0.2323691322993332	0.8266470752613273	0.2224015641415439
49.5	105.5	0.8914517527565556	2.106563555464075	0.3193548387096774	0.2973472984985011	55.52740218069641	50.08156517582894	-5.445837004867464	0.7551366843945573	0.3021934669514627	-0.1948228041957695
41	82	0.7004622491560485	2.265938740880664	0.3333333333333333	0.2361320170498526	58.53277610520599	36.18809216710354	-22.34468393810245	0.9946713745391357	0.009217641965624246	-0.7993728016094444
32	84	0.6758439170538841	2.281748994792543	0.2758620689655172	0.2285114744313998	47.34821042629682	36.81386523745891	-10.53434518883791	0.9052947548497962	0.1355159436623515	-0.3768623020155123