dN,dS,dN/dS,dS=dN,LRT,p-value,Full Log(L)
0.6194340520481808,0.6821628871612607,0.9080441983964879,0.6374616604883963,0.05047476580750754,0.8222391957337124,-177.45410647977
0,0.9597892321445405,0,0.307925932876342,27.20611238448922,1.828795880287615e-07,-78.11214258144518
0,0.4267646201446234,0,0.1065619464974107,11.07940771862674,0.0008729167773153801,-29.5867839331471
0,0.9537744878736928,0,0.3556824303840214,29.53102645582916,5.5028709700089e-08,-91.7228041239526
0,0.964696203527841,0,0.2399539137678161,24.9397776115005,5.914932432737885e-07,-53.31581430314959
0.1135669981943795,1.555272850176988,0.07302062669033009,0.616324310798158,30.3692367242258,3.571474849195511e-08,-152.298938416969
0.03778832386197854,1.618260140299706,0.02335120474201388,0.5739587175665547,39.89434327535008,2.680784483288789e-10,-139.4788546935335
0.07514773386151748,0.8354642341391546,0.08994727816080383,0.3416480896922389,15.34541999639711,8.953771892705742e-05,-95.59425809669801
0,0.9896500882010477,0,0.3109029287274512,27.70200152863694,1.415162141915616e-07,-76.16988829702176
0,1.119419163473595,0,0.3761253086230356,32.58707507959741,1.13970147763709e-08,-100.802001119723
0.4072042001261578,0.7183037895792305,0.5668969119106149,0.492511103856457,1.462987755706934,0.2264553353215927,-137.9272176554492
0.1257946481062373,1.220501946665747,0.1030679618741223,0.3841512365732903,18.67305863133495,1.551593987192401e-05,-99.08766130451232
0.03780233944669285,1.511436191912608,0.02501087353139059,0.5763662167060102,38.73691548536442,4.849501911152743e-10,-139.0365681938622
0,1.106335696681537,0,0.3908594936763864,33.17104698914741,8.43978831266412e-09,-99.8365752585272
0,1.354977352843878,0,0.4526540280535238,39.28029256107223,3.671281056938369e-10,-109.4902757811849
0.1899594510018103,0.5662599050291638,0.3354633611080533,0.3317193731050311,4.045495784685073,0.04428936755112622,-105.2198135805618
0.03780049499285485,1.322460715392375,0.02858345397552275,0.4742201065509147,31.70305829266752,1.796390924901914e-08,-118.0218627473837
0.1259861440796488,0.7774440916582169,0.1620517094816836,0.2853497412942285,9.44268770721294,0.002119925996253769,-81.05755990674332
0,0.9826490894157406,0,0.2607943742425634,26.42907665923086,2.733938735399732e-07,-57.63349274575676
0.07568515900927783,1.051686274820639,0.07196552890469701,0.4177887449878727,20.76304144770867,5.197640748355603e-06,-108.8746472138462
0,0.9667602821062222,0,0.2400759414026142,24.96690238461002,5.832296959829009e-07,-51.31364133290514
0.03771120300293756,1.046362427995378,0.03604028775687667,0.39167064543226,24.70060784819231,6.696305158149229e-07,-105.3379018621174
0.07112693741887008,1.375983731099339,0.05169169940842495,0.4175215925555408,26.11873998822503,3.210528566333082e-07,-93.59368134804984
0.1138624371113842,1.188628144374577,0.09579315250969045,0.49198025361512,21.09266899931242,4.375990595439916e-06,-132.8384169191807
0.0354939263382727,0.6882579526988366,0.05157067375551837,0.2085618033359089,13.1256271350864,0.0002912838384961924,-54.33495801074247
0.3677521266654375,1.335301570452332,0.2754075444851473,0.5909233932799062,9.020111276401281,0.002670251365720633,-145.2954542322853
0.1134697558471622,0.8889325893489306,0.1276471998065336,0.3755078154426484,13.43384677618911,0.0002471248521038749,-106.8895417054907
0,0.4295781589269741,0,0.1067449114241158,11.11867473994783,0.0008546283014415623,-28.2679287796384
0.400946333826005,0.8903811250459537,0.4503086628271817,0.5106039653123502,3.194426664510445,0.0738896749693474,-153.739272353407
0.03556613378026827,0.753297545870245,0.04721392492946541,0.2137316946737987,13.98862136553656,0.0001839203166005277,-54.41889025677663
0.07116662513357634,1.088215947371012,0.06539752087396404,0.3215198906517998,18.23026182244308,1.957439020383589e-05,-78.53032164654331
0.1783320964097303,1.412918438880059,0.1262154215717393,0.5003908722263127,18.57470533132704,1.633740313655707e-05,-114.728819866339
0.03555365649203273,1.412692701550271,0.02516729678932764,0.3746407202040741,29.57797678684682,5.371176026169877e-08,-76.46122409458042
0.1896951209118337,0.8145885236249377,0.2328723219272548,0.4013521033526024,8.036669953981431,0.004583972972564854,-115.9797884862378
1.216983677405146,0.8558985930234082,1.421878347884914,1.101907361874646,0.8856747422876765,0.3466521094948005,-229.641397532441
0.5727169848540965,0.6700531225604537,0.8547337003155667,0.5980287479937807,0.1185705733532814,0.730590018669485,-163.7270784176594
0.2268296250745685,0.5898090987850632,0.384581427349647,0.3498477405629364,3.142492139716495,0.07627717555916502,-107.5903128434835
0.07113049803211527,0.9804104743608431,0.07255175244683838,0.2947313922593089,15.85166624540719,6.850618914122641e-05,-70.94141353614464
0.1782368771140087,1.213456856159475,0.1468835716814182,0.447866294525923,14.59348550332538,0.0001333748225155196,-106.0852581305567
0.07568480189984896,1.938695366319046,0.03903903790906038,0.6354862840668734,40.28635893483835,2.193351056334336e-10,-131.527644233787
0.4330342346328328,1.023511337844209,0.4230868956907891,0.5801943600967228,4.237683490253517,0.03953607683869798,-168.9351886775989
0.5068421171831281,1.037141359791945,0.4886914521322369,0.6633885818913192,3.162592935038788,0.07534342590332765,-172.0521817013966
0.1896675006515899,0.967215115328088,0.196096501849284,0.3661788176127607,9.505611951052629,0.002048444317561127,-97.70532696186538
0.3966673859498315,1.035268364411155,0.3831541652250235,0.4105991737907473,0.5477501401967118,0.4592384455961414,-124.2698040771889
0.1427481397996157,1.309805693356033,0.1089842108060022,0.4298798061373214,17.75164352943693,2.516999548984877e-05,-98.72469573240194
0.2858305279424292,0.7519692444873158,0.380109332978512,0.4020294982940492,3.275267318161184,0.07033146779271715,-105.8580364750882
0.1515173495159075,1.226684953030662,0.1235177370860929,0.4759627097414358,17.2425181190132,3.289905430792217e-05,-115.8845189744641
1.252425174864942,0.8143442059749604,1.537955529953697,1.100965509401263,1.598473078546249,0.2061197321062067,-252.4199583675793
0.1892053407741738,1.396643420069493,0.1354714725715455,0.4789927787046386,18.64644411033808,1.57340449825627e-05,-126.9775388970106
0.4730714127969594,0.4913361274649764,0.9628264366346255,0.4775001804721903,0.005312148520829396,0.9418980382814294,-143.0353524126198
0.6116999235462658,1.409736321044128,0.4339108771016181,0.8233732985313658,5.358952300717647,0.02061615563904018,-195.9354821539084
0.1780213727900765,1.1839190584476,0.1503661686327653,0.4445386372348214,14.24080266721165,0.0001608449337233697,-102.61702777886
0.1516503418172996,1.335468602132251,0.1135559020819882,0.5663897521824125,21.90531136114242,2.864400222013508e-06,-147.3714994719168
2.620648868629571,1.656804370802993,1.581749127906657,2.288794213328325,3.485847540614486,0.06189565891569038,-438.7830839298294
0.4758808632931741,0.6209263787289986,0.7664046489171157,0.5160466464240863,0.3179772545509536,0.5728257840747291,-139.8435929866539
0.5867267634848748,0.7896694496055664,0.7430029916668807,0.6439904697363006,0.4984936166986245,0.4801627627932887,-163.2596871267526
0.6789901384743129,0.6901181460767903,0.9838752137358823,0.6852511569208017,0.001933007741058645,0.9649315185464301,-195.7036921423676
0.4600045454782393,0.9697397080146476,0.4743587806876637,0.5670673140229006,2.906836012961151,0.08820476145581313,-166.3902719584147
0.3806128969555602,0.8497131520019274,0.4479310412682618,0.488313191729651,2.845005960200183,0.09165825378517745,-132.2819624236917
0.2278076393914628,0.8188146099135303,0.2782163833343424,0.4273976275433549,6.714779110350179,0.009561713350293322,-123.1414293222854
0.3403478264768385,0.9722656108750565,0.3500564276571702,0.5524879999051038,5.928283204260083,0.014899750788961,-152.3128344304973
2.486720077993515,0.6742728280164879,3.688002800452027,2.012055453052862,15.10408348805015,0.000101742967162366,-398.4169847282288
0.7270640054732878,0.3845739960164369,1.890569859128521,0.6425587969089795,1.583223867193794,0.2082969320113656,-175.4892730904915
0.8426008288166108,0.8324216096808936,1.012228441714313,0.8404768536216339,0.000833710970255197,0.9769650392353982,-217.8389940030725
0.143102571969929,1.298202967650992,0.1102312778015468,0.4299783843855548,17.58435049905273,2.748408205410779e-05,-100.7463806792981
0.9041024886201956,1.084717765254037,0.833490994229691,0.9409195065718032,0.2373167870634347,0.6261508248434884,-246.1561278401662
0.9988858896800004,0.9926899429575335,1.006241572976963,0.9973771575908783,0.0003538344569733454,0.9849922871297641,-275.3040351636926
0.4660740645932832,1.625938964163071,0.2866491761781402,0.7535536231770205,10.38025410151715,0.001273701639103231,-167.6498806621723
0.3215071583810742,1.208005941536794,0.2661470008765529,0.5387104482307705,8.367948547208186,0.003818964806859171,-129.9379769990791
1.415369756818832,1.214931214332592,1.164979333909327,1.367157080772634,0.2228711174042246,0.6368609252177291,-308.4607717374007
0.9917046267043078,1.162526063305962,0.853060123128873,1.046374448742165,0.2531786565867833,0.6148457276939172,-270.2221177010639
0.5772091172778773,0.6562820288252189,0.8795138247364681,0.5973208027679255,0.08083151700685676,0.7761737115536002,-166.1030110905255
0.1425672788866517,0.9936417847841869,0.1434795527621822,0.3670955274279424,12.26556338320933,0.0004613939014318502,-91.14827003983959
0.8304264818110725,0.9645940284482448,0.8609077573774643,0.8730613199579176,0.1843295205425761,0.6676786204171417,-234.2702906894181
0.532092067465342,1.253436296805526,0.4245066692431178,0.7083977617800971,5.012079040654498,0.02517106072946018,-190.2487626726237
0.2658225964848614,0.868616957290233,0.3060297110870718,0.449157535183449,5.811801494933377,0.01591897872414072,-122.049317639893
0.2853529327111711,0.3858311549521862,0.739579811139236,0.3124608721083432,0.2329328258696535,0.6293576581327442,-88.68711221077298
1.15477011621883,1.28624420837963,0.8977845021153278,1.219504247174907,0.1369709977752791,0.7113110141953043,-284.0011850071597
0.6459064719810074,1.178875052907696,0.5479007044791379,0.7681648142517175,2.587423282555449,0.1077154427899097,-206.0802743571594
0.6208874451994884,0.6815147112958697,0.911040414694642,0.637063197097675,0.0483051278662856,0.8260391663720913,-187.4823302948039
0.5696624061351504,0.9705730243312342,0.5869341016639854,0.6603180691451399,1.574693116258231,0.209526766403729,-174.6764303487604
0.5530955583712681,2.062535784205946,0.26816289084856,0.5890294195201572,2.221107158929783,0.1361354029429261,-161.5510885990167
0.6761724321756383,0.2684912107419863,2.518415520221345,0.5645136221642522,2.753177068303216,0.09706138948969945,-154.4288254273679
0.614024945886168,1.388952980248035,0.4420775610247923,0.8515014188052378,5.134671958443164,0.02345251866631193,-195.9731014145006
0.9017039636912023,1.367898051733745,0.6591894494975967,0.9851769267572418,1.190170168095847,0.2752952341155028,-235.5755277645518
0.2839328463565536,0.7563060275492671,0.3754205784616171,0.3905578074107574,3.478555187523341,0.06216899743249493,-115.6794986574635
0.7404975984166789,0.6614116984265795,1.119571365577953,0.7204506700961515,0.06913856114891814,0.7925951872402801,-194.3401165464676
0.3218631145678639,0.6509860348536202,0.494423992736246,0.4033563296885317,1.663482651389927,0.1971337586238617,-107.8710591366958
0.6400308189867833,0.9357978275882397,0.6839413387358313,0.7100820343094073,0.849128648512874,0.3567989558278909,-190.1459708401516
1.073583463661206,0.9461301232180216,1.134710160172983,1.031885695064719,0.1342385660632317,0.7140772023598214,-241.9124822694341
0.5532029501504639,1.308339273728564,0.4228283605474299,0.737355240195522,5.04797247993389,0.02465477198606369,-185.1050397703615
1.424643188522247,1.078362105948662,1.321117628914597,1.296254738384029,0.8773372154585104,0.3489320332832837,-292.6694790492964
1.402654644253555,0.9864691539632496,1.421894074050094,1.280441722656686,1.204969837942826,0.2723306257154864,-300.1734123349332
0.7676342387771982,0.5652568646559357,1.358027273573134,0.7164734904077439,0.4724841331631069,0.4918465655552284,-188.8253574667482
0.9622644276568126,0.7723382238565495,1.245910661849541,0.8944577692908958,0.4091948164149812,0.5223784679075228,-229.5502077970372
0.721868185296931,0.7687942807935644,0.9389614404412643,0.7357997786004334,0.02422783901653247,0.8763065901209369,-183.598359102669
1.019697589403104,0.9897347242444624,1.030273632342762,1.013596534957697,0.006348693698896568,0.9364928081847915,-266.1348596407828
0.9029488822397924,0.9650256283254948,0.9356734740885406,0.9237410512374211,0.03953556181272688,0.8423914141109354,-238.8034739335598
0.432667811402126,0.9957844658032763,0.4344994587288554,0.5708068776448452,3.315330356204072,0.0686365245258016,-139.0079618002512
0.1287369257630565,1.568535814359112e-14,8207458483544.868,0.1286453225043095,0.004266694541293248,0.9479192665506124,-30.23499845454747