dN,dS,dN/dS,dS=dN,LRT,p-value,Full Log(L)
0.03865964180691624,1.085544586199366,0.03561313123237867,0.3534636923848265,402.9325086310159,0,-1157.514856109869
0.04943965993182013,1.032429061757732,0.04788673794948013,0.3555575472116622,367.4832150088746,0,-1214.615491179287
0.05141979075733821,1.145806995766157,0.0448764852609019,0.3772355281310649,401.976611392402,0,-1237.124030675656
0.03349346718398507,0.8979631034100186,0.03729938018254145,0.1979118865081212,245.2192357894967,0,-605.8409159209637
0.01930678196884221,1.003065258936497,0.01924778253143,0.3127614274648052,408.871942248561,0,-1040.09456691167
0.04093093873815788,0.8928555951153013,0.04584273085377501,0.3105949846808764,324.5245756751092,0,-1101.907115348864
0.03434120718831683,0.9229552603503948,0.03720787850028547,0.3162038164614163,353.071721823761,0,-1089.570178385276
0.072387372198696,0.9240159267751841,0.07833996157547625,0.3208489980539735,273.7339537627809,0,-1145.470216766407
0.006464906821809713,1.022195526968972,0.006324530533781086,0.3271941901796907,469.7357801478652,0,-1062.819742589922
0.01044523953485762,1.09792687162284,0.009513602230555271,0.2453703861558492,398.0405580245333,0,-669.7441178966684
0.02509308795849571,0.9384231914822789,0.02673962897150924,0.2032710652908263,279.5639293866391,0,-599.13434596953
0.07743149876580872,0.8794490897971369,0.08804545898577244,0.3332361979172611,263.3379376506296,0,-1197.022755553325
0.2441601648742956,1.220037504782162,0.2001251305121891,0.4381446255186276,174.4162501707256,0,-1526.866626104698
0.1110015459783669,0.9507524686682777,0.1167512571740646,0.3712105451314237,242.8920712492873,0,-1304.555430803188
0.07510905941669581,0.9759350700582445,0.07696112346102414,0.3564616281525921,303.1000080965455,0,-1268.867186161196
0.1356017460920511,0.9313928976655198,0.145590272839667,0.3815716680625708,211.6021318941062,0,-1375.713104277565
0.4540927458078444,1.166916288705441,0.3891390926692847,0.6095821438338861,72.4953537065112,0,-1941.235045883505
0.1119612313655593,1.04733963695806,0.1069005959621127,0.3949336714316191,276.0789120194031,0,-1336.729732641254
0.5242208799509386,1.087605058445847,0.4819956250479688,0.6602615003442179,48.73766273448928,2.925881759097138e-12,-2114.519444751402
0.1125525443354195,0.8521181889390567,0.1320856024392049,0.350258333974639,210.7755079953272,0,-1276.292027859374
0.05252315456167176,0.8731832094822281,0.06015135654385343,0.209799025404159,208.9462126076908,0,-657.7213056513226
0.1349101134739462,1.103296772126272,0.1222790792852114,0.4222936308124792,273.8039081211905,0,-1472.719121717208
0.3382687855477392,1.03793309585381,0.3259061560894513,0.4843854359929035,89.07911198093279,0,-1723.925120314254
0.05662210762154143,0.874099262324236,0.06477766320381378,0.2158299869074327,207.3950806029111,0,-677.716311311465
0.1718088025868578,1.006296146022832,0.1707338374154516,0.4345542059388642,206.7766575384608,0,-1556.717411098962
0.1553028565937917,0.9714064604566975,0.1598742266144468,0.3697304499707233,189.7408174761049,0,-1353.183135584744
0.4333890820651305,1.138509268014769,0.3806636399375436,0.5917036019849062,74.82543147968499,0,-1875.655242858467
0.1050318984889125,0.8943074029979812,0.1174449614716536,0.2560349983737961,160.6449665489388,0,-825.6925119387007
0.1359242372922174,0.9770403428914031,0.1391183468330184,0.3829547867182329,218.8574982722062,0,-1373.942941315152
0.139184787060336,0.9926392319016074,0.1402168910790464,0.4051455847897705,229.803370771865,0,-1420.133398901949
0.2269762184084996,0.8288674615661369,0.2738389778018675,0.4050953883069663,109.2346035912233,0,-1473.459433154007
0.1579487716346851,0.9446650375196365,0.16720082289634,0.3856662697078473,187.8785049358235,0,-1424.751569493287
0.1919586019312551,0.9698156827007315,0.1979330767230852,0.4382265743125623,179.1108927820123,0,-1555.555768748344
0.8571170931745568,0.7824029856358383,1.095493126829009,0.832917888480368,0.870306371546576,0.3508705060713672,-2431.362884184247
0.1749137790263193,0.9179943937337689,0.1905390492799096,0.3177282169239977,118.8792766630354,0,-1044.583405520561
0.1104611384635023,1.050627076488574,0.1051382940107422,0.2945554536943718,200.1381702072811,0,-927.7709180239482
0.3733433875742811,1.123437741684143,0.3323222762790601,0.5109979581711417,84.99998481812509,0,-1778.454787017322
0.1801386317567032,1.007193787521971,0.1788520084103216,0.4170259005140295,188.1857926905009,0,-1517.962743921811
0.3822460383635679,0.9341329857354433,0.4091987374395364,0.4778717411947717,48.04800139123154,4.159117494850761e-12,-1744.526798088521
0.5578037574590676,1.127194665701764,0.4948601820358975,0.5976696264901836,15.69645584884165,7.436338016086896e-05,-2015.585954972946
0.4416603002309926,1.142139863702901,0.3866954602206927,0.5875743505338832,71.81321442263834,0,-1903.682216844835
0.2866614916865348,1.051307273895477,0.2726714622874714,0.4520815933448776,108.1222433032999,0,-1504.153070568568
0.1580696277195071,0.9979870499298864,0.1583884557726598,0.3287099757418323,155.7753185917622,0,-1053.605610190345
0.2467493980009434,0.9868419619539687,0.2500394262850095,0.4774693819747394,144.8422250795693,0,-1685.155545663729
0.5797346125864496,1.249995203190501,0.4637894698369474,0.7266865903067442,54.55319176267312,1.513233982564088e-13,-2190.779828125603
0.6231805486232102,1.288659770642367,0.4835881144272618,0.77166523424921,51.76047993462271,6.270539643082884e-13,-2271.216554233911
0.2537394728003223,1.101368996602422,0.2303855234558763,0.5138150189705414,174.2546120550332,0,-1782.966388792307
0.5509848968771748,1.222115982225211,0.4508450138046222,0.6951478177487866,56.73708280958272,4.984901380566953e-14,-2125.979765917319
0.5823721968843287,1.009479559482243,0.5769034067247728,0.6738595198305767,24.95690621940139,5.8626146759444e-07,-2075.376723481803
0.6230733996746201,0.8482717821966039,0.7345209551367705,0.6779957425048135,7.925316657552685,0.004874781264545769,-2131.504057638872
0.2553804769622162,1.095330992610234,0.2331537030223444,0.4226776009256228,121.0054453453963,0,-1328.03691702041
0.2340523794167041,1.11294883477548,0.2102993166473107,0.4035979915090068,133.2770750694926,0,-1290.280740281055
0.8926183065393488,1.055278383070829,0.8458605054922621,0.9369021658080404,3.230352502440837,0.07228512774262241,-2783.536615911449
0.4964713180322453,1.036840433421403,0.4788309772931708,0.6026088302499201,41.62790395101183,1.104061286838487e-10,-2011.734656345285
0.4467241486769284,1.113600625165009,0.4011529255479132,0.5816314933450234,65.87360231438515,4.440892098500626e-16,-1952.133646101245
0.7875434007935104,0.9519062340991652,0.8273329584176962,0.8238145938534713,3.267332713347969,0.07067244232736714,-2514.967436205044
0.6052906837177837,1.120504874741646,0.5401946009894378,0.6896605942324608,27.30991335749513,1.733205404752525e-07,-2231.38161440467
0.2558333536831648,1.041404026027137,0.2456619595174277,0.4097023486922917,106.3354468524171,0,-1285.09166527506
0.538763884059576,0.9167680996065973,0.5876773900518243,0.5804650190699024,12.32879863315065,0.0004460233663856616,-1993.733362550805
0.522043017781714,1.144360964194349,0.4561873692967514,0.6328810436235198,47.21291962598843,6.36790620234251e-12,-2125.797003630814
0.8333293083250514,1.061309340092078,0.7851898375385566,0.9133091952194052,6.665480465539076,0.009829815050740875,-2527.177605818184
0.4689841617157536,0.838355458563189,0.559409683476648,0.5899762287466054,31.17632704372772,2.35622000799296e-08,-2056.430668140604
0.4454802401697793,1.170374415374126,0.3806305352525802,0.5915973293922642,77.22345081265394,0,-2019.650616681749
0.2952335472241538,1.041176304861167,0.2835576893612855,0.4606001909339131,101.164147390366,0,-1454.783271124218
0.631518490373879,1.419385459898282,0.4449238830579086,0.7256134073585627,41.36392644094394,1.26367916131187e-10,-2265.839314243129
0.3446704940841723,1.056460201621967,0.3262503344233935,0.4844153124635896,77.80687690162586,0,-1586.342752650357
0.510703472305429,0.9980235377410963,0.511714857408417,0.6071455927243226,32.18180908428303,1.403991345405586e-08,-1953.491290753223
0.6353365892395593,1.004751492991328,0.6323320678509732,0.7220641035317197,18.20570831870918,1.982836535430188e-05,-2200.327248982936
0.6433278424018635,0.9276100417799342,0.6935326413321496,0.7036895796896345,10.83500238505349,0.0009959918976274462,-2271.731304700328
0.7835365624599765,0.990075229145653,0.7913909361575473,0.8302992542573772,5.174386403447897,0.0229222658526258,-2597.800630307365
0.56981548373496,0.8891237927866852,0.6408730576751844,0.6334528079630897,14.46849928604388,0.0001425231361235069,-2091.085909092982
0.6646600200587612,0.8278605442166057,0.8028647152011826,0.7028864554876216,3.865651068084844,0.04928406888424841,-2211.189013565375
0.7307715201439968,0.9212549881695402,0.7932348041837811,0.769004598406704,4.006292558599853,0.04533072679780292,-2178.5480252904
0.8362778555889064,0.8626639307033983,0.9694132625981277,0.8426612333066719,0.0899680575430466,0.7642177677823165,-2486.609784505061
0.456871728601405,1.176996387473128,0.388167485868206,0.6124391439532209,69.58109421107019,1.110223024625157e-16,-1800.126302398538
0.597600030205853,1.216602052314125,0.4912041937370933,0.6494303935536391,20.67162769750576,5.451787361554494e-06,-2112.017179398675
0.6258472251203061,1.043296174065452,0.5998749354955875,0.7151915574115443,23.41976862312458,1.302333059727268e-06,-2299.423122225089
0.7119695745934105,0.9530002115291397,0.7470822839073847,0.7446386703202058,4.849124805511565,0.02766016343390409,-2360.532233961348
0.8005822415147246,0.9503776167229786,0.8423833089369599,0.8362504334157383,2.751607316175068,0.09715671554917038,-2456.152753050558
0.7773191947722999,1.138846790431757,0.6825494011161982,0.8354023003818165,10.98972202079221,0.0009161855138699604,-2574.898943857175
0.576714104411212,1.052512312550399,0.5479404825334017,0.6710442806852009,26.92508213001611,2.114962946997423e-07,-1984.066013825798
0.6454276456806264,1.036780867250621,0.622530436342058,0.7270445430952981,19.68484093860752,9.132293636970878e-06,-2341.336257336452
0.7405070816455454,1.00076685383423,0.7399396560831789,0.7951017492807767,7.967400005496529,0.004762729965009371,-2443.885812935642
0.9503414487891768,0.990826059624111,0.9591405469792622,0.9585717650265737,0.1491565564874691,0.6993426895908326,-2591.597265259574
0.7975877035535902,0.924479614858344,0.8627423371317959,0.8264152190808673,1.937709362764508,0.1639174639626007,-2564.539323947351
0.8638387747761855,0.9917112469021367,0.8710587658197954,0.9001303312101587,1.837735441190489,0.1752165995305364,-2417.805003497944
0.9637233351250125,0.9185807483097476,1.049143841625606,0.951697591772418,0.2454024169801414,0.6203311456823022,-2798.999578215152
0.848193027769831,0.9834982442143403,0.8624245470284527,0.8802862906613367,2.129854637744756,0.1444544544593587,-2714.042553035719
0.7299192922306126,0.9480816224239856,0.76989077202489,0.7781892912554988,6.02001469802326,0.01414452892157136,-2358.772660491358
0.8259346567472781,0.8193168688459298,1.008077202060626,0.8244301982442638,0.005522936417037272,0.9407585790492542,-2523.468739979692
0.7565671988914647,0.9161226787392527,0.8258361204774839,0.7938533884470796,3.349658816367992,0.06721894435848741,-2430.117306683255
0.8386573560906069,0.9338772012053208,0.8980381521341165,0.8634382029056337,1.21813984137134,0.2697260180857377,-2655.447302938141
0.972024034891337,0.8941870647329538,1.087047747868763,0.9432840997976456,0.8190211595801884,0.3654665113102846,-2621.660883722624
0.857626075380024,0.8394255956325629,1.021682064309399,0.8534011163980388,0.04056757483158435,0.8403749167977396,-2517.132170858625
0.7763548200132236,0.7937084625361199,0.9781359991205756,0.7802626366981497,0.04081754151047789,0.8398905225926185,-2420.81356129178
0.8133729080735912,1.016388820299218,0.8002576295891765,0.8661786224542365,4.650880601288918,0.0310376212580864,-2353.533059297057
0.8713324908279467,1.096395111944862,0.794724895555505,0.9287645215394194,5.77263440598108,0.01627761541806505,-2738.138645832026
1.07730713362501,0.9240180440869004,1.165894043432439,1.035559251284951,2.580180842219306,0.1082092988760203,-2956.721217320545
0.941339954684391,1.022630140065301,0.9205087135650831,0.9647607588250132,0.8209488738530126,0.3649028834930039,-2838.128025862537
1.028813162702232,1.020555415985944,1.00809142412743,1.026290612487507,0.008165059914972517,0.9280005689989522,-2902.336380779965