ObservedSChanges	ObservedNSChanges	E[SSites]	E[NSSites]	ObservedS.Prop.	P{S}	dS	dN	dN-dS	P{Sleq.observed}	P{Sgeq.observed}	ScaleddN-dS
2	0	0.7069271522655513	2.15788561687552	1	0.2467620780947239	2.829145823003721	0	-2.829145823003721	1	0.06089152318562663	-1.354629631048075
4	0	0.9999999999999998	2	1	0.3333333333333334	4.000000000000001	0	-4.000000000000001	1	0.01234567901234573	-1.915248934902701
6	0	0.7069271522655511	2.15788561687552	1	0.2467620780947239	8.487437469011166	0	-8.487437469011166	0.9999999999999998	0.0002257722254460637	-4.063888893144227
6	0	0.9999999999999997	1.999999999999999	1	0.3333333333333333	6.000000000000002	0	-6.000000000000002	1	0.001371742112482699	-2.872873402354051
6	0	0.9999999999999999	2	1	0.3333333333333334	6.000000000000001	0	-6.000000000000001	0.9999999999999999	0.001371742112482921	-2.872873402354051
2	0	0.7069271522655515	2.157885616875521	1	0.2467620780947239	2.82914582300372	0	-2.82914582300372	0.9999999999999999	0.06089152318562674	-1.354629631048075
3	0	1	2	1	0.3333333333333333	3	0	-3	1	0.03703703703703698	-1.436436701177025
8	0	0.9999999999999999	2	1	0.3333333333333334	8.000000000000002	0	-8.000000000000002	1	0.0001524157902758061	-3.830497869805401
5	0	0.7069271522655515	2.293072847734448	1	0.2356423840885171	7.072864557509301	0	-7.072864557509301	0.9999999999999999	0.0007265525645923088	-3.386574077620187
4	0	0.7069271522655515	2.157885616875521	1	0.2467620780947239	5.658291646007441	0	-5.658291646007441	0.9999999999999998	0.003707777595865935	-2.70925926209615
1	0	0.7069271522655516	2.157885616875521	1	0.2467620780947239	1.41457291150186	0	-1.41457291150186	1	0.2467620780947239	-0.6773148155240373
1	1	0.7187270649784584	2.094165022526537	0.5	0.2555117802673907	1.391348745201312	0.4775172869583768	-0.9138314582429352	0.9347137301445887	0.4457372906793701	-0.4375536817700908
1	0	0.7069271522655513	2.15788561687552	1	0.2467620780947239	1.414572911501861	0	-1.414572911501861	1	0.2467620780947239	-0.6773148155240376
2	4	0.7141796031905208	2.285820396809478	0.3333333333333333	0.2380598677301737	2.80041601729483	1.749918762464082	-1.050497254830747	0.8489955989242025	0.4375191815294288	-0.5029909371081999
5	0	0.9999999999999999	2	1	0.3333333333333334	5.000000000000001	0	-5.000000000000001	1	0.004115226337448541	-2.394061168628376
3	6	0.7451932863787769	2.254504083690501	0.3333333333333333	0.2484228221867484	4.025801164390952	2.661339158090291	-1.364462006300661	0.8372092508181815	0.3949015038175612	-0.6533211010706358
2	2	0.6273808642105827	2.186119173653209	0.5	0.2229894635746778	3.187856235488707	0.9148632078725211	-2.272993027616186	0.9630655375832984	0.2170593620688976	-1.088336868795791
5	1	0.7069271522655514	2.159801641423786	0.8333333333333334	0.2465971506693423	7.072864557509302	0.4630054819945313	-6.609859075514771	0.9997751316541772	0.004346970779056547	-3.164881388559153
5	1	0.9990817138228032	2.000459143088598	0.8333333333333334	0.3330782147943629	5.00459565100878	0.4998852405733494	-4.504710410435431	0.9986345450701295	0.01776973955129346	-2.156910453907891
3	2	0.7152492739322301	2.0991561031036	0.6	0.2541386822837655	4.194341901959413	0.9527638259217609	-3.241578076037653	0.983383408255267	0.1079287251088077	-1.552107239383765
0	0	0.7069271522655515	2.157885616875521	0	0.2467620780947239	0	0	0	0	0	0
4	0	1	2	1	0.3333333333333333	4	0	-4	1	0.01234567901234551	-1.9152489349027
4	1	0.6361310946172232	2.176608412008715	0.8	0.2261606853811725	6.28801206834089	0.4594303662904323	-5.828581702050458	0.9994083218138921	0.01071421211018486	-2.790796224211377
5	1	0.7133828150590709	2.154407791104985	0.8333333333333334	0.2487569397590324	7.008859611492015	0.4641646786317576	-6.544694932860258	0.9997630529901178	0.004530410267422624	-3.133679999855927
0	1	0.7069370527300344	2.292490380462929	0	0.2356906671275867	0	0.4362068467210176	0.4362068467210176	0.7643093328724133	0.2356906671275867	0.2088611746449236
1	1	1	2	0.5	0.3333333333333333	1	0.5	-0.5	0.8888888888888891	0.5555555555555555	-0.2394061168628375
5	1	0.7069271522655514	2.194771452338752	0.8333333333333334	0.2436252859424567	7.072864557509302	0.455628306507449	-6.617236251001853	0.9997909095625943	0.004104024065320289	-3.168413670432709
3	1	0.7081059257584842	2.291894074241516	0.75	0.2360353085861614	4.236654278505811	0.436320339250819	-3.800333939254992	0.9968960987469604	0.04328892233587944	-1.819646382358177
4	5	1.267456381601307	1.603483461713327	0.4444444444444444	0.4414778611794141	3.155927145158552	3.118211144290497	-0.03771600086805504	0.6414209184634359	0.6187197349931467	-0.01805888262283294
1	1	0.7069271522655516	2.160796635735732	0.5	0.2465115905595142	1.41457291150186	0.4627922792278454	-0.9517806322740145	0.9392320357198185	0.4322552168388468	-0.4557242105559562
3	2	0.9973925556308763	2.000315079000628	0.6	0.3327184226067735	3.007842782727031	0.9998424853144707	-2.00800029741256	0.955035470209704	0.2089664053860257	-0.9614551077259279
3	2	0.7069271522655511	2.2880290930139	0.6	0.2360392254076452	4.243718734505583	0.8741147593387922	-3.369603975166791	0.9874102278897898	0.0893426490372059	-1.613407606120525
5	0	1	2	1	0.3333333333333333	5	0	-5	1	0.004115226337448097	-2.394061168628375
1	6	0.7086761471562204	2.289952639728783	0.1428571428571428	0.2363334035395552	1.41108178116733	2.620141524285247	1.209059743117918	0.4795999613688894	0.8485300221851401	0.5789125963100812
5	3	0.7071156599669889	2.289989501226986	0.625	0.2359328825436645	7.070979025175911	1.310049674198326	-5.760929350977585	0.996922293124109	0.02133872237410284	-2.758403450877381
0	3	0.7101047908164242	2.288740831330647	0	0.2367927130266924	0	1.310764398892571	1.310764398892571	0.444557073512296	0.5554429264877041	0.6276100297218439
4	0	0.7069271522655513	2.293072847734448	1	0.2356423840885171	5.658291646007442	0	-5.658291646007442	1	0.003083284729962776	-2.70925926209615
2	6	0.8507967359988621	2.144676566253443	0.25	0.2840274808522398	2.350737744253258	2.797624636931368	0.4468868926781093	0.5924611495584694	0.7118072673713041	0.2139749113059315
0	3	0.7102072287674862	2.288294043827455	0	0.2368540694841406	0	1.311020324548032	1.311020324548032	0.4444498644164625	0.5555501355835375	0.6277325700566029
2	1	1	1.999190454732809	0.6666666666666666	0.3334233070867411	2	0.5002024682704127	-1.499797531729587	0.9629329636158224	0.2593792323576225	-0.7181214063036977
1	2	0.7069271522655514	2.173612546468334	0.3333333333333333	0.2454148271507157	1.41457291150186	0.9201271879156117	-0.4944457235862487	0.848876590944752	0.5703401208463996	-0.2367466613664395
1	1	0.7069271522655514	2.293072847734448	0.5	0.2356423840885172	1.41457291150186	0.4360960450898881	-0.9784768664119723	0.9444726668210797	0.4157574349981141	-0.4685066940556154
1	3	0.713598761547804	2.286401238452194	0.25	0.2378662538492681	1.401347723517609	1.312105657373981	-0.08924206614362773	0.7585823182076881	0.6626157786101998	-0.04273019303252484
3.5	1.5	0.7048745703415473	2.29480623401983	0.7	0.2349831919838594	4.965422427289544	0.6536499586600992	-4.311772468629444	0.9934523498438803	0.05034725858712119	-2.064529407021332
2	10	0.7208421984323898	2.091568576109402	0.1666666666666667	0.2563075795888429	2.774532351670567	4.781100707967863	2.006568356297296	0.3713893490050699	0.8529990432961395	0.9607694768019647
3	5	0.6426668142662251	2.177640372479428	0.375	0.2278712110817252	4.668048720432682	2.296063235779872	-2.37198548465281	0.9145370601447764	0.2673095191338375	-1.13573566827149
0	1	0.7069271522655516	2.291675718761674	0	0.2357521761537502	0	0.4363619127318581	0.4363619127318581	0.7642478238462498	0.2357521761537502	0.2089354221479491
1	9	0.9301675083778229	1.910368424903472	0.1	0.32746197556576	1.07507517838799	4.711133142003619	3.636057963615629	0.1111056338184746	0.9810692230625622	1.740989035514829
4	1	0.7069271522655513	2.293072847734448	0.8	0.2356423840885172	5.658291646007442	0.4360960450898882	-5.222195600917554	0.9992734474354079	0.01251021339144542	-2.500451140627728
1	12	0.2528069413118337	2.695811550544815	0.07692307692307693	0.08573741974759491	3.955587591111727	4.451349723453347	0.4957621323416208	0.6919919980763067	0.6881668482245673	0.2373769739830952
2	9	0.7006005297204931	2.269476515199094	0.1818181818181818	0.2358863151105434	2.854693816457585	3.965672233101059	1.110978416643474	0.4996773520390577	0.7720854310666391	0.5319500572940754
1	3	0.3691952333884557	2.618570548180726	0.25	0.1235690011800569	2.708594016293355	1.145663232974294	-1.562930783319061	0.9227792525677974	0.4099743125777255	-0.7483503795196187
0	4	0.0416515500859559	2.958348449914045	0	0.01388385002865197	0	1.352105767025592	1.352105767025592	0.9456104997165595	0.05438950028344047	0.6474047825428908
1	3	0.6983776944218683	2.280540071899939	0.25	0.2344400715982785	1.431889947212333	1.315477871651987	-0.1164120755603468	0.7642472418527484	0.656507884617294	-0.05573952593169174
4	5	0.7115536422149635	2.10164708984217	0.4444444444444444	0.2529338323094509	5.621501686856073	2.379086395697144	-3.242415291158929	0.9487523633018918	0.171251046720613	-1.552508108226092
2	4	0.7284590628478077	2.269875929377182	0.3333333333333333	0.2429545280086387	2.745521474029416	1.762210854008015	-0.9833106200214008	0.8415535594857146	0.4492696875231806	-0.4708211544186254
1	3	0.9896204697223915	2.010379530277608	0.25	0.3298734899074638	1.010488394889932	1.492255544198531	0.4817671493085991	0.5987432592553626	0.7983365486673897	0.2306760048961012
10	12	1.445282651982145	1.550394940381933	0.4545454545454545	0.4824560078381404	6.919061808626441	7.739963339304922	0.8209015306784817	0.4816875116727021	0.6814714910989303	0.3930576955729896
4	4	0.7333191095260914	2.143667614474942	0.5	0.2548913776377328	5.454651253510912	1.865960922761684	-3.588690330749229	0.970378110403151	0.1206964271225619	-1.71830883341577
0	4	0.7071638907418407	2.160455974364538	0	0.2466030799084339	0	1.851461009834525	1.851461009834525	0.3221776147276405	0.6778223852723595	0.8865021817748631
1	6	0.9715062517617065	1.841078728547021	0.1428571428571428	0.3454140083102725	1.02932945432582	3.258958949971247	2.229629495645427	0.2417073624838024	0.9485047762648944	1.067573879190637
1	2	0.7805667642281001	2.219433235771898	0.3333333333333333	0.2601889214093668	1.281120393319458	0.9011309589154721	-0.3799894344039856	0.832133857743042	0.5950862808633672	-0.1819435898791282
6	6	0.6493610357035141	1.668203399639405	0.5	0.2801911462743996	9.239852208717195	3.596683714526026	-5.643168494191169	0.9732206325437649	0.08896664209115235	-2.702018111994028
2	9	0.7162946844947773	2.094744348926826	0.1818181818181818	0.2548149193157598	2.792146924014459	4.296467014989612	1.504320090975153	0.440385887930139	0.8126544481681349	0.7202868629982235
1	5	0.6292286847040033	2.184167901107306	0.1666666666666667	0.2236544566369943	1.589247318676217	2.289201300625815	0.6999539819495977	0.5973888397792382	0.7810573422978079	0.3351465296024677
2	4	0.7080642594342951	2.157494847431211	0.3333333333333333	0.2470946272711198	2.824602390746133	1.854002110254187	-0.9706002804919458	0.8351359509653846	0.459156721556826	-0.4647352883571154
4	4	0.7463030406668221	2.252822352572045	0.5	0.2488402260036422	5.359753052092617	1.775550564576565	-3.584202487516052	0.9732334610408958	0.1122160690693004	-1.716159999172682
4	4	0.7131306519799429	2.175565705179982	0.5	0.246869370750019	5.609070356034145	1.838602249739492	-3.770468106294653	0.9741196219317617	0.1095269451358067	-1.805346256166359
1	3	0.7069271522655515	2.158161555604564	0.25	0.2467383122636631	1.41457291150186	1.390072023203848	-0.02450088829801222	0.7437732057837101	0.6780536424340589	-0.01173132505423449
3	3	0.7085654666680622	2.287603993788409	0.5	0.2364904508972971	4.233906591732608	1.311415790559021	-2.922490801173587	0.9690852677098905	0.148652078566438	-1.399324348552663
1	5	0.7216362038263286	2.096779101545074	0.1666666666666667	0.2560432461642602	1.385739787856685	2.384609802871271	0.9988700150145866	0.5196542536021432	0.830454547949807	0.4782711830907328
2	4	0.9999999999999998	2	0.3333333333333333	0.3333333333333334	2	2	0	0.6803840877914951	0.6488340192043897	0
2	3	0.7105949158796795	2.288301859653905	0.4	0.2369521090812622	2.814543075535664	1.311015846682804	-1.50352722885286	0.9097644444170966	0.3396815567248883	-0.7199072309144122
3	5	0.9906511658347545	2.003722717540222	0.375	0.3308374987288447	3.028311179013355	2.495355248623432	-0.5329559303899223	0.7464437585527617	0.5256322153369153	-0.2551858195073441
6	9	0.9539289017848027	2.043508087914901	0.4	0.3182481917260825	6.289776930727216	4.40419103463553	-1.885585896091686	0.8316393394378317	0.3337991045625804	-0.9028415947892888
2	0	0.7069271522655515	2.293072847734448	1	0.2356423840885171	2.82914582300372	0	-2.82914582300372	1	0.05552733317892011	-1.354629631048075
1	5	0.8446890144060657	2.155310985593934	0.1666666666666667	0.281563004802022	1.183867651816378	2.319850839818442	1.135983188002063	0.4608573932218136	0.8624906824239242	0.5439226477220814
2	6	0.9808516197750395	1.862294220090929	0.25	0.3449881486984426	2.039044397417322	3.221832476990151	1.182788079572829	0.4398394397808954	0.8233456798130756	0.5663334024043676
1	9	0.8262369835827712	2.090505294710455	0.1	0.2832739079251992	1.210306509960071	4.305179241962428	3.094872732002357	0.1771502846299552	0.964228911939061	1.481862925906731
0	15	0.9738384183879618	2.026161581612037	0	0.3246128061293207	0	7.403160802242548	7.403160802242548	0.002775187461789203	0.9972248125382108	3.544723960352115
2	9	0.7217495766683537	2.091919978372591	0.1818181818181818	0.2565154018798241	2.771044230094514	4.302267817625389	1.531223587530875	0.4352018836453279	0.8160083735316594	0.7331685862791
3	6	0.7421306729341779	2.245895253027633	0.3333333333333333	0.2483682174528973	4.042414778705798	2.671540443353962	-1.370874335351837	0.8373104178261428	0.3947484463543189	-0.6563914026670131
1	7	0.7234410631459464	2.089775079366405	0.125	0.2571580093735261	1.382282608691596	3.349642776926173	1.967360168234577	0.3495019460150551	0.907280397519993	0.9419961166953179
3	2	0.7069271522655516	2.157254678485004	0.6	0.2468164362596708	4.24371873450558	0.9271042589206757	-3.316614475584904	0.9851085595668887	0.1001865045844691	-1.588035585461717
2	4	0.7069768129088089	2.292271322103609	0.3333333333333333	0.2357180136767449	2.828947093428897	1.744994129372615	-1.083952964056282	0.8524995808917781	0.4318753439113027	-0.5190099399733549
0	5	0.9737838898097365	2.021948506300018	0	0.3250570348253697	0	2.472862184383492	2.472862184383492	0.1400668544476498	0.8599331455523502	1.184036666200412
3	1	0.7168539863077754	2.098071521949225	0.75	0.254661796273128	4.184952664421642	0.4766281747492309	-3.708324489672411	0.9957941363196877	0.05344435844443529	-1.775591132279671
2	4	0.7167595542283244	2.124124707826987	0.3333333333333333	0.252301568142648	2.790336017429491	1.8831286059904	-0.9072074114390909	0.8269085616432641	0.4715176995345853	-0.4343820071236387
3	5	1.660468247674771	1.3274260995553	0.375	0.5557319150906754	1.806719281865845	3.766688030071915	1.95996874820607	0.2495400028949533	0.9168049473462707	0.9384570143610634
1	2	0.7069271522655514	2.28288935972159	0.3333333333333333	0.2364449956815917	1.41457291150186	0.8760827551642318	-0.5384901563376285	0.8587187915024828	0.5548350288217145	-0.2578356745953079
4	7	0.4641301832869981	2.485373983982543	0.3636363636363636	0.1573587141992953	8.618271648854547	2.816477538234812	-5.801794110619735	0.9806260704384989	0.08040855306972128	-2.777969997722302
2	6	0.731707291908695	2.08108273576261	0.25	0.2601357672312539	2.733333427336634	2.883114590733129	0.1497811633964958	0.6531339821350559	0.6576584009905638	0.07171705341590649
1	8	0.7734954143254391	2.063930021893222	0.1111111111111111	0.2726046663471974	1.292832486760241	3.876100408027247	2.583267921267006	0.2492903945844901	0.9429921587027854	1.236900283693736
1	5	0.7176214513392937	1.665350407157655	0.1666666666666667	0.3011455837300282	1.393492346325078	3.002371139737358	1.60887879341228	0.4177028915089038	0.88350151337381	0.7703508488676026
1	7	0.9613147025099362	2.038447875435545	0.125	0.3204635958784227	1.040242074098169	3.433985280837434	2.393743206739265	0.2170045670947511	0.9545324218738338	1.146153531784488
1	7	0.7159109603452208	2.048319969223011	0.125	0.2589910100083588	1.396821749338476	3.417434827164874	2.020613077826397	0.3450836276026956	0.9090949907573986	0.9674942612893684
0	0	0.7191508911847112	1.573921956549737	0	0.313618859468521	0	0	0	0	0	0
6	10	0.9917972858237766	2.008202714176222	0.375	0.3305990952745923	6.049623331058485	4.979576976670935	-1.07004635438755	0.7451956135386636	0.4436891726121278	-0.5123512851343182
2	6	0.7150913543149271	2.099592678757261	0.25	0.2540574167162966	2.796845449090967	2.857697143215118	0.06085169412415103	0.668406964990726	0.6429468477813592	0.02913653558957629
0	6	0.0644892629635737	2.935510737036426	0	0.02149642098785791	0	2.043937337479256	2.043937337479256	0.8777574230993604	0.1222425769006396	0.9786622021537517