Codon,alpha,beta,beta-alpha,Prob[alpha<beta],Prob[alpha>beta],BayesFactor,PSRF,Neff
1,0.774995,0.0446223,-0.730373,0.000632978,0.998323,0.0013559,0.997496,995.287
2,0.272356,0.0366163,-0.235739,0.0281284,0.914443,0.0619583,1.0003,471.892
3,0.574446,0.164835,-0.409611,0.0557599,0.895901,0.126416,0.996716,1443.04
4,0.931976,0.0443887,-0.887588,9.0943e-05,0.999756,0.000194703,1.00003,496.893
5,0.828689,0.0367412,-0.791948,7.8249e-05,0.999762,0.000167524,0.997782,893.945
6,1.78595,0.0464101,-1.73954,4.28915e-07,0.999999,9.18195e-07,1.00707,209.644
7,1.07886,0.0457285,-1.03313,3.0081e-05,0.999918,6.43976e-05,1.00469,260.06
8,1.19554,0.191923,-1.00362,0.000251182,0.999359,0.00053785,0.995769,3187.46
9,1.00821,0.0371845,-0.971021,5.68168e-06,0.999982,1.21631e-05,1.0063,223.666
10,3.3269,0.139655,-3.18725,5.53222e-08,1,1.1843e-07,1.00393,281.939
11,0.718426,0.0466365,-0.671789,0.00259065,0.993299,0.00556031,0.997216,1119.93
12,0.851518,0.0467172,-0.804801,0.00070483,0.998188,0.00150992,0.996586,1559.53
13,2.56031,0.12399,-2.43632,2.71108e-07,0.999999,5.80372e-07,1.00664,217.228
14,0.677037,0.145352,-0.531684,0.00522415,0.987222,0.0112423,1.00328,303.658
15,0.859906,0.0467597,-0.813147,0.00067742,0.998258,0.00145116,0.996593,1553.08
16,0.933049,0.918014,-0.015035,0.407358,0.425771,1.47145,0.998204,777.108
17,0.860105,0.0467826,-0.813322,0.000677774,0.998258,0.00145192,0.996594,1552.08
18,0.592873,0.0374698,-0.555403,0.00140261,0.995753,0.00300685,1.00254,332.921
19,1.26739,0.0401371,-1.22726,1.80684e-06,0.999994,3.86798e-06,1.00823,191.641
20,2.41854,0.124411,-2.29413,2.90862e-07,0.999999,6.2266e-07,1.00561,237.827
21,0.567959,0.552097,-0.0158619,0.454137,0.465448,1.78101,1.00386,284.25
22,0.599535,0.197991,-0.401544,0.0305849,0.939596,0.0675399,0.999208,593.133
23,0.928143,0.809953,-0.11819,0.303785,0.567691,0.934086,1.00406,277.992
24,0.934106,0.197285,-0.736821,0.000893895,0.997824,0.00191531,0.997877,864.591
25,1.02154,0.16158,-0.859964,0.00209475,0.995392,0.00449373,1.00008,492.124
26,0.994427,0.309179,-0.685247,0.00631241,0.987244,0.0135991,0.996755,1411.38
27,0.89866,0.225925,-0.672735,0.00589145,0.987468,0.0126868,0.996483,1667.11
28,0.758083,0.247023,-0.51106,0.0158462,0.967609,0.0344688,0.998439,724.412
29,0.411585,0.144468,-0.267116,0.0882887,0.818264,0.207306,0.998343,745.004
30,0.839578,0.257689,-0.581889,0.0160886,0.969045,0.0350046,0.998015,825.38
31,0.198619,0.0360897,-0.162529,0.109663,0.674966,0.263674,1.00255,332.561
32,0.952386,0.444931,-0.507455,0.0524569,0.916853,0.118513,0.996643,1505.8
33,0.575955,0.164172,-0.411783,0.0548469,0.897225,0.124226,0.996731,1430.48
34,0.978852,2.55643,1.57758,0.919402,0.0100858,24.4199,1.00963,173.6
35,0.831696,0.275775,-0.555921,0.0115482,0.97675,0.0250106,0.996685,1469.33
36,0.943304,0.382983,-0.560321,0.0117078,0.976928,0.0253603,0.997974,836.56
37,0.624168,0.513251,-0.110916,0.329304,0.587371,1.05108,0.998815,653.591
38,0.589575,0.0374805,-0.552094,0.00143717,0.995648,0.00308104,1.00266,328.112
39,0.749361,2.81552,2.06616,0.99937,5.74825e-11,3394.45,0.998316,751.096
40,0.894387,0.531768,-0.36262,0.0916939,0.858601,0.216109,0.996072,2298.33
41,1.29126,0.599524,-0.691736,0.0337417,0.937277,0.0747545,0.999429,563.812
42,0.820992,0.403248,-0.417744,0.0695729,0.89232,0.160074,0.996574,1571.8
43,0.815099,0.369489,-0.44561,0.0460433,0.923949,0.103324,0.996582,1563.45
44,1.59454,0.151138,-1.44341,0.000280055,0.999338,0.000599692,1.00105,414.346
45,1.00183,1.06965,0.0678261,0.477032,0.270584,1.9527,0.997633,943.974
46,0.597766,0.0374515,-0.560314,0.00135477,0.995899,0.00290413,1.00237,340.812
47,0.75999,0.593009,-0.166981,0.240647,0.671693,0.678424,0.99633,1856.89
48,0.555665,0.293973,-0.261692,0.14947,0.780012,0.376208,1.00065,442.867
49,0.905621,0.84002,-0.0656006,0.372712,0.493454,1.27195,1.00274,324.59
50,0.841342,0.404947,-0.436395,0.0445843,0.925227,0.0998971,0.996172,2103.25
51,0.889739,0.36548,-0.524259,0.0238556,0.957573,0.0523167,0.996885,1314.32
52,0.765717,0.160532,-0.605185,0.0057936,0.987325,0.0124749,1.0017,374.548
53,0.670829,0.214647,-0.456182,0.0316747,0.941888,0.0700254,0.998454,721.288
54,0.986988,0.226818,-0.760169,0.00638246,0.987547,0.0137509,0.99627,1943.27
55,0.604854,0.400175,-0.204679,0.20171,0.719918,0.540917,0.99863,686.644
56,1.48243,0.511872,-0.970559,0.00759173,0.983275,0.0163762,0.998078,808.624
57,0.544388,1.15834,0.613951,0.953255,0.0120454,43.6551,1.00469,259.996
58,1.37733,0.391883,-0.985449,0.230906,0.717929,0.642716,1.00332,302.434
59,0.946055,0.45226,-0.493794,0.0498387,0.91947,0.112288,0.996088,2262.99
60,1.43054,0.373488,-1.05706,0.0071785,0.986259,0.0154784,0.999891,510.996
61,1.57162,0.480448,-1.09118,0.00572966,0.987663,0.0123364,0.998548,702.303
62,0.837495,0.667737,-0.169758,0.248246,0.65877,0.706919,1,499.87
63,0.84545,0.229365,-0.616085,0.015452,0.971665,0.0335978,0.996854,1336.59
64,0.834818,0.441182,-0.393637,0.0945969,0.861009,0.223665,0.995728,3360.41
65,0.710633,0.565575,-0.145058,0.299052,0.621621,0.913322,0.995928,2648.44
66,0.819895,0.597951,-0.221944,0.200252,0.722034,0.536027,0.996508,1639.6
67,0.66838,0.261648,-0.406732,0.0511284,0.912475,0.11535,0.998758,663.511
68,0.81685,0.603927,-0.212923,0.192943,0.725131,0.511786,0.99714,1159.49
69,0.670967,0.402983,-0.267984,0.147088,0.78764,0.369179,0.997159,1149.04
70,1.65533,0.150098,-1.50524,0.000254596,0.999397,0.000545162,1.00134,395.419
71,0.841456,0.592705,-0.248751,0.195812,0.731464,0.52125,0.996195,2063.18
72,0.838961,0.443367,-0.395594,0.0924365,0.863678,0.218037,0.995736,3326.88
73,0.878782,0.223829,-0.654953,0.00611803,0.987687,0.0131777,0.996892,1309.63
74,0.849692,0.660392,-0.189301,0.229079,0.681277,0.63612,0.999952,504.754
75,0.714724,0.230078,-0.484646,0.0404739,0.931241,0.0902989,0.997417,1027.69
76,0.212208,0.70908,0.496872,0.924269,0.0536471,26.1268,1.00481,256.94
77,0.409394,0.534137,0.124742,0.643455,0.279218,3.86337,1.0139,135.287
78,0.792591,0.730562,-0.0620296,0.555104,0.376492,2.67104,0.997333,1064.27
79,2.47896,1.17043,-1.30853,0.0506845,0.826567,0.114295,1.00717,207.968
80,0.668303,0.429896,-0.238408,0.180202,0.750316,0.470563,0.996659,1491.58
81,0.572014,0.204934,-0.36708,0.0818016,0.861224,0.190717,0.997759,901.346
82,0.92781,0.613721,-0.314089,0.156206,0.775247,0.396301,0.998613,689.869
83,0.591278,0.459476,-0.131802,0.321292,0.600779,1.0134,1.00266,328.021
84,0.835056,0.621245,-0.213811,0.234207,0.686473,0.654717,0.997268,1094.39
85,0.780426,0.618445,-0.161981,0.296538,0.626093,0.902411,0.996499,1649.56
86,0.670779,0.383219,-0.28756,0.119227,0.820539,0.289784,0.99705,1209.89
87,0.547712,0.459052,-0.0886595,0.350654,0.558549,1.15602,1.00182,368.021
88,2.12127,0.442107,-1.67917,0.090796,0.874517,0.213781,0.999972,502.836
89,0.77526,0.595576,-0.179684,0.239401,0.677,0.673806,0.996033,2383.94
90,0.978519,0.715387,-0.263132,0.153821,0.754873,0.38915,1.0025,334.695
91,0.782402,1.12367,0.341273,0.78325,0.0861907,7.7358,1.00114,408.191
92,2.02158,0.747211,-1.27437,0.0171115,0.957269,0.0372691,1.001,417.174
93,0.953517,0.52892,-0.424596,0.058316,0.903327,0.13257,0.996605,1541.8
94,1.16302,0.761447,-0.401571,0.163346,0.745078,0.41795,1.00539,242.803
95,0.548633,0.50556,-0.0430732,0.421967,0.497409,1.56275,1.00336,300.96
96,0.850652,0.870871,0.0202191,0.456924,0.406986,1.80114,0.999579,545.508
97,1.92826,0.823298,-1.10497,0.0491214,0.891558,0.110588,1.00193,362.195
98,1.12675,0.668867,-0.457886,0.0705065,0.874815,0.162385,1.00282,321.346
99,0.735831,0.551063,-0.184767,0.311335,0.622329,0.967796,0.999942,505.817
100,0.695833,0.617438,-0.0783956,0.473562,0.462107,1.92572,0.998992,624.882