Codon,alpha,beta,beta-alpha,Prob[alpha<beta],Prob[alpha>beta],BayesFactor,PSRF,Neff
1,1.08158,0.23959,-0.841992,5.42285e-07,0.999996,1.29828e-06,1.0445,54.0158
2,1.06083,0.173568,-0.887261,5.82244e-08,0.999999,1.39395e-07,1.05907,42.6082
3,0.90413,0.0753179,-0.828812,1.64462e-10,1,3.93738e-10,1.00548,240.93
4,0.976762,0.0732079,-0.903554,5.79867e-13,1,1.38826e-12,1.00543,241.877
5,0.870418,0.00594925,-0.864469,1.06183e-11,1,2.54212e-11,1.00493,253.995
6,1.11692,0.0734084,-1.04351,1.60643e-17,1,3.84595e-17,1.03976,59.3358
7,1.20044,0.0031534,-1.19729,1.18461e-20,1,2.83608e-20,1.02024,102.266
8,0.894298,0.0856728,-0.808625,3.77971e-09,1,9.04899e-09,1.01052,163.889
9,0.986714,0.0731869,-0.913527,2.55139e-13,1,6.10826e-13,1.00548,240.896
10,1.10101,0.0733109,-1.02769,4.27012e-16,1,1.02231e-15,1.03233,70.3905
11,1.00464,0.0835382,-0.9211,1.29937e-12,1,3.11083e-12,1.02599,84.0077
12,0.696751,0.274657,-0.422094,0.00331864,0.988429,0.00797159,1.03817,61.3767
13,0.972407,0.0942125,-0.878194,1.12595e-10,1,2.69563e-10,1.01668,118.41
14,1.10825,0.386358,-0.721888,4.62533e-05,0.999809,0.00011074,1.00667,216.599
15,0.896143,0.200404,-0.695739,3.81193e-05,0.999787,9.12648e-05,1.02491,86.9109
16,1.19136,0.00313772,-1.18822,1.60984e-20,1,3.85412e-20,1.02422,88.8583
17,0.913908,0.0750842,-0.838824,2.62321e-08,0.999999,6.28022e-08,1.00185,366.004
18,0.893014,0.0961318,-0.796882,1.48691e-09,1,3.55981e-09,1.01835,110.254
19,1.12183,0.735868,-0.385966,0.0245711,0.941366,0.0603073,1.05476,45.4002
20,1.06095,0.499988,-0.560959,0.00223474,0.993845,0.00536216,1.02342,91.2652
21,1.03415,0.077997,-0.956156,1.15445e-11,1,2.76386e-11,1.01267,144.442
22,0.685915,0.452521,-0.233394,0.0647304,0.865938,0.165696,1.08061,32.8547
23,0.812916,0.190733,-0.622183,0.000322438,0.998631,0.000772197,1.01734,115.053
24,1.08221,0.430086,-0.652124,0.000290905,0.998966,0.000696657,1.00467,260.628
25,0.689647,0.541708,-0.147939,0.18622,0.711909,0.54785,1.06024,41.9102
26,0.514965,0.142188,-0.372777,0.00779806,0.966068,0.018816,1.00694,211.921
27,1.10541,0.512463,-0.592944,0.000900111,0.997191,0.00215689,1.02039,101.693
28,0.994276,0.132308,-0.861968,2.49946e-07,0.999998,5.98396e-07,1.02846,78.0868
29,1.09171,0.273815,-0.817891,5.57485e-06,0.999971,1.33468e-05,1.0267,82.2091
30,1.14854,0.374757,-0.773784,7.35165e-06,0.999963,1.76007e-05,0.997318,1071.16
31,0.912461,0.295303,-0.617158,2.91336e-05,0.999829,6.97507e-05,1.03632,63.9634
32,1.60454,0.113436,-1.4911,2.35346e-12,1,5.6344e-12,1.04323,55.3436
33,1.08344,0.5632,-0.520244,0.00239752,0.992678,0.00575369,1.01873,108.519
34,1.12308,0.156612,-0.966469,5.77144e-10,1,1.38174e-09,1.04032,58.6545
35,1.05047,0.505772,-0.544695,0.0031935,0.991592,0.00767004,1.02533,85.7353
36,0.893291,0.1996,-0.693691,8.92833e-06,0.999945,2.13755e-05,1.04574,52.7968
37,0.882998,0.157525,-0.725474,2.95771e-05,0.999836,7.08125e-05,1.01855,109.349
38,1.18159,0.835413,-0.346181,0.0115239,0.951841,0.0279109,1.19148,16.5216
39,0.662528,0.578821,-0.0837076,0.317982,0.577526,1.11622,1.04027,58.7148
40,1.15151,0.603867,-0.547639,0.00232304,0.99361,0.00557452,1.0076,201.037
41,0.782787,0.137809,-0.644978,9.67825e-06,0.999928,2.31709e-05,1.01601,122.087
42,1.21769,0.412131,-0.805564,1.01126e-05,0.999957,2.42107e-05,1.00388,283.426
43,1.07534,0.95223,-0.123115,0.199669,0.641649,0.597287,1.2582,13.3465
44,0.903365,0.257605,-0.64576,0.00022336,0.999117,0.000534864,1.04456,53.9582
45,0.775898,0.923426,0.147528,0.683885,0.177883,5.17941,1.12609,22.8003
46,0.995812,0.426902,-0.56891,0.00297442,0.992226,0.0071423,1.01683,117.638
47,0.997066,0.613263,-0.383802,0.0234098,0.947612,0.0573888,1.01566,124.094
48,1.01646,0.686332,-0.330129,0.0662352,0.879764,0.169821,1.00167,376.12
49,1.12033,0.552367,-0.567964,0.00191001,0.994747,0.00458149,1.00916,179.29
50,1.11608,0.55839,-0.557686,0.00250708,0.993372,0.00601728,1.00848,188.111
51,1.08293,0.665894,-0.417032,0.0172919,0.958588,0.042127,1.0068,214.337
52,0.94251,0.31006,-0.63245,0.000174987,0.999283,0.000419008,1.03782,61.8535
53,0.944522,0.567669,-0.376853,0.0184244,0.957405,0.0449376,1.03795,61.6722
54,0.956451,0.241426,-0.715025,1.83716e-05,0.9999,4.39842e-05,1.06072,41.6347
55,0.993013,0.255543,-0.73747,6.24346e-06,0.999962,1.49475e-05,1.05394,45.9784
56,0.891736,0.75266,-0.139075,0.228805,0.636904,0.710301,1.01367,136.886
57,1.13017,0.179511,-0.95066,2.14829e-08,1,5.14322e-08,1.0566,44.1584
58,0.84981,0.578595,-0.271216,0.0601423,0.884383,0.1532,1.05133,47.9309
59,1.04284,0.826625,-0.21621,0.139737,0.752845,0.388884,1.15845,19.0622
60,0.715112,0.335363,-0.379749,0.0125344,0.967782,0.0303895,1.04891,49.9174
61,1.14042,0.743268,-0.397152,0.0190845,0.951314,0.046579,1.07841,33.6194
62,0.761148,0.501755,-0.259393,0.0968401,0.83847,0.256704,1.07457,35.0535
63,0.622648,0.625646,0.00299868,0.455015,0.4228,1.99886,1.01347,138.379
64,0.647417,0.579687,-0.0677297,0.294905,0.571599,1.00133,1.03023,74.3503
65,1.0127,0.615641,-0.397062,0.0385788,0.930548,0.0960675,1.0139,135.274
66,1.18362,0.411458,-0.77216,2.64879e-06,0.999986,6.34148e-06,1.00951,174.999
67,0.858967,0.691123,-0.167844,0.224113,0.675869,0.691529,1.00104,414.459
68,1.18853,0.74876,-0.439768,0.00343792,0.984707,0.00825911,1.1226,23.3175
69,1.00478,0.73297,-0.271807,0.100114,0.819463,0.266348,1.02224,95.029
70,0.735416,0.770379,0.0349628,0.528513,0.346005,2.68366,1.00032,470.121
71,0.975953,1.14699,0.171038,0.635395,0.168403,4.17218,1.10791,25.8448
72,1.09935,0.733605,-0.365741,0.0376928,0.919273,0.0937747,1.04659,51.9815
73,1.05983,0.531082,-0.528751,0.00290504,0.991916,0.00697521,1.02436,88.456
74,0.427646,0.66716,0.239514,0.776044,0.174155,8.29593,1.0052,247.415
75,1.09281,0.491242,-0.601566,0.000430233,0.998449,0.00103046,1.02877,77.4088
76,1.22748,0.94289,-0.284591,0.0237101,0.89226,0.0581428,1.15279,19.6046
77,1.19477,0.770595,-0.424174,0.009164,0.971357,0.0221424,1.14294,20.649
78,1.19515,0.609022,-0.586132,0.000524348,0.99805,0.001256,1.01746,114.444
79,0.687941,1.14703,0.459094,0.968134,0.00856416,72.7366,1.12344,23.191
80,1.10654,0.599419,-0.507122,0.00377599,0.989216,0.00907435,1.01167,152.848
81,1.06949,0.616787,-0.452708,0.0123008,0.971332,0.029816,1.00762,200.614
82,1.30971,1.07844,-0.231271,0.128677,0.611944,0.353561,1.1141,24.7032
83,1.20158,0.879079,-0.322505,0.0147127,0.937857,0.0357495,1.19052,16.5832
84,1.10384,1.0459,-0.0579399,0.258191,0.522077,0.833277,1.18577,16.8976
85,1.13032,0.967419,-0.162899,0.127064,0.700077,0.348483,1.18082,17.242
86,0.390056,0.577672,0.187616,0.824552,0.104524,11.2515,1.05411,45.8603
87,1.12422,0.674945,-0.449278,0.0110518,0.972207,0.0267549,1.00881,183.673
88,0.904646,0.896739,-0.00790754,0.421431,0.401858,1.74387,1.16134,18.7995
89,0.958532,1.15671,0.198175,0.656961,0.153579,4.58498,1.0929,29.2147
90,1.10621,0.589362,-0.516851,0.00381284,0.989766,0.00916325,1.00779,198.083
91,1.09941,0.946506,-0.152906,0.153052,0.695209,0.432637,1.24513,13.834
92,0.773698,0.652745,-0.120954,0.235646,0.648124,0.738087,1.02469,87.5132
93,0.63168,0.894432,0.262752,0.85887,0.064945,14.5697,1.04133,57.4594
94,0.803051,0.945627,0.142576,0.602176,0.284894,3.62388,1.27005,12.945
95,0.949983,0.898512,-0.051472,0.340423,0.481004,1.23565,1.17721,17.5057
96,0.913938,0.717779,-0.196159,0.202209,0.702528,0.606812,0.997357,1053.61
97,1.01479,0.703203,-0.311587,0.0768693,0.861189,0.199357,1.0051,249.772
98,0.574362,0.744373,0.170011,0.743689,0.168162,6.94649,1.00793,195.96
99,1.04678,0.986721,-0.0600633,0.283054,0.519317,0.9452,1.23809,14.1185
100,1.01599,1.09558,0.0795828,0.489495,0.298878,2.29557,1.17137,17.9541