Codon,alpha,beta,beta-alpha,Prob[alpha<beta],Prob[alpha>beta],BayesFactor,PSRF,Neff
1,1,0.2658839614748482,-0.7341160385251518,0.01061933921121008,0.9870543424342164,0.06176428587628713,1.002470374073899,336.1734381032779
2,1,0.2649326581250857,-0.7350673418749143,0.01047901698207666,0.9872205199887871,0.060939499653124,1.002465198055244,336.4035312501067
3,1,0.2674175856316013,-0.7325824143683987,0.01084531461256766,0.986786713203624,0.06309301631741999,1.002478451184736,335.8150159483286
4,1,0.2674175893218833,-0.7325824106781167,0.01084532144904659,0.9867867059033092,0.06309305652495102,1.00247845227067,335.8149678119026
5,1,0.2658725196734423,-0.7341274803265576,0.01061622358225946,0.9870579283797019,0.06174597028781819,1.002470184801732,336.1818463428499
6,1,0.2285622023300412,-0.7714377976699588,0.005909376280594221,0.9926821799640202,0.03420731721325657,1.002253596720992,346.0906267599617
7,1,0.2674175856642472,-0.7325824143357528,0.01084531458318369,0.9867867132337679,0.0630930161446034,1.002478451178628,335.8150162190791
8,1,0.2674175940558091,-0.732582405944191,0.01084531759069691,0.9867867098599659,0.06309303383275575,1.002478451466322,335.8150034663796
9,1,0.2674175856336264,-0.7325824143663736,0.01084531460904311,0.9867867132072193,0.06309301629669099,1.002478451183983,335.8150159816726
10,1,0.2649107396486058,-0.7350892603513942,0.01047438829574672,0.9872259013988328,0.06091229713855106,1.002464951241232,336.414511001615
11,1,0.2674176036063536,-0.7325823963936464,0.01084532064776579,0.9867867064064487,0.06309305181236094,1.002478451730442,335.8149917586935
12,1,0.2674175856342694,-0.7325824143657307,0.01084531460791881,0.9867867132083656,0.06309301629007859,1.002478451183743,335.8150159923347
13,1,0.6699900418342107,-0.3300099581657893,0.1019738073256316,0.8812241548890014,0.653435881147352,1.002327533278246,342.6423323351239
14,1,0.7446090289829526,-0.2553909710170474,0.1351246115361014,0.8433621614772158,0.8990508741614268,1.001745156112548,371.8471610418126
15,1,0.2674175856720082,-0.7325824143279918,0.01084531457585803,0.9867867132412783,0.06309301610151884,1.0024784511771,335.8150162867845
16,1,0.2285316608320845,-0.7714683391679155,0.00590560767158318,0.9926866960784757,0.03418537245360571,1.002253330440935,346.1031725076076
17,1,0.2674175916826861,-0.7325824083173138,0.01084531898813419,0.986786708442801,0.06309304205153377,1.002478451776246,335.8149897283236
18,1,0.2658692722093426,-0.7341307277906574,0.01061621354175242,0.9870579743027219,0.06174591126371207,1.002470209209415,336.1807620303688
19,1,0.2649253156024796,-0.7350746843975204,0.01047746529636376,0.9872223239097002,0.06093038046001743,1.002465115226077,336.4072159020479
20,1,0.4510664569900598,-0.5489335430099402,0.02967426687031848,0.9640539352598763,0.17598100637295,1.003475792575651,296.8001283885404
21,1,0.4533488908486955,-0.5466511091513045,0.0302854343640207,0.9633405472512461,0.179718686462581,1.003470988604798,296.9660675458259
22,1,0.5054620365021166,-0.4945379634978834,0.04647807043776164,0.9446798240701491,0.2804921762828768,1.003324240970144,302.1271849650073
23,1,0.5039324964954621,-0.4960675035045379,0.04594951101348299,0.9452832957524407,0.2771487240372819,1.003329673336113,301.932892036535
24,1,0.264925268101469,-0.735074731898531,0.01047745526156891,0.9872223355760277,0.06093032148603397,1.002465114690694,336.4072397188158
25,1,0.6922270798203355,-0.3077729201796645,0.09875471177929122,0.8832741670343222,0.6305480203204978,1.002071662923375,354.8822295067804
26,1,0.2674175856343661,-0.7325824143656339,0.01084531460775879,0.9867867132085288,0.06309301628913752,1.002478451183709,335.81501599385
27,1,0.9647232231042639,-0.03527677689573605,0.3044621024073787,0.6651093111156159,2.518928218323373,1.000189644040785,481.9096694404832
28,1,0.4684222914118802,-0.5315777085881198,0.03453377472527615,0.9584021423709175,0.205830777240305,1.003435732350847,298.1896667744362
29,1,0.2649107396486058,-0.7350892603513942,0.01047438829574672,0.9872259013988328,0.06091229713855106,1.002464951241232,336.414511001615
30,1,0.5050486156415216,-0.4949513843584784,0.04633310081520382,0.944845106912366,0.2795747884803965,1.003325660016901,302.0764071900969
31,1,0.2674175820001097,-0.7325824179998903,0.01084531775866474,0.9867867099712949,0.06309303482062852,1.002478451833559,335.8149871878098
32,1,0.267417585629196,-0.732582414370804,0.01084531461671486,0.9867867131993938,0.06309301634181103,1.002478451185621,335.8150159090991
33,1,0.2674175940558091,-0.732582405944191,0.01084531759069691,0.9867867098599659,0.06309303383275575,1.002478451466322,335.8150034663796
34,1,0.2658763115909695,-0.7341236884090305,0.01061725560424579,0.9870567405037717,0.06175203713675465,1.002470247422663,336.1790644192846
35,1,1.504354860692995,0.5043548606929953,0.6358684593841484,0.3377702310095181,10.04875673494147,0.9980165057688755,824.951043881223
36,1,0.6781279289861033,-0.3218720710138967,0.1068854659970249,0.8758492076263013,0.688675837809364,1.00228519314775,344.6084652566141
37,1,0.2674175947016763,-0.7325824052983236,0.01084531779834444,0.9867867096255101,0.06309303505399765,1.002478451484394,335.8150026653356
38,1,0.4885742775090153,-0.5114257224909847,0.04074068714668819,0.95124089882408,0.2443968890282732,1.003378269923773,300.2059879521785
39,1,0.2658725196734423,-0.7341274803265576,0.01061622358225946,0.9870579283797019,0.06174597028781819,1.002470184801732,336.1818463428499
40,1,0.8447134576070667,-0.1552865423929333,0.2118945595716216,0.7621513767171867,1.547172824664794,1.001171253632708,406.0084641710416
41,1,0.6169945750777697,-0.3830054249222303,0.07290068271957167,0.9135211331648818,0.4524896836766937,1.002610464305782,330.0645848152542
42,1,0.505417922838643,-0.494582077161357,0.04646269002374181,0.9446973686925494,0.2803948336703769,1.003324395331535,302.1216606107407
43,1,0.8660941442084826,-0.1339058557915174,0.225272319217692,0.7459891620093757,1.67325489680488,1.000821404175256,430.1305194912167
44,1,0.6737247641541779,-0.3262752358458221,0.1042330389436193,0.8787527177153625,0.6695973214081703,1.002308675538756,343.5152134278588
45,1,0.2674175856720082,-0.7325824143279918,0.01084531457585803,0.9867867132412783,0.06309301610151884,1.0024784511771,335.8150162867845
46,1,1.739551273866106,0.7395512738661059,0.7741811175324307,0.2050770656076151,19.72811853187414,0.9976233363264891,947.4404615310902
47,1,0.6204545317813329,-0.3795454682186671,0.07463061843149857,0.9115745056294193,0.4640932616565533,1.002591976037327,330.8579025779566
48,1,0.7245810756510455,-0.2754189243489545,0.1206018629466149,0.8591636869251952,0.7891722818024725,1.001867212418247,365.3167821631426
49,1,0.9067603193618539,-0.09323968063814614,0.2593568537555732,0.7108865498058584,2.015078961161818,1.000555712310377,450.4750492439298
50,1,0.2658725196734423,-0.7341274803265576,0.01061622358225946,0.9870579283797019,0.0617459702878182,1.002470184801732,336.1818463428498
51,1,1.244375983478062,0.2443759834780619,0.4934698659903957,0.4763110500469716,5.606072348224435,0.9986040750460582,691.5370651535846
52,1,0.6758975703608954,-0.3241024296391046,0.1055392420397102,0.8773223519979936,0.6789785069326492,1.00229712261054,344.052196520429
53,1,0.696267121454191,-0.303732878545809,0.1013609332889409,0.8803755282340233,0.6490656916115525,1.00204586982823,356.1653130806127
54,1,0.6093554285464183,-0.3906445714535817,0.06914725470159275,0.9177537625957554,0.4274617961726111,1.002650649653446,328.3534641450111
55,1,0.3446553042138949,-0.6553446957861051,0.02609411576685396,0.969105993929228,0.1541803200656752,1.002813864521859,321.5842794261075
56,1,0.2658725196734423,-0.7341274803265576,0.01061622358225946,0.9870579283797019,0.0617459702878182,1.002470184801732,336.1818463428498
57,1,0.2674175856343065,-0.7325824143656936,0.0108453146078882,0.9867867132083969,0.06309301628989859,1.002478451183737,335.8150159926107
58,1,0.468675068633424,-0.531324931366576,0.03461308124612655,0.9583107505508546,0.2063204137016497,1.003435242803701,298.206728830663
59,1,0.2543716549931124,-0.7456283450068877,0.008993718913591256,0.9889846318481084,0.05222353321785983,1.002406381052548,339.0407174171565
60,1,0.5178187832192656,-0.4821812167807344,0.05094323145546605,0.9396041820480259,0.3088855890480267,1.003280635477237,303.6959924349628
61,1,0.2212018035223603,-0.7787981964776397,0.005161575716679892,0.9935866344068114,0.02985610156451128,1.002207428007887,348.2796888473773
62,1,0.818431724940089,-0.181568275059911,0.1917724397921355,0.7831063124901491,1.365387384285738,1.00131739601638,396.7215369909764
63,1,0.9622639525483221,-0.03773604745167791,0.3026421153101043,0.6669430963444489,2.497336105388122,1.000204509209548,480.5472525269275
64,1,0.4502497212080374,-0.5497502787919626,0.02945734877886462,0.9643072955436492,0.1746555453905038,1.003477467293498,296.7423242910105
65,1,0.5053168679313279,-0.4946831320686721,0.04642668553634051,0.9447383542507186,0.28016697361405,1.003324724771747,302.1098711417872
66,1,0.6426808077640682,-0.3573191922359318,0.08631915367209153,0.898507230677855,0.5436457543021708,1.002472571311409,336.0758589972215
67,1,1.00497709726428,0.004977097264280417,0.3434584514804759,0.6235882973120409,3.010338550778537,0.9996476757807151,537.5171258647022
68,1,1.047454648106017,0.04745464810601696,0.3751677069858571,0.5920553206740751,3.4551374576137,0.9993808874655883,569.9293095622074
69,1,0.2201724782498179,-0.7798275217501821,0.005063540259048713,0.9937055932031447,0.02928614910592588,1.002201205154454,348.5768846579919
70,1,0.8594744068160761,-0.1405255931839239,0.2195806935564722,0.7518982279123076,1.619084427447411,1.000864610207739,426.9960373485812
71,1,0.4502583053074463,-0.5497416946925537,0.0294667960875547,0.9642969055738793,0.1747132600888903,1.003477683727153,296.7348555909173
72,1,0.4872381039801627,-0.5127618960198373,0.04030697691396447,0.9517390108522106,0.2416858569589538,1.003382312580924,300.0632309135614
73,1,1.05480344469771,0.05480344469771015,0.3804108327984456,0.586864171460156,3.53307134577731,0.9993372627062517,575.607513607857
74,1,0.7216369300747425,-0.2783630699252575,0.1185297684856949,0.8614333776792998,0.7737900374406432,1.001885616047507,364.3521822860272
75,1,0.486826177784404,-0.5131738222155959,0.04018111424168602,0.951884363860145,0.2408995743542577,1.003383773216635,300.0116857666848
76,1,0.8340751401035351,-0.1659248598964649,0.1974887413137041,0.7750010457677492,1.416102063997708,1.001033657207747,415.162658602072
77,1,0.2674175838872505,-0.7325824161127494,0.0108453162105416,0.9867867115593476,0.06309302571561853,1.002478451511377,335.8150014692454
78,1,0.6159806444429589,-0.3840193555570411,0.07240457398325666,0.9140808341024981,0.4491700102421197,1.002615997605492,329.8279027189789
79,1,0.8665819173578871,-0.1334180826421129,0.2256933556996748,0.7455512132108373,1.677293777425854,1.000818028946822,430.3773395517537
80,1,1.81856674662111,0.81856674662111,0.7672449551147513,0.2127542982258091,18.96873137970518,0.998538018449327,704.3328785215573
81,1,0.4373403330986926,-0.5626596669013074,0.02615138992002768,0.9681794626885359,0.1545278190871485,1.003500698003569,295.9428453035533
82,1,0.5052639003208022,-0.4947360996791978,0.04640814066704648,0.9447595012941896,0.2800496162082576,1.003324907841095,302.1033201572896
83,1,1.327236387819344,0.3272363878193443,0.4984344471512638,0.4740696636798599,5.718520668876964,0.999403738465207,566.9997909217292
84,1,0.2674175838960743,-0.7325824161039256,0.01084531615641177,0.9867867116161053,0.06309302539726361,1.002478451501565,335.815001904188
85,1,0.6607225031674033,-0.3392774968325967,0.09651319002721642,0.887226126512959,0.6147070608907714,1.002376353293832,340.4032651513265
86,1,0.639392496360547,-0.360607503639453,0.08454749003925482,0.9004815315368635,0.5314571415890661,1.002490719381294,335.2720903543739
87,1,0.9047635901303114,-0.09523640986968862,0.257740649133778,0.7125369225992028,1.998161507076631,1.000568180678543,449.4770020558437
88,1,0.7985182923842626,-0.2014817076157374,0.1763256819681873,0.79934684627075,1.231865791333564,1.001431211654619,389.7806676134099
89,1,0.2437652496928108,-0.7562347503071891,0.007633524124998531,0.9906090289499956,0.04426457980022237,1.002344937178837,341.8407164855303
90,1,0.255051279905564,-0.744948720094436,0.009088331337630895,0.9888721738678304,0.05277795485101906,1.002410537887209,338.8529644041428
91,1,0.5205966237984049,-0.4794033762015951,0.05202417694661608,0.9383846699203419,0.3157994030216834,1.003271881442626,304.0129294438134
92,1,0.5242756925273151,-0.4757243074726849,0.05339147386547911,0.9368348592169014,0.3245673620116975,1.003257436036818,304.5373878652516
93,1,1.009816675221237,0.009816675221237414,0.336299667532851,0.6331930837118709,2.915800127865753,0.9999346482498798,506.5552889765267
94,1,0.5059537372343523,-0.4940462627656477,0.04665159192650866,0.9444821109839602,0.2815906110781918,1.003322572312096,302.1869167045411
95,1,0.4886493047916125,-0.5113506952083875,0.04076509624659107,0.9512128711398795,0.2445495380816736,1.003378040877418,300.2140803095479
96,1,1.063631869494963,0.06363186949496313,0.3866034369013984,0.5807421728629532,3.626834349099421,0.9992862392492898,582.3949557778385
97,1,0.5398878487691541,-0.4601121512308459,0.05961787474303108,0.9298312293618005,0.3648173401860506,1.003200255746046,306.6314949783135
98,1,0.8033749947511979,-0.1966250052488021,0.1800980689380208,0.7953621882827735,1.264009956408278,1.001402403318868,391.514218367589
99,1,0.9457155160115199,-0.05428448398848007,0.2946903214062574,0.6726536516947157,2.404303988281397,1.000053533508943,494.7561862090431
100,1,1.541797360999791,0.5417973609997915,0.6494166520642808,0.3249388963315266,10.65946687324162,0.9981000103569951,802.9198407539345