Codon,alpha,beta,beta-alpha,Prob[alpha<beta],Prob[alpha>beta],BayesFactor,PSRF,Neff
1,1.219708084042418,0.1256021662571538,-1.094105917785264,7.924627128233886e-13,0.9999999999909635,1.972589778096855e-12,1.136907801368657,21.36042653919382
2,2.769491819947425,0.1331095422048797,-2.636382277742545,2.732117725021753e-17,0.9999999999999998,6.80075845806005e-17,1.087394918234103,30.72394613160618
3,1.222573947522075,0.08159088643478699,-1.140983061087288,1.206878897444097e-16,0.9999999999999988,3.004150148611105e-16,1.086190686987097,31.07868164301169
4,0.4530373878489959,0.08732932536570599,-0.3657080624832899,7.642579961042574e-05,0.9991138489407481,0.0001902528298688012,1.069071280610204,37.37126309440103
5,0.3193817632470931,0.008856420082570681,-0.3105253431645224,1.387973538850562e-05,0.9996910561146681,3.454976963063814e-05,1.047823882681598,50.86098193505557
6,0.5760494977162571,0.08288181343920749,-0.4931676842770497,1.161172958145838e-06,0.9999800836491286,2.89038276560549e-06,1.065780356779805,38.93019193727909
7,1.20761871165729,0.1115694859472601,-1.09604922571003,5.424759781702949e-12,0.9999999999342342,1.35032545013289e-11,1.129080962585436,22.37916442077722
8,1.169467563282217,0.1470394684536608,-1.022428094828556,1.504877900607286e-09,0.9999999856579003,3.745926111665835e-09,1.146530363358727,20.25273908356203
9,2.362167117107194,0.08119143506930908,-2.280975682037885,3.474857915332054e-20,1,8.649579460586101e-20,1.044780331370863,53.73681039199261
10,0.3872673367373036,0.07537478879771137,-0.3118925479395922,0.000168011008234073,0.9973980628136564,0.0004182814952845364,1.097776000804606,28.01125272256544
11,1.251698003375479,0.1101227620912449,-1.141575241284234,3.910701341426679e-15,0.9999999999999434,9.734476293272691e-15,1.099205962981596,27.68002277829617
12,0.3079167902812069,0.1039243370008041,-0.2039924532804029,0.01678876473772619,0.9218186843135581,0.04250400482264457,1.061575499672278,41.14654690660367
13,1.218288225902984,0.1336656657286769,-1.084622560174307,3.155871920386297e-11,0.9999999996276667,7.855562906107117e-11,1.254426561185991,13.48204038818224
14,0.2643773268897336,0.07642211493028535,-0.1879552119594483,0.004771033754580922,0.9410229085499495,0.01193293906451904,1.016395699742085,119.9552923254362
15,1.208972952698188,0.08533377792314112,-1.123639174775046,4.704828560993351e-13,0.9999999999912289,1.171120934390129e-12,1.060022627259075,42.037599514928
16,0.7923323235613691,0.2087806554405965,-0.5835516681207725,0.0002114045464923002,0.9985830654643845,0.000526337224572717,1.01851428167595,109.4935565116963
17,0.4583365902326646,1.013598128350709,0.5552615381180446,0.9929640927871202,0.002272110112751934,351.2945255449131,1.077917741147727,33.79469646824062
18,0.5432109454822051,0.07683728236004587,-0.4663736631221592,4.852098304996278e-07,0.9999890589026286,1.207779748865556e-06,1.072172314449428,36.0240820329873
19,1.203177851623045,0.07935084458944805,-1.123827007033597,2.051060480614291e-13,0.9999999999954283,5.105477990126563e-13,1.050093617376525,48.9232396468669
20,1.805346578518563,0.1327727413086171,-1.672573837209946,1.661829443019853e-13,0.9999999999978776,4.136608220417142e-13,1.087347892237113,30.73762489303491
21,0.4319517002381834,1.097488214351505,0.6655365141133218,0.9982418424553854,0.0004114854115474541,1413.305088741483,1.067380472000676,38.15448397933774
22,0.7800680957643965,0.2476992337192593,-0.5323688620451372,0.0006731928724393427,0.9964479332417737,0.001676833388944643,1.015183877985197,126.9262691709175
23,0.5618990371222256,0.1056534657649862,-0.4562455713572394,3.105892145263056e-05,0.9996654843346751,7.731393908577904e-05,1.039901478143909,59.16046213910827
24,0.3986184321634502,0.1160067932713676,-0.2826116388920825,0.003335537925993064,0.9794754713834635,0.008330572561793754,1.042143326059664,56.52883875886693
25,1.21182999071432,0.2419050034100303,-0.9699249873042901,2.517643972366936e-09,0.9999999757204,6.266892683926657e-09,1.16443963778573,18.52755920273461
26,1.150442250901606,0.1401083226381571,-1.010333928263449,1.457231662851481e-08,0.9999998510393648,3.627325649309991e-08,1.123789426884119,23.13833441642609
27,1.070619366381535,0.1367239231959742,-0.9338954431855606,5.882715515936918e-08,0.9999994703415543,1.464319391820659e-07,1.100703947469045,27.34266902085702
28,1.197541984789051,0.1526652130722026,-1.044876771716849,5.728477659301123e-10,0.9999999942361424,1.425926582841776e-09,1.240184285721351,14.03190623430163
29,2.814657064954322,0.0975847852003298,-2.717072279753992,1.178228827238417e-23,1,2.932834697783033e-23,1.070612256490056,36.68798968363024
30,1.034712138256705,0.3295048258295892,-0.7052073124271159,6.547780511786015e-05,0.9997093249209084,0.000162997330600072,1.053907304025494,46.00377048631015
31,0.4481716204344758,0.09353458955179192,-0.3546370308826838,0.0004593214846376341,0.9957915619646688,0.001143863568062347,1.070277286473382,36.83413426868486
32,0.4064475761773454,0.08286128179460896,-0.3235862943827365,0.0004815947940468542,0.9951259667727748,0.001199358257142853,1.094910375312725,28.70363503513857
33,1.209743286596411,0.1196011619920583,-1.090142124604353,2.549670422531069e-11,0.9999999996770012,6.346612568313744e-11,1.205257337772225,15.69934252493589
34,0.5780590085835953,0.007185224478224244,-0.570873784105371,5.130786943330129e-08,0.9999985241167815,1.27715010858021e-07,1.038986931745044,60.31106677417065
35,1.196634124943961,0.9132657918502669,-0.283368333093694,0.01781261911170487,0.7601415902832805,0.04514309936617351,1.059975469376087,42.06532602627656
36,0.840695630497638,0.487258271355861,-0.353437359141777,0.08014252968208016,0.8731965649616912,0.2168704839038374,1.111551330266016,25.15912597403715
37,1.07353381826399,0.2411645902379049,-0.8323692280260848,5.918839149986764e-06,0.9999690811655896,1.473319882689049e-05,1.047516874105349,51.13595033684779
38,1.059849263802907,0.2645753509390886,-0.7952739128638185,7.651359814047045e-06,0.9999543491388035,1.90458294078684e-05,1.037512086930873,62.27089898744745
39,1.105910027344843,0.2095579909319104,-0.8963520364129322,2.302216508747518e-07,0.9999977950603662,5.730654230342478e-07,1.072549160989664,35.86771913389408
40,1.107902304327541,0.7004975566843147,-0.4074047476432264,0.02136888281571265,0.9519074960412113,0.05435265186627822,1.382060942627502,10.37989416677202
41,1.221433791362692,0.5460842019505526,-0.675349589412139,0.0003794154764651693,0.9987708265369735,0.0009447954490877613,1.133584852882284,21.7788295443745
42,1.148432415136645,0.4141580878494426,-0.7342743272872025,1.578034911082776e-05,0.9999250906571779,3.928089747061911e-05,1.072295563245848,35.97277509551225
43,0.9193182313234175,0.7446188683355183,-0.1746993629878992,0.2293680015404057,0.6704192977382731,0.7408729424370126,1.503063248853469,8.900097220985025
44,1.06618791919498,0.1970455528477061,-0.8691423663472738,3.154483722870785e-07,0.9999977798453049,7.852109896265263e-07,1.03656548668718,63.60206847550125
45,0.5122456333927163,0.5267771100500029,0.0145314766572866,0.4804607119304994,0.3824818775145374,2.301958167053301,1.046824078689204,51.76841950039648
46,0.4572500997281296,0.3740866677767267,-0.08316343195140297,0.2180977137787675,0.6171818243207968,0.6943150379065969,1.032679594344473,69.76756429271441
47,1.220399758709352,1.223249491779596,0.002849733070244165,0.02477107980007979,0.0135737343314073,0.06322608751924615,1.079975994003185,33.06947544795015
48,2.313890903531216,0.8838730819799782,-1.430017821551238,0.000148389926679703,0.9602599587822456,0.0003694254503450265,1.024843966651656,87.08253372983216
49,0.874799316238204,0.3585590741018748,-0.5162402421363292,0.00217432520881092,0.9930915728311271,0.005424101003473058,1.094208094966935,28.87943287756963
50,1.035754909610777,0.3282623881746267,-0.7074925214361507,5.269516192513504e-05,0.9997538180193495,0.0001311751503549127,1.058085275633342,43.21082246620973
51,0.702678962599591,0.3502536531756696,-0.3524253094239213,0.01358474222469334,0.9621809358403025,0.03428069057979689,1.064929325200195,39.35723261731389
52,1.217625802468446,1.118602040570082,-0.09902376189836382,0.01810835228815151,0.3149389041659012,0.04590640782236419,1.057138525105243,43.81078691366824
53,0.9342813996582574,0.4327898929825075,-0.5014915066757499,0.003550879665971372,0.9904281218361801,0.008870309397086622,1.073010686095634,35.67828146870178
54,0.7487301505234342,0.192441803444975,-0.5562883470784592,0.0004028561173093096,0.9976754302869638,0.00100318931454887,1.022017623986299,95.79233024059536
55,1.222344244566105,0.4206829275740476,-0.801661316992057,1.131610608924502e-07,0.9999987872547447,2.816793442046384e-07,1.069406083957873,37.22040110217246
56,0.7532025709710062,0.3787596810912219,-0.3744428898797843,0.01523294863639551,0.9625069876997948,0.03850422706350575,1.094510566171224,28.80341215345032
57,1.107702603005408,0.3307246637267716,-0.7769779392786369,8.831058606037042e-06,0.9999545961788275,2.198237152743477e-05,1.033054289742265,69.11820293671791
58,0.6243969906170805,0.3983948691035129,-0.2260021215135676,0.05788842934323533,0.8772652524194117,0.1529492564497258,1.109073780560219,25.62116354197533
59,1.129746756738564,0.4273014667796834,-0.7024452899588807,0.0001017873479683497,0.9996304575906741,0.0002533937790551032,1.034445755543987,66.81471430126939
60,0.8566514001765146,0.6695526376106468,-0.1870987625658679,0.1722025573453733,0.7344475929332028,0.5178136061847655,1.352920386354449,10.89009740914424
61,0.6902424359401083,0.4363309844341386,-0.2539114515059696,0.04740976807661013,0.9043049713189593,0.1238852633645246,1.063207569362818,40.25381504571295
62,0.6573104788944498,0.3962849925390149,-0.2610254863554349,0.04294793496620593,0.9065443716101125,0.1117029553773287,1.106448521384546,26.13322496037031
63,1.201834957437934,0.1688774015724744,-1.032957555865459,8.340546203411439e-10,0.9999999922932948,2.076119914801572e-09,1.23062905231387,14.43849777264925
64,0.9755067772991243,0.8579093560054221,-0.1175974212937022,0.2839487361704549,0.5510537101474412,0.9870832125737929,1.393200342989122,10.20500793511918
65,1.064856543030891,0.6927749931288478,-0.3720815499020431,0.03764783483859028,0.9249473143878811,0.09737868785883237,1.41866261383647,9.840585288776591
66,1.138174042819007,0.5905398290796853,-0.547634213739322,0.002200500341268116,0.993738207398571,0.005489541844668041,1.203625354121348,15.79103771551255
67,1.194334085796067,0.5809543956422589,-0.6133796901538082,0.0002547468795314422,0.9989339884119388,0.0006342748096324916,1.174372069806603,17.72003873545185
68,0.9144655992191396,0.3881160785038963,-0.5263495207152433,0.002591387799317161,0.992771286674366,0.006467214079559684,1.076091851949453,34.46890359111067
69,0.8584158605740603,0.5703155353682789,-0.2881003252057813,0.08507501341623994,0.8580324196815875,0.2314592168774837,1.046634045835003,51.94487232967422
70,1.217621145093066,1.225704061660584,0.00808291656751825,0.03519817663508309,0.004261538354524106,0.0908113207979197,1.082326869707491,32.28303125577071
71,1.084716839944978,1.03114700573349,-0.05356983421148742,0.222201186356506,0.3584635510878388,0.7111104133930886,1.171556414888211,17.93967332825282
72,0.840036711167768,0.5047794013798361,-0.3352573097879319,0.2647678143282472,0.6828550736223177,0.8963933401435134,1.092017670642769,29.44413143932584
73,0.5227853213592466,0.979632594052805,0.4568472726935584,0.9770490127372076,0.008450578791230779,105.9675564214528,1.116061769931044,24.36666132365423
74,0.9535789048784498,0.8877318853837718,-0.06584701949467797,0.3650566516784308,0.4754772512778785,1.431143655788526,1.350417316621231,10.93790798691794
75,0.8455176632576162,0.4710999058087501,-0.3744177574488662,0.02523048712573308,0.9482534730422838,0.06442903688705796,1.049113583799588,49.73997463802554
76,0.5357234966645243,0.8924375743207353,0.356714077656211,0.9387201631564748,0.02964699706236751,38.13085008517969,1.094605242438737,28.77971203732205
77,0.513961908414001,0.3480524799683452,-0.1659094284456558,0.1274137397776473,0.7540844315962647,0.3634677095801864,1.028013767654871,79.08814723215467
78,1.715128735695922,1.199641885779831,-0.5154868499160905,0.005112274171492209,0.3383836482108011,0.01279080875649158,1.08530510254943,31.34559941159501
79,1.2252052462236,1.155385463672044,-0.06981978255155652,0.007293197567955973,0.227621473304945,0.01828752454744273,1.070561047714264,36.7102476425441
80,1.124499045438381,0.6134306460924172,-0.5110683993459634,0.006276616058617774,0.9850456920159416,0.01572236938518649,1.248363786920742,13.70846981004768
81,1.130771814435874,1.213697391974477,0.08292557753860219,0.238599731631653,0.02050774188137808,0.7800363954664714,1.129385009580938,22.33736588433998
82,0.8303481496508341,0.7505891757255153,-0.07975897392531883,0.3345676476113545,0.5349249297614433,1.251520513329658,1.488267245724554,9.041016250625406
83,1.089646882319498,0.6801301302812991,-0.4095167520381989,0.02176696108287455,0.9530980120428232,0.05538771076214821,1.373182931364859,10.52682744769557
84,1.193382308795647,1.22750240903125,0.03412010023560308,0.1038932269297821,0.0001474781706280195,0.2885927504591302,1.091307196023874,29.63282214619224
85,0.6154200456942036,0.8048496635965737,0.1894296179023701,0.7917699176719494,0.1220147828734571,9.464844165257279,1.205288538581389,15.69760344459677
86,1.208158898847307,1.225846092043144,0.01768719319583734,0.0635063239152934,0.003287276795825818,0.1687990766345731,1.085561289009141,31.26784650692643
87,0.792003726093757,0.4548721443117823,-0.3371315817819747,0.02732657903199799,0.941671973238063,0.06993203388945332,1.079292626198202,33.3063256635889
88,0.3183686238868482,0.4001671311554502,0.08179850726860199,0.6316180257386704,0.2153833373926418,4.267898537765649,1.036471937777713,63.7369227784019
89,1.422148593631575,0.8019260659455855,-0.62022252768599,0.001057659120185651,0.9616606059698446,0.002635501324035873,1.0315156684807,71.86968544422113
90,1.162769258989143,0.7007945573536289,-0.4619747016355142,0.00736649378664663,0.9795080525613387,0.01847267704860882,1.30420303555214,11.96255844725872
91,1.307486622409484,1.174097601441592,-0.1333890209678916,0.01851182072252924,0.20442729846566,0.04694853054460903,1.072275235315981,35.98122607529518
92,0.6527672755363729,1.004642822964228,0.3518755474278548,0.9269344730116147,0.02391290051888425,31.57871505407466,1.168204219111349,18.21052975924452
93,0.7229890751261653,0.6806208045955321,-0.04236827053063319,0.366139860068728,0.5027890097803935,1.437843142603209,1.266231345403355,13.07054050111615
94,0.6271456011721553,1.163286093986341,0.5361404928141856,0.9661232793863219,0.00258356917399874,70.98868410460028,1.17921240227649,17.3582579687767
95,0.900156582021749,0.723309527653001,-0.1768470543687479,0.1943446979482261,0.7002376973409072,0.6004562487681252,1.505309570444541,8.879441373653385
96,0.9911832925627426,0.697385177683551,-0.2937981148791916,0.08792964923389082,0.8478416850465725,0.2399744163451857,1.463469078854767,9.297838488969768
97,1.168732370819831,0.7462803119556366,-0.4224520588641939,0.01117363492021442,0.9687959546769589,0.02812758082975377,1.30186643947508,12.02270876780776
98,1.046102794912033,0.7689613510842618,-0.2771414438277714,0.1145497901678963,0.8031239086676102,0.3220238917374992,1.453710828899749,9.406756344580131
99,1.091139716839076,0.7306090245788205,-0.360530692260255,0.04339698866160514,0.9137958792592137,0.1129238801559017,1.42355061028588,9.775704272900429
100,0.8657955872389632,0.8135873693518325,-0.0522082178871307,0.4079284176117958,0.4643178873848015,1.715014062329184,1.447026063722159,9.484165071587256