ObservedSChanges	ObservedNSChanges	E[SSites]	E[NSSites]	ObservedS.Prop.	P{S}	dS	dN	dN-dS	P{Sleq.observed}	P{Sgeq.observed}	ScaleddN-dS	pvalue
28	0	0.9999999999999994	1.999999999999999	1	0.3333333333333334	28.00000000000001	0	-28.00000000000001	1.000000000000001	4.296563105299356e-14	-1.708242848128438	1.000000000000001
36	4	0.9983176356645292	2.001682364335469	0.9	0.33277254522151	36.06066718037755	1.99831904964999	-34.06234813072756	0.9999999999999917	1.219024881038422e-13	-2.078098663742014	0.9999999999999917
26	2	0.9982365355216596	2.00176346447834	0.9285714285714286	0.3327455118405533	26.04593107425475	0.9991190445276713	-25.04681202972708	0.9999999999976199	6.562017595967973e-11	-1.528072768507092	0.9999999999976199
29	2	0.9979395831669637	2.001030208416518	0.9354838709677419	0.3327607987141621	29.05987545655663	0.999485160987483	-28.06039029556914	0.9999999999999051	2.964739564959018e-12	-1.711927179932092	0.9999999999999051
28	0	1	2	1	0.3333333333333333	28	0	-28	1.000000000000001	4.263256414560601e-14	-1.708242848128437	1.000000000000001
29	2	0.9990938396336245	2.000906160366373	0.9354838709677419	0.3330312798778751	29.02630248489424	0.9995471250054989	-28.02675535988874	0.9999999999999012	3.034683615510403e-12	-1.709875157134831	0.9999999999999012
20	0	0.9999999999999991	1.999999999999998	1	0.3333333333333333	20.00000000000002	0	-20.00000000000002	1.000000000000001	2.867959203456394e-10	-1.220173462948885	1.000000000000001
21	3	0.5577637305968366	2.272954419962119	0.875	0.1970396559921376	37.65035058398095	1.31986808607011	-36.33048249791084	0.9999999999999453	1.661337734049084e-12	-2.216474532003984	0.9999999999999453
23	14	0.5636258944346977	2.436003617636205	0.6216216216216216	0.1878985028539668	40.80720958193096	5.747117901895815	-35.06009168003514	0.9999999989869259	7.629368137251902e-09	-2.138969673826691	0.9999999989869259
17	22	0.8483035430745925	2.057470627913356	0.4358974358974359	0.2919371889062438	20.03999645974032	10.69274073784078	-9.347255721899531	0.9816369705056279	0.03921991271273917	-0.5702636691629459	0.9816369705056279
30	3	0.9998491573001993	2.000043415476595	0.9090909090909091	0.333294987418402	30.0045259637026	1.499967439099378	-28.50455852460323	0.9999999999996086	8.217315716763096e-12	-1.739025294239712	0.9999999999996086
14	2	0.5577637305968365	2.272872719068243	0.875	0.1970453431640192	25.10023372265397	0.879943686780619	-24.22029003587335	0.9999999996580889	1.0633673275251e-08	-1.477647758334897	0.9999999996580889
36	7	0.9983351063557566	2.001246860119576	0.8372093023255814	0.3328247460858199	36.06003612495562	3.49781935427084	-32.56221677068478	0.9999999999987776	1.317934650302277e-11	-1.986577639918933	0.9999999999987776
26	1	0.9999999999999994	1.999999999999999	0.9629629629629629	0.3333333333333334	26.00000000000001	0.5000000000000003	-25.50000000000001	0.9999999999998691	7.212341834872404e-12	-1.555721165259827	0.9999999999998691
23	1	0.9999570451947284	2.000012363232329	0.9583333333333334	0.3333224140172235	23.00098800296072	0.4999969092110239	-22.5009910937497	0.9999999999964617	1.733669874326438e-10	-1.372755611132128	0.9999999999964617
27	6	0.9960912482895193	2.00390875171048	0.8181818181818182	0.3320304160965065	27.10595043010789	2.994148308838199	-24.11180212126969	0.9999999986503646	1.295644880272562e-08	-1.471029054612394	0.9999999986503646
18	6	0.99794610282373	2.002053897176268	0.75	0.3326487009412436	18.03704623833717	2.996922314860008	-15.04012392347716	0.9999947057662504	3.486783321826614e-05	-0.917578004544474	0.9999947057662504
17	3	0.5593067739795576	2.271307820640319	0.85	0.1975919911677934	30.39476865091811	1.32082493299136	-29.07394371792675	0.9999999999735367	6.547665742928643e-10	-1.773762729394181	0.9999999999735367
20	16	0.5657474753127181	2.432580265553183	0.5555555555555556	0.1886876699974544	35.3514613369595	6.577378032112543	-28.77408330484695	0.9999998231721769	1.019523161449598e-06	-1.755468643462738	0.9999998231721769
11	3	0.557854612629796	2.272710506511979	0.7857142857142857	0.1970824161074016	19.71839929429755	1.32000973788968	-18.39838955640787	0.9999997908138493	3.491959861379179e-06	-1.122461334886238	0.9999997908138493
19	16	0.5776326667163951	2.414187724657536	0.5428571428571428	0.1930706363195584	32.89287655424201	6.627487927547008	-26.265388626695	0.9999991909450491	4.328669267028573e-06	-1.602416509816633	0.9999991909450491
21	5	0.558035604461231	2.272813385658722	0.8076923076923077	0.1971265886696362	37.63200740618505	2.199916645840621	-35.43209076034443	0.9999999999980203	3.594058384237542e-11	-2.16166484412843	0.9999999999980203
22	2	0.9998758549326773	2.00006207253366	0.9166666666666666	0.3332988478788774	22.00273153058715	0.9999689646963901	-21.00276256589076	0.9999999998269077	4.073548165450802e-09	-1.281350676575805	0.9999999998269077
7	19	0.5645395373450894	2.43408690620885	0.2692307692307692	0.1882660437943725	12.39948584100863	7.805801818963384	-4.593684022045248	0.9000175704585845	0.2047817347194654	-0.2802545670435953	0.9000175704585845
18	23	0.6305693949788655	2.366300162823052	0.4390243902439024	0.2104093564357078	28.54562898759667	9.719815077289459	-18.82581391030721	0.9997403863411632	0.0008363936541663231	-1.148537927588541	0.9997403863411632
15.5	18.5	0.5695857698053834	2.430026186814637	0.4558823529411765	0.1898864846662353	27.21275850219372	7.61308668210298	-19.59967182009073	0.9998839242025361	0.0004426415161398189	-1.195749971869088	0.9998839242025361
26	3	0.9985786207457453	2.000255127249656	0.896551724137931	0.3329889899409244	26.03700846367312	1.499808678968362	-24.53719978470476	0.999999999976128	4.391551566840235e-10	-1.49698200161859	0.999999999976128
23	8	0.9954002640146091	2.00459973598539	0.7419354838709677	0.3318000880048698	23.10628280048601	3.990821637052389	-19.11546116343363	0.9999994266389817	3.568503988971017e-06	-1.166208922182585	0.9999994266389817
14	13	0.5679104797188416	2.429151292624099	0.5185185185185185	0.1894890805920493	24.65177259439032	5.351663372912728	-19.30010922147759	0.9999754378439184	0.0001251019694061828	-1.1774740552031	0.9999754378439184
29	3	0.9995371910293351	2.000231404485331	0.90625	0.3332047653688587	29.01342767459754	1.499826466714192	-27.51360120788335	0.9999999999989055	2.228217610422689e-11	-1.67856830320088	0.9999999999989055
26	4	0.5607540166242375	2.27039991855405	0.8666666666666667	0.1980655342179142	46.36614135467291	1.761804150586598	-44.60433720408631	0.9999999999999999	5.995204332975845e-15	-2.721251429442486	0.9999999999999999
35	2	0.9996489499530037	2.000120652038071	0.9459459459459459	0.3332419094084739	35.01229106642432	0.9999396776199734	-34.01235138880435	1.000000000000001	4.773959005888173e-15	-2.075048428855583	1.000000000000001
22	29	0.7052185621284088	2.176243071423784	0.4313725490196079	0.244743346195116	31.19600246142437	13.3257173248699	-17.87028513655447	0.9989597136545302	0.002661056893500158	-1.090242384947682	0.9989597136545302
25	48	0.9245753995330805	2.062013607254135	0.3424657534246575	0.3095757057405366	27.03943887391471	23.27821689979963	-3.761221974115081	0.770828966324959	0.3109246872392739	-0.2294671620537717	0.770828966324959
18	7	0.9993475305901756	1.999475512278982	0.72	0.3332465825105967	18.01175211727386	3.500918094276369	-14.51083402299749	0.9999844200974566	8.792574081972759e-05	-0.8852867300058666	0.9999844200974566
17	6	0.5580286948003867	2.278460703148562	0.7391304347826086	0.1967321630759116	30.46438320896938	2.633356806070306	-27.83102640289907	0.9999999976585302	2.920338193490579e-08	-1.697933993172359	0.9999999976585302
20	35	0.7044374482809532	2.168777415715219	0.3636363636363636	0.2451739537854109	28.39144916103797	16.13812452416087	-12.2533246368771	0.983020102121442	0.03347863783705485	-0.7475590777407602	0.983020102121442
24	44	0.9340103183102637	1.927641304333615	0.3529411764705883	0.3263885481096165	25.695647606355	22.82582340453158	-2.869824201823423	0.7275893494241288	0.3629436914000452	-0.1750841667196701	0.7275893494241288
22.5	9.5	0.9989712428684334	2.000590815807539	0.703125	0.3330390314742767	22.52317087266074	4.748597226847372	-17.77457364581337	0.9999944975871529	2.687400148493335e-05	-1.084403153892603	0.9999944975871529
26	11	0.9918996050397842	2.003944022631175	0.7027027027027027	0.3310919154384939	26.21233022767174	5.489175284226262	-20.72315494344548	0.9999991752576025	4.210501131973743e-06	-1.264292186528507	0.9999991752576025
17	28	0.5825494007608344	2.415155139498857	0.3777777777777778	0.1943318272154894	29.18207447779926	11.59345813528566	-17.5886163425136	0.9988299979700738	0.003260372281116419	-1.073058145556207	0.9988299979700738
23	11	0.9934998076753708	2.002069263038176	0.6764705882352942	0.3316564513195212	23.15048258923803	5.494315408102967	-17.65616718113506	0.9999909418271782	4.122040331233645e-05	-1.0771793325905	0.9999909418271782
21	31	0.7679078708175727	2.102672755432564	0.4038461538461539	0.2675095985095869	27.34703054630996	14.74314056712199	-12.60388997918797	0.9890786834908859	0.022569804422784	-0.7689466041266259	0.9890786834908859
22	12	0.995329130484392	2.004670869515607	0.6470588235294118	0.3317763768281308	22.10324135624702	5.986020040735957	-16.11722131551107	0.9999585113117146	0.0001664348927741255	-0.9832902872830349	0.9999585113117146
11.5	42.5	0.799344024130099	2.055333937667128	0.212962962962963	0.2800119785234388	14.38679673938276	20.67790504556107	6.291108306178314	0.1755098685034828	0.8941474612195009	0.3838121703868039	0.1755098685034828
18	20	0.9984531490962255	2.001423233361822	0.4736842105263158	0.3328314309665353	18.02788645245212	9.992888893572841	-8.034997558879278	0.9757483289966977	0.05000328023998291	-0.4902045398101777	0.9757483289966977
24.5	29.5	0.7768111307695206	2.151240720848866	0.4537037037037037	0.2652996497791401	31.53919792025886	13.71301673220442	-17.82618118805444	0.999023032516282	0.002406693328432574	-1.087551661569132	0.999023032516282
26	29	0.5881872408530012	2.411069796493084	0.4727272727272727	0.1961109813293838	44.20361101729148	12.02785586803861	-32.17575514925287	0.9999991206583454	3.433568038890833e-06	-1.963000129172962	0.9999991206583454
19	38	0.7155733635916669	2.16825494675758	0.3333333333333333	0.2481331364366165	26.55213422790583	17.52561434568634	-9.026519882219493	0.9460280518456019	0.09346265864727021	-0.5506960011532354	0.9460280518456019
29	40	0.9666499973684237	2.005493891254699	0.4202898550724637	0.3252366081832715	30.00051733196985	19.94521158824112	-10.05530574372873	0.9629991157124894	0.06183032211546169	-0.613460861516764	0.9629991157124894
26.5	44.5	0.9633579870902929	2.012408663902216	0.3732394366197183	0.3237343851437355	27.50794653194299	22.11280481853575	-5.395141713407241	0.8438275696708191	0.2222636663118503	-0.3291504373774043	0.8438275696708191
20	8	0.5582731253556422	2.266930524784732	0.7142857142857143	0.1976045604103278	35.82475869183064	3.52900096078581	-32.29575773104483	0.99999999955258	4.848330736884066e-09	-1.970321327462357	0.99999999955258
15	20	0.5684007756120185	2.430806259663284	0.4285714285714285	0.1895170186408435	26.38983028101771	8.227722765026288	-18.16210751599142	0.9997223411393757	0.0009875792577180853	-1.10804608111186	0.9997223411393757
12	52	0.7445221442803426	2.128664814509531	0.1875	0.2591276359523502	16.11772073159656	24.42845846163968	8.310737730043122	0.1199067644084319	0.9308218359709431	0.507027081786333	0.1199067644084319
16	19	0.5826852377101152	2.416361788500116	0.4571428571428571	0.1942901303706564	27.45907904390736	7.863060941628977	-19.59601810227838	0.9999028611410157	0.0003732762753189123	-1.195527063393301	0.9999028611410157
26	81	0.99364402842708	1.818698950159498	0.2429906542056075	0.3533153800915363	26.16631233738456	44.53733257661825	18.37102023923369	0.009640508540597857	0.9947062365161712	1.12079156916049	0.009640508540597857
24	37	0.5771935538419319	2.41999870084445	0.3934426229508197	0.1925780880220271	41.58050595030129	15.28926440625319	-26.29124154404811	0.9999235806576228	0.0002234292786826853	-1.603993762001336	0.9999235806576228
22	6	0.5425485134795311	2.252707903913757	0.7857142857142857	0.1940961516458958	40.54936923319024	2.663461156937329	-37.88590807625291	0.9999999999985182	2.387490205535414e-11	-2.311368982718229	0.9999999999985182
11	43	0.7319564522669915	1.756242483487794	0.2037037037037037	0.2941711941713999	15.0282164545871	24.48409055371701	9.455874099129911	0.09210730998726804	0.9505202513525682	0.5768903322371999	0.09210730998726804
21	34	0.7592765879282912	2.110403264060251	0.3818181818181818	0.264585816916877	27.65790534553307	16.11066499896643	-11.54724034656664	0.9802445819444024	0.03800101199363781	-0.7044818120586643	0.9802445819444024
15	50	0.747678675681052	2.151115961112851	0.2307692307692308	0.2579274385949576	20.06209416944608	23.24374924638333	3.181655076937254	0.3676760714434822	0.7350161689522474	0.1941085546567713	0.3676760714434822
25	54	1.020137010586881	1.969290653276045	0.3164556962025317	0.3412482673250787	24.50651210626853	27.42104112979333	2.914529023524803	0.3689572020074559	0.7172236963068127	0.1778115485749644	0.3689572020074559
34	22	0.9975294238679733	2.00235859182771	0.6071428571428571	0.3325222203791641	34.08420762984935	10.9870430250552	-23.09716460479415	0.9999929131511341	2.332177284947168e-05	-1.409127366006603	0.9999929131511341
20	23	0.9601162522817487	2.012130054017391	0.4651162790697674	0.3230271496164216	20.83081080282656	11.43067266157996	-9.4001381412466	0.9823520456716198	0.03628799791618531	-0.5734899554001373	0.9823520456716198
24	51	0.7092996145452611	2.151317872384432	0.32	0.2479533239889944	33.83619489964989	23.70639906573811	-10.12979583391178	0.9395395933334627	0.09715685528507301	-0.6180054030814657	0.9395395933334627
19	8	0.565349565737667	2.267410153313502	0.7037037037037037	0.1995755453367681	33.60752559384889	3.528254466140201	-30.07927112770869	0.9999999979541333	2.088103934205776e-08	-1.835096420743734	0.9999999979541333
16	14	0.5589274455921805	2.268295944639178	0.5333333333333333	0.1976948293238484	28.62625574424618	6.172034135619374	-22.4542216086268	0.9999910998866343	4.515039408248267e-05	-1.369902266900991	0.9999910998866343
25	89	0.9547548167967982	2.036583955374869	0.2192982456140351	0.3191730825270789	26.18473304368862	43.7006290681584	17.51589602446978	0.01240908044658964	0.9930614233288076	1.068621575441493	0.01240908044658964
32	51	1.08191611120891	1.909463081136949	0.3855421686746988	0.3616780226248965	29.57715452101354	26.70907885248723	-2.868075668526302	0.7168506731340478	0.3641755111073052	-0.1749774910232586	0.7168506731340478
27	25	0.5866386121345238	2.408984729516509	0.5192307692307693	0.1958319004855927	46.02492819516038	10.3778158880308	-35.64711230712958	0.9999999576662165	1.984844323343893e-07	-2.174783023395904	0.9999999576662165
22	41	0.8448602161987406	2.034427101778945	0.3492063492063492	0.2934268528616804	26.03981058426928	20.15309369608218	-5.886716888187102	0.8659279734617148	0.2005198089457787	-0.3591407865429466	0.8659279734617148
16	43	0.9873836194561504	2.005795013212573	0.2711864406779661	0.3298779460335107	16.20444139919273	21.43788359067123	5.233442191478503	0.2075769570969354	0.8646215162596596	0.3192853640959559	0.2075769570969354
29	31	0.6074757636840982	2.218281118578105	0.4833333333333333	0.2149780710072177	47.7385300511852	13.97478423287968	-33.76374581830552	0.9999989491538882	3.801148177662306e-06	-2.059881332862387	0.9999989491538882
22	51	0.7086676210629675	2.185085782783614	0.3013698630136986	0.2448956500996099	31.04417267858386	23.34004477162005	-7.704127906963809	0.8938388573040376	0.1617318906346972	-0.4700186213620582	0.8938388573040376
16	86	0.5603996115108058	2.210402780061862	0.1568627450980392	0.2022517423888648	28.55105476762359	38.90693622706768	10.35588145944409	0.1539090383760792	0.9001346443300006	0.6317985871129016	0.1539090383760792
18	21	0.5586278414578875	2.26582030097611	0.4615384615384616	0.1977830051347603	32.22180969896564	9.268166584505069	-22.95364311446058	0.999953147349401	0.0001775993250128227	-1.400371310313208	0.999953147349401
38.5	35.5	1.421323791764859	1.558226204916336	0.5202702702702703	0.4770263272467374	27.0874238671503	22.78231484491435	-4.305109022235943	0.8038872871522047	0.2660376574630189	-0.2626489892017056	0.8038872871522047
27	53	0.871940570113101	2.044225826371878	0.3375	0.2990023378515371	30.96541315481831	25.92668545532721	-5.038727699491108	0.8100623648689705	0.2612250106158202	-0.3074060912972263	0.8100623648689705
2	41	0.06453250219081633	1.645141804092201	0.04651162790697674	0.03774549453873215	30.99213469340139	24.92186381624655	-6.070270877154847	0.7793255001437804	0.4863222071894061	-0.3703391718607894	0.7793255001437804
21	57	0.9873228777787745	1.887360429137578	0.2692307692307692	0.3434544860657597	21.26963779796601	30.20090869768098	8.931270899714971	0.1020350939873147	0.9355721906500486	0.5448849871119903	0.1020350939873147
23	49	0.9831737640749298	2.002603430245262	0.3194444444444444	0.3292857102483097	23.39362668168912	24.46814943985135	1.074522758162232	0.4848840822406596	0.6139515002266522	0.0655552077422098	0.4848840822406596
24	28	0.7914606355408079	2.037349752146834	0.4615384615384616	0.279785679162389	30.32368120696326	13.74334474014357	-16.58033646681969	0.9983654187724053	0.003938899838638821	-1.011544328178852	0.9983654187724053
19	23	0.5603782675765346	2.27010864823388	0.4523809523809524	0.1979794587448531	33.90566890141763	10.13167366147596	-23.77399523994168	0.9999541873996716	0.0001666323662923297	-1.450419905002496	0.9999541873996716
18	50	0.7118046319912048	2.150468651796315	0.2647058823529412	0.248685070018648	25.2878376888989	23.25074581219044	-2.037091876708455	0.6788083164413421	0.4253845056126829	-0.1242802724774198	0.6788083164413421
4	34	0.05978456987345937	2.938905397725264	0.1052631578947368	0.01993689595104537	66.90689601792637	11.56893312262323	-55.33796289530314	0.9990863728330841	0.006794098643147173	-3.376095690924943	0.9990863728330841
21	48	0.5769087459081791	2.411091354010248	0.3043478260869565	0.1930752097109799	36.40090421396101	19.90799723128035	-16.49290698268067	0.991102740921453	0.01800263543660052	-1.006210371357565	0.991102740921453
19	50	0.5702282243959549	2.42771738308125	0.2753623188405797	0.1902063276177337	33.31999221912731	20.5954780191672	-12.72451419996012	0.970278629460396	0.05421937442586977	-0.7763057277853788	0.970278629460396
14	15	0.5623731983606308	2.267388971087007	0.4827586206896552	0.1987351461661545	24.8945007351191	6.615538926613399	-18.2789618085057	0.9998684514847993	0.0005504556527079485	-1.115175206449739	0.9998684514847993
20	41	0.7049475645365457	2.168415883681224	0.3278688524590164	0.2453388084176389	28.37090445606209	18.90781206158484	-9.463092394477247	0.9465079435223538	0.0913458031861577	-0.5773307108587272	0.9465079435223538
16	45	0.7222613741322244	2.150468486041588	0.2622950819672131	0.2514198721381078	22.15264525148327	20.92567284388921	-1.226972407594062	0.6422909937012049	0.4709986149783655	-0.07485595857583875	0.6422909937012049
14	48	0.7061569624993316	2.150702567203899	0.2258064516129032	0.247179448326844	19.82562056805218	22.31828832677881	2.492667758726633	0.4133751102118951	0.6980396301621995	0.1520743525573254	0.4133751102118951
4	35	0.1155440735280448	2.883360701935624	0.1025641025641026	0.03852875705604231	34.61882446986017	12.13861310397419	-22.48021136588597	0.9835749996285121	0.06224463866475061	-1.371487867506797	0.9835749996285121
41	49	1.311943998521752	1.653051604539316	0.4555555555555555	0.4424775528055752	31.2513339336109	29.64214781041615	-1.60918612319475	0.6402728430612327	0.4413475185580633	-0.09817431022339132	0.6402728430612327
23	48	0.9229624131680652	2.032646547294366	0.323943661971831	0.3122748731360117	24.91975802248824	23.6145335075064	-1.305224514981841	0.6383599281270598	0.4601606433747862	-0.0796300158185585	0.6383599281270598
23	40	0.5851172634054048	2.408482067479293	0.3650793650793651	0.1954561044187852	39.30835994504609	16.6079708626869	-22.70038908235919	0.9995049327869538	0.001269920853125051	-1.384920617845462	0.9995049327869538
10	65	0.5605061653563155	2.171542427798927	0.1333333333333333	0.2051596617866109	17.84101695588481	29.93264104256252	12.0916240866777	0.07622377366622743	0.9598865721668761	0.7376939417258833	0.07622377366622743
23	41	1.023943314937204	1.969324229521767	0.359375	0.3420821225395275	22.4621809278676	20.81932440853403	-1.642856519333574	0.6679790703118318	0.4312254434514866	-0.1002284964161698	0.6679790703118318
17	31	0.7838894964204858	1.676974501187401	0.3541666666666667	0.3185423888449241	21.68673018024602	18.48567165335555	-3.201058526890467	0.7562064005145235	0.348089130760149	-0.1952923333928996	0.7562064005145235
27	39	0.9951930871485266	2.00328327304297	0.4090909090909091	0.3318995941942223	27.13041353347987	19.46804055362541	-7.662372979854457	0.9263109272574283	0.1158893676548363	-0.4674712086617484	0.9263109272574283
26	41	0.5601432044774557	2.093524684090411	0.3880597014925373	0.2110826327931165	46.41670164374266	19.5841970775776	-26.83250456616506	0.9997145676981297	0.0007279781681509556	-1.637015500804468	0.9997145676981297
