Codon,alpha,beta,beta-alpha,Prob[alpha<beta],Prob[alpha>beta],BayesFactor,PSRF,Neff
1,2.54975,0.421764,-2.12798,0.0151442,0.975239,0.0257478,1.01727,115.405
2,2.04223,0.21673,-1.8255,0.00388268,0.993151,0.00652658,1.00759,201.177
3,2.19574,0.368433,-1.82731,0.0130211,0.97852,0.0220904,1.00852,187.625
4,0.66393,0.357393,-0.306537,0.195977,0.742201,0.408134,1.00031,471.454
5,0.506688,0.146221,-0.360467,0.0951136,0.858628,0.176,0.997123,1168.59
6,1.04313,0.191562,-0.851569,0.0222224,0.96581,0.0380554,1.003,314.255
7,0.91712,0.731271,-0.185848,0.368878,0.537396,0.978664,1.02486,87.0269
8,0.733746,0.149419,-0.584327,0.0342132,0.947443,0.0593167,0.998976,627.402
9,0.805197,0.150804,-0.654393,0.0283719,0.956118,0.0488937,1,499.584
10,0.367052,0.14658,-0.220472,0.212738,0.681903,0.452471,0.99517,13605.6
11,0.322231,0.14671,-0.175521,0.241139,0.640086,0.532071,0.995122,18434.3
12,0.567829,0.146888,-0.420941,0.0766981,0.885434,0.139093,0.997387,1040.57
13,2.22797,0.492268,-1.7357,0.0274346,0.956016,0.0472329,1.0229,92.8815
14,0.930562,0.358149,-0.572412,0.0716253,0.894907,0.129184,1.00654,219.004
15,0.78288,0.150408,-0.632472,0.0228876,0.964043,0.0392211,1.00075,435.673
16,1.85345,0.371634,-1.48181,0.0288376,0.955652,0.0497201,1.00945,175.707
17,0.780874,0.192237,-0.588637,0.068414,0.902857,0.122967,0.999182,596.726
18,0.785069,0.150452,-0.634617,0.022718,0.964297,0.0389237,1.00079,432.732
19,1.23583,0.490138,-0.745697,0.0982114,0.858972,0.182357,1.01918,106.577
20,0.471475,0.722696,0.251222,0.703386,0.237078,3.9707,1.01022,167.022
21,0.468268,0.624254,0.155986,0.631597,0.305193,2.87066,1.0101,168.408
22,0.902363,0.734929,-0.167434,0.377749,0.527719,1.01649,1.02462,87.7132
23,0.472838,0.56952,0.0966821,0.580094,0.354456,2.31318,1.00851,187.65
24,0.475711,0.504629,0.0289185,0.524796,0.407242,1.84916,1.00692,212.165
25,0.360039,0.473931,0.113892,0.606184,0.325053,2.57737,1.00443,267.067
26,0.780135,0.192337,-0.587797,0.0685694,0.902656,0.123266,0.999175,597.774
27,0.47226,0.561384,0.0891243,0.579279,0.354835,2.30546,1.00946,175.611
28,0.466869,0.189005,-0.277864,0.208165,0.711359,0.440189,0.995334,7174.54
29,0.474736,0.422915,-0.0518212,0.447734,0.481495,1.35749,1.00294,316.579
30,0.798623,0.307823,-0.4908,0.117409,0.836353,0.222744,0.999412,565.915
31,3.19573,1.75582,-1.43991,0.126707,0.590964,0.242945,1.01143,155.062
32,0.387972,0.146588,-0.241385,0.200823,0.699487,0.420762,0.995198,11827
33,1.14606,0.199594,-0.946469,0.0298041,0.955687,0.0514377,1.00308,311.173
34,1.23006,0.804027,-0.426034,0.335995,0.569574,0.847278,1.0333,68.6963
35,1.41589,0.20044,-1.21545,0.0108066,0.982385,0.0182925,1.00514,248.856
36,1.05299,0.611076,-0.44191,0.23117,0.69743,0.50346,1.02384,89.9829
37,0.936574,0.458089,-0.478485,0.19714,0.745193,0.411149,1.01323,140.142
38,0.659786,0.148115,-0.511671,0.0444279,0.932387,0.0778498,0.997839,875.923
39,0.735356,0.979584,0.244229,0.685783,0.222269,3.65445,1.01729,115.314
40,0.809939,0.56909,-0.240849,0.321358,0.60537,0.792889,1.01809,111.436
41,1.53053,0.434158,-1.09637,0.0459597,0.928892,0.0806632,1.01895,107.576
42,0.778395,0.192303,-0.586092,0.0687574,0.9024,0.123629,0.999158,600.216
43,0.470668,0.420311,-0.050357,0.448419,0.480556,1.36125,1.00284,320.69
44,0.469535,0.69399,0.224455,0.6801,0.259359,3.55978,1.01022,167.075
45,2.74683,0.564896,-2.18193,0.0281748,0.954509,0.0485443,1.03802,61.5814
46,1.88321,0.682199,-1.20101,0.123211,0.823296,0.235298,1.04187,56.8325
47,0.465661,0.149996,-0.315665,0.167612,0.750305,0.337167,0.995328,7316.53
48,1.10765,0.775501,-0.332151,0.30406,0.59493,0.731564,1.03021,74.386
49,0.781525,0.150381,-0.631144,0.0229944,0.963883,0.0394084,1.00072,437.532
50,1.64175,0.987658,-0.654088,0.219656,0.64408,0.471327,1.04609,52.4579
51,0.800605,0.567843,-0.232762,0.323557,0.602948,0.800911,1.01769,113.32
52,0.621122,0.750992,0.12987,0.594955,0.322685,2.45949,1.01599,122.223
53,1.06808,0.565775,-0.502304,0.199658,0.73639,0.41771,1.0244,88.3533
54,0.810274,0.421221,-0.389054,0.202065,0.739721,0.424022,1.00742,203.838
55,1.25202,0.728317,-0.523703,0.233823,0.681006,0.511004,1.03347,68.4172
56,0.792796,0.890193,0.0973971,0.608323,0.296751,2.60058,1.02015,102.609
57,0.77777,0.192293,-0.585477,0.0688202,0.902312,0.123751,0.999152,601.053
58,0.831241,0.555689,-0.275552,0.252122,0.675216,0.564475,1.01706,116.476
59,1.22532,0.567099,-0.658218,0.175204,0.766199,0.355683,1.02733,80.682
60,1.09578,0.339537,-0.756243,0.0485191,0.926588,0.0853842,1.00595,230.662
61,1.56721,0.523238,-1.04398,0.0839608,0.878025,0.153471,1.02569,84.78
62,1.2337,0.417373,-0.816326,0.0950109,0.86774,0.17579,1.01373,136.495
63,0.655243,0.917655,0.262412,0.697597,0.218514,3.86264,1.01582,123.141
64,0.651127,2.35626,1.70513,0.925875,0.0260486,20.9146,1.00067,441.521
65,0.659189,0.620579,-0.0386094,0.442884,0.475349,1.33109,1.01383,135.753
66,0.807346,0.362186,-0.445161,0.156332,0.791614,0.31027,1.00288,319.064
67,1.32413,0.629162,-0.694972,0.158752,0.778018,0.315981,1.03057,73.6803
68,0.905241,0.603174,-0.302066,0.262845,0.660672,0.597044,1.01947,105.363
69,0.345537,0.860925,0.515388,0.871186,0.0919119,11.3243,1.00428,271.368
70,0.747136,0.528517,-0.218619,0.309318,0.618119,0.74988,1.01335,139.21
71,1.53852,0.64779,-0.890727,0.141174,0.800395,0.275241,1.03538,65.3612
72,0.466777,0.185602,-0.281175,0.204676,0.71471,0.430911,0.995324,7396.57
73,0.610179,1.13567,0.52549,0.83137,0.0999079,8.25515,1.00981,171.526
74,3.13877,0.796638,-2.34213,0.054404,0.908849,0.0963363,1.05393,45.9874
75,1.35377,2.75103,1.39725,0.783584,0.0114576,6.06263,1.00778,198.161
76,0.614009,0.164665,-0.449344,0.0784793,0.885986,0.142598,0.997616,950.096
77,1.31926,2.67372,1.35446,0.77066,0.0241114,5.62664,1.00673,215.646
78,2.19723,1.53262,-0.664608,0.264504,0.513984,0.602167,1.01659,118.921
79,0.820549,0.775009,-0.0455399,0.453253,0.446139,1.3881,1.02156,97.3721
80,0.278428,1.00754,0.729112,0.942773,0.0369163,27.5849,1.00146,387.993
81,0.326833,1.94523,1.61839,0.97908,0.010795,78.363,1.00609,227.804
82,0.58477,1.17664,0.591874,0.821888,0.116482,7.72654,1.01072,161.863
83,0.807768,0.687996,-0.119772,0.424747,0.492293,1.23634,1.02244,94.3917
84,0.318649,0.717894,0.399245,0.827665,0.130028,8.04165,1.00607,228.178
85,0.468165,1.04324,0.575074,0.84522,0.105816,9.14368,1.00631,223.518
86,0.386934,0.986592,0.599658,0.890214,0.0721705,13.5772,1.00368,289.82
87,0.668589,0.633999,-0.0345906,0.44916,0.468806,1.36534,1.0148,129.342
88,2.38256,0.494394,-1.88817,0.02434,0.960774,0.0417721,1.02372,90.3541
89,0.322995,1.09609,0.773092,0.942084,0.0345697,27.2368,1.00224,346.611
90,0.624592,0.658192,0.0335992,0.507479,0.409329,1.72528,1.01319,140.42
91,1.41525,2.79666,1.38141,0.762591,0.00358665,5.37847,1.00887,182.958
92,0.784378,0.78472,0.000342662,0.522432,0.387723,1.83172,1.02103,99.2917
93,0.390253,0.704357,0.314104,0.757465,0.189895,5.22941,1.00806,194.101
94,2.29608,0.734165,-1.56191,0.0778937,0.878172,0.141445,1.04585,52.6881
95,1.56502,0.658779,-0.906238,0.470846,0.466723,1.48991,1.02033,101.93
96,14.7376,0.745864,-13.9918,0.0317944,0.956133,0.0549854,1.01644,119.693
97,0.81534,0.411002,-0.404338,0.150327,0.79737,0.296245,1.00798,195.208
98,0.884875,1.07874,0.193862,0.620504,0.267724,2.73781,1.02122,98.5738
99,3.83541,0.940268,-2.89514,0.554101,0.382629,2.08073,1.01976,104.171
100,0.643269,1.82695,1.18368,0.916536,0.0372704,18.3872,1.00656,218.777