Codon,alpha,beta,beta-alpha,Prob[alpha<beta],Prob[alpha>beta],BayesFactor,PSRF,Neff
1,0.672280948904054,0.02136657950959288,-0.6509143693944611,0.0001273304592975776,0.9994164790704756,0.0002789147602825414,0.999963854184707,503.6044275649524
2,0.7530282694810464,0.2533330641647528,-0.4996952053162936,0.01456299578539977,0.9668559392439651,0.03236724589648288,1.001410080190483,391.0507402519277
3,1.189111256910367,0.1110065938961511,-1.078104663014216,3.669993248899756e-07,0.9999985817172888,8.03802429611314e-07,1.011071373479481,158.4154829952193
4,0.5767603731975097,0.01972483730761913,-0.5570355358898906,0.0004974121459965689,0.99771930110536,0.001089974537753371,0.9983959483777811,733.5336739261872
5,1.146085708392427,0.1104941355401971,-1.03559157285223,4.792327478193733e-07,0.9999981623052369,1.049616345739287e-06,1.011841007938526,151.3534687429334
6,0.8952590496505739,0.1065028240150554,-0.7887562256355185,0.0001713582706228514,0.999354319795535,0.0003753733072054309,1.0066112870283,217.7542230635808
7,0.4691750623922474,0.02123977937552304,-0.4479352830167244,0.001643073511917414,0.9932028337140546,0.003604583155602138,0.9975849867935336,961.3728081634482
8,0.813275476708142,0.02527943909474704,-0.787996037613395,1.163507848106174e-05,0.9999460421114168,2.548345215166654e-05,1.003339011946825,301.599479873056
9,0.8025976286201046,0.1139343811144874,-0.6886632475056172,0.0006145958222087377,0.997927507631901,0.001346915935815115,1.004024896130265,278.9954709637595
10,0.7468493846813635,0.02591036763841537,-0.7209390170429482,4.008856354641637e-05,0.9998342750998154,8.780551516950966e-05,1.002319071292936,343.0334626490964
11,0.548382362560213,0.01904215519175155,-0.5293402073684614,0.0006036074673929466,0.9971993803828566,0.001322819889769326,0.9981127134400958,799.6715291943324
12,1.040946344507096,0.1056038749613442,-0.9353424695457518,1.551335406855596e-05,0.9999386018139637,3.397788420582319e-05,1.008327738047691,190.2210284242805
13,1.94894708742678,0.5151844794488023,-1.433762607977978,0.001763282225782024,0.9957936471130029,0.003868763477325674,0.9978429787053413,874.8539995141518
14,1.143844762645021,0.1418666546648945,-1.001978107980126,5.155900674826566e-06,0.9999823868766849,1.129251487688953e-05,1.005560758070175,239.0155758906652
15,0.9077449249414185,0.03248599838574649,-0.8752589265556719,1.534384263206885e-06,0.9999933479341268,3.360614461292697e-06,1.003816008759486,285.5076199791988
16,0.9456171548315773,0.2842981359236291,-0.6613190189079481,0.003920438063399752,0.9909234418697987,0.00862034123831088,1.004783081475984,257.6923112463724
17,1.113530613120249,0.1059747459898652,-1.007555867130383,5.072721298792751e-06,0.9999795536285218,1.111033349570978e-05,1.008578595804347,186.779562994281
18,0.9948856540407887,0.3707651660412404,-0.6241204879995482,0.005110105856844646,0.9883813890439679,0.01124964368694377,1.000908228096846,423.878079471461
19,1.120682643228807,0.2926071161430393,-0.8280755270857676,0.0001663557481114311,0.9995143910185526,0.0003644130783837535,0.9998043108454523,520.1602832913444
20,0.8969721285350698,0.1114823523660583,-0.7854897761690115,0.000170310175295241,0.9994006874372816,0.0003730769836956413,1.005108461759698,249.5287325814816
21,0.7983909408921652,0.254295104309948,-0.5440958365822173,0.007289577401558946,0.9830780791045749,0.01608287401542633,1.003392352302406,299.7092955125714
22,1.782275184564159,0.2094579732433902,-1.572817211320769,3.627815916982137e-06,0.9999852556092961,7.945673354731109e-06,1.001852784258791,366.0766300107915
23,0.9937982200047933,0.5300646776852412,-0.4637335423195521,0.02653630606654776,0.9493040611404846,0.05970416085148569,0.9968098792658486,1368.660630786604
24,0.9412426922330994,0.4061071341458497,-0.5351355580872497,0.02037956270110828,0.9618090763270587,0.04556390247680005,1.002058189656081,355.5512925506488
25,2.586591941024067,0.2979347839407122,-2.288657157083355,4.773686627521185e-07,0.9999965885054289,1.045533621636334e-06,1.007578986291507,201.3084990529695
26,0.7191157482600273,0.02210497548629042,-0.6970107727737369,4.775918747878193e-05,0.9997793297246907,0.0001046071961208546,1.001414032122398,390.8125807897016
27,0.4871735135118868,0.1458653761307018,-0.341308137381185,0.04802226598576117,0.8893131781031329,0.1104840912838368,1.000809659365411,430.9906159085926
28,0.6195341929845712,0.2033267596787665,-0.4162074333058048,0.0286843861366731,0.9383508925459175,0.06467986130020083,1.000294691159119,472.4455276923392
29,0.9259821441093251,0.03023700794608567,-0.8957451361632395,1.395558837029796e-06,0.9999933303707417,3.056558041348753e-06,1.003585219338833,293.0705200760823
30,0.8451528222862258,0.4011094040330623,-0.4440434182531635,0.0316480837167789,0.9406311215298082,0.07158105455239187,1.003699669190249,289.2699493560451
31,2.796445173251452,0.3038577035090906,-2.492587469742361,9.797207554241079e-08,0.9999994363964925,2.145785178016666e-07,1.003359904291419,300.8562633598025
32,0.7019389355085205,0.1095198269299075,-0.592419108578613,0.002190500451069002,0.9923543600492334,0.004808167654121159,1.003602254431986,292.4984337708147
33,0.6018951518271007,0.4644961520107417,-0.1373989998163591,0.2674829453617322,0.6366492845142447,0.7997647271702422,1.002266022631934,345.5062025997864
34,0.9161232467131406,0.3677931291192815,-0.5483301175938591,0.01059008519870917,0.9772226262074165,0.02344267063481425,1.002890185060993,318.5148997519362
35,0.9737504220266475,0.1356845095437114,-0.838065912482936,0.0001885089672520353,0.999381680149251,0.0004129502944407302,1.004369898891052,268.8748346886203
36,1.544969004954917,0.7181118348211875,-0.8268571701337299,0.02250647494678994,0.9478710221660458,0.0504286660139286,1.01381799006168,135.8591975278335
37,0.3915608888989108,0.3079050818483641,-0.08365580705054676,0.3239364700565918,0.5472909124429159,1.049436648355093,0.9980072466219441,827.4689464131434
38,0.8282547461855755,1.237251661123151,0.4089969149375755,0.8654572863902181,0.008307409542398475,14.08864888081034,1.019656753599762,104.5977956071013
39,1.504990542327854,0.1368940027668657,-1.368096539560989,1.375754649725798e-06,0.9999947369805128,3.013182778602087e-06,1.003293078907818,303.2466318329245
40,0.4324125610235585,0.331136339512955,-0.1012762215106035,0.2541003576809537,0.6129777548001856,0.7461201473508395,0.9971720198340519,1142.398381689306
41,1.174156682136819,0.5999029209705726,-0.5742537611662466,0.01559842770033543,0.9677580584580978,0.03470502930305149,0.9965614251268522,1584.111550254385
42,0.6687040324325597,0.6005478631535293,-0.06815616927903045,0.3846440843917144,0.5236068978888866,1.369041356003975,0.9997126105669014,530.1820146748552
43,1.09121745347958,0.6323326890944652,-0.4588847643851153,0.03987500746786644,0.927487423834074,0.09096134899570055,0.9968117110562353,1367.290098700357
44,2.361552596982259,0.4888868307239639,-1.872665766258295,8.998041116158033e-05,0.9994857028697786,0.0001970928833072464,1.003030031660644,313.0418638693876
45,0.3570284630185713,0.0188233287578911,-0.3382051342606802,0.006939834388520574,0.9693077789925395,0.01530584936988166,0.9989500759551094,631.4828143645218
46,0.3564745024519022,0.2583013777545508,-0.0981731246973514,0.2381451042189515,0.6131496945853252,0.6846258369162751,0.9989652570726298,629.0871277287487
47,2.30401438120359,0.2517019659227964,-2.052312415280794,1.221495963887918e-06,0.9999947034080096,2.675324437746839e-06,1.000202005293214,480.7761965244202
48,0.4430801507352317,0.8969797667536324,0.4538996160184007,0.929256357150849,0.04104965638609746,28.76947993347494,1.014206368393176,133.1899961105805
49,0.5661381940965347,0.3580918755792135,-0.2080463185173212,0.1533606597355639,0.7585971923874386,0.3967339929621493,1.000273271439265,474.3447898159052
50,1.385904935590021,0.1779023143983435,-1.208002621191677,1.722448128908663e-05,0.9999433849113437,3.772571873345598e-05,1.002726371895745,325.1774490391161
51,0.8384779532471681,0.6383676656881272,-0.2001102875590409,0.2335969491056489,0.6866999554915085,0.6675654188275941,0.9964676263213615,1684.258102085155
52,1.083481301732394,0.6046286621081599,-0.4788526396242342,0.02369814063318122,0.9516671695612764,0.05316355887931142,0.9985192741085347,708.0510232301746
53,0.6128513122813556,0.400830614556754,-0.2120206977246016,0.1926426741170571,0.7228498150589718,0.5226014346539845,1.003184367734093,307.2185466771515
54,0.8982983459237281,0.6250729122272156,-0.2732254336965125,0.1372540492012509,0.7915437251378282,0.3484384922731322,0.9977148864174926,915.7644778638929
55,0.4379520162848983,0.4079405180167517,-0.03001149826814664,0.4070291665031814,0.4724189668135734,1.503405339044294,1.000204598262212,480.5391141002135
56,0.9695520930014647,0.4142257977039024,-0.5553262952975624,0.01031946810294463,0.978964466573899,0.02283737459379837,0.9994076253688261,566.5045006721253
57,1.158556555068975,0.6649253187203922,-0.4936312363485832,0.137002023357879,0.8077866002404098,0.3476971201369439,0.9969180537187218,1292.18340318892
58,0.8516391899917413,0.3580825867834727,-0.4935566032082686,0.01220100707510921,0.9743983656048417,0.02705272325302345,1.003315568322051,302.4378945393891
59,1.255426578045527,0.715820710151444,-0.5396058678940834,0.01227638507840393,0.9523283087344716,0.02722193265973558,1.028835864845844,77.2593592905806
60,0.6697067147904485,0.473192014512766,-0.1965147002776825,0.2044596493796804,0.7107864022767065,0.5628974602256449,1.003206720077725,306.3932917022964
61,0.9340086765522482,0.4289453581414533,-0.5050633184107949,0.0172874997863882,0.9658819405569744,0.03852916500878498,1.002021345619631,357.394002747635
62,0.9080879585088333,0.3425366102485278,-0.5655513482603055,0.01105425035950848,0.9773200297913179,0.02448165186936711,1.00374358590367,287.8379706003187
63,0.9938257310420369,1.134823142511709,0.1409974114696717,0.5756720445907817,0.1468643948432243,2.971374453368091,1.015278001063975,126.3550000813343
64,0.9071776164014812,0.2512646394416302,-0.655912976959851,0.002137144407592574,0.9946473177492343,0.004690799839926808,1.004726153510338,259.1766676181406
65,1.10839989418615,0.8156549776036289,-0.2927449165825208,0.1176042865334132,0.7753442117863318,0.2919064233513721,1.041640165233996,57.09745740752845
66,1.007930446398148,0.6121703759720896,-0.3957600704260589,0.05849894085058362,0.9003406259928592,0.1360852576810614,0.9955812096047642,4193.012422793841
67,1.546855771539394,0.3424439005963694,-1.204411870943025,2.256557646934117e-05,0.9998977321859659,4.942425398150096e-05,1.000987434948423,418.3320054789989
68,0.9470723326810575,0.5876239703132071,-0.3594483623678504,0.07116723102722915,0.8817679610488541,0.1678133200656045,0.996075074752413,2290.788652122814
69,1.092351952600914,0.5656415482991495,-0.5267104043017641,0.02112716307309915,0.9597698820337552,0.0472714361793499,0.9958350418965161,2938.453854331065
70,0.8666952874892031,1.028962999593583,0.1622677121043803,0.6449063005761019,0.1966838476017011,3.977750538890367,1.032188611592371,70.63826324204354
71,0.9110252432105141,0.4657171542931096,-0.4453080889174046,0.0348866820185519,0.9374839966139333,0.0791708391171107,1.00237256975753,340.5757339467369
72,0.8882728914290521,1.12398762321767,0.2357147317886177,0.724653459094778,0.09431952928870888,5.764141513985535,1.018271531658786,110.5956924014562
73,1.053731848676686,0.6468673711109494,-0.4068644775657366,0.05823630524791944,0.8962011799118852,0.1354365116244583,1.001552642471877,382.6407489954624
74,0.710093365230502,0.2012378286829936,-0.5088555365475085,0.007594670481592032,0.9811402541299101,0.01676114709065904,1.000346108516428,467.948378964935
75,1.052969038103558,0.6699663738760064,-0.3830026642275517,0.06150742297348586,0.8919014995840031,0.1435425242912414,1.000461026298191,458.2026952114281
76,0.826227935919278,1.052938141715702,0.2267102057964244,0.7250761674338037,0.1339142803525797,5.776371689535056,1.029572131899865,75.69532443564299
77,1.071427098048176,1.138186933681686,0.06675983563351018,0.4354459164117187,0.1950368155932292,1.689322470357359,1.016182973307737,121.1213083438714
78,1.029291203676553,0.6423497783181421,-0.3869414253584106,0.06890365400623129,0.8847343479953089,0.1620807811025761,0.9967844101592572,1388.005938422875
79,1.859395312002078,0.561540574439325,-1.297854737562753,0.001465041664901635,0.9947865746006206,0.003213442933504941,1.004327101380192,270.0896731322965
80,1.872716392559282,0.7964618622872965,-1.076254530271985,0.07986141969719632,0.8626287466961688,0.1900936788957883,1.010019004835649,169.2423493352126
81,0.6783542363157806,0.3558433797104826,-0.322510856605298,0.0847640042294915,0.8575342988778086,0.2028440447850386,1.001911605515722,362.9987151376311
82,1.11838600218483,0.6203800952862325,-0.4980059068985977,0.03080473492487081,0.9426373516491384,0.06961295701965033,0.9961334268916491,2174.336029413512
83,0.7429902284733345,0.6367928557249389,-0.1061973727483956,0.3262783338652239,0.5781576813398205,1.060697662453318,0.9984612565029259,719.813754591446
84,0.9762783215515809,1.031687190179742,0.05540886862816063,0.6055597078003261,0.2395031498703669,3.362479062379925,1.028032758101819,79.04487526235806
85,1.015794713897091,1.073470164313656,0.05767545041656486,0.4611584834993739,0.2663699494375636,1.874446470035505,1.02167490192716,96.97391878000083
86,0.7016287879439915,0.2557147004772871,-0.4459140874667045,0.02574595159173338,0.947478068710278,0.05787894669551936,1.000353606480239,467.2997799186984
87,0.7792495469810775,1.045845587323899,0.266596040342821,0.7706457210925823,0.111972978212317,7.359220478273734,1.030966183172022,72.90936613760404
88,0.7944969901591126,1.056355479029985,0.2618584888708722,0.7755013387851488,0.105788592456796,7.565762190364432,1.02987217337749,75.07689282895127
89,0.9931209462574261,1.155819996391422,0.1626990501339957,0.5894834719777349,0.1130313347184301,3.145030600986613,1.013343620016807,139.2726369638611
90,0.8632478311393299,1.187681669552141,0.3244338384128114,0.8168383600125875,0.02687839872267974,9.767546582573846,1.016889193469048,117.3375400177374
91,0.4382182693112092,0.6292637779529897,0.1910455086417805,0.744140784648161,0.1808105238735313,6.369978023550535,1.000052576652206,494.8489411088335
92,1.211460176892503,0.9018267982194368,-0.3096333786730658,0.148735317567736,0.686483999663014,0.3826778975813695,1.041906088696061,56.79541878532557
93,1.052737661532878,0.8985664342189226,-0.1541712273139555,0.2303308269314567,0.5959199205214665,0.6554383735626566,1.040245394866809,58.73981242041688
94,0.9696558662637713,1.14361174328826,0.1739558770244887,0.6117385904940932,0.1199946006135207,3.450845702259071,1.014928299758656,128.5046775613144
95,0.3892842643821325,0.5083314091933732,0.1190471448112406,0.6547088928423708,0.2379979719285888,4.152854700838507,1.004111529500419,276.3821193954594
96,1.015635816260617,0.9423757126180237,-0.07326010364259372,0.334375495773115,0.4770961036002402,1.100244057239733,1.039065650875493,60.2101501800147
97,0.8920947288196557,0.8190986745035079,-0.07299605431614775,0.3671136826794346,0.5084215967629828,1.270453443388351,1.032680652779097,69.76571179636439
98,1.341323985269216,1.051090068681688,-0.2902339165875285,0.2158440781131811,0.4805295171120509,0.6028671238758874,1.024956797116558,86.76893670522888
99,0.6950526956282068,0.600697718337013,-0.0943549772911938,0.3431763563108735,0.5633561576644256,1.14433312840363,0.9993549693454177,573.28913850405
100,1.209044806258524,1.827178480319146,0.6181336740606218,0.5860783200606583,0.04248071260652458,3.101139996633159,1.019288653837231,106.124917997848