dN,dS,dN/dS,dS=dN,LRT,p-value,Full Log(L)
0.005707895420439662,0.3206998944202925,0.01779824539935518,0.1058810421006357,103.2468004546007,0,-274.1311864771964
0.1099136151396734,1.431933370249056,0.07675888936128096,0.426402013668763,257.2095776191218,0,-776.8053065438978
0.02327211104242141,1.292501070647853,0.01800548685871223,0.218539767980601,240.5150593732091,0,-328.4372610615023
0.02621326481109731,1.148329782829033,0.02282729682976447,0.235742562153835,238.2409427659472,0,-357.3831665230368
0.04112866249734234,0.8849319293415888,0.04647663976588921,0.277688176046982,215.5523850229465,0,-585.867021796586
0.0350358296697462,0.7772797374769654,0.04507492988749688,0.1897236784505272,153.1978356333336,0,-333.1109471571779
0.04957294942707354,1.46370047031728,0.03386823358492727,0.2589932052035211,231.9465097669023,0,-392.6820052767279
0.02271994034435996,0.7248273131497243,0.03134531485248653,0.2152176557255188,193.8564486232198,0,-450.8751132825413
0.1960507167674498,1.519480419009064,0.1290248392245194,0.4338402560940292,170.0442520833133,0,-858.6333253697766
0.01148851021052463,0.3997388221673802,0.02874004118047389,0.1256871087136664,113.1020057390519,0,-303.6834219983631
0.02285421197706082,0.2724319714686765,0.08388961051030142,0.102154269606559,62.34738769756143,2.886579864025407e-15,-280.8876720119383
0.2912939643077521,1.282345063019939,0.2271572392704902,0.4303617144263829,75.46631739233703,0,-856.8347704255714
0.08861449472544414,0.6055240837807462,0.1463434685737958,0.2367556265449438,96.04818363722347,0,-560.98399675104
0.0572267049313475,0.4099434182681778,0.1395965940204723,0.1668608497727352,71.93846558327812,0,-441.1048056489201
0.1321742661556409,0.8885292238430623,0.1487562396473145,0.3403864244684359,132.6492923496942,0,-721.7642277755333
0.1645902366026647,0.9907957829233026,0.1661192340938795,0.3035775652348402,87.52178379856264,0,-570.4768156997081
0.3073728869269967,1.09377228028222,0.2810209149272707,0.4218706969818213,51.54799075168035,6.98663349396611e-13,-845.6133028556221
0.08549293792039592,1.372300790992879,0.06229897882558282,0.3066052212320105,203.8856105394104,0,-486.4191192243098
0.08875882040609158,1.509246498916938,0.05881002239845278,0.3199924810338033,215.6779520736736,0,-502.3810436506873
0.06158172580014552,1.04432109502789,0.05896819100307547,0.205661079698996,141.7532774900691,0,-366.3931257003916
0.4074610290630126,0.7743649055194156,0.526187364844101,0.4786881399558967,14.28371348249652,0.0001572193134494748,-943.7801305166619
0.2800049613328031,1.38240360191412,0.2025493574706398,0.4962096288035598,122.2653018816927,0,-957.5297491408941
0.4468110128154586,0.9733133411809736,0.4590618395031129,0.538892174682837,22.64014506415629,1.953596736159469e-06,-974.7439792867832
0.2668706685894248,1.032742511565173,0.2584096864425277,0.380625639123069,57.36493828867469,3.61932706027801e-14,-783.5828922885878
0.3570864821491107,1.134167041736632,0.3148447001266599,0.4906343310997051,54.59529021703997,1.481037514849959e-13,-960.6168480758673
0.0852825674351456,1.593343758788517,0.05352427369470438,0.3035213085818421,215.2283017037541,0,-466.894785749476
0.0884216855553894,0.748775461993376,0.118088385695753,0.2310281227279178,103.4903981338587,0,-442.7638591102514
0.4434095005101242,1.365712796222638,0.3246725825052896,0.5968406658545988,46.53151352705299,9.015677093771046e-12,-983.2680849726257
0.4746111881018102,0.9035642002507346,0.5252655959256775,0.5590440778076116,16.51950036827748,4.815229368693164e-05,-1015.183084415674
0.3900358395425276,1.254190074711151,0.3109862272130927,0.5443321612152526,58.98824359357786,1.587618925213974e-14,-983.0506772228031
0.1571184738790897,0.3951205013526078,0.3976469794435603,0.2204991493283404,20.27973419401178,6.690551673571576e-06,-554.4478050279467
0.3066844249229179,0.9822467368270981,0.3122274815730974,0.4291095575476116,51.70873523507203,6.437073096776658e-13,-879.1137704541679
0.4311686995903822,1.560726984241304,0.2762614499165468,0.6090000501141754,75.38287817740365,0,-1050.742491383381
0.5073796955485738,1.061210538811715,0.4781140753810356,0.6197304367316148,24.91105225572528,6.00372431325269e-07,-1054.008719474882
0.5791064363674217,0.8091049268992511,0.7157371276760639,0.6284982515949581,5.037159273386351,0.02480914106323617,-1112.447907267032
0.1864083107101402,1.242934165101726,0.1499744040706162,0.3896599807813187,125.9338690550926,0,-652.8737963829329
0.2182293132875293,0.7906370311356695,0.2760170655984391,0.368198291934243,62.12814853673376,3.219646771412954e-15,-762.0762695655734
0.2018000061133389,1.88220125732297,0.107214892843264,0.4336413542455085,174.233080028918,0,-688.2474785177419
0.3568914938262519,1.044792176188051,0.3415908943043381,0.469575565657588,37.84438480167751,7.661860035312884e-10,-837.9150500629515
0.2823337867189339,0.977560199988846,0.2888147315348511,0.4586196166656073,70.98597864147951,0,-889.458813422674
0.1748915716799077,1.67701020207171,0.1042877207686953,0.3878630471866634,160.709952032204,0,-630.6168919125319
0.2822963761750468,0.6823118968603606,0.4137350931062843,0.3476715165932674,21.33246078699244,3.861373526259371e-06,-782.3067440921661
0.3621209583882653,0.7048733039541907,0.5137390738971713,0.4483797777783413,18.53964456510198,1.664068218354409e-05,-916.5139620822812
0.4724734154120087,1.379736873694387,0.3424373331031682,0.6133242524585484,50.12217512421921,1.444622199642254e-12,-1060.399389183401
0.5765761176870238,0.5146040564999395,1.120426686117838,0.5622096716072601,0.4610662802924708,0.4971260669366597,-1047.790176568882
0.5854134754275495,1.143235228203642,0.5120673864707667,0.6985290447399939,21.76064807163129,3.088708099840964e-06,-1177.101173771602
0.5472602247471644,1.407680392627428,0.3887673847084749,0.6774159300938751,35.4980202316824,2.553099287538885e-09,-1126.827021094417
0.662214440901202,1.279957643715877,0.517372152236781,0.7637021216179978,19.20078131253695,1.176652219281316e-05,-1183.620160393781
0.6003739237338036,1.538329342701656,0.3902765858183597,0.7503547289563169,43.4683059102731,4.308819967491218e-11,-1231.009643276678
0.539797675530896,1.133671899570604,0.4761498240675746,0.63522262397799,20.07122016017865,7.461103513017875e-06,-1077.125901060917
0.2567474411647106,0.4267319544674081,0.6016597502878586,0.3086135770685028,8.500475302761515,0.003550537205329496,-726.972206608511
0.4986730148247022,1.239019002412409,0.402474065251437,0.6670396420830449,45.8396262713768,1.283406714236435e-11,-1110.204230981077
0.7511606031314551,1.07525812759112,0.6985863057964191,0.8062143642974043,5.318038320668165,0.02110575860660846,-1205.569286348712
0.5874648879427352,1.283789821009165,0.4576020765462521,0.7157450481551078,30.36444447113217,3.58030919356267e-08,-1153.105194029661
0.1591568901803868,1.664219483693121,0.09563455526142305,0.3638036435035175,161.9839555326603,0,-588.5123689599197
0.685806470637202,1.177292493903554,0.5825285340631624,0.7865773923605005,15.85212489840569,6.848958722127652e-05,-1277.923924883928
0.5666354390867846,1.062894074640846,0.5331062168901937,0.6597436242743031,18.50474889910583,1.694814850072834e-05,-1138.080337984207
0.682274064990906,1.487514396928996,0.4586672010701038,0.8077623876678166,26.19899876544423,3.07982172986776e-07,-1222.648086102155
0.6929278670997265,0.8137310865010651,0.8515440525680588,0.7243133310803185,1.359111707086413,0.243691489888018,-1207.418898312183
0.7187319908838489,0.8760836069933315,0.8203920095600187,0.7497778078885761,1.438612850452046,0.2303639433922964,-1164.406272832894
0.5504444188101073,1.355259644735946,0.4061542162405004,0.6911884640910678,36.52294538239948,1.508796532156964e-09,-1085.859049026158
0.4626008314102391,1.398967606509146,0.3306730114820674,0.6054910307540399,48.48594164733208,3.326672270986819e-12,-960.3694469106377
0.4904904542069972,1.053486212192533,0.4655879199274761,0.6236996301296984,31.05579743019644,2.507163576748184e-08,-1101.512322977599
0.5204091221666226,1.109777638338717,0.468930985981705,0.616451411638596,21.99031750957465,2.740294076541971e-06,-1059.848256692113
0.7707901782389189,1.481775648604458,0.520180081893539,0.8816401262683279,19.54229140911639,9.839698115632345e-06,-1322.731483989247
0.6823839146877895,1.264638677945894,0.5395880472327165,0.7832885685598426,17.52834390270527,2.830563537337127e-05,-1179.384421487283
0.6266967563301382,0.7219564992396104,0.8680533480759534,0.6506253144362268,0.9402436476384537,0.3322151896524166,-1105.319651691129
0.9925469766848261,1.6382920558,0.6058425133485444,1.099747048615893,11.24883997247616,0.0007967279321913212,-1330.552470545954
0.4956749760538363,0.715617887679881,0.6926531387593929,0.5428363265185707,5.046478812739451,0.02467603605833035,-956.3297043896354
0.6786600401391758,1.133900660109061,0.5985180748319704,0.7701299831657222,12.30966034045969,0.0004506199667828614,-1186.647884770399
0.6926567803470541,1.341665894607774,0.5162662203242092,0.7845294006119614,15.13580434101323,0.0001000477281352108,-1216.770295217092
0.4012005359298937,0.8774071977605273,0.4572569463231076,0.4891790263141522,20.71488872037435,5.329995623304384e-06,-879.7165944365711
0.5738092060123552,1.507161827680242,0.3807216952246843,0.7138382183230688,38.37813559128654,5.828172389144015e-10,-1055.814359706809
0.8747404819997816,0.9913861691601605,0.882340816536513,0.8964456241854662,0.6387898463494821,0.4241493513603585,-1301.412405895698
0.5721266015551305,0.3741563674115168,1.529110958376062,0.5043037918045028,5.645784410349734,0.0174973868457966,-890.8452080893799
0.5714829692144728,1.170633544300614,0.4881826358016259,0.6869109667801109,23.61712844103067,1.175366196370931e-06,-1065.668946225159
0.5968798527267315,0.5140239896942216,1.161190653926091,0.578878534820753,0.7453320539702872,0.3879581664675685,-1050.643877881035
0.8526334292726176,1.100248900389486,0.7749459499307718,0.9033568286325749,3.327717891678731,0.06812133411235566,-1299.410653258253
0.8422041258837035,1.213537352365273,0.6940075838969327,0.9141106880527263,6.440906598098536,0.01115217165242466,-1288.182217346456
0.8716929301587663,0.974471606369107,0.894528813832457,0.8925692638639741,0.5840347257017129,0.4447351687097953,-1321.701096360213
0.5934907901487025,0.9269907519326347,0.6402337767786405,0.6635581897393775,8.525972770910812,0.003501135637169472,-1064.63614151378
0.6915992189790925,1.083450551718671,0.6383302107161354,0.750481550527881,7.007922099242933,0.008114981078926387,-1176.483712750935
0.7553788329873895,1.422983754463959,0.5308415016107771,0.878093067625805,19.33689998356749,1.095683441432183e-05,-1288.520833917167
0.881388434534595,0.8696265075843415,1.013525262681937,0.8787739471139656,0.008754572233556246,0.925454021568508,-1296.844592735444
0.8411639065901508,1.405279950250432,0.5985739043955255,0.9270500480280464,10.94726397184832,0.0009374193505155004,-1276.188950977433
0.6228222717428989,1.260014262292109,0.4942977951772662,0.752328605064553,24.7539183236463,6.513624906112625e-07,-1153.433069588063
0.8350418965616784,1.422512905376217,0.5870188547363878,0.932642194984912,13.02174022707413,0.0003078955625510638,-1286.971460257456
0.3979109324061164,0.6932204200823362,0.5740034783725141,0.4472363691594204,8.222680410793146,0.004137004988125081,-773.8276360609626
0.7295250596971715,0.9391331028097452,0.7768068844709468,0.76903283427281,2.658192286343365,0.1030177538406616,-1195.459745862782
0.9475633739228213,0.8472383194457883,1.118414207873246,0.9224317606786272,0.592459365565901,0.4414696700736247,-1296.795737505664
0.8849690561457217,1.388273747642836,0.6374600525640707,0.9528710718280684,6.279654486094387,0.01221319100746576,-1122.898050057678
0.8324590547611153,0.9994755857977159,0.832895837167149,0.8681354133550758,1.63449449452628,0.2010825222086171,-1241.053705975265
0.853674508976355,1.292877353572657,0.6602904031208868,0.9334475706082445,8.28950618446288,0.003987483066545283,-1328.540358930949
0.8432798263599423,0.9329023687496826,0.9039314880185625,0.8633277757255213,0.5105758613171929,0.4748896763837155,-1299.959195203311
0.9683606758953174,1.041909252191011,0.9294098059490019,0.9830014942131267,0.2510696560107135,0.6163229049071874,-1327.583279123297
0.9512224040348917,1.101403741674669,0.8636455171185197,0.981742235145705,1.061930696106174,0.3027752507519212,-1374.81024769857
0.7336417152117768,1.239290953478038,0.5919850485092548,0.8374907910137717,13.86465065456423,0.0001964591185826814,-1210.264415187314
0.9038438069993235,1.044037190268578,0.8657199335655948,0.9321143729431881,0.9498840547585132,0.3297488119844346,-1327.132155981534
0.7671508726072708,1.306798399771832,0.5870460759220518,0.8795064414211067,14.00611474614925,0.0001822170902417986,-1252.554796975892
1.016269002473287,0.8436809885580052,1.204565488918109,0.9769576576129407,1.549676802233989,0.2131831600196171,-1356.859201618086