Codon,alpha,beta,beta-alpha,Prob[alpha<beta],Prob[alpha>beta],BayesFactor,PSRF,Neff
1,1,0.140506,-0.859494,1.45715e-05,0.99998,0.000104063,0.999553,548.53
2,1,0.0627466,-0.937253,8.64975e-07,0.999999,6.17721e-06,0.997742,906.751
3,1,0.0599723,-0.940028,4.73138e-07,0.999999,3.37891e-06,0.997627,945.984
4,1,0.0627466,-0.937253,8.64976e-07,0.999999,6.17721e-06,0.997742,906.75
5,1,0.0599744,-0.940026,4.7376e-07,0.999999,3.38335e-06,0.997628,945.884
6,1,0.133413,-0.866587,8.46807e-06,0.999989,6.04751e-05,0.999478,557.699
7,1,0.0627466,-0.937253,8.64976e-07,0.999999,6.17721e-06,0.997742,906.751
8,1,0.140471,-0.859529,1.45343e-05,0.99998,0.000103798,0.999553,548.57
9,1,0.0627466,-0.937253,8.64977e-07,0.999999,6.17722e-06,0.997742,906.75
10,1,0.0627466,-0.937253,8.64976e-07,0.999999,6.17722e-06,0.997742,906.751
11,1,0.110013,-0.889987,7.95854e-07,0.999999,5.68358e-06,0.999058,614.85
12,1,0.0627466,-0.937253,8.64968e-07,0.999999,6.17716e-06,0.997742,906.752
13,1,0.0627466,-0.937253,8.64969e-07,0.999999,6.17717e-06,0.997742,906.751
14,1,0.475857,-0.524143,0.00299977,0.996059,0.0214873,0.998801,655.945
15,1,0.0627466,-0.937253,8.64968e-07,0.999999,6.17716e-06,0.997742,906.752
16,1,0.610352,-0.389648,0.017923,0.977084,0.130332,1.00011,489.012
17,1,0.63556,-0.36444,0.0219323,0.97199,0.160142,1.00026,475.139
18,1,0.140512,-0.859488,1.45775e-05,0.99998,0.000104107,0.999554,548.524
19,1,0.140514,-0.859486,1.45801e-05,0.99998,0.000104125,0.999554,548.521
20,1,0.498069,-0.501931,0.00462646,0.993967,0.0331933,0.999068,613.415
21,1,0.615475,-0.384525,0.0164923,0.978777,0.119755,1.00008,492.078
22,1,0.204261,-0.795739,3.71328e-05,0.99995,0.000265193,0.999518,552.753
23,1,0.483424,-0.516576,0.002443,0.996763,0.0174893,0.99868,677.381
24,1,0.526662,-0.473338,0.00581436,0.992411,0.041766,0.999246,587.801
25,1,0.610617,-0.389383,0.0153532,0.980208,0.111354,1.00003,496.956
26,1,0.255874,-0.744126,5.74188e-05,0.999922,0.000410078,0.99881,654.456
27,1,0.400235,-0.599765,0.00158227,0.997926,0.0113177,0.998625,687.605
28,1,0.590126,-0.409874,0.0133229,0.982838,0.0964299,0.999905,509.586
29,1,0.252913,-0.747087,5.07237e-05,0.999931,0.00036226,0.998827,651.541
30,1,0.464619,-0.535381,0.00235636,0.996892,0.0168677,0.998671,679.087
31,1,0.836309,-0.163691,0.168224,0.803405,1.44434,1,499.895
32,1,0.339636,-0.660364,0.000327814,0.999562,0.00234184,0.998339,745.836
33,1,0.226578,-0.773422,9.86663e-05,0.999868,0.000704693,0.999382,569.819
34,1,0.541898,-0.458102,0.0069356,0.99096,0.0498764,0.999384,569.493
35,1,0.186686,-0.813314,1.44407e-05,0.99998,0.000103129,0.999638,538.593
36,1,0.913263,-0.0867372,0.2552,0.703613,2.44697,0.99977,523.838
37,1,0.140502,-0.859498,1.45658e-05,0.99998,0.000104023,0.999553,548.537
38,1,0.39142,-0.60858,0.000670426,0.999105,0.00479104,0.998284,758.229
39,1,0.27125,-0.72875,0.000104686,0.999859,0.000747693,0.998736,667.288
40,1,0.0600358,-0.939964,4.80456e-07,0.999999,3.43117e-06,0.99763,944.935
41,1,0.133494,-0.866506,8.53693e-06,0.999988,6.09669e-05,0.999479,557.539
42,1,0.338568,-0.661432,0.000750169,0.999013,0.00536134,0.998669,679.375
43,1,0.787683,-0.212317,0.0951016,0.883269,0.750544,1.00058,448.324
44,1,0.566526,-0.433474,0.00916534,0.988093,0.0660596,0.999619,540.833
45,1,0.898867,-0.101133,0.23775,0.724873,2.22747,0.999791,521.582
46,1,0.795265,-0.204735,0.107161,0.869726,0.857138,1.00049,455.931
47,1,1.99801,0.998009,0.997778,0.00160978,3206.53,0.995842,2913
48,1,0.547218,-0.452782,0.00522114,0.993112,0.0374824,0.999199,594.322
49,1,0.654708,-0.345292,0.0250861,0.967958,0.183762,1.00035,467.244
50,1,0.799453,-0.200547,0.111537,0.864703,0.896533,1.00047,457.596
51,1,0.782571,-0.217429,0.0902063,0.888984,0.70808,1.0006,446.955
52,1,0.473473,-0.526527,0.00420169,0.994542,0.0301329,0.999003,623.201
53,1,0.598602,-0.401398,0.0179983,0.977096,0.130891,1.00008,492.245
54,1,1.39487,0.394871,0.808822,0.163218,30.2136,0.995596,4092.01
55,1,0.86081,-0.13919,0.186541,0.780873,1.63767,1.00007,492.899
56,1,0.864585,-0.135415,0.191744,0.77523,1.69418,1.00004,496.012
57,1,0.668688,-0.331312,0.0301839,0.96166,0.222267,1.00044,459.723
58,1,0.133159,-0.866841,8.29407e-06,0.999989,5.92324e-05,0.999475,558.08
59,1,1.14718,0.147177,0.561054,0.397494,9.12813,0.996903,1302.28
60,1,0.403541,-0.596459,0.00170156,0.997772,0.0121724,0.998648,683.286
61,1,0.779348,-0.220652,0.113183,0.865094,0.911452,1.00025,476.134
62,1,0.216345,-0.783655,6.44131e-05,0.999914,0.000460035,0.99944,562.362
63,1,0.610789,-0.389211,0.0153845,0.980168,0.111584,1.00003,496.81
64,1,0.370862,-0.629138,0.000370134,0.999502,0.00264428,0.998179,783.035
65,1,0.854546,-0.145454,0.173587,0.794179,1.50005,1.00021,480.105
66,1,0.709039,-0.290961,0.0492257,0.938504,0.369745,1.00057,449.352
67,1,0.475144,-0.524856,0.00432835,0.994381,0.0310452,0.999021,620.516
68,1,0.696827,-0.303173,0.0468667,0.941581,0.351155,1.00054,451.921
69,1,0.535169,-0.464831,0.00523936,0.993116,0.0376138,0.999189,595.74
70,1,0.589249,-0.410751,0.0109953,0.985713,0.0793957,0.999781,522.68
71,1,1.0762,0.0761998,0.492073,0.462645,6.91858,0.997584,961.595
72,1,0.756914,-0.243086,0.0770471,0.905149,0.596163,1.00056,449.845
73,1,0.47283,-0.52717,0.00415113,0.994607,0.0297688,0.998996,624.3
74,1,0.383966,-0.616034,0.00108746,0.998567,0.0077745,0.998522,707.597
75,1,0.507325,-0.492675,0.00402574,0.99471,0.028866,0.998988,625.547
76,1,0.518111,-0.481889,0.00660622,0.991442,0.0474919,0.999313,578.817
77,1,0.771413,-0.228587,0.0845603,0.89597,0.659668,1.00058,448.685
78,1,0.554018,-0.445982,0.00928298,0.987999,0.0669154,0.999599,543.163
79,1,0.603845,-0.396155,0.0192932,0.975492,0.140493,1.00012,487.977
80,1,0.882707,-0.117293,0.214198,0.750094,1.94666,0.999951,504.938
81,1,0.352079,-0.647921,0.000472883,0.99937,0.00337869,0.998375,738.114
82,1,0.643754,-0.356246,0.0278992,0.964769,0.204959,1.00036,466.48
83,1,1.10461,0.104611,0.524601,0.431198,7.88061,0.997275,1091.23
84,1,0.591485,-0.408515,0.0135934,0.982498,0.098415,0.99992,508.06
85,1,0.60419,-0.39581,0.0163962,0.978987,0.119045,1.00005,494.741
86,1,0.808772,-0.191228,0.112669,0.862469,0.906788,1.00056,450.218
87,1,0.431513,-0.568487,0.00108569,0.998552,0.00776187,0.998343,745.008
88,1,0.693,-0.307,0.0408237,0.948655,0.30395,1.00054,451.621
89,1,1.11619,0.116192,0.544212,0.411236,8.52695,0.997129,1165.37
90,1,0.99475,-0.00525039,0.389441,0.561947,4.55515,0.998628,686.993
91,1,0.525877,-0.474123,0.00570932,0.992545,0.0410072,0.999233,589.639
92,1,0.80908,-0.19092,0.117327,0.85757,0.949265,1.00049,455.671
93,1,0.705977,-0.294023,0.0625343,0.923658,0.476377,1.00045,459.525
94,1,0.987746,-0.0122538,0.371013,0.583688,4.21246,0.998755,663.987
95,1,0.718534,-0.281466,0.0435013,0.944832,0.324792,1.0006,447.035
96,1,2.05358,1.05358,0.970845,0.0244901,237.809,0.996908,1298.9
97,1,0.743325,-0.256675,0.0625109,0.922063,0.476187,1.00063,444.913
98,1,0.82635,-0.17365,0.132973,0.839158,1.09526,1.00047,457.426
99,1,0.797728,-0.202272,0.114559,0.861751,0.923972,1.0004,462.991
100,1,0.777052,-0.222948,0.0851706,0.894893,0.664872,1.00062,445.74