Codon,alpha,beta,beta-alpha,Prob[alpha<beta],Prob[alpha>beta],BayesFactor,PSRF,Neff
1,1.069186479527969,0.07150101458892792,-0.9976854649390414,3.644333791306551e-28,1,9.538155805419259e-28,1.195574915055353,16.26537781654388
2,1.197213226771513,0.0006165613027772959,-1.196596665468735,3.771727047425364e-34,1,9.871576615642377e-34,1.012069183208199,149.3820860333647
3,0.7903077601646041,0.07152097156437068,-0.7187867886002335,4.729161469058263e-19,1,1.237742794813847e-18,1.095581981808305,28.53781669662477
4,1.042562269503479,0.3068560782095612,-0.7357061912939181,1.266730638845941e-09,0.9999999634439733,3.315358829352501e-09,1.061783687726122,41.03023932266285
5,0.9938743928996008,0.07148119243806542,-0.9223932004615354,6.859445809657736e-23,1,1.795292819428852e-22,1.148761560190156,20.01578376509204
6,0.9946822146010692,0.07476330344841073,-0.9199189111526584,8.471120545583862e-22,1,2.217109415251983e-21,1.039233973433235,59.99556886168864
7,0.9950399303758003,0.0714845480393681,-0.9235553823364322,1.940054063852529e-27,1,5.077618843834844e-27,1.053576856643984,46.24168538209874
8,1.157998451942411,0.07503742165101911,-1.082961030291392,2.421484301689457e-27,1,6.337645197316144e-27,1.173116548555881,17.81711230233417
9,0.7607421515644099,0.0730817276644177,-0.6876604238999923,5.614100929008523e-15,0.9999999999973618,1.469354138086093e-14,1.082683484422043,32.16742134217493
10,0.7344812018281497,0.6392184163197113,-0.09526278550843836,0.1567179737462175,0.6450968437342969,0.4863985016479515,1.379818281114079,10.41635647737676
11,1.09656711053632,0.07175591149616531,-1.024811199040154,5.247440931727801e-26,1,1.373389816979694e-25,1.249219169861528,13.67586138950198
12,0.8906030856432871,0.4234254017878822,-0.4671776838554049,0.0001281486184912382,0.999170177908051,0.0003354407734706791,1.078030530994436,33.75402271398053
13,0.8064158045584074,0.07177128999141184,-0.7346445145669956,2.72893627785726e-18,0.9999999999999986,7.142325838361705e-18,1.091309061646776,29.63232301398596
14,0.914725201913628,0.07411925311206151,-0.8406059488015666,6.68065742900362e-19,1,1.74849931673309e-18,1.03863656102055,60.76465367471644
15,1.089155608643347,0.3394929382450151,-0.7496626703983316,3.146639007711586e-09,0.9999999295586536,8.235560991970297e-09,1.025541444001636,85.18109151892692
16,1.067476551275748,0.07197808545273292,-0.9954984658230152,1.752170624157227e-22,1,4.585879715726768e-22,1.226559071307304,14.62197953274949
17,0.8215984096823092,0.08830034274547663,-0.7332980669368326,3.753477731211029e-13,0.9999999999182403,9.82381347665756e-13,1.117698905664573,24.09347691563899
18,0.9816171572718815,0.07732703636794754,-0.9042901209039339,5.657182764556669e-17,0.9999999999999825,1.480629758909345e-16,1.14307108934897,20.63430185167035
19,1.175548046701192,0.09090499922158339,-1.084643047479608,4.254820260419431e-25,1,1.113595540143577e-24,1.244590590622848,13.85500749124034
20,0.9179406521611592,0.08090770349763471,-0.8370329486635244,1.020125717500959e-14,0.9999999999974565,2.669930525532613e-14,1.133314936311175,21.81370193152583
21,0.8490424996398381,0.4606015015210908,-0.3884409981187474,0.001128147181094809,0.9947218894470939,0.002955985174842867,1.103628788259569,26.71085937986594
22,1.170257281849256,0.1318111846560919,-1.038446097193164,2.303727125541911e-20,1,6.029444478715443e-20,1.156928394096919,19.20441057347367
23,1.126195619683493,0.139391499120742,-0.9868041205627515,1.231266656862764e-18,1,3.222540492638113e-18,1.032335264919942,70.37579263162461
24,0.9344321234294073,0.07675968393045471,-0.8576724394989526,1.769479819820527e-19,1,4.631182318220778e-19,1.00493708938527,253.7617991738237
25,1.066254121472919,1.227016981305212,0.160762859832293,0.6247588023766137,1.707519104539475e-07,4.357607750500281,1.564708547928195,8.394333413492586
26,1.181739847818615,0.1220996545700841,-1.059640193248531,2.115077744903334e-22,1,5.53570068679964e-22,1.219854050270113,14.93888281863921
27,0.8985738363134488,0.0740882495873411,-0.8244855867261077,2.631551820959682e-15,0.999999999999147,6.887445748856469e-15,1.14498991215161,20.42046952530829
28,1.193514932556319,1.204237643872459,0.01072271131613922,0.1403788249391518,0.0932243906560728,0.4274061452984649,1.482075964880426,9.102609442546534
29,0.9856140922463341,0.2936161684644686,-0.6919979237818654,5.101757182956204e-09,0.999999847273059,1.335260651941151e-08,1.071437664375348,36.33334419480509
30,1.221467628633606,0.6627052736966385,-0.5587623549369672,1.618121204765137e-06,0.9999827871824888,4.23504487263717e-06,1.250251113089758,13.63681643882522
31,1.185622692615888,0.1220282852788269,-1.063594407337062,2.275037315291005e-22,1,5.954355890273344e-22,1.231901608740174,14.38243533804111
32,0.9763033277323906,0.08962021061554555,-0.886683117116845,1.17054677962938e-17,0.9999999999999977,3.063621007568029e-17,1.087713143856507,30.63174705239354
33,0.9470311671332332,0.1237910980145221,-0.8232400691187112,5.363468462765963e-12,0.9999999994063637,1.403757196380408e-11,1.253157818497993,13.52853457537299
34,0.810771896344199,0.4824485911974746,-0.3283233051467244,0.004856945331619146,0.981860289503801,0.01277391327400032,1.115168333616418,24.51889571113306
35,1.059434604548085,0.2110239535413743,-0.8484106510067108,8.442361381469478e-14,0.9999999999943018,2.209582404723908e-13,1.141903040831744,20.76721577407212
36,0.8930673730152641,0.4796338488805754,-0.4134335241346887,0.0005569784328199323,0.9968491463311295,0.001458567738312199,1.135097028186644,21.58595597610909
37,1.000704419894098,0.07756414139090348,-0.923140278503194,5.847409200179516e-18,0.9999999999999988,1.530416893820216e-17,1.160715481445915,18.8554387780401
38,0.8061092578755413,0.4942713314267621,-0.3118379264487793,0.007029607152744345,0.9751309933664757,0.0185285323558544,1.134229422042827,21.69610229822059
39,1.007381423154526,0.1928490010792424,-0.8145324220752838,3.498019489937029e-11,0.9999999980756465,9.155213769432997e-11,1.138173760995022,21.20615485034762
40,1.002606114807634,1.225791604158731,0.2231854893510967,0.8150426395284356,0.0009753552594478129,11.53333681480777,1.406093262060267,10.01469832589909
41,1.064985835406229,0.4286685808935322,-0.6363172545126969,1.570052851462849e-06,0.999982568330928,4.109237267985431e-06,1.197038139485095,16.17633001715514
42,0.9746211349606042,0.1364006920353453,-0.8382204429252589,6.027987010364427e-12,0.9999999994189388,1.577678736108109e-11,1.323784380612293,11.49261145892677
43,0.8246538213082986,0.6977210919539847,-0.1269327293543139,0.1078668328635139,0.6998574972613675,0.316449567289537,1.326733516006253,11.4267200116062
44,1.082626383234471,0.2252448204433813,-0.8573815627910899,5.983888350549152e-14,0.9999999999961396,1.566136986297079e-13,1.155687326058231,19.32236981357176
45,0.7817428689446378,0.5494586655966067,-0.2322842033480311,0.1664572553913818,0.7665967505407674,0.5226622314386304,1.119115715790474,23.86289260244363
46,1.131387790125194,0.3443336462011053,-0.7870541439240888,8.042634422730558e-11,0.9999999968354804,2.104963612257358e-10,1.296030969210816,12.17707227467955
47,1.151862868656101,0.1310599657842227,-1.020802902871878,3.302208326474823e-18,1,8.642725755528965e-18,1.068499563906515,37.63205872973905
48,1.141075223885983,0.9442370095479511,-0.1968382143380316,0.0846486933586508,0.7156912337045029,0.2420353035316681,1.616506452586635,8.04973261587867
49,1.021430641199634,0.1624129775374499,-0.8590176636621838,3.182996156760609e-12,0.9999999997634482,8.330716945783806e-12,1.248840888513061,13.69025460110327
50,1.091200312285019,0.2941478679127192,-0.7970524443722995,4.565127712689644e-11,0.9999999978536744,1.194810955602616e-10,1.150751562672598,19.81019793397903
51,1.097751421587634,0.4061280423559538,-0.6916233792316804,5.973115691078013e-08,0.9999989977542999,1.563317598520664e-07,1.116756441243816,24.24984339806585
52,1.122961552945677,0.7809157858501027,-0.3420457670955747,0.02096407503233114,0.939577665204804,0.05604325375664249,1.160672081161462,18.85934716978901
53,0.8520643340186975,0.5067983625247737,-0.3452659714939238,0.005415982654039732,0.9804595026874028,0.0142522047587608,1.137310211532992,21.31108946061677
54,0.8374520756882837,0.3013689151988671,-0.5360831604894166,3.34687917112792e-07,0.9999937495230045,8.759643739699816e-07,1.035735704085909,64.81985253704482
55,1.032034081527887,0.3221112623212493,-0.7099228192066381,7.093852803349288e-09,0.9999998368879828,1.856643152184584e-08,1.029997213861153,74.82229535618453
56,1.167621708414642,0.7233193268077807,-0.444302381606861,0.001398284118319652,0.992645616351443,0.003664792427472733,1.158399035333719,19.06696286137531
57,1.116831496964878,0.4738987055926333,-0.6429327913722448,4.139412206775404e-06,0.999946518603563,1.083394778483137e-05,1.317615932459071,11.63439495498349
58,0.8624644840168274,0.2829074599480851,-0.5795570240687423,1.64709018691355e-06,0.9999739977340193,4.31086437307098e-06,1.097275360852664,28.12941255231414
59,0.925275514014254,1.223822165553451,0.2985466515391971,0.9518531408275978,0.0005762798037671941,51.74260029864694,1.209612862133489,15.46150504187082
60,1.131027612701643,0.2797803763172221,-0.8512472363844206,1.971169367327075e-11,0.9999999993796559,5.15905556995244e-11,1.140071806537446,20.97992151920387
61,1.21341144926913,0.722199460100826,-0.4912119891683043,6.609821839015514e-05,0.9995578887835928,0.0001730074181689477,1.260477581523607,13.26648152454262
62,1.021793102254386,0.352027453181717,-0.6697656490726687,3.006635897577341e-09,0.9999999128300001,7.869136958829839e-09,1.378495959135166,10.4380598377122
63,0.9386325518399042,0.4498410572627329,-0.4887914945771713,0.0001674946614238403,0.9990287067899946,0.0004384499064550696,1.137945563783191,21.23376058326303
64,1.073630439227772,0.3721050401854561,-0.7015253990423155,7.718983034274428e-09,0.9999998103981156,2.020255762088434e-08,1.043859657626095,54.67735570123992
65,1.194813302587242,0.893662471887121,-0.3011508307001206,0.01697668941090088,0.884440750848826,0.04519968947881858,1.670791967859582,7.747640387701169
66,0.9329085714150788,0.2869677092270075,-0.6459408621880712,5.035383082903976e-09,0.9999998664734331,1.317888848192809e-08,1.036070493710734,64.3225949730501
67,1.181993217859694,0.7111868273449455,-0.4708063905147486,0.0003734812861964816,0.997596832024626,0.0009778614858502951,1.202738388611332,15.84148231579004
68,0.7153007958597685,0.5206915892108759,-0.1946092066488926,0.07247528201348814,0.8434452852681797,0.2045081811363293,1.117141213598713,24.18571253739253
69,1.21232654430119,0.7364549516113559,-0.4758715926898345,4.681734771607451e-05,0.9995703807136739,0.0001225387381631463,1.302150736872696,12.01534050777753
70,1.202560215342238,0.7748307878965207,-0.4277294274457174,0.0009041904057924266,0.9946019615395777,0.00236863979460509,1.310934521277452,11.79432383008957
71,1.188552332514077,0.4535367976151942,-0.7350155348988829,5.827299865319368e-08,0.9999989135887007,1.525153854232986e-07,1.452569252968734,9.419810830987419
72,1.068415668183924,0.4455014281668134,-0.6229142400171102,8.990829842821618e-06,0.9999164462197336,2.353151818567643e-05,1.258334057366905,13.34169468957343
73,0.9018273387828508,0.4030960473001427,-0.4987312914827081,6.394037007581697e-06,0.9999261085076465,1.673494104933458e-05,1.244299832127136,13.86648568207353
74,0.9850485356440108,1.153072777540147,0.168024241896136,0.7008313215384629,0.07169268013014067,6.131174043200801,1.313559828320684,11.73066992064315
75,0.9825499672357992,0.3344497767043196,-0.6481001905314796,2.44678038596393e-07,0.9999966769832962,6.40385310173322e-07,1.024885408756018,86.96707591797832
76,0.8056249225047468,0.4611635069993257,-0.3444614155054211,0.001196779123283902,0.9934357071333031,0.003136030912248808,1.192511053986613,16.45614250836702
77,1.03197077587216,0.8544291910007373,-0.1775415848714226,0.1241884434667214,0.7112819900933806,0.3711220655761919,1.132126856250794,21.96883658778886
78,1.078578928836583,1.22169974634001,0.1431208175034271,0.5828807987744856,0.0117243696290199,3.657344172066521,1.621397635440339,8.020262682020855
79,1.10681675502875,0.718060971769263,-0.3887557832594872,0.01031604035722231,0.9569203634349517,0.02728115577332541,1.118487315414941,23.96450908922993
80,1.893906315296682,0.4387667036906712,-1.455139611606011,0.0001736567295505727,0.9994940825936272,0.0004545831218706929,1.028332565375981,78.36826204690045
81,1.045723669170748,0.7049371253747454,-0.3407865437960029,0.01068932539369165,0.9478502072285876,0.02827898821322935,1.087673905427533,30.64308126533908
82,1.189209769886205,0.4602923393414371,-0.7289174305447683,2.770239752208849e-08,0.9999993896557001,7.250427820290539e-08,1.401968526050298,10.07423894485313
83,0.9103895473894813,0.6887578243872536,-0.2216317230022277,0.03015733958749455,0.8670496513410344,0.08138380807367064,1.157170588157513,19.18160249251016
84,1.226951057332896,0.7814177304205016,-0.4455333269123943,3.827955163316853e-05,0.9992207325901031,0.0001001912353731456,1.39242800364106,10.21680985164995
85,1.084459899011306,0.6970028709819008,-0.3874570280294051,0.005873808954749617,0.9712523702527204,0.01546409701536726,1.100433920776379,27.40277055066059
86,1.11337658697004,0.6058134359515982,-0.5075631510184414,0.0001669266506760344,0.9984100325663604,0.0004369627794255378,1.179421207250936,17.34308128203309
87,0.8031573301015295,0.7928712657980721,-0.01028606430345735,0.3719279656132846,0.3852427629019791,1.549871322729209,1.218930098697756,14.98405404349288
88,1.044242612954176,0.3903526677942681,-0.6538899451599076,1.126771999779033e-06,0.9999885038425237,2.9490545093631e-06,1.139926699274467,20.99700718455863
89,1.017995779637852,0.8013432580153076,-0.2166525216225449,0.09469474544158504,0.790549488624794,0.2737644831216711,1.174501768592087,17.71008863616872
90,0.9533060843970684,0.7707066480502924,-0.182599436346776,0.09430899550125038,0.765887551512315,0.272533145818454,1.121003451081875,23.56374813331755
91,0.692016081076869,0.58333651758273,-0.108679563494139,0.3340625562087601,0.579629602487052,1.31292715125344,1.164047584457541,18.56139196967596
92,1.044397577573235,1.226546725086042,0.1821491475128068,0.6951455927142309,0.0005054510710580474,5.968010245202598,1.516877513813623,8.775981637389863
93,1.202608122578391,0.804616578313168,-0.3979915442652227,0.001108038039295755,0.9911883775638834,0.002903236505651035,1.302917901344433,11.9955265324817
94,0.8627805125849152,1.205686671519599,0.3429061589346835,0.9775146234307416,0.001031578810765505,113.7808993568906,1.131540572282284,22.04638982398894
95,1.14718241308615,1.080165467996847,-0.06701694508930345,0.1795903057913661,0.4438879343679764,0.5729257881080901,1.491808476881368,9.006499329630548
96,1.222801420866755,0.7557855222577073,-0.4670158986090472,2.424403777772194e-05,0.9997177269889648,6.345440053759675e-05,1.336726149410062,11.21206250666968
97,0.9786348628823101,1.222854643406639,0.2442197805243291,0.8354820676695575,0.003140449167623476,13.29138244741392,1.331840050963277,11.31540332675935
98,0.7326383460925245,1.141891245009474,0.4092528989169493,0.9876473632171459,0.0008632204945552901,209.2610987882797,1.219227712709617,14.96946292201586
99,1.158972192453771,0.7457144161682046,-0.4132577762855665,0.002834108676232357,0.9870332600530494,0.007438670969189705,1.161884945953278,18.75089275253901
100,1.16013773454664,1.225448261643807,0.06531052709716634,0.2873599884284584,0.005405498910505587,1.055364203623838,1.541058248378417,8.574367173455796