ObservedSChanges	ObservedNSChanges	E[SSites]	E[NSSites]	ObservedS.Prop.	P{S}	dS	dN	dN-dS	P{Sleq.observed}	P{Sgeq.observed}	ScaleddN-dS
26	1	0.9990335839959161	2.000966416004083	0.9629629629629629	0.3330111946653055	26.02515112255354	0.499758512687581	-25.52539260986596	0.9999999999998741	7.034817173234842e-12	-1.164420291252016
28	3	0.9926423833464083	2.00735761665359	0.9032258064516129	0.3308807944488029	28.20754026803294	1.494502013548147	-26.71303825448479	0.9999999999974699	5.039790806904421e-11	-1.218598446649975
28	2	0.5606786459968581	2.287247604312374	0.9333333333333333	0.1968726001721354	49.93947994972668	0.8744134199678262	-49.06506652975886	1	-2.220446049250313e-16	-2.238255839277426
21	22	0.6610431305631742	2.311365096221071	0.4883720930232558	0.2223931170040987	31.76797251052151	9.518184745442658	-22.24978776507885	0.9999689673660499	0.0001119993378221329	-1.01499337329271
12	0	0.9999999999999996	1.999999999999999	1	0.3333333333333333	12.00000000000001	0	-12.00000000000001	0.9999999999999999	1.881676423232115e-06	-0.5474173780043405
19	2	0.9942931470950827	2.005706852904916	0.9047619047619048	0.3314310490316943	19.10905255206698	0.9971546924234463	-18.11189785964353	0.9999999963241121	7.611653807249041e-08	-0.8262306364173739
17.5	4.5	0.9776967507949953	2.021309423661039	0.7954545454545454	0.3260069149315212	17.89921055354865	2.22627963206618	-15.67293092148246	0.9999984080118719	1.26167854511694e-05	-0.7149695625567567
18	1	0.560678645996858	2.272296731346948	0.9473684210526315	0.1979115845766897	32.10395139625287	0.4400833686044299	-31.66386802764844	0.9999999999999575	3.34965388759656e-12	-1.444445967764231
22	1	0.998956331056441	2.000521834471778	0.9565217391304348	0.3330433748566798	22.02298470518127	0.4998695754120784	-21.5231151297692	0.999999999989588	4.899720629225612e-10	-0.98184393756865
27.5	6.5	0.9470472763945603	2.052242489792134	0.8088235294117647	0.3157571792733582	29.03762112562468	3.167267041946085	-25.87035408367859	0.9999999992013412	7.198191709356649e-09	-1.180156783377601
20.5	29.5	0.6873393411996409	2.253591852916523	0.41	0.2337148664255665	29.82515152445738	13.09021416714037	-16.734937357317	0.9981414215842606	0.004579811814033774	-0.7634162941007799
20	25	0.6045242249093559	2.39497723570547	0.4444444444444444	0.2015415671061027	33.08386856291633	10.43851257844459	-22.64535598447174	0.9999427654836888	0.0001967562901642461	-1.033038449749535
27	6	0.9720159015070999	2.02770320825183	0.8181818181818182	0.3240356399853769	27.77732335256738	2.959012924368186	-24.81831042819919	0.9999999992784221	7.176904959216301e-09	-1.132164535091882
19	11	0.5614552754944082	2.291496786371046	0.6333333333333333	0.1967980054762261	33.84062957333318	4.800355848379901	-29.04027372495328	0.9999999712062705	2.179738317620306e-07	-1.324762541586855
27.5	13.5	0.90113231093992	2.096806682888683	0.6707317073170732	0.3005839387642453	30.51716120501363	6.438361776585723	-24.0787994284279	0.999999701545074	1.451685482711795e-06	-1.098429437383534
11	4	0.9939047395353134	2.003824929812084	0.7333333333333333	0.3315524911062729	11.06745904556497	1.996182371268888	-9.071276674296081	0.9997307478466295	0.001719616570662108	-0.4138145410162578
10	12	0.8984702371875154	2.058427254690304	0.4545454545454545	0.3038557270434591	11.13002922757134	5.8296935063685	-5.30033572120284	0.9576416543836037	0.09855777604376548	-0.2417913235869669
21	24	0.5855375247664518	2.393592766233695	0.4666666666666667	0.1965464640923364	35.86448197043577	10.02676827009461	-25.83771370034115	0.9999899248815777	3.882199148264043e-05	-1.178667790622298
28	5	0.9974028594263974	2.001687829479444	0.8484848484848485	0.3325684225275229	28.07290929174065	2.497891992129608	-25.57501729961104	0.9999999998815868	1.406857519370419e-09	-1.166684076047393
17	2	0.9986797590512477	2.000660120474376	0.8947368421052632	0.3329665190225788	17.02247376691614	0.9996700486666275	-16.02280371824952	0.9999999670865004	6.11144000406405e-07	-0.7309300999768621
28	28	0.7394721983385624	2.241021637552426	0.5	0.2481039180265591	37.86484476753836	12.49430149660702	-25.37054327093134	0.9999869011333964	4.232339675680485e-05	-1.157356356326574
18	33	0.6104715997930452	2.350712034676873	0.3529411764705883	0.2061579676068708	29.48540113266882	14.03829967822331	-15.44710145444551	0.9953645074618165	0.01083626153947059	-0.7046676479966326
22	6	0.9682743858017419	2.031190183081485	0.7857142857142857	0.322815743798652	22.72083236177291	2.95393314224151	-19.7668992195314	0.9999999212536093	6.506020299168469e-07	-0.9017286785026598
19	45	0.6554058577187071	2.198516385878416	0.296875	0.2296509160994606	28.98967071508017	20.46834869598676	-8.521322019093404	0.9199445430648612	0.1303761421946686	-0.3887266464018969
19.66666666666666	13.33333333333333	0.9773188665921614	2.014977725314453	0.5959595959595959	0.326611629754736	20.12308095027662	6.617112023534932	-13.50596892674169	0.9995287990771626	0.001526660956338133	-0.6161168414404192
19	3	0.5606786459968579	2.274555545998228	0.8636363636363636	0.1977539095641062	33.88750425160026	1.318938992401435	-32.56856525919883	0.9999999999987279	3.490929767480111e-11	-1.485716549962823
29	3	0.5606786459968579	2.282093836810494	0.90625	0.1972295177991751	51.72303280507408	1.314582227781163	-50.40845057729292	0.9999999999999988	1.221245327087672e-15	-2.299538487023589
20	9	0.5598850286326724	2.283357238544103	0.6896551724137931	0.1969178058078799	35.72161957758212	3.941564573460485	-31.78005500412164	0.9999999987678942	1.192735477051343e-08	-1.449746198599165
23.5	27.5	0.5718139114755805	2.420937526288418	0.4607843137254902	0.191066289121159	41.09728624712478	11.35923570987837	-29.73805053724641	0.9999965083014025	1.320745939581425e-05	-1.356593804338333
23	16	0.9656876567031907	2.022193725184502	0.5897435897435898	0.3232014706330429	23.81722479349156	7.912199410340955	-15.90502538315061	0.9998321442626612	0.0005495433851325782	-0.7255572743613986
13	9	0.5708147364348759	2.272775422084626	0.5909090909090909	0.200737344207179	22.77446458581955	3.959916106337095	-18.81454847948245	0.9999894349502484	6.746281403324783e-05	-0.8582842330811528
17	3	0.560678645996858	2.27574233111334	0.85	0.1976711674753191	30.32039854090549	1.318251174126703	-29.00214736677879	0.9999999999733499	6.590599177513923e-10	-1.323023289001461
25	38	0.6432698112720152	2.295171596179631	0.3968253968253968	0.2189153098784735	38.8639410118819	16.55649628256637	-22.30744472931552	0.9995720795706589	0.001084825956590429	-1.017623575308221
27.5	25.5	0.9217715254325367	2.031487581760111	0.5188679245283019	0.312120099177064	29.83385713406124	12.55237798594191	-17.28147914811933	0.9994015679297752	0.00151465884004176	-0.7883485002750138
16.83333333333333	52.16666666666667	0.6097364066563649	2.305401854218784	0.2439613526570048	0.2091620884126837	27.60755819985054	22.62801453516833	-4.979543664682215	0.8055854837256727	0.2814073368429303	-0.2271573947148718
26	38	0.6547382701991161	2.322877554079324	0.40625	0.2198867512929669	39.71052431698088	16.3590198429815	-23.35150447399938	0.9997649367230405	0.0006138928480692307	-1.065251612634447
17	16	0.5697991626182592	2.401944098953921	0.5151515151515151	0.1917390273871811	29.8350736808458	6.661270762699353	-23.17380291814644	0.9999936092327335	3.115940748443791e-05	-1.057145202653421
33	41	0.6550560083426864	2.281149926722093	0.4459459459459459	0.2230960711985055	50.37737167466199	17.97339119174648	-32.40398048291551	0.9999941251192915	1.74022261693052e-05	-1.478208502738452
36	22	0.9837383827409073	2.002981685331331	0.6206896551724138	0.3293708015213678	36.5950954355326	10.98362514301312	-25.61147029251948	0.9999985273168051	5.180748773980781e-06	-1.168346992863922
22	11	0.5705846426630821	2.269471486538527	0.6666666666666666	0.2009061147757962	38.55694379946802	4.846943469105912	-33.71000033036211	0.9999999989801581	8.626408476430925e-09	-1.537786666114356
28.5	25.5	0.6055231657402866	2.294297608937155	0.5277777777777778	0.2088139967228289	47.06673767824741	11.1145127383073	-35.9522249399401	0.9999999299295468	3.062693333388822e-07	-1.640072725837022
18.5	44.5	0.6836816826228427	2.191227727817196	0.2936507936507937	0.2378098176381137	27.05937641773217	20.30824977024589	-6.751126647486281	0.8787716846434861	0.1868930690045369	-0.3079736706618477
14	26	0.5642369961891421	2.333893686718513	0.35	0.194689977065855	24.81226877102358	11.1401818120329	-13.67208695899067	0.9938734340932377	0.01549072359883585	-0.6236948329115007
25	27	0.7093234597085315	2.255936694409444	0.4807692307692308	0.2392112067210918	35.24485149592086	11.96842095210833	-23.27643054381253	0.9999594601804307	0.0001281770913958979	-1.061826881466166
19.5	5.5	0.5810836714594237	2.250359578091288	0.78	0.2052252580204915	33.55798993804915	2.444053854124502	-31.11393608392465	0.9999999998329626	2.225019724022559e-09	-1.419359109204722
26	39	0.6988936055338549	2.225412163555801	0.4	0.2389947087343819	37.20165672447341	17.52484354973828	-19.67681317473513	0.9987432474970027	0.00289108706430663	-0.8976191229662303
24	30	0.8445155223919477	2.057505215862335	0.4444444444444444	0.2910094718688909	28.41866059729021	14.5807649811602	-13.83789561613001	0.9944931112728583	0.01181553630530496	-0.6312587112733036
21	17	0.5789798273520337	2.273720198188507	0.5526315789473685	0.2029585382859617	36.27069374082267	7.476733510809312	-28.79396023001336	0.9999995864291142	2.150721331251049e-06	-1.313526184289597
27	38	0.5898218998035006	2.392306096726976	0.4153846153846154	0.1977855747606146	45.7765301847813	15.8842549672007	-29.8922752175806	0.9999839763364295	4.92222286582189e-05	-1.363629243516008
23	52	0.6262056217196309	2.332872367542031	0.3066666666666666	0.211621871404572	36.72914966307619	22.29011784934828	-14.43903181372791	0.9811356568171947	0.03447995753448718	-0.6586814113660157
12.5	40.5	0.6021940379157864	2.355175937376625	0.2358490566037736	0.2036248568650069	20.75742902281616	17.19616753774752	-3.561261485068645	0.7754889947225889	0.3325893597323284	-0.1624580353786767
25	47	0.6979490465317391	2.133678768802352	0.3472222222222222	0.2464833276294792	35.81923368794678	22.02768321418009	-13.79155047376669	0.9801028070861182	0.0358096067705227	-0.6291445332469899
17.5	25.5	0.9937417381381454	1.969508773576143	0.4069767441860465	0.3353552911607361	17.61020930124928	12.94739091397815	-4.662818387271134	0.8723675549513041	0.2038567393882798	-0.2127089846391992
28	38	0.574238786050665	2.392595917974869	0.4242424242424243	0.1935526725744148	48.76020338606937	15.88233086687024	-32.87787251919913	0.9999954352567503	1.487995128812702e-05	-1.499826564068412
26.5	39.5	0.5902524065413277	2.292797253927258	0.4015151515151515	0.2047319595755396	44.89604736265408	17.22786431828708	-27.668183044367	0.9999157096329476	0.0002319507722110536	-1.262170351357628
19.5	58.5	0.7356399480932136	2.158660741771521	0.25	0.2541684596452879	26.50753272785716	27.1001361483007	0.5926034204435453	0.5262800390986988	0.5763231511857841	0.02703345088463411
21	47	0.6510881793295592	2.182953973886052	0.3088235294117647	0.2297383539587828	32.25369568469849	21.5304585264945	-10.72323715820399	0.9510370885641514	0.08295273411391979	-0.4891738640718953
21	47	0.7482360746749803	2.173282640644433	0.3088235294117647	0.256112025143462	28.06600845745376	21.62627130084806	-6.439737156605695	0.8707256007073689	0.1940378702877124	-0.2937686691088513
23.16666666666666	60.83333333333334	0.6202263677067096	2.317416059057083	0.2757936507936508	0.2111306543151925	37.35195385569553	26.2505013269328	-11.10145252876273	0.9390877000409389	0.09726948620284692	-0.5064273362779121
23	20	0.9854150835493287	2.005218442211011	0.5348837209302325	0.3295004469993683	23.34041804714129	9.973975692118326	-13.36644235502297	0.9983209739737878	0.004316484708566382	-0.6097519022694028
23.83333333333333	31.16666666666666	0.6142810050621196	2.223322926056625	0.4333333333333333	0.2164787686983275	38.79874705050202	14.01805662209633	-24.78069042840569	0.9999038572040306	0.000282631910401121	-1.130448381621258
20.5	56.5	0.6830863771537175	2.300901973706196	0.2662337662337662	0.2289172398936706	30.0108458983172	24.55558761114546	-5.455258287171748	0.818968712601157	0.2572421203161355	-0.2488585989916673
22	22	0.9551434473620017	2.04117998299085	0.5	0.3187718113760244	23.03318947615828	10.77807943607422	-12.25511004008406	0.9960447552228001	0.009351116502198553	-0.5590550171081237
26.66666666666666	42.33333333333334	0.9610476444357129	2.013400287323242	0.3864734299516908	0.323101182634383	27.74749703728187	21.02579084738996	-6.721706189891911	0.8922166231796179	0.1610197151162687	-0.3066315648488479
25.5	52.5	0.6551805288905185	2.149332652725145	0.3269230769230769	0.2336164911562558	38.92057055355667	24.42618639484916	-14.49438415870751	0.977368513910458	0.03959555126833869	-0.6612064809956092
23.5	51.5	0.6510673156366723	2.30652987822071	0.3133333333333334	0.2201338698146152	36.09457798848278	22.32791367078576	-13.76666431769701	0.9773088125938467	0.04041405387412533	-0.6280092737216342
14	26	0.6024347907936995	2.379422994184452	0.35	0.2020333745722597	23.2390297073567	10.92701888800209	-12.3120108193546	0.9912942282872178	0.02109785310612255	-0.561650723391014
18.66666666666666	59.33333333333334	0.5497823731456292	2.340241805965813	0.2393162393162393	0.1902345236830038	33.95282857081004	25.35350542925908	-8.599323141550958	0.8897256694174241	0.1697368164468702	-0.3922849105633227
24.5	56.5	0.9226037399802515	2.028773720090538	0.3024691358024691	0.3126010659301175	26.55527930173405	27.84933550769702	1.294056205962967	0.4754557625222569	0.6181641862916242	0.05903240460487433
23.5	73.5	0.7715356930469982	2.038827860154509	0.2422680412371134	0.2745323437489363	30.4587334219008	36.05012538647079	5.59139196456999	0.2798975031542391	0.7924249320295274	0.2550687607199534
17	50	0.7354997838601751	2.231695527733195	0.2537313432835821	0.2478771050178073	23.11353500442612	22.40448993989185	-0.7090450645342621	0.6081515295617039	0.5025784235244333	-0.03234529917618867
31	44	1.242288290032433	1.72378266541513	0.4133333333333333	0.4188329641105901	24.95395010057662	25.5252595833499	0.5713094827732803	0.510702191516486	0.5820875429345884	0.02606206159073041
25.33333333333334	51.66666666666666	0.6342877413897086	2.261702412536598	0.329004329004329	0.219022754801068	39.93981229690588	22.84414889433674	-17.09566340256914	0.9906876321628497	0.01773250245346403	-0.7798719362565963
27	54	0.7100454558968193	2.192473936333878	0.3333333333333333	0.244630736248457	38.02573451568363	24.62971126137788	-13.39602325430575	0.9734231046722401	0.04534032538587829	-0.6111013271297686
11.5	34.5	0.9700952634606869	2.008516089579602	0.25	0.3256870898818351	11.85450587499548	17.17686016009019	5.322354285094709	0.1777083779548914	0.8942192823828881	0.2427957689630593
21	35	0.936326793426528	2.033171732647068	0.375	0.3153147863873774	22.42806693926764	17.21448288799102	-5.213584051276626	0.8648038470846335	0.2051975118427937	-0.2378338759462581
12	50	0.6511638266416659	2.16816835211608	0.1935483870967742	0.2309638543297092	18.42854211034603	23.06093987175913	4.632397761413102	0.2985763118868668	0.800131242600097	0.2113212530354947
28.66666666666666	62.33333333333334	0.7457380226671426	2.15091314237415	0.315018315018315	0.2574483360879638	38.4406665549115	28.97993977782413	-9.460726777087373	0.9120005719745469	0.1303275513824613	-0.4315805205273853
23	69	0.6413231515445184	2.283721110029038	0.25	0.2192524605420884	35.86335522834064	30.21384690844437	-5.649508319896274	0.8012284886906325	0.2735746123117926	-0.2577199192909437
14	31	0.5794169299075894	2.249957893460583	0.3111111111111111	0.2047862040483679	24.16222115262121	13.77803562017775	-10.38418553244347	0.9695810514579918	0.06172242463836186	-0.4737069680734006
15.16666666666667	48.83333333333333	0.5974189841428745	2.208581753191982	0.2369791666666667	0.2129076361933903	25.38698479497851	22.11072026777198	-3.276264527206536	0.7377440736069587	0.3665689564357348	-0.1494570114276693
24.5	61.5	0.7640908373962979	2.169054437204796	0.2848837209302326	0.2605022137883074	32.06425048033	28.35336861312409	-3.710881867205917	0.7403700709106942	0.3425983866219154	-0.1692834351524761
31.66666666666666	63.33333333333334	0.7736553579193556	2.219677311696409	0.3333333333333333	0.2584595310011649	40.93123164276921	28.53267589825039	-12.39855574451882	0.9590540351319796	0.06441501942826611	-0.5655987397254286
31.5	60.5	0.8670996070824388	2.03336438451757	0.3423913043478261	0.2989520330518267	36.32800631289545	29.75364399055021	-6.574362322345241	0.8454957012262404	0.2128272481811408	-0.2999100153790631
20.5	50.5	0.784354681269358	2.179515919591385	0.2887323943661972	0.2646386387589161	26.13613520712834	23.17028269720908	-2.965852509919266	0.7265830323899548	0.3665783118556252	-0.1352966003772997
22.5	56.5	0.6755373195607017	2.195283234120076	0.2848101265822785	0.2353115797135324	33.30682013931018	25.73699790617068	-7.569822233139501	0.8756473118694466	0.1836486451050832	-0.3453210199020155
32.25	67.75	0.6960902234174643	2.216313629547576	0.3225	0.2390088252042359	46.33020105018598	30.56877830680943	-15.76142274337656	0.9778239427723562	0.03657505038513087	-0.7190063926497643
13	48	0.6695059058527958	2.293566656569783	0.2131147540983606	0.225949885380267	19.41730444250675	20.92810333744035	1.5107988949336	0.4767240203255313	0.6436101631055682	0.06891979747970053
13.5	64.5	0.4717178476626726	2.321478504901164	0.1730769230769231	0.1688810194921274	28.61880267386853	27.78401775585084	-0.8347849180176894	0.60925390623719	0.5075869416179091	-0.03808131425156765
32	64	1.056798026710447	1.782345775486876	0.3333333333333333	0.3722241986800915	30.2801473802976	35.90773512087878	5.62758774058118	0.2490309164504819	0.8137780823986759	0.2567199437865266
27.5	68.5	0.7122787929775835	2.044228448348862	0.2864583333333333	0.2583990284149703	38.60847784761362	33.50897501467018	-5.099502832943443	0.7727207886362427	0.3010441646436042	-0.2326297058279671
24	64	0.7050058379249301	2.212927057999351	0.2727272727272727	0.2416113951454025	34.04227129613578	28.9209713300992	-5.121299966036577	0.7921691462654524	0.2837014942915426	-0.233624049948455
21.16666666666667	73.83333333333334	0.5925190968804697	2.304878553237295	0.2228070175438596	0.2045004408892189	35.72318053224987	32.03350268916835	-3.689677843081519	0.7202113429040257	0.3685521346806212	-0.1683161475450329
17	69	0.6314294709197574	2.134858450662912	0.1976744186046512	0.2282587672791845	26.92303857030515	32.32064401205348	5.397605441748333	0.2979364647967033	0.7869308363790866	0.2462285848686526
16.5	69.5	0.6758624602551729	2.181834230961598	0.1918604651162791	0.2365060163076296	24.41325117209557	31.85393235368267	7.440681181587099	0.2020649252114431	0.8638820566697062	0.3394298485825539
24	64	0.6488469059378781	2.306953886792344	0.2727272727272727	0.2195164530484307	36.98869452927284	27.74221035210525	-9.246484177167591	0.9064402056085363	0.141276526841738	-0.4218071770019753
26.5	52.5	0.6519106177986564	2.227173856576483	0.3354430379746836	0.2264298333726882	40.64974442276159	23.5724749753936	-17.077269447368	0.9902502876488087	0.01826084060408251	-0.7790328386959848
17	75	0.699081553850912	2.247912059227586	0.1847826086956522	0.2372185507116302	24.31762060714517	33.36429452038752	9.046673913242358	0.1437927020749361	0.9070959539178953	0.4126922094372831
25.66666666666666	61.33333333333334	0.6492276671965066	2.143582777074632	0.2950191570881226	0.2324639212547562	39.53415413964165	28.61253318009744	-10.92162095954421	0.9298030287050131	0.1083346717391656	-0.4982237591025781
16	78	0.7285927109742584	2.088170285345655	0.1702127659574468	0.2586631221462939	21.96014283289377	37.35327551942856	15.3931326865348	0.0289486629824042	0.9844393148132171	0.7022056945446489