Codon,alpha,beta,beta-alpha,Prob[alpha<beta],Prob[alpha>beta],BayesFactor,PSRF,Neff
1,0.7246280263737986,0.4770912414862855,-0.2475367848875131,0.3983870769109857,0.5375664731837825,0.8404061985453768,1.013883856176199,135.3987938654357
2,0.5897629244833517,0.4770889998590189,-0.1126739246243328,0.4216781690656846,0.5121024594294792,0.9253641969371037,1.014366328888914,132.1217480597408
3,0.7246280263737986,0.4770912414862855,-0.2475367848875131,0.3983870769109857,0.5375664731837825,0.8404061985453768,1.013883856176199,135.3987938654357
4,0.7371995188601927,0.4662469238320558,-0.270952595028137,0.3915416580772332,0.5444579177835487,0.8166731689609711,1.01362472687056,137.2288902420958
5,0.5897629244833517,0.4770889998590189,-0.1126739246243328,0.4216781690656846,0.5121024594294792,0.9253641969371037,1.014366328888914,132.1217480597408
6,0.7184623558969079,0.4719957555218075,-0.2464666003751004,0.3968912666594268,0.5389155171096083,0.8351742327888123,1.013800851328317,135.979525752147
7,0.7100777525081664,0.4821668771612321,-0.2279108753469343,0.4027851103264702,0.533024258883306,0.8559412216185129,1.014026661644999,134.4115260916637
8,0.5897629244833517,0.4770889998590189,-0.1126739246243328,0.4216781690656846,0.5121024594294792,0.9253641969371037,1.014366328888914,132.1217480597408
9,0.7100280344568931,0.4574910238810575,-0.2525370105758356,0.3903355158187338,0.5452055239356247,0.8125467060165532,1.013500848392731,138.1218813079098
10,0.718507717213508,0.4892828744208992,-0.2292248427926089,0.4049630949582176,0.5310235000126011,0.8637194634824233,1.014142088666623,133.6242948099994
11,0.718507717213508,0.4892828744208992,-0.2292248427926089,0.4049630949582176,0.5310235000126011,0.8637194634824233,1.014142088666623,133.6242948099994
12,0.7184623558969079,0.4719957555218075,-0.2464666003751004,0.3968912666594268,0.5389155171096083,0.8351742327888123,1.013800851328317,135.979525752147
13,4.331723787543995,0.482225906153784,-3.849497881390211,0.1337877124625163,0.832390400340023,0.1960166892158896,1.009507997221537,175.0657107375879
14,0.8458291669345019,0.4788510509354301,-0.3669781159990719,0.3879726746520278,0.5492161908707499,0.8045100758808253,1.013736627113599,136.4323902904657
15,0.6424002550986125,0.4770758845717421,-0.1653243705268704,0.410525832562542,0.5242439021946774,0.8838465566195723,1.014137692777392,133.6541016575521
16,0.6424002550986125,0.4770758845717421,-0.1653243705268704,0.410525832562542,0.5242439021946774,0.8838465566195723,1.014137692777392,133.6541016575521
17,2.91038771386471,0.4681815417679789,-2.442206172096731,0.1511880635291442,0.810882064329479,0.2260513930505126,1.008668506581923,185.5768203443905
18,0.6170767990882764,0.4770789192204531,-0.1399978798678233,0.4153446746081351,0.5189844748278967,0.90159168578624,1.014240192476807,132.9626321058163
19,1.706129229656429,0.4774081924187273,-1.228721037237702,0.1882803058001419,0.7663399217341956,0.2943743553501906,1.008492041834043,187.9525315798581
20,0.6909004985642643,0.8783158649656615,0.1874153664013972,0.6164096641427036,0.3238014533982586,2.039402481723868,1.020437349150092,101.5055561532771
21,0.7246280263737986,0.4770912414862855,-0.2475367848875131,0.3983870769109857,0.5375664731837825,0.8404061985453768,1.013883856176199,135.3987938654357
22,0.7184623558969079,0.4719957555218075,-0.2464666003751004,0.3968912666594268,0.5389155171096083,0.8351742327888123,1.013800851328317,135.979525752147
23,5.012958254923261,0.4816986569681969,-4.531259597955064,0.05353605398780388,0.926309871699931,0.07178660981016557,1.005793850202518,233.941232631358
24,0.718507717213508,0.4892828744208992,-0.2292248427926089,0.4049630949582176,0.5310235000126011,0.8637194634824233,1.014142088666623,133.6242948099994
25,2.612011770958237,0.4330521225839098,-2.178959648374327,0.1448228956990819,0.8180093430709767,0.2149227175912273,1.007380133291722,204.4782700182415
26,0.7184409919581338,0.4634255322669976,-0.2550154596911363,0.3924629640009504,0.5432525741012635,0.8198361851691064,1.013612250964682,137.3182861480997
27,0.718507717213508,0.4892828744208992,-0.2292248427926089,0.4049630949582176,0.5310235000126011,0.8637194634824233,1.014142088666623,133.6242948099994
28,2.711484629113377,0.4908170807234543,-2.220667548389923,0.1631513963958998,0.7966656038146847,0.2474258443165845,1.00920617318829,178.7018854467729
29,0.7100777525081664,0.4821668771612321,-0.2279108753469343,0.4027851103264702,0.533024258883306,0.8559412216185129,1.014026661644999,134.4115260916637
30,0.7100777525081664,0.4821668771612321,-0.2279108753469343,0.4027851103264702,0.533024258883306,0.8559412216185129,1.014026661644999,134.4115260916637
31,0.7148156515790114,0.8581690497783807,0.1433533981993693,0.6087947580235153,0.3311675315071395,1.975001365851303,1.020562390568505,101.0277620699027
32,0.7100280344568931,0.4574910238810575,-0.2525370105758356,0.3903355158187338,0.5452055239356247,0.8125467060165532,1.013500848392731,138.1218813079098
33,2.71147889250365,0.4908170640105394,-2.220661828493111,0.1631514747117989,0.7966655112394769,0.2474259862410766,1.009206167971939,178.7019496239604
34,0.7100280344568931,0.4574910238810575,-0.2525370105758356,0.3903355158187338,0.5452055239356247,0.8125467060165532,1.013500848392731,138.1218813079098
35,0.6253329263071382,0.4594530907783351,-0.1658798355288031,0.4046533795569526,0.5295540730687484,0.8626099050742251,1.013844416197963,135.6740926485957
36,2.70536494101115,0.9233067370938002,-1.78205820391735,0.308541103417202,0.6268104408718973,0.5663016421969633,1.022479411797094,94.24684176626124
37,2.915139891125582,0.4685603826007795,-2.446579508524803,0.1511985268835516,0.8108918964195176,0.2260698242879689,1.008677423600649,185.4583979180067
38,0.7100280344568931,0.4574910238810575,-0.2525370105758356,0.3903355158187338,0.5452055239356247,0.8125467060165532,1.013500848392731,138.1218813079098
39,0.718507717213508,0.4892828744208992,-0.2292248427926089,0.4049630949582176,0.5310235000126011,0.8637194634824233,1.014142088666623,133.6242948099994
40,0.7100777525081664,0.4821668771612321,-0.2279108753469343,0.4027851103264702,0.533024258883306,0.8559412216185129,1.014026661644999,134.4115260916637
41,0.6170767990882764,0.4770789192204531,-0.1399978798678233,0.4153446746081351,0.5189844748278967,0.90159168578624,1.014240192476807,132.9626321058163
42,0.7391631211704969,0.8878872735910408,0.1487241524205439,0.6100799491870428,0.3301051529020936,1.98569409727245,1.021013431379028,99.34245083583886
43,0.7184409919581338,0.4634255322669976,-0.2550154596911363,0.3924629640009504,0.5432525741012635,0.8198361851691064,1.013612250964682,137.3182861480997
44,0.6170767990882764,0.4770789192204531,-0.1399978798678233,0.4153446746081351,0.5189844748278967,0.90159168578624,1.014240192476807,132.9626321058163
45,0.7184623558969079,0.4719957555218075,-0.2464666003751004,0.3968912666594268,0.5389155171096083,0.8351742327888123,1.013800851328317,135.979525752147
46,0.6423993674317541,0.4615195190959508,-0.1808798483358032,0.4025219251029732,0.5320309509304858,0.855005147874751,1.013815233135133,135.878538668559
47,0.7100777525081664,0.4821668771612321,-0.2279108753469343,0.4027851103264702,0.533024258883306,0.8559412216185129,1.014026661644999,134.4115260916637
48,5.107208294598043,0.4818468158026361,-4.625361478795407,0.05250838848325856,0.9276710248148486,0.07033224455125227,1.005829078675673,233.19330064669
49,0.7184623558969079,0.4719957555218075,-0.2464666003751004,0.3968912666594268,0.5389155171096083,0.8351742327888123,1.013800851328317,135.979525752147
50,1.50362067476366,0.4772317875011725,-1.026388887262488,0.1976478408540699,0.7552713688476895,0.3126282432735698,1.008564305213696,186.9721964601672
51,0.7184623558969079,0.4719957555218075,-0.2464666003751004,0.3968912666594268,0.5389155171096083,0.8351742327888123,1.013800851328317,135.979525752147
52,0.7100125763187861,0.4499167412469163,-0.2600958350718698,0.3860694980772501,0.5493871913331383,0.7980818634333293,1.013321543091105,139.4357985237565
53,0.7246280263737986,0.4770912414862855,-0.2475367848875131,0.3983870769109857,0.5375664731837825,0.8404061985453768,1.013883856176199,135.3987938654357
54,0.8458291669345019,0.4788510509354301,-0.3669781159990719,0.3879726746520278,0.5492161908707499,0.8045100758808253,1.013736627113599,136.4323902904657
55,0.7341008798448373,1.184445496432128,0.4503446165872903,0.6461313308075596,0.2964035307973256,2.317287127401685,1.021914312399985,96.14534585928553
56,0.6424002550986125,0.4770758845717421,-0.1653243705268704,0.410525832562542,0.5242439021946774,0.8838465566195723,1.014137692777392,133.6541016575521
57,0.5698173937543074,1.197168709429463,0.6273513156751553,0.6828888038542446,0.2618869323045406,2.73299966272913,1.019341737685882,105.9018419332205
58,0.6170767990882764,0.4770789192204531,-0.1399978798678233,0.4153446746081351,0.5189844748278967,0.90159168578624,1.014240192476807,132.9626321058163
59,0.5239754394833559,0.514103034845355,-0.009872404638000876,0.4584331330056003,0.4745332949660012,1.074298757861288,1.015216090947882,126.7301579068265
60,0.7099813633292495,0.4317913325607129,-0.2781900307685366,0.3752151827941242,0.5600374373520345,0.7621686790275698,1.012873847421136,142.8314433111881
61,0.7246280263737986,0.4770912414862855,-0.2475367848875131,0.3983870769109857,0.5375664731837825,0.8404061985453768,1.013883856176199,135.3987938654357
62,0.8458291669345019,0.4788510509354301,-0.3669781159990719,0.3879726746520278,0.5492161908707499,0.8045100758808253,1.013736627113599,136.4323902904657
63,0.5945576051062119,1.698952749558088,1.104395144451876,0.7826435322171233,0.1685438264031157,4.569751606937665,1.019111086659424,106.8782501580037
64,1.510033744007969,1.174219940878307,-0.3358138031296616,0.4140623587903153,0.5113423268227092,0.8968411252932295,1.021780635157944,96.60616184214511
65,0.5897629244833517,0.4770889998590189,-0.1126739246243328,0.4216781690656846,0.5121024594294792,0.9253641969371037,1.014366328888914,132.1217480597408
66,0.7184409919581338,0.4634255322669976,-0.2550154596911363,0.3924629640009504,0.5432525741012635,0.8198361851691064,1.013612250964682,137.3182861480997
67,5.351366062929849,0.4402466284147583,-4.911119434515091,0.109562195487747,0.8617790314053977,0.1561558640402207,1.008343477738916,190.0012975040587
68,3.873946547573258,0.4366825373532002,-3.437264010220058,0.3046125146131622,0.6414607042425808,0.55593246021025,1.010962136213388,159.4729715231602
69,0.5897608544419638,0.4770865348244407,-0.1126743196175231,0.421677949802359,0.5121026181120107,0.9253633649284945,1.014366341837348,132.1216623014161
70,2.16184124530785,0.4658619893588337,-1.695979255949017,0.168468488754911,0.7898810922704091,0.2571231203551166,1.008262129321448,191.1425594477901
71,2.815628302953592,0.8061349597501982,-2.009493343203394,0.2827341403898772,0.6567946468362419,0.5002640040044252,1.023385741227522,91.35974013505675
72,0.9288877510404442,0.4362236364303252,-0.492664114610119,0.3592985655909333,0.5783327872779884,0.7117065267883844,1.012613029238604,144.8892027287247
73,0.7371995188601927,0.4662469238320558,-0.270952595028137,0.3915416580772332,0.5444579177835487,0.8166731689609711,1.01362472687056,137.2288902420958
74,0.7184409919581338,0.4634255322669976,-0.2550154596911363,0.3924629640009504,0.5432525741012635,0.8198361851691064,1.013612250964682,137.3182861480997
75,0.7217566976415777,1.576773945417,0.8550172477754219,0.7488547580641333,0.197942978407961,3.784197551565226,1.020756148239119,100.2965581538621
76,0.7192354831674173,0.9136836475866156,0.1944481644191983,0.6172593782225048,0.3231888354960763,2.046747650188342,1.020966487329557,99.51512815575818
77,0.6170767990882764,0.4770789192204531,-0.1399978798678233,0.4153446746081351,0.5189844748278967,0.90159168578624,1.014240192476807,132.9626321058163
78,0.7371473992900454,0.4497285250812734,-0.287418874208772,0.3825856195634075,0.5532483999553658,0.786417307438122,1.013241136616164,140.0333866443754
79,0.6424002550986125,0.4770758845717421,-0.1653243705268704,0.410525832562542,0.5242439021946774,0.8838465566195723,1.014137692777392,133.6541016575521
80,0.7246280263737986,0.4770912414862855,-0.2475367848875131,0.3983870769109857,0.5375664731837825,0.8404061985453768,1.013883856176199,135.3987938654357
81,0.7100280344568931,0.4574910238810575,-0.2525370105758356,0.3903355158187338,0.5452055239356247,0.8125467060165532,1.013500848392731,138.1218813079098
82,0.8458291669345019,0.4788510509354301,-0.3669781159990719,0.3879726746520278,0.5492161908707499,0.8045100758808253,1.013736627113599,136.4323902904657
83,0.8510534162840461,0.9503642902980719,0.09931087401402583,0.6065423114330453,0.3341175300113074,1.956429610176243,1.022156041878601,95.32356537097691
84,0.7183947478263917,0.4433242476228942,-0.2750705002034974,0.3812455808819345,0.5542527215867423,0.78196563252537,1.013139445432476,140.7967470773026
85,2.624821893556398,0.4838376105474982,-2.1409842830089,0.162971772412523,0.7967962937214699,0.2471003986563561,1.008987846757464,181.4298621580456
86,1.705606782319848,0.4556427857546191,-1.249963996565229,0.1795514454637145,0.7763743531421883,0.2777401802439835,1.007851548771454,197.1230007424061
87,0.6423986907180488,0.4770746971933009,-0.1653239935247479,0.4105257261436892,0.5242439789522391,0.8838461679414459,1.01413769705017,133.6540726788271
88,0.7371995188601927,0.4662469238320558,-0.270952595028137,0.3915416580772332,0.5444579177835487,0.8166731689609711,1.01362472687056,137.2288902420958
89,0.6423998857081872,0.5195487456282982,-0.122851140079889,0.4283131374622234,0.5070048217186165,0.9508332161613047,1.014830952762276,129.1165699599506
90,1.492675233832733,0.4473510072390674,-1.045324226593665,0.1854105200507823,0.7692361503893804,0.2888662053833713,1.007682818864789,199.6928427429922
91,0.6978630294329153,0.4929761801858857,-0.2048868492470296,0.4090947903743816,0.526686898018543,0.8786325569160744,1.01425632681695,132.8544589948228
92,0.8738798015361666,0.9461695047524727,0.07228970321630612,0.6037581874679809,0.3368865536593704,1.933765879935997,1.02226569052213,94.95560769481615
93,0.6429043576248334,1.031967230132301,0.3890628725074676,0.6472447886020205,0.294742838370634,2.328607464773088,1.020454229709582,101.4407800820175
94,3.836247422745719,1.227040710812121,-2.609206711933598,0.5399534461643783,0.4062505040018288,1.489552096281745,1.023294764793094,91.64119549846038
95,1.50978268052393,0.9414841912338818,-0.5682984892900484,0.3808272236542982,0.546678634155598,0.7805797760000278,1.023448406822208,91.16691728266464
96,0.7245714482845876,0.4553356057426326,-0.269235842541955,0.3871682261180921,0.5485601721151582,0.8017880807810251,1.013405495755765,138.8174232127412
97,0.7165170017660408,1.696432611283742,0.9799156095177014,0.7580140224684083,0.1897941734785585,3.975467439112547,1.020490065544832,101.3035508922831
98,2.668304399834011,1.417395228510049,-1.250909171323962,0.4229752884587191,0.4945761323360592,0.9302972650807465,1.014631888085354,130.3867093309098
99,2.908657425892602,0.4514452782105909,-2.457212147682011,0.1454201495440518,0.8176469279136602,0.2159598910679077,1.008141344083876,192.8631333793385
100,0.8458291669345019,0.4788510509354301,-0.3669781159990719,0.3879726746520278,0.5492161908707499,0.8045100758808253,1.013736627113599,136.4323902904657