Codon,alpha,beta,beta-alpha,Prob[alpha<beta],Prob[alpha>beta],BayesFactor,PSRF,Neff
1,1,0.249312,-0.750688,8.64882e-08,1,4.86545e-07,1.0002,480.561
2,1,0.0994345,-0.900566,5.90592e-11,1,3.32241e-10,0.99971,530.423
3,1,0.079105,-0.920895,1.41854e-10,1,7.9801e-10,0.999325,577.22
4,1,0.0788609,-0.921139,1.30491e-10,1,7.34088e-10,0.999323,577.54
5,1,0.04077,-0.95923,1.61504e-13,1,9.08553e-13,0.998113,799.598
6,1,0.0702133,-0.929787,4.04648e-12,1,2.27637e-11,0.99924,588.718
7,1,0.646054,-0.353946,0.0143099,0.981415,0.0816698,0.998981,626.661
8,1,0.310321,-0.689679,1.34408e-06,0.999998,7.56122e-06,0.998979,627.004
9,1,0.0701409,-0.929859,3.91198e-12,1,2.20071e-11,0.999239,588.819
10,1,0.04077,-0.95923,1.61504e-13,1,9.08549e-13,0.998113,799.598
11,1,0.04077,-0.95923,1.61504e-13,1,9.08552e-13,0.998113,799.598
12,1,0.0702221,-0.929778,4.06327e-12,1,2.28582e-11,0.99924,588.706
13,1,0.114317,-0.885683,1.85553e-09,1,1.04384e-08,0.999731,528.136
14,1,0.644118,-0.355882,0.0138042,0.982055,0.0787435,0.998961,629.78
15,1,0.0702228,-0.929777,4.06444e-12,1,2.28648e-11,0.99924,588.705
16,1,0.345362,-0.654638,1.271e-05,0.999982,7.15018e-05,0.998765,662.301
17,1,0.299236,-0.700764,5.75773e-07,0.999999,3.23905e-06,0.999149,601.434
18,1,0.269457,-0.730543,5.7222e-07,0.999999,3.21906e-06,0.999773,523.539
19,1,0.237557,-0.762443,1.39282e-07,1,7.83542e-07,1.00031,471.508
20,1,0.133741,-0.866259,5.91973e-10,1,3.33018e-09,0.999646,537.686
21,1,0.11396,-0.88604,1.72752e-09,1,9.71828e-09,0.999729,528.356
22,1,0.413726,-0.586274,5.5905e-05,0.999922,0.000314515,0.998406,731.44
23,1,0.11437,-0.88563,1.87443e-09,1,1.05447e-08,0.999731,528.101
24,1,0.237567,-0.762433,1.39431e-07,1,7.84376e-07,1.00031,471.525
25,1,0.204495,-0.795505,2.74358e-08,1,1.54342e-07,1.00056,450.216
26,1,0.0788956,-0.921104,1.32011e-10,1,7.42636e-10,0.999323,577.49
27,1,0.114307,-0.885693,1.8514e-09,1,1.04152e-08,0.999731,528.142
28,1,0.378718,-0.621282,3.5032e-05,0.999951,0.000197082,0.998635,685.756
29,1,0.264245,-0.735755,3.66848e-07,0.999999,2.06372e-06,0.999875,512.733
30,1,0.250368,-0.749632,9.62902e-08,1,5.41686e-07,1.00018,482.853
31,1,0.0791155,-0.920884,1.42457e-10,1,8.01401e-10,0.999325,577.216
32,1,0.269597,-0.730403,5.7906e-07,0.999999,3.25754e-06,0.99977,523.822
33,1,0.249415,-0.750585,8.73478e-08,1,4.9138e-07,1.0002,480.783
34,1,1.1629,0.162901,0.685129,0.273933,12.2407,0.998692,675.193
35,1,0.233425,-0.766575,5.75671e-07,0.999999,3.23847e-06,1.00022,478.842
36,1,0.465398,-0.534602,0.000211621,0.999707,0.00119074,0.998206,776.691
37,1,0.242009,-0.757991,2.18604e-07,1,1.22977e-06,1.00022,479.015
38,1,0.562041,-0.437959,0.00243687,0.996724,0.0137423,0.998198,778.475
39,1,0.114298,-0.885702,1.84903e-09,1,1.04018e-08,0.999731,528.152
40,1,1.27794,0.27794,0.793831,0.177562,21.6607,0.999907,509.352
41,1,0.17015,-0.82985,4.75022e-09,1,2.67226e-08,1.00023,478.561
42,1,0.234487,-0.765513,1.01868e-07,1,5.73066e-07,1.00036,466.407
43,1,0.114308,-0.885692,1.8516e-09,1,1.04163e-08,0.999731,528.141
44,1,0.265493,-0.734507,4.08998e-07,0.999999,2.30085e-06,0.99985,515.347
45,1,0.526237,-0.473763,0.00103274,0.998596,0.00581572,0.998063,812.565
46,1,0.535044,-0.464956,0.00107462,0.998535,0.00605184,0.997983,834.195
47,1,0.236597,-0.763403,1.26254e-07,1,7.10248e-07,1.00032,469.901
48,1,0.554543,-0.445457,0.00242821,0.996746,0.0136933,0.998259,764.158
49,1,0.237616,-0.762384,1.40125e-07,1,7.88282e-07,1.0003,471.607
50,1,0.0994329,-0.900567,5.90238e-11,1,3.32042e-10,0.99971,530.42
51,1,0.309282,-0.690718,1.24879e-06,0.999998,7.02513e-06,0.998993,624.815
52,1,0.170113,-0.829887,4.72554e-09,1,2.65838e-08,1.00023,478.601
53,1,0.343718,-0.656282,1.16206e-05,0.999984,6.53732e-05,0.998767,661.932
54,1,1.48804,0.488043,0.968416,0.0242515,172.488,0.998847,648.221
55,1,0.358849,-0.641151,5.73237e-06,0.999992,3.2248e-05,0.998379,737.187
56,1,0.511894,-0.488106,0.00112237,0.998486,0.00632108,0.998328,748.473
57,1,0.652452,-0.347548,0.00946317,0.987403,0.0537442,0.998816,653.51
58,1,0.512658,-0.487342,0.00115216,0.998447,0.006489,0.998332,747.412
59,1,1.35745,0.357453,0.87506,0.104237,39.4006,0.999586,544.643
60,1,0.496929,-0.503071,0.000688729,0.999064,0.00387715,0.998278,759.731
61,1,0.439068,-0.560932,0.000170024,0.999766,0.000956644,0.998509,710.123
62,1,1.7861,0.7861,0.999991,4.63614e-06,617877,0.997249,1103.62
63,1,0.774743,-0.225257,0.0731453,0.908838,0.443957,0.999858,514.454
64,1,0.773111,-0.226889,0.065729,0.917276,0.395776,0.999901,510.004
65,1,0.423163,-0.576837,0.000241999,0.999672,0.00136171,0.998872,644.175
66,1,0.836397,-0.163603,0.116858,0.854842,0.744375,1.0001,490.344
67,1,0.370897,-0.629103,2.34637e-05,0.999967,0.000131999,0.9986,692.266
68,1,0.583022,-0.416978,0.0018202,0.997505,0.0102583,0.998053,815.192
69,1,0.27,-0.73,2.36206e-06,0.999997,1.32879e-05,0.999774,523.447
70,1,0.804868,-0.195132,0.0932566,0.884144,0.578577,0.999977,502.298
71,1,0.773028,-0.226972,0.0656619,0.917357,0.395344,0.999901,510.036
72,1,0.473474,-0.526526,0.000292133,0.999598,0.00164389,0.998221,772.991
73,1,0.410896,-0.589104,9.21679e-06,0.999987,5.18501e-05,0.997956,841.781
74,1,1.01375,0.01375,0.454204,0.493971,4.68152,0.99898,626.711
75,1,0.83733,-0.16267,0.133234,0.837545,0.864727,0.999887,511.463
76,1,0.499092,-0.500908,0.000738637,0.998997,0.00415832,0.998282,758.819
77,1,0.60828,-0.39172,0.0101657,0.98682,0.0577748,0.998847,648.208
78,1,0.905711,-0.0942892,0.227995,0.727195,1.66139,0.999707,530.778
79,1,0.446912,-0.553088,0.000233814,0.99968,0.00131564,0.998539,704.185
80,1,0.560376,-0.439624,0.00104682,0.998556,0.00589513,0.997854,871.469
81,1,0.852757,-0.147243,0.137575,0.830309,0.897399,1.00006,494.104
82,1,0.487847,-0.512153,0.000182591,0.999745,0.00102736,0.997795,889.665
83,1,1.7511,0.751099,0.99691,0.00229684,1814.86,0.996781,1390.54
84,1,0.614237,-0.385763,0.0065782,0.991274,0.0372511,0.998571,697.948
85,1,1.25654,0.256539,0.831365,0.137497,27.7338,0.997223,1116.34
86,1,1.15294,0.152944,0.700298,0.255348,13.145,0.99778,894.641
87,1,0.525297,-0.474703,0.00100158,0.998637,0.00564009,0.998058,813.907
88,1,0.994227,-0.00577332,0.406854,0.549287,3.85871,0.99989,511.085
89,1,0.660728,-0.339272,0.0103879,0.986173,0.0590514,0.998883,642.247
90,1,1.1525,0.152504,0.699759,0.255832,13.1112,0.997781,894.325
91,1,0.5453,-0.4547,0.00233736,0.996876,0.0131797,0.998335,746.797
92,1,1.64779,0.647786,0.997629,0.00163477,2366.77,0.9979,857.913
93,1,0.55586,-0.44414,0.00308911,0.995892,0.0174318,0.998407,731.26
94,1,1.70454,0.704535,0.999704,0.000182195,19005.4,0.997295,1081.53
95,1,0.772084,-0.227916,0.0648734,0.918309,0.390267,0.999897,510.39
96,1,0.938141,-0.0618586,0.295352,0.65304,2.35794,0.999426,564.114
97,1,1.29275,0.292748,0.857522,0.11585,33.8582,0.99763,944.991
98,1,1.50697,0.506969,0.961746,0.0303937,141.434,0.999442,562.151
99,1,1.35195,0.351953,0.903383,0.0771008,52.5996,0.998038,819.273
100,1,0.972877,-0.0271225,0.374459,0.570815,3.36755,0.999048,616.403