Codon,alpha,beta,beta-alpha,Prob[alpha<beta],Prob[alpha>beta],BayesFactor,PSRF,Neff
1,2.048783752906403,0.1239188568053754,-1.924864896101028,0.0004964001650715354,0.9990858198253069,0.0009624774189917362,1.015572941227713,124.5987311689099
2,0.9423910003842171,0.1364320426177618,-0.8059589577664553,0.008250194618594065,0.9867976613137774,0.01612148576450274,1.007351569519259,204.9419593703594
3,0.6277458966698675,0.3978578081123604,-0.2298880885575071,0.2496036146635952,0.6853677750573232,0.6446190436586644,1.001735412182225,372.3786732072499
4,0.699803021000171,0.1377801443030853,-0.5620228766970856,0.03394849696802383,0.9473655537359796,0.06810253297090868,1.003084010749551,310.9799115132263
5,0.9414126542941184,0.1364382822301423,-0.8049743720639762,0.008276411247035379,0.986757237734507,0.0161731425130033,1.007311647723478,205.5936303919464
6,0.9686856919428551,0.4174324767728813,-0.5512532151699738,0.1067506639316926,0.8552764358000845,0.2316012383836342,1.012304738715807,147.4014416960571
7,1.040954635859605,0.1211746906197545,-0.9197799452398504,0.006434578018864656,0.9893957125973735,0.01255066092998283,1.00901313502155,181.1095376526955
8,0.8136650910453701,0.1373058406237749,-0.6763592504215952,0.01681982114223932,0.9736462962707408,0.03315364274864489,1.002944523743954,316.3654482311611
9,0.2756255466659324,0.1364662901753991,-0.1391592564905333,0.2623017685044619,0.5955670144439063,0.68907337714911,1.00897924743683,181.5390529235751
10,0.5289640681356657,0.1375696631417356,-0.3913944049939301,0.08151594282116995,0.874642297811303,0.1719942500484685,1.007368237870865,204.671114075708
11,1.03983908776966,0.2897295837142696,-0.7501095040553903,0.03178432757762563,0.9523398483873363,0.06361857166806725,1.024064469032642,89.31554307180583
12,0.6222846511737423,0.4008340258586047,-0.2214506253151376,0.2563316637120899,0.6778427631109273,0.6679838464331649,1.001632207994137,378.1039509801171
13,1.781500688969224,0.1358718298271743,-1.645628859142049,0.000875255430228547,0.9983708710076626,0.001697688838865357,1.023019358374913,92.50436344734976
14,1.326692874098704,0.3828826008996223,-0.9438102731990813,0.03080180754740209,0.9528008971417927,0.06158948917539046,1.029736741927832,75.35471515145036
15,1.809019457690152,0.3153220253442375,-1.493697432345914,0.006660325211626533,0.988432621790119,0.01299393374962498,1.043151702653105,55.4250604675775
16,1.824291072215526,0.4123114157794654,-1.411979656436061,0.0228208853532284,0.9644981626187785,0.04525861999931002,1.026383366755434,82.99843037104172
17,0.9726890307668488,0.2731617017812285,-0.6995273289856203,0.02985645123873534,0.9545969894434647,0.0596410362140898,1.019826817402297,103.9075461852538
18,0.6871416213869248,0.3243700117824017,-0.3627716096045231,0.132345763446028,0.8204243879047587,0.2956013045865913,1.00299834602702,314.2651696370684
19,0.8209710810358126,0.1372408720047872,-0.6837302090310253,0.01630523955186264,0.9744358370798893,0.03212253567374315,1.003218731843283,305.9516653206857
20,1.054529047763073,0.1210943846680304,-0.9334346630950425,0.006265660345583304,0.9896677301625779,0.01221910918436194,1.0093159145512,177.3620702760005
21,1.000909024874459,0.318006624707077,-0.682902400167382,0.03509753804483948,0.9474596286295636,0.07049141582827793,1.025766014062882,84.58721970299921
22,1.390732276212383,0.3137131018986342,-1.077019174313749,0.01184371098971715,0.9801770270872288,0.02322764376254292,1.046872275332378,51.72387266939023
23,0.3939582271597813,0.1203422833205558,-0.2736159438392255,0.1693610559417141,0.7245924380097284,0.3951338703440602,1.012037466204006,149.6529560769529
24,0.9583819653408259,1.160369293436122,0.2019873280952964,0.5771801543212225,0.2865714969141087,2.645446732088094,1.003694224386743,289.4484929203465
25,0.9604399974987642,0.296048597546774,-0.6643913999519901,0.03906516822164349,0.9421652819914316,0.07878413252517395,1.019543000797192,105.0648289207747
26,0.8115357964613198,0.122424273631726,-0.6891115228295938,0.01722050995969003,0.9720679059764958,0.03395728177306271,1.005670842883298,236.5914698241527
27,1.154435627650537,0.1354826647748936,-1.018952962875643,0.003884514467011264,0.9935446299876812,0.007557358877318297,1.015483117792888,125.128245938031
28,0.8423635618107749,0.1216847541112254,-0.7206788076995495,0.01546629205981769,0.9748422594763764,0.03044378257776542,1.006427677119116,221.1886491581218
29,1.313866926716037,0.4173045208673242,-0.8965624058487125,0.04134291605699154,0.9376751278862068,0.0835758523367571,1.02712138389548,81.17923463548181
30,0.6610809570255174,0.2738034366124764,-0.387277520413041,0.125826468327493,0.823659547964715,0.2789442084814139,1.008070548142561,193.8863828895649
31,1.088186057552199,0.1357083261621688,-0.9524777313900301,0.004391350492024971,0.9927443676464968,0.008547762267151317,1.013618583690786,137.2728941362017
32,0.3687943301011635,0.1211287904226334,-0.2476655396785301,0.1829894772074116,0.7035090141897622,0.434051699300497,1.011676436929493,152.8087882904559
33,0.7967101122859339,0.2781630361023555,-0.5185470761835784,0.06513387773350163,0.9054242608448302,0.1350207472081286,1.008595083030493,186.5578221441511
34,1.358895756834064,0.3633907173998277,-0.9955050394342368,0.01913845699714943,0.9691535354137416,0.037813093439812,1.035599878884316,65.02393016207179
35,0.3683415790491947,0.364903314947641,-0.003438264101553734,0.5021660408974264,0.4219890229096371,1.954815691624047,0.9985243965648704,707.0310147747171
36,1.102576855437382,0.900671579949797,-0.2019052754875851,0.3220243452919178,0.5427567704400238,0.9204868770085718,1.002680831717628,327.0800453724897
37,0.8041782150481532,0.616481145771773,-0.1876970692763802,0.2992679238714385,0.6275450708732031,0.8276584769380945,1.004331758453762,269.9569391292622
38,1.050150522061306,0.1211400029973049,-0.9290105190640012,0.006323099479059546,0.9895757717708861,0.01233183811372377,1.009220228684046,178.5291303732853
39,2.28297103115638,0.1119865286673585,-2.170984502489021,0.0002168976286219352,0.9995893570640912,0.0004204283622739006,1.01077140378781,161.3544795615724
40,0.3937632237002358,0.09124570462317398,-0.3025175190770618,0.1312020600755434,0.758940090041651,0.2926610094783529,1.014884668683385,128.7781882277996
41,0.9428358920233579,0.5718273257291102,-0.3710085662942477,0.178904547784893,0.761171016584808,0.4222510404571579,1.008895048517496,182.6153114895305
42,0.806316047608966,0.122523360105778,-0.683792687503188,0.01754946553115968,0.971544958357034,0.03461753945559339,1.005540734175325,239.461945351669
43,0.7731426841588463,0.5073900567757899,-0.2657526273830565,0.2300568754353685,0.7092185544088252,0.579054667224163,1.00478784883768,257.568788211951
44,0.8236912047715897,0.1372168785601285,-0.6864743262114612,0.0161465144423238,0.97467955704105,0.03180470351090003,1.003321797245682,302.2146693288612
45,1.065148564018161,0.5682415376542571,-0.4969070263639044,0.1080526932154289,0.8411896776902189,0.2347682659675596,1.014090629413471,133.9740800743578
46,0.6353168628016718,0.1224518223741602,-0.5128650404275116,0.04582453928149063,0.9262087062133043,0.09307067390228768,1.008461539725006,188.3694835775373
47,0.8277465051178691,0.419212349124313,-0.408534155993556,0.1379701313171527,0.8163544657270018,0.3101742623936901,1.007088590428287,209.3138793620655
48,1.769589304655866,0.8927183264271233,-0.8768709782287422,0.1631937987416975,0.7385692982662641,0.377939040742665,1.000935034065284,421.9845851467009
49,1.351608665921515,0.2533390163256272,-1.098269649595888,0.006759394093579445,0.988622198900621,0.0131885271057024,1.047293387536217,51.33814469555639
50,0.8205545048049372,0.8334459616908774,0.01289145688594018,0.4966761873115095,0.4035374009027412,1.912356496161429,1.003700273889202,289.250134106043
51,0.3974247749178328,0.3014758022349461,-0.09594897268288671,0.4008784539871691,0.517677609644433,1.296703762940551,1.002316473405503,343.1537235422325
52,0.7783443171071819,0.4703120969972351,-0.3080322201099467,0.1879664857793649,0.7555991401707095,0.4485898705207067,1.00369945079503,289.2771065781672
53,0.8073325132789634,0.5170191325596605,-0.2903133807193029,0.2135698218374237,0.7263376103473221,0.5262870809866051,1.005055536563662,250.8206567968099
54,1.015546909046373,0.7068156492695556,-0.3087312597768175,0.2527392169552015,0.6658744305995931,0.6554558432946522,1.005857807167723,232.5869577738326
55,0.6279853073068489,0.3972140339177247,-0.2307712733891242,0.2487885202136263,0.6862304898668889,0.6418168510634726,1.001747867420187,371.6995370456405
56,0.8894086969697392,0.7352781867351847,-0.1541305102345545,0.5511594075943218,0.3852911798489879,2.379732228819516,1.00251010141839,334.4179526074142
57,0.6931030063956152,0.4681482561061853,-0.2249547502894299,0.2455251220231845,0.6910741681655669,0.6306583447529903,1.00168578929561,375.1094943588557
58,0.9712058666492466,0.2512113944416341,-0.7199944722076125,0.02284555092293274,0.9641417045695426,0.04530868068057087,1.019042703684792,107.1713329206848
59,0.524269091066799,0.461192155182283,-0.06307693588451602,0.4041369712775498,0.519286675911278,1.314392696321306,1.000436998976278,460.2063639978528
60,0.7360812029334064,0.5803497692765991,-0.1557314336568073,0.3100510519333354,0.6171783915824487,0.8708818646835795,1.002519810477255,333.9917412182
61,1.247320396106637,0.6264571636919621,-0.6208632324146747,0.1505889916983217,0.7927556665116636,0.343572452357802,1.008285806397865,190.8089458623805
62,0.8225032309178774,0.4213934547851143,-0.4011097761327631,0.1411670870732217,0.8124998660339522,0.3185427817876449,1.006874451165552,213.0167520611391
63,0.9530109941972549,0.7528518576267521,-0.2001591365705028,0.3530488219946573,0.5587592600605068,1.057563012553704,1.004508666756336,265.0109250269634
64,0.8343451396725434,0.5153047931470915,-0.3190403465254519,0.1607903153444213,0.7831501615412038,0.3713063653370478,1.007595721923047,201.046290205494
65,0.6743049880413482,0.1216690911060917,-0.5526358969352565,0.03945788917552744,0.9362502553899537,0.07960868200725041,1.009014139311394,181.0968402368296
66,0.9380965032036437,0.635329820605265,-0.3027666825983787,0.2596610987114344,0.6700033741004748,0.6797032004727886,1.005627935997551,237.5303292058238
67,0.9176876743429091,0.7403206078012787,-0.1773670665416304,0.3204350064336191,0.5875987438298695,0.9138016771061028,1.004982162313834,252.6343841351957
68,0.6768851959795257,0.6763749118059833,-0.0005102841735423747,0.4622197033289712,0.4572895340260666,1.665660790612258,1.001728005358546,372.7837288412213
69,0.5214519555371766,0.576955923859088,0.0555039683219114,0.5319147665152822,0.3950037363560204,2.202216948514642,0.9995113541406889,553.6012462662252
70,1.2066410426486,0.531007622655666,-0.675633419992934,0.08645333795050095,0.8740399340287152,0.1833977593566149,1.016379117863163,120.0453489880919
71,0.5968695307791922,1.090999166833481,0.4941296360542884,0.8394127064076036,0.09726301627612585,10.1299512322953,1.005033478190192,251.363129216956
72,0.6569057913911642,0.3529310896623085,-0.3039747017288557,0.1894168820833556,0.7517633293038944,0.4528601683995578,1.002907737015205,317.817379992108
73,1.178147678011832,0.4450208781590757,-0.7331267998527564,0.04892070469161454,0.925065424814582,0.09968251151023015,1.02596151858543,84.07722455170841
74,0.4806515991346804,2.760110395226997,2.279458796092316,0.9984329854326596,0.0002579665156073903,1234.777994700526,1.005626877041623,237.5535963161709
75,1.760012461875472,0.4738477675311538,-1.286164694344318,0.01951448876682436,0.9667894968381973,0.03857083070357987,1.024840890612039,87.09111636661927
76,1.21643104617805,0.6710718251014388,-0.5453592210766115,0.1574289362920089,0.7753630074646511,0.3620937389990738,1.007101180221524,209.1002528265251
77,0.7930319647049435,0.5732041120418937,-0.2198278526630498,0.265460297720388,0.6660686292558327,0.7003696162437542,1.004134773527657,275.6893709091593
78,0.6428803233828431,0.874526265282188,0.231645941899345,0.6855541845737859,0.2362600866772216,4.225119152828589,1.002341464186687,342.0003779165801
79,0.8389690477110069,0.8870749028290543,0.04810585511804744,0.5355142307172763,0.3575861542132811,2.23430057854236,1.003109392074307,310.0198415318
80,0.5287879775814975,1.052858033993987,0.5240700564124897,0.8502875177146407,0.1006313273451193,11.00653925939499,1.003911314750616,282.4985991704666
81,1.342533561992929,0.452302666279348,-0.8902308957135808,0.04449981734511424,0.9326740710075709,0.09025482916352912,1.023403898394165,91.30378277090728
82,0.3845313235118723,0.7261275769468096,0.3415962534349373,0.78423046204341,0.1709259218857073,7.043630586032559,1.00354881787414,294.3006138135238
83,0.958859985351145,0.318683314333365,-0.6401766710177801,0.04835451773156148,0.9298672640235756,0.09847020918030959,1.019705909935419,104.3973054280502
84,0.6217621241459452,0.5407947827515017,-0.0809673413944435,0.3929650121999984,0.5354265707333749,1.254536079304098,1.000344309972619,468.104229044717
85,0.7462341141870934,0.7370885701779917,-0.009145544009101725,0.4868185139314983,0.4325202047377038,1.838396145580982,1.004572661792153,263.2667155535261
86,0.7873122534583781,1.36655764611432,0.5792453926559418,0.7622917770072505,0.1326700283576058,6.214697926934211,1.005352305733826,243.746840760406
87,1.203260217515157,0.2808849911570727,-0.9223752263580841,0.01664407941682617,0.9738057419837824,0.03280137407104328,1.036731371181143,63.36442644721073
88,0.836666603708952,0.4695245764950888,-0.3671420272138631,0.1638079845766765,0.7843933023577152,0.3796400703953958,1.005860260321898,232.5353300507748
89,0.9508222695798368,0.3182553117228205,-0.6325669578570163,0.04892676114817918,0.9290747473516298,0.099695487213707,1.019200601750798,106.4970994213724
90,0.9823774626628851,0.482569714889453,-0.499807747773432,0.3391927849765074,0.6058462423926063,0.9947520071221204,1.002081308018233,354.4048289082286
91,0.6329598344547973,0.8675262798359273,0.23456644538113,0.6940456249001155,0.2300367235228814,4.396168676434294,1.00469614255027,259.9661895195034
92,0.8143442396450198,0.7823607330773058,-0.03198350656771398,0.4518276236048038,0.4543414400523914,1.597344633086025,1.004540106176923,264.1511110784475
93,1.173671480725455,1.022527496088623,-0.1511439846368321,0.4246500220713563,0.4162135258616427,1.430349092505356,1.002278410933273,344.9255303649783
94,0.9195030125826419,0.9398684612249995,0.02036544864235756,0.4574427852691666,0.4128620801659677,1.633932961557522,1.002602975312213,330.3854677897041
95,0.6536050870168205,1.038980349049948,0.3853752620331276,0.7711088730943734,0.1556842758661601,6.528745473886855,1.000950875737428,420.8735789652605
96,1.761443625016196,0.8832115888652519,-0.8782320361509439,0.1904127883098275,0.7149455958108938,0.4558012037751631,1.000333709286927,469.024945776321
97,1.020185894965071,0.7197189239028006,-0.3004669710622707,0.2624178947915263,0.6535870824226366,0.6894869808547437,1.005445192525822,241.6152809494533
98,0.6354415788563006,0.7639079903527783,0.1284664114964778,0.5997282808503364,0.3242879646795979,2.903638973596538,1.003794239123151,286.2040727150943
99,1.679936130139935,0.6372240216775935,-1.042712108462341,0.06494758106999458,0.8971965779623499,0.1346077351880091,1.010841444809381,160.6582894604117
100,0.7122260175057693,1.61269554411016,0.9004695266043907,0.8548913546684392,0.0721921838175487,11.4172268971298,1.008185162843627,192.235299088624