Codon,alpha,beta,beta-alpha,Prob[alpha<beta],Prob[alpha>beta],BayesFactor,PSRF,Neff
1,0.4542222299071471,0.3024459264441094,-0.1517763034630377,0.3353829637107682,0.5870119285675521,0.7494881175171977,0.9993388273178808,575.4018950930972
2,1.702619990290139,0.3088116907803048,-1.393808299509835,0.05680019894881862,0.9230157696500827,0.08944197481363202,1.004905632540981,254.5547047612524
3,1.366844419125535,0.2889783587732403,-1.077866060352295,0.06020882488586136,0.9183519895551223,0.09515333440381833,1.004948674384747,253.4710478676991
4,0.9458035027655788,0.2768960857772775,-0.6689074169883013,0.1103661985088602,0.8558419109897641,0.1842553180449681,0.9997817103720041,522.5946420143882
5,1.016105405232626,0.2880951450193313,-0.7280102602132951,0.07968931164528882,0.893413155094523,0.1286058821403918,1.004446574049993,266.7258449986586
6,1.970705165498715,0.5384011974432112,-1.432303968055503,0.07907627544360521,0.8890917577020094,0.1275315879733576,1.002531417692583,333.4836437150327
7,0.4816105851377532,0.2852351462553698,-0.1963754388823834,0.3042659122769335,0.6201709054211688,0.6495390126146282,0.9989030942724895,639.0145544514912
8,0.4612712735808584,0.7010899540504854,0.239818680469627,0.68494790821236,0.2596877194016352,3.229017505016816,1.008331528510498,190.1680650133715
9,0.7904457455185361,0.5352102189816745,-0.2552355265368615,0.3114437996073334,0.6244048580522394,0.6717930690199343,1.008139101289851,192.8953806375148
10,0.4816105851377532,0.2852351462553698,-0.1963754388823834,0.3042659122769335,0.6201709054211688,0.6495390126146282,0.9989030942724895,639.0145544514912
11,0.5184708098992517,0.3046612762185241,-0.2138095336807276,0.3057253609003223,0.6228813338941129,0.6540265641671404,0.9988073410354825,654.9385605672117
12,3.717218388441602,0.2949806423032306,-3.422237746138372,0.005874436826412352,0.9906360091233435,0.008776477008079982,1.00633780507344,222.9102127792572
13,1.686997650210851,0.6968123491628109,-0.9901853010480399,0.2102492516197459,0.7295548563519467,0.3954027046275617,1.010970695258331,159.3895923942244
14,0.4217220197332017,0.2851340079637669,-0.1365880117694348,0.3383299408233567,0.5788973533180377,0.7594412327818204,0.9995257750633392,551.8540690933323
15,0.6782856720266126,0.2864681688300836,-0.391817503196529,0.1588605327138233,0.7965665595220799,0.2805066920189169,0.9985781215298514,696.5083668493384
16,0.4816105851377532,0.2852351462553698,-0.1963754388823834,0.3042659122769335,0.6201709054211688,0.6495390126146282,0.9989030942724895,639.0145544514912
17,0.4816105851377532,0.2852351462553698,-0.1963754388823834,0.3042659122769335,0.6201709054211688,0.6495390126146282,0.9989030942724895,639.0145544514912
18,0.678486445525474,0.2864689396292972,-0.3920175058961768,0.1588039897166089,0.7966355285328797,0.2803880034663389,0.9985793006344308,696.2809558547391
19,0.9453228230986402,0.2864681928798422,-0.6588546302187981,0.1164128504622366,0.8488231745951198,0.1956801422910913,0.9999788695823224,502.1007671723671
20,0.5218447485174462,0.5229667004975017,0.001121951980055491,0.508893477744195,0.4277361220845062,1.539027591899919,1.001381617593743,392.7747073439531
21,1.702123588525567,0.4788084428870029,-1.223315145638565,0.1048788236055141,0.8605118094039004,0.174020815254888,1.002807919041175,321.8259038543689
22,1.354170012365906,0.2899632567454882,-1.064206755620418,0.0446988464219233,0.9371302631611906,0.06949462824981449,1.007765930904901,198.418522591066
23,0.7766915294434716,0.3039969251202816,-0.47269460432319,0.1498416174703561,0.8087212898938828,0.2617747986725848,0.9996420518160296,538.1620459842535
24,0.4009004119927895,0.2851158235230425,-0.115784588469747,0.3523610015397393,0.5619251189257405,0.8080720145890086,0.999795065220736,521.1533883885361
25,0.4540995704554917,0.2685250783351907,-0.185574492120301,0.3023811291007517,0.6179699064871057,0.643771412822688,0.9989928099919612,624.7854743807933
26,0.5184708098992517,0.3046612762185241,-0.2138095336807276,0.3057253609003223,0.6228813338941129,0.6540265641671404,0.9988073410354825,654.9385605672117
27,0.7794984019129949,0.5565449552294053,-0.2229534466835896,0.3322580046157891,0.6019747773395208,0.7390298583477881,1.009296962611465,177.591983435027
28,0.4816105851377532,0.2852351462553698,-0.1963754388823834,0.3042659122769335,0.6201709054211688,0.6495390126146282,0.9989030942724895,639.0145544514912
29,0.5555230886120066,0.875530249009371,0.3200071603973644,0.7195026945554921,0.2247718672334389,3.809771724801536,1.0143924396187,131.9490475877082
30,0.5180275213473905,0.2380539741937469,-0.2799735471536436,0.2435668092768619,0.6826662587994921,0.4782365376973599,0.998262741770199,763.2137982519394
31,0.5184708098992517,0.3046612762185241,-0.2138095336807276,0.3057253609003223,0.6228813338941129,0.6540265641671404,0.9988073410354825,654.9385605672117
32,1.208806560368561,0.2886152024067922,-0.9201913579617689,0.06727437882897645,0.9092283311484838,0.1071250439175011,1.004866501960103,255.5480832766882
33,0.946313067471236,0.3064490895793468,-0.6398639778918892,0.1289768838659532,0.8342977092915435,0.2199264288438556,1.000445490944336,459.4961923812058
34,3.236999238228226,0.2978975708225874,-2.939101667405639,0.003990081579551229,0.9931244069962645,0.005949950259540376,1.006687328902981,216.3634257605366
35,0.4816105851377532,0.2852351462553698,-0.1963754388823834,0.3042659122769335,0.6201709054211688,0.6495390126146282,0.9989030942724895,639.0145544514912
36,0.7789187866603189,0.5562579995906715,-0.2226607870696474,0.33223418026186,0.6019978328853193,0.7389505016697749,1.00928152331592,177.7797340390459
37,0.4521218501008202,0.6792712917029073,0.2271494416020871,0.6800014395410428,0.2643398321190179,3.156145604884593,1.007520808414946,202.2254609889584
38,0.9458038348540224,0.2768960834627686,-0.6689077513912538,0.1103661637665336,0.8558419523177994,0.1842552528473763,0.9997817114646035,522.5945237727933
39,1.075618076404557,1.510316116967836,0.434698040563279,0.6683485283978984,0.2382316811671373,2.993065979668202,1.004612314834157,262.1975952518902
40,0.4816105851377532,0.2852351462553698,-0.1963754388823834,0.3042659122769335,0.6201709054211688,0.6495390126146282,0.9989030942724895,639.0145544514912
41,0.4542222299071471,0.3024459264441094,-0.1517763034630377,0.3353829637107682,0.5870119285675521,0.7494881175171977,0.9993388273178808,575.4018950930972
42,0.4570601215150279,0.4696474534026294,0.01258733188760147,0.5078910945079744,0.4254983756121711,1.532867430489567,1.000083741988944,491.8457719384133
43,0.9486943646543919,0.5347919344520953,-0.4139024302022967,0.2721681122886906,0.6681907137809423,0.5553942578634701,1.007356339581966,204.8643757010355
44,0.4541358086597763,0.2778280648430738,-0.1763077438167025,0.3115439563225316,0.6093724600914129,0.6721068738945944,0.9990855061085282,610.7381007769599
45,0.5574762797263407,0.7044156792873748,0.1469393995610341,0.6281904507457735,0.3128627295861444,2.509377582013288,1.010468258939602,164.4403042376337
46,0.9499359216803169,0.5593590259251515,-0.3905768957551654,0.2899987712333142,0.6485351330363403,0.6066417287053932,1.008633933709846,186.0374285260786
47,3.17262827295453,0.2823289081665192,-2.890299364788011,0.01425228555177236,0.9790226908343819,0.02147404997329412,1.005686229748398,236.2566193980066
48,0.7790956283293535,0.5260388086932001,-0.2530568196361535,0.307620234095478,0.628453429500304,0.659881197574084,1.007615005369988,200.7450247782292
49,1.732186089915525,0.6822598223150096,-1.049926267600516,0.1991648331887991,0.7431905443310178,0.369372657588679,1.01034866811361,165.691167269367
50,0.4018719243894974,0.7009701023142931,0.2990981779247958,0.7313049908930472,0.2175428744933896,4.042352302419594,1.006190311742766,225.7954184880647
51,0.9478519094793864,0.5232529697307221,-0.4245989397486643,0.2636130444076211,0.677629428653849,0.5316869894240593,1.006735074473648,215.4993667186233
52,1.181562434480351,0.5566770084116371,-0.6248854260687139,0.1913555130126143,0.7545548932446952,0.3514621585748072,1.010033758343949,169.0800959115584
53,0.9458038640246436,0.2768960832594595,-0.668907780765184,0.1103661607147453,0.855841955948079,0.1842552471203783,0.9997817115605786,522.5945133863041
54,2.318315604904678,0.6572379328438165,-1.661077672060862,0.09631095607139609,0.8646861229524818,0.1582894245311307,1.003977300998577,280.4526464310262
55,0.4560241198568862,0.5151598138731837,0.05913569401629742,0.5466739513195381,0.389110665891807,1.791071522530538,1.000666111851391,441.7903708708034
56,0.4818031040689468,0.3321812084501042,-0.1496218956188426,0.3477951048505242,0.5788654445034076,0.7920172383432695,0.999388413474026,568.9611087659765
57,0.5184708098992517,0.3046612762185241,-0.2138095336807276,0.3057253609003223,0.6228813338941129,0.6540265641671404,0.9988073410354825,654.9385605672117
58,0.9455591709889321,1.101404339322392,0.1558451683334604,0.5983306338986498,0.3159404602730805,2.212420893096334,1.016591984601008,118.899768211523
59,3.778554986225568,0.6956419922753143,-3.082912993950253,0.02985393396804655,0.9504993383842354,0.04570457386908337,1.000296393405364,472.2952488331364
60,0.9398875165019769,1.233547228743628,0.2936597122416509,0.6315927388172279,0.2825753746331407,2.546268340504676,1.013785232700533,136.0893726702741
61,0.9463134756083977,0.3064490851304247,-0.6398643904779731,0.1289768386982036,0.8342977630372591,0.2199263404210498,1.000445491995778,459.4961045873848
62,0.4568186723642204,0.4696356570054558,0.01281698464123543,0.5080662959016655,0.4253174033219288,1.533942322851287,1.000082720533976,491.9436195545394
63,3.757978409424666,0.7491491146020044,-3.008829294822662,0.5018088205259179,0.4444624642473822,1.496020276932468,1.019445626118834,105.4680703625384
64,0.8395908148742184,0.4990244173849611,-0.3405663974892573,0.2675779032047632,0.672470799015617,0.5426052994826379,1.005935338317963,230.9664701285964
65,0.5206836613316068,0.5597286006365614,0.03904493930495456,0.5372818672858977,0.4004319032719313,1.724570243344739,1.002398367102872,339.4032803748251
66,0.7798225684601962,0.5561161516771217,-0.2237064167830745,0.3318034380102344,0.6024631204951568,0.7375167158700073,1.00927483393829,177.8612066689197
67,0.9494175188180906,0.5594870575202048,-0.3899304612978858,0.290191608042316,0.648321025141953,0.6072100382232155,1.008643991381043,185.9031914228879
68,1.95552353617783,1.430544798558165,-0.5249787376196653,0.3383369276365816,0.5121599509095904,0.7594649353812186,0.9996014549921516,542.8640642062494
69,3.791561227449182,0.2328627514350451,-3.558698476014137,0.1558280984592242,0.7946459334639548,0.2741637942254618,0.9972150638702424,1120.396534768384
70,0.955624927491548,0.6287217002924275,-0.3269032271991206,0.343574524057752,0.5885792988202448,0.7773753207067564,1.014843113924947,129.0398007578835
71,0.7133039375296508,0.28659415541833,-0.4267097821113208,0.1499464380599687,0.8074565867632334,0.2619902234677221,0.9987970792885382,656.6926053998228
72,0.4025248476497459,0.6582951107019434,0.2557702630521974,0.7080270603135341,0.2385652584491834,3.601658046733779,1.005239378835657,246.3903056130704
73,0.5523494040989891,1.12675444669297,0.5744050425939808,0.7939740727023145,0.1548493978428741,5.723736950160146,1.013245750508501,139.9989534260089
74,0.5552715048341197,0.8737540161300862,0.3184825112959665,0.7191079897911565,0.225147187256372,3.802331269499923,1.014389204183904,131.9704220289143
75,0.3900709680921755,0.8845253259053152,0.4944543578131397,0.7970029887935208,0.1595984140399773,5.831301940947291,1.007458296679202,203.2202659452483
76,0.7160898597509837,0.5354315388178936,-0.1806583209330901,0.3397986281888231,0.5935574337029893,0.7644347514346722,1.007833178915957,197.3995079552646
77,0.6051678703593623,0.6214128407251239,0.01624497036576167,0.5542556151954278,0.3850420435296994,1.846798205591317,1.008014025515729,194.7113179767932
78,0.7774404712734329,0.9209711895021162,0.1435307182286834,0.5826733988540773,0.337889761430359,2.073692449104406,1.021122259705175,98.94452697244999
79,0.9440347383749419,0.3064267843994574,-0.6376079539754845,0.1291818005021265,0.8340448911139886,0.2203276790452355,1.000438919522534,460.0455577442577
80,0.5574753221883495,0.7044157379013173,0.1469404157129678,0.6281909501956735,0.3128622516607558,2.509382947963735,1.010468248596198,164.44041158898
81,1.073308483748399,0.5385901830033837,-0.5347183007450154,0.2551169668533474,0.6876963495816717,0.5086821332504076,1.006752707312222,215.1820357779824
82,1.019152371218704,1.135475887053096,0.1163235158343918,0.5135952177466694,0.3898972927051443,1.568261056907356,1.016541786278419,119.1678805121342
83,1.709852485054534,0.6985481773740801,-1.011304307680454,0.2089380908798381,0.7310863445432483,0.3922856053057162,1.010826409620709,160.8072164159191
84,1.177709647575431,0.3057434401502438,-0.8719662074251876,0.07670096577594065,0.8974014383865517,0.1233825308231863,1.005211574553093,247.0501250624629
85,0.4538041498694937,0.9155632022556812,0.4617590523861875,0.8064600762380121,0.1466876206701059,6.188815418557107,1.012706720773004,144.1430384944566
86,0.776276221112121,0.2702127882199819,-0.5060634328921392,0.1256700597735245,0.8362414114413097,0.2134772965653884,0.9988381814354439,649.7232656077855
87,0.5184708098992517,0.3046612762185241,-0.2138095336807276,0.3057253609003223,0.6228813338941129,0.6540265641671404,0.9988073410354825,654.9385605672117
88,0.5199150824776282,0.7004020281897403,0.1804869457121121,0.6461618070314501,0.2958198859128894,2.712262997787922,1.009785359359205,171.8550275870825
89,0.832330919200194,1.454832481770609,0.6225015625704149,0.7303472121464155,0.1895658136051975,4.022718884799661,1.010197671646896,167.2986163478496
90,0.4228756570854896,1.387738482191333,0.9648628251058439,0.900002047049649,0.0678597965100903,13.36742052497824,1.008975253062867,181.5898175673864
91,0.5378519381336488,2.187910453859477,1.650058515725828,0.9348820165141936,0.03355725416799363,21.32313643012263,1.002221252735519,347.6212667203075
92,0.9456102088431578,1.167472235144489,0.2218620263013314,0.6333055644899963,0.2786608353076904,2.565099449011247,1.01403249003802,134.371546718784
93,0.7928009348845741,0.6406280706476704,-0.1521728642369038,0.400663435946244,0.5272255528713254,0.9928969130735562,1.016601906092868,118.8469243287959
94,1.348398700611956,0.5002776346015413,-0.8481210660104149,0.1390491811277696,0.8178456748420633,0.2398751809383338,1.005804600240068,233.7124832328639
95,0.9499348043813196,0.5590969437843665,-0.3908378605969531,0.2898100406716054,0.648742732803546,0.6060858195490294,1.008620831356627,186.2125992869398
96,0.7908395099532579,0.8366691595165188,0.04582964956326085,0.5430345401169931,0.3771914783606193,1.764978024645346,1.021558517842489,97.38210555269839
97,3.174113993228823,0.6979162166379344,-2.476197776590888,0.07382510066311236,0.8933510142646501,0.1183876130012863,1.002427627630679,338.0832710727092
98,0.8056448690237209,6.023930287115123,5.218285418091402,0.983476024560607,0.0007602697198963728,88.39841119541241,0.9969129354947185,1295.608219554466
99,0.3825745497143993,1.913050616844352,1.530476067129952,0.9376019611698709,0.04223056352792839,22.31735851766878,1.006176577972548,226.0679442554637
100,0.8413674056750964,0.5561112984879167,-0.2852561071871796,0.3126159885570593,0.6234001582508683,0.6754714272853432,1.009146252839991,179.4422101550846