Codon,alpha,beta,beta-alpha,Prob[alpha<beta],Prob[alpha>beta],BayesFactor,PSRF,Neff
1,0.7719460504707973,0.1268894357376571,-0.6450566147331402,0.01488866304438503,0.975342597323152,0.02768808965476291,1.003448781657525,297.7355905033816
2,1.152250735921863,0.3817755351641335,-0.7704752007577297,0.03175805918589248,0.9485514360345449,0.06008868105442131,1.007132771443152,208.5661556878336
3,2.094810727747283,0.3205771545992326,-1.774233573148051,0.002394493134224294,0.9949805968777798,0.004397211617640769,0.9996133776703894,541.4745922766651
4,0.4942754489116548,0.1229106870320657,-0.3713647618795891,0.07566799017332536,0.8774157785382206,0.1499708366099492,1.002519808887308,333.991810924231
5,0.3399826151593919,0.1116106538276752,-0.2283719613317166,0.1826884682573954,0.6881669450682546,0.40949265503215,0.9976782722501719,928.174203673221
6,0.3431454526081052,0.1089647138531507,-0.2341807387549545,0.1772693067189886,0.6942389540934831,0.3947284734058884,0.997706093535454,918.7141722856616
7,0.9292456103499633,0.2985587581857317,-0.6306868521642316,0.03573816513720644,0.9441959558949049,0.06789845337433126,1.004366651320769,268.9666306014531
8,0.8757413491048457,0.3129611077006021,-0.5627802414042435,0.03879950005031048,0.9393240766997982,0.07394941622972664,1.00481232871814,256.9363991456132
9,1.313490246504305,0.134145394759356,-1.179344851744949,0.002198812583856859,0.9959485353356141,0.004037074888924466,1.002545790665268,332.8566398258466
10,0.6430156460254535,0.1248937152016612,-0.5181219308237923,0.03339119338899814,0.9456250110169767,0.06328543967090737,1.001154953608797,407.0715657785046
11,1.413334252229351,0.3159846731952118,-1.097349579034139,0.006808815176490205,0.9868457304825016,0.01255918037091778,1.004497641097736,265.3138042186281
12,0.9199605753269461,0.1170961281773844,-0.8028644471495617,0.006713794325579782,0.9883346788588344,0.01238272525139733,1.004168167736411,274.7002537389715
13,0.6103353828259095,0.2349638174448557,-0.3753715653810538,0.1049864369941819,0.839864682844363,0.2148949396110484,1.001510184265219,385.1069912072174
14,1.121267063541973,0.1197268905662144,-1.001540172975758,0.0030462902172938,0.9945104801414686,0.005597819497534395,1.004648625549371,261.2262882150198
15,0.8760488441158291,0.1287478282717329,-0.7473010158440963,0.007534402696707232,0.9871563322377336,0.01390772118549183,1.005748940620179,234.9018036690569
16,0.6556071791628062,1.131547783559304,0.4759406043964982,0.7910354656584494,0.1268520636019652,6.934992252427826,1.025894598020495,84.25106780607385
17,0.3597151874002746,0.3780754928151217,0.01836030541484707,0.5220063339185297,0.4012737380400563,2.000673590274942,1.001887771863401,364.2395249506393
18,0.7722940644006655,0.1268939165745814,-0.6454001478260841,0.01487087767501836,0.9753712562950525,0.02765451535044697,1.00345039744389,297.6794634720363
19,0.6581547563053362,0.3112675008158508,-0.3468872554894853,0.1258833324211739,0.8228753814744303,0.2638283359196822,1.002325199761633,342.7501021729075
20,0.6029579850147985,0.1153924596259734,-0.487565525388825,0.04447275120832707,0.9256766214290548,0.08526553649771275,1.000982696244115,418.6596887276855
21,0.9899435535101858,0.1307423863690173,-0.8592011671411685,0.004018046798468739,0.9928648387176328,0.007390709460581013,1.005154928798156,248.4055428629298
22,0.3533548330427631,0.3758146280766422,0.02245979503387913,0.5269539159967535,0.3958477630236835,2.040759341113232,1.001834586710669,367.039556298243
23,0.867414267300456,0.1286129285115354,-0.7388013387889206,0.007820532221001876,0.9866922983530271,0.01444004952147414,1.005746616948732,234.9517228724777
24,0.9088874947897064,0.4180717881016235,-0.4908157066880829,0.1068937674476639,0.8502021295108815,0.2192662919687009,1.006189184795605,225.8177558709187
25,0.764980238977671,0.1267837602992423,-0.6381964786784287,0.01539997718032075,0.9745214959577723,0.02865384083897849,1.003338313687758,301.6243837041561
26,0.5892375522200096,0.1239773797652742,-0.4652601724547354,0.0528379991857442,0.9141606206833405,0.1021985434002923,1.001436637550558,389.4558958033389
27,0.930162923942136,0.3784461905961293,-0.5517167333460067,0.06041081411898295,0.9089474808317991,0.1177875225445423,1.006968626350756,211.3719791272016
28,0.3574754019468983,0.6578325814053245,0.3003571794584263,0.7654241248266207,0.1848149424910739,5.977800395432716,1.016200352685986,121.0251695228933
29,1.169003494703919,0.4174830160862054,-0.7515204786177135,0.05438019681798882,0.917514521853333,0.1053529800906986,1.005951307867238,230.6355353068879
30,1.613851534975142,0.304060755503078,-1.309790779472064,0.01025630874634517,0.982387209399015,0.01898414105983773,1.002896110460155,318.2790764870232
31,1.121343928116156,0.1197080518093611,-1.001635876306795,0.003044459714211968,0.9945135647899326,0.005594445519212486,1.004648789923471,261.2219078292353
32,0.9310269395852993,0.4813062245165503,-0.449720715068749,0.1086947602794074,0.8435031522064765,0.2234111056513857,1.007055640196678,209.8750964427215
33,0.6604156948050773,0.3103649855215919,-0.3500507092834854,0.1240333108427122,0.8252026598184606,0.2594020199790007,1.002310600932412,343.4258853467407
34,0.7699956071293351,0.1148963918127965,-0.6550992153165386,0.01576752261107053,0.9731879172631042,0.02934866690649457,1.001331393846594,395.8544696115476
35,1.139310476380469,0.3364789538400788,-0.8028315225403901,0.02059005495115469,0.9654322042439123,0.03851373204422626,1.007623424873781,200.6137752044717
36,0.6146535638881081,2.644597001767186,2.029943437879077,0.9879672379242415,0.003143530945917955,150.4180042345244,1.009212492765777,178.6241697379014
37,1.269290754402632,0.5009598280702728,-0.7683309263323587,0.058220460478645,0.9083660001379169,0.1132528118346697,1.004322792490937,270.2126012818692
38,0.776855959602387,0.5811983755640646,-0.1956575840383223,0.2740160195220832,0.6483323831153256,0.6914671044759301,1.007701534520349,199.4044303805412
39,0.3426366256498324,0.0973610560804417,-0.2452755695693907,0.1610090196052562,0.708129063689333,0.3515730058083297,0.9977866816611798,892.3731479235746
40,0.9025356549408178,0.6078673723732008,-0.294668282567617,0.2100612872389734,0.7143302565365003,0.4871640507520664,1.005219070074941,246.8718968329841
41,0.5019234440491718,0.3083058190308516,-0.1936176250183201,0.2450967672231138,0.6731483145552113,0.5947971874721955,1.002798524198559,322.2084602533377
42,1.014890648624292,0.5931650217321704,-0.4217256268921215,0.1096976250971081,0.8272224444972778,0.2257263722833475,1.002343172218008,341.9218369500873
43,2.457880355005436,0.9765138754169278,-1.481366479588508,0.02741213297629267,0.9049177960365957,0.05163409754473645,1.001307208689337,397.3549853601317
44,0.3544973692345206,0.2862209703299493,-0.06827639890457127,0.4218315883449357,0.4878244459631735,1.336618126328343,0.9988842347849425,642.0890460375994
45,0.9839668936969976,0.4987799080756909,-0.4851869856213067,0.1084634181734998,0.8434342309446924,0.2228777564299506,1.006446081367862,220.8394339772474
46,0.6384447719391323,0.8489084046022007,0.2104636326630684,0.6670125437263701,0.2467689904668718,3.669684570471904,1.021144230688378,98.86459325864875
47,0.3622299393513619,0.1020417311728022,-0.2601882081785598,0.1579967581965418,0.7191671916112724,0.3437613300103068,0.9978597131473957,869.7787981348515
48,0.9838189203054706,0.1306692396248095,-0.8531496806806611,0.004084253561621164,0.9927546941227723,0.007512988183940195,1.005227029214124,246.682930374861
49,0.7818446625503201,0.6403965961965585,-0.1414480663537616,0.3076239306993015,0.6037604143379426,0.8139555272829457,1.006984037383523,211.1052836455167
50,0.7595396789898363,0.5446996048324444,-0.2148400741573919,0.2553847572094174,0.6713743336495505,0.6283269080190639,1.007726328990805,199.0236472333154
51,0.7124503492059338,0.5763263414397702,-0.1361240077661635,0.3456977933124142,0.5772882982809402,0.9679230467448938,1.008660174365073,185.6876159198504
52,0.7762811957909973,0.6646520815654585,-0.1116291142255388,0.3538932196000543,0.5565412699394636,1.0034380184686,1.008221218402002,191.7218139526672
53,2.073990434250968,1.100255740675347,-0.9737346935756215,0.1543294783968137,0.6987511392981663,0.3343261172256806,1.002531507528282,333.4797173193423
54,0.5974844974959254,0.4365581675791227,-0.1609263299168027,0.3041779469460361,0.6218169250659629,0.8008517773630518,1.006334587852422,222.9723465588273
55,1.023605825347146,1.387398383609234,0.3637925582620878,0.6586119187531229,0.1774155516805201,3.534303489655656,1.005402199792353,242.5971486748884
56,1.527600637394426,0.7172450549353679,-0.8103555824590585,0.07904209798745854,0.8520232049216829,0.1572321267873585,1.000601917329323,446.7987309839809
57,0.3399826151593919,0.1116106538276752,-0.2283719613317166,0.1826884682573954,0.6881669450682546,0.40949265503215,0.9976782722501719,928.174203673221
58,0.6268574567911712,0.9433833537198215,0.3165258969286503,0.7516137844521584,0.1650210789844142,5.543574064421037,1.024816755392804,87.15851888745402
59,0.6196266659600684,0.6134893413060946,-0.006137324653973875,0.4627640154243141,0.4565791211565163,1.578036683797001,1.011134640335974,157.8095617546045
60,0.777007758745056,0.575442203907417,-0.201565554837639,0.2684662074072547,0.6547227363296746,0.6723228059169201,1.007677451746651,199.7757081804289
61,0.3540825736488816,0.374820304748832,0.02073773109995042,0.5251524527028472,0.3975578031975742,2.026067021234164,1.001793234364824,369.2468689728881
62,0.9304360072954188,0.4135160383200828,-0.516919968975336,0.07791659993429481,0.8853981675880023,0.1548040781932026,1.006841833021037,213.5925225255148
63,0.9393683748164946,0.4088318938607022,-0.5305364809557924,0.07400733197783096,0.8906272773786543,0.1464164282593114,1.006870820916147,213.0806763432869
64,0.3543133782032263,0.2865011721588562,-0.0678122060443701,0.4223326708941527,0.4873393627511281,1.339366651510675,0.9988890904168743,641.2946351833278
65,0.6599453418290111,0.3105832184384701,-0.349362123390541,0.1244476444695154,0.8246833705273448,0.2603917188568527,1.002314413117634,343.249158618038
66,1.160173186912179,0.5807166807589701,-0.5794565061532084,0.1012043923219378,0.8461616961844269,0.2062818551763954,1.003372045888252,300.4260444240165
67,1.773440402338379,0.6999659379727717,-1.073474464365607,0.4738495863456341,0.4597834968021132,1.649883191446395,1.015451164613796,125.3177329822482
68,0.3583484159327839,0.4061653339478222,0.04781691801503829,0.5504778022590998,0.3758534748046377,2.243423562875873,1.003035725297809,312.8230672249288
69,0.3566621356533398,0.7347856064448245,0.3781234707914847,0.8144206232276314,0.1410696240964045,8.039733612050508,1.021453198596629,97.75458011558368
70,1.186551975150744,0.7368438065885718,-0.4497081685621718,0.1904763705123023,0.7183029978555163,0.4310564872421601,1.001607161087182,379.5203545872515
71,0.7822182434228246,0.3384747761874693,-0.4437434672353553,0.0874335109108161,0.8727477962061091,0.1755237987985313,1.00457315210284,263.2534418481102
72,0.7786618388542246,0.6031180042608684,-0.1755438345933562,0.290905397670257,0.6280104132978372,0.7515713362767322,1.007698445628463,199.4519723610419
73,1.140029666831716,0.4321146065058772,-0.7079150603258386,0.04243371522468323,0.9320410109196796,0.08118294830123342,1.007577054870545,201.3388048470412
74,0.7484775534049978,1.773920916542,1.025443363137002,0.8738154515618739,0.04523262055112707,12.68633427525574,1.01373180125467,136.4665442592301
75,1.179408821770871,0.7409028840202969,-0.438505937750574,0.1952105342462915,0.711903439711686,0.44436881707848,1.00167056802937,375.95527076203
76,0.7787460003724216,0.5316618844860221,-0.2470841158863994,0.2266466358560772,0.703084551430219,0.5369006212637971,1.007537024935796,201.969012061243
77,0.9402893800574983,0.5231441694259163,-0.4171452106315819,0.1339005457964856,0.8105016003104188,0.283228655515767,1.006198969838641,225.6239548989456
78,1.908805778478872,0.7589919407223086,-1.149813837756564,0.0450479585494937,0.90249404563349,0.08642037802059328,1.000861016885312,427.254965145506
79,0.9820789813266861,0.463648998583448,-0.5184299827432381,0.07163082035870164,0.8904751986103152,0.1413519549311792,1.007327691108342,205.3312363783096
80,0.7798116668729631,0.6938819997570335,-0.08592966711592964,0.3805836929314856,0.5261742958499461,1.125615720031444,1.00856172353191,187.0070401203568
81,2.737192932211449,0.6337669721605406,-2.103425960050908,0.4059122306995945,0.5335874734705534,1.25171118886435,1.013281814438978,139.7304088389309
82,1.302992483808332,0.7764801290462582,-0.526512354762074,0.1911821327111555,0.7132442663989766,0.4330311854651612,1.002283265934572,344.69850154608
83,0.7736388061479813,0.8033109557731709,0.0296721496251896,0.4806675603021903,0.408257313365379,1.6955943868649,1.009609293084301,173.8790119613384
84,0.6221749599573381,0.6076478460379289,-0.0145271139194092,0.4544051088919464,0.4650658741669895,1.525792651642054,1.0108833235899,160.2449559545408
85,1.004454169109457,0.4332683499854763,-0.5711858191239807,0.0516635673174843,0.9177997547325912,0.09980322233351069,1.006473312792115,220.324778801393
86,0.7709113543778815,0.6396848840603422,-0.1312264703175393,0.3164348413725159,0.5945588527734711,0.8480607931378196,1.00722891036379,206.9577426772726
87,0.5026079836239143,0.6467448514666895,0.1441368678427751,0.6227370649623321,0.3028865513126959,3.024009733595808,1.013373807764048,139.0501658742534
88,0.671480966075172,0.9953287014346222,0.3238477353594501,0.7589865359932484,0.1478787067514587,5.769197086346161,1.022770220336459,93.29994729642108
89,0.8175281709444715,0.5627300149148515,-0.25479815602962,0.2077009192605956,0.719725261536625,0.4802549778910509,1.006822258803014,213.9395674325327
90,1.009054293686094,0.6444014809396827,-0.3646528127464108,0.1526334164195761,0.7704424834126372,0.3299900919911974,1.002030010837427,356.9588882271282
91,0.7780564212092373,0.3348928487310383,-0.443163572478199,0.08640362311136748,0.8739058502531052,0.1732607514716506,1.004432452456339,267.1190123345552
92,1.542140874714665,0.8248230278846063,-0.7173178468300592,0.1513478326223937,0.7517584660788484,0.3267150117827719,1.003693373187022,289.4764252673791
93,0.7466971315900802,1.716241629471612,0.9695444978815314,0.8682791823482197,0.04792467737715678,12.0761244261097,1.014300027133616,132.5623768938022
94,0.7747547370837434,0.6092152767709742,-0.1655394603127692,0.2996177368658949,0.6181992805352395,0.7837092784549947,1.007772802804055,198.3139003852394
95,0.6142831342596874,1.001406512725298,0.3871233784656108,0.7969070280126929,0.1242669865779067,7.188451888703029,1.025955478962328,84.09288316334728
96,0.6409531610859569,0.7702485439267244,0.1292953828407675,0.5975028079357461,0.3162915329755087,2.719566632812982,1.017460783024172,114.4492392859499
97,1.026875182213637,0.7966086162407924,-0.2302665659728445,0.2617360170227869,0.6158488157133427,0.649492912497832,1.001667313507075,376.136609921293
98,1.017116540831656,0.8081019159011854,-0.2090146249304706,0.2749155166977972,0.5985810735335575,0.6945975544171697,1.001918157062841,362.659128748612
99,0.6211864410714134,0.5261538215279657,-0.09503261954344766,0.3725787366582535,0.5494758802412034,1.08788112401194,1.008134062282309,192.9678724416173
100,0.7663212550539458,0.8012999216543658,0.03497866660042004,0.4982377274290292,0.396634702231991,1.8191194390267,1.011387746366248,155.4322716921824