dN/dS,LRT,p-value,Log(L)
0.1342762069667916,871.9511364075292,0,-1519.119888338964
0.147480478124493,855.8783408775894,0,-1550.090498713553
0.07360573218436681,1029.405817820842,0,-1432.304241554355
0.07977664587720688,1022.126681147463,0,-1437.867130426334
0.01190665089289944,1326.802995907039,0,-1159.780277203983
0.0818593335522786,1002.972537526151,0,-1439.839934507429
0.04180997623416616,1180.148616845597,0,-1266.36050263014
0.0210418178404788,1439.725219085874,0,-738.2758657849654
0.03028139148635276,1226.452249356289,0,-1254.58532711926
0.02644976761223257,1241.087464221018,0,-1235.151870175984
0.03032474414825855,1385.923989902152,0,-781.5820849011152
0.08278521395883437,987.6848274218537,0,-1452.027630491539
0.119880217451538,874.7956228742496,0,-1573.042698765683
0.1670179144386908,762.6143400234,0,-1664.879019120459
0.2512391525271237,639.8886603918804,0,-1870.98496458864
0.09772532086375263,1060.777827082503,0,-1139.439596815536
0.276732151667491,574.1951661804878,0,-1939.345218015359
0.09527259169529538,949.5609200076551,0,-1531.098842516539
0.1125833183629002,891.6071277273136,0,-1519.920654887938
0.1400941245957111,822.9657013860983,0,-1578.558947539716
0.09232631441189099,1074.042972777839,0,-1104.857092628283
0.3246883631801254,462.1158013562117,0,-2031.278077564462
0.2381275936241453,586.3232051037426,0,-1844.931061902739
0.133577785980683,824.6533887909059,0,-1566.222540012083
0.3219295581872791,498.5507785995314,0,-2033.253405283344
0.1189351934548222,860.1822112584764,0,-1559.190449224025
0.102874161374799,1037.455993644683,0,-1161.110463575968
0.384342803637095,346.0771179184103,0,-2134.399097106933
0.1309801592093223,823.4334240378039,0,-1597.85252307503
0.1848813045606816,681.6472825737342,0,-1763.930893795618
0.3242126534749256,462.9641767738253,0,-2009.672108151691
0.1053745500065762,1024.894707073277,0,-1221.493627622121
0.1482022166858091,873.7598262162805,0,-1330.799167554248
0.1246101818377956,948.848366743794,0,-1213.494206888099
0.3139424100096867,490.6462357520222,0,-2023.464180624237
0.381806734086968,374.8376005795035,0,-2143.692915517571
0.1691234328298456,812.7076525184107,0,-1433.832450470836
0.389822604911309,352.0866670965988,0,-2140.325538439757
0.4369751790638288,288.3076458599626,0,-2255.117295804945
0.2984258882771083,447.0939295303888,0,-2066.524777641796
0.4939137006272234,218.8257406610428,0,-2479.403323435386
0.4402195759460425,280.3554154100957,0,-2286.926927950078
0.3201303040290422,480.3991473080764,0,-1962.567753528043
0.1657253808805593,813.7521793725364,0,-1387.934339638044
0.2580632137942636,582.50607017433,0,-1705.096845724279
0.2654308464889134,553.3160583958679,0,-1682.193069249973
0.476288757221261,236.5290787819449,0,-2339.338856300529
0.4700209642007879,224.0118759537054,0,-2420.191140665985
0.3906146764021746,334.0295444009316,0,-2224.667596710832
0.3294793964748692,406.2091313735928,0,-2116.171453402168
0.4524593389731988,259.9216058959992,0,-2310.483784653628
0.4965194456412916,222.903854651553,0,-2447.285988436925
0.3569258398303033,388.911370296707,0,-2109.91195446366
0.5005781062440219,216.9419220412619,0,-2453.699210035427
0.3315896395089617,448.2809992093808,0,-2016.600123610376
0.6301710818753579,102.518456047741,0,-2530.535743497735
0.4997786047989093,186.974275363682,0,-2474.649871674667
0.4401344907384714,255.3336861501866,0,-2330.288949582864
0.6648454744922606,75.9463473725873,0,-2745.469926641047
0.5086812373880288,179.7161457662305,0,-2503.637438021892
0.581150712412468,139.9119169698988,0,-2568.284843845749
0.5532280234156383,163.7326132573435,0,-2506.347325835901
0.6155676152163682,111.4638077846794,0,-2531.936648500268
0.5241576890603118,186.9561401338578,0,-2413.499046162777
0.3976031035222803,341.7266732018679,0,-2112.660148855904
0.5245699902970156,192.2793732237797,0,-2429.330032295849
0.5429798831513658,166.246653012121,0,-2365.967011220591
0.4935512164609198,211.1040189574005,0,-2277.473427332096
0.5561263665906174,155.40611230585,0,-2400.863552454826
0.5607146222576839,150.5972578265773,0,-2427.045015702678
0.5123135270815803,197.9662835219897,0,-2403.167789659239
0.5749113422797864,135.7796682854023,0,-2437.822165822715
0.6532720554149444,82.14065391318309,0,-2679.670340861281
0.6965156606148015,64.01274923965957,6.106226635438361e-16,-2757.898043608838
0.6172410489500965,109.3382115622471,0,-2643.679381184153
0.6510699389773931,89.28752476992031,0,-2704.874720540329
0.4663919252664809,247.4820306415713,0,-2275.852383006876
0.7321960856284658,48.30806941258015,1.821265360746338e-12,-2752.622633720521
0.649786630135748,98.4559244542761,0,-2693.403871198464
0.7237389242849315,55.24816053026552,5.312417172831374e-14,-2773.785936115288
0.6318380485791613,93.29841128371572,0,-2646.789184002236
0.7425084540657745,44.75590454445683,1.115962877662469e-11,-2785.7492658705
0.765602069287406,37.09711280560623,5.619500420550594e-10,-2813.026928553389
0.7587814169163484,40.70357358802721,8.85814199769186e-11,-2857.855150732792
0.7466783176109507,44.39006472058463,1.345246136708056e-11,-2779.898227469685
0.674649507944568,75.67961754269527,0,-2646.182888719247
0.731354434547569,51.25479700897449,4.056199820468009e-13,-2746.991708875644
0.5884335535846789,121.1965026058588,0,-2590.759592840617
0.8552517197927373,12.80570662982973,0.0001727818355670152,-2983.428135920486
0.9532876602670923,1.181451778173141,0.1385303202610318,-3053.05312701308
0.8182805974724424,19.35023819240178,5.440283632751619e-06,-2572.431350490748
0.8465651976315327,14.28012023282463,7.875986554695125e-05,-2958.408434657541
0.845943985460094,15.11594360689651,5.055288806410374e-05,-2994.849287970178
0.7849396369283268,30.57251258702308,1.608090843818744e-08,-2815.73721684911
0.8177052399760747,21.1729637954295,2.098213534917903e-06,-2924.587439621344
0.8402063843531388,15.79929422878558,3.521438733400384e-05,-2876.859150947028
0.8096017615369078,22.11610005351213,1.283241068128493e-06,-2814.961405000406
0.8341645318734254,17.39607488473757,1.51725988806195e-05,-2925.988196900127
0.7933769642894991,27.84992456365671,6.554959025573126e-08,-2839.507670691446
0.842786224744429,15.3178056341394,4.54280450277178e-05,-2905.528081103613