ObservedSChanges	ObservedNSChanges	E[SSites]	E[NSSites]	ObservedS.Prop.	P{S}	dS	dN	dN-dS	P{Sleq.observed}	P{Sgeq.observed}	ScaleddN-dS
0	0	0.6323269558606958	2.218648197014655	0	0.2217932187949665	0	0	0	0	0	0
0	0	1	2	0	0.3333333333333333	0	0	0	0	0	0
0	0	1	2	0	0.3333333333333333	0	0	0	0	0	0
0	0	1	2	0	0.3333333333333333	0	0	0	0	0	0
1	1	0.9837977930471028	2.016202206952897	0.5	0.3279325976823676	1.016469041776069	0.4959819985076339	-0.520487043268435	0.8924602113772945	0.5483254067420296	-4.579159877705385
0	0	0.6323269558606958	2.218648197014655	0	0.2217932187949665	0	0	0	0	0	0
0	0	0.6323269558606958	2.367673044139304	0	0.2107756519535653	0	0	0	0	0	0
0	1	0.6323269558606959	2.223038529210077	0	0.2214521955829494	0	0.4498347585344528	0.4498347585344528	0.7785478044170506	0.2214521955829494	3.95757263224688
0	0	1	2	0	0.3333333333333333	0	0	0	0	0	0
0	0	1	2	0	0.3333333333333333	0	0	0	0	0	0
0	0	1	2	0	0.3333333333333333	0	0	0	0	0	0
1	0	0.6323269558606958	2.218648197014655	1	0.2217932187949665	1.581460335877732	0	-1.581460335877732	1	0.2217932187949665	-13.91342937714387
0	0	0.6323269558606958	2.218648197014655	0	0.2217932187949665	0	0	0	0	0	0
0	1	0.5172513876606442	2.246782090453139	0	0.1871364409137417	0	0.4450809912759792	0.4450809912759792	0.8128635590862583	0.1871364409137417	3.915749765415736
0	0	1	2	0	0.3333333333333333	0	0	0	0	0	0
0	0	1	2	0	0.3333333333333333	0	0	0	0	0	0
0	0	1	2	0	0.3333333333333333	0	0	0	0	0	0
0	0	1	2	0	0.3333333333333333	0	0	0	0	0	0
0	0	1	2	0	0.3333333333333333	0	0	0	0	0	0
0	0	1	2	0	0.3333333333333333	0	0	0	0	0	0
0	0	1	2	0	0.3333333333333333	0	0	0	0	0	0
0	0	1	2	0	0.3333333333333333	0	0	0	0	0	0
0	0	1	2	0	0.3333333333333333	0	0	0	0	0	0
1	0	0.6323269558606959	2.367673044139305	1	0.2107756519535653	1.581460335877732	0	-1.581460335877732	1	0.2107756519535653	-13.91342937714387
0	0	0.6594453916788905	2.097436457923076	0	0.2391997291338764	0	0	0	0	0	0
0	0	0.6323269558606958	2.218648197014655	0	0.2217932187949665	0	0	0	0	0	0
0	0	0.6323269558606958	2.367673044139304	0	0.2107756519535653	0	0	0	0	0	0
0	0	0.5137636992039322	2.243118150398034	0	0.1863568071580973	0	0	0	0	0	0
0	0	0.6323269558606958	2.218648197014655	0	0.2217932187949665	0	0	0	0	0	0
0	0	0	3	0	0	0	0	0	0	0	0
1	0	0.6323269558606959	2.367673044139305	1	0.2107756519535653	1.581460335877732	0	-1.581460335877732	1	0.2107756519535653	-13.91342937714387
0	0	0.6323269558606958	2.218648197014655	0	0.2217932187949665	0	0	0	0	0	0
0	0	1	2	0	0.3333333333333333	0	0	0	0	0	0
1	0	0.5159032757537861	2.24097857384818	1	0.1871328928471386	1.938347839600166	0	-1.938347839600166	1	0.1871328928471386	-17.05326726367
0	0	0.6323269558606958	2.218648197014655	0	0.2217932187949665	0	0	0	0	0	0
0	0	0.6594453916788905	2.097436457923076	0	0.2391997291338764	0	0	0	0	0	0
0	0	1	2	0	0.3333333333333333	0	0	0	0	0	0
0	1	0.005007271095922111	2.994992728904078	0	0.00166909036530737	0	0.3338906269618618	0.3338906269618618	0.9983309096346926	0.00166909036530738	2.937515126072258
0	1	0.6485474092226223	2.351452590777378	0	0.2161824697408741	0	0.4252690460024989	0.4252690460024989	0.7838175302591259	0.2161824697408741	3.741447511269466
0	0	0.6323269558606958	2.367673044139304	0	0.2107756519535653	0	0	0	0	0	0
0	0	1	2	0	0.3333333333333333	0	0	0	0	0	0
0	0	0.6323269558606958	2.367673044139304	0	0.2107756519535653	0	0	0	0	0	0
0	1	0.6323269558606958	2.365484867720224	0	0.2109295022745538	0	0.4227463103426093	0.4227463103426093	0.7890704977254462	0.2109295022745538	3.719252895543239
0	0	0.6323269558606958	2.218648197014655	0	0.2217932187949665	0	0	0	0	0	0
0	0	0.6323269558606958	2.218648197014655	0	0.2217932187949665	0	0	0	0	0	0
0	0	0.6323269558606958	2.218648197014655	0	0.2217932187949665	0	0	0	0	0	0
0	0	0.6323269558606958	2.367673044139304	0	0.2107756519535653	0	0	0	0	0	0
0	0	0.5137636992039322	2.273547026225442	0	0.1843223629560672	0	0	0	0	0	0
0	0	0.5137636992039322	2.273547026225442	0	0.1843223629560672	0	0	0	0	0	0
0	0	1	2	0	0.3333333333333333	0	0	0	0	0	0
0	0	1	2	0	0.3333333333333333	0	0	0	0	0	0
0	2	0.9459160420025156	2.036206396330849	0	0.3171955751525631	0	0.9822187002279871	0.9822187002279871	0.4662218825912391	0.5337781174087609	8.641399476482794
0	0	0.5137636992039322	2.273547026225442	0	0.1843223629560672	0	0	0	0	0	0
0	1	0.6431579725543968	2.356842027445603	0	0.2143859908514656	0	0.4242965749740222	0.4242965749740222	0.7856140091485344	0.2143859908514656	3.732891870214757
0	0	0.6323269558606958	2.218648197014655	0	0.2217932187949665	0	0	0	0	0	0
0	2	0.6377321893395888	2.362267810660412	0	0.2125773964465296	0	0.8466440557562634	0.8466440557562634	0.6200343565869257	0.3799656434130743	7.448635928516991
0	0	0.6323269558606958	2.218648197014655	0	0.2217932187949665	0	0	0	0	0	0
0	0	0.5137636992039322	2.273547026225442	0	0.1843223629560672	0	0	0	0	0	0
0	0	1	1.632326955860696	0	0.3798920182667918	0	0	0	0	0	0
0	0	0.6323269558606958	2.367673044139304	0	0.2107756519535653	0	0	0	0	0	0
0	0	1	2	0	0.3333333333333333	0	0	0	0	0	0
0	0	1	2	0	0.3333333333333333	0	0	0	0	0	0
0	0	1.146090655064628	1.704884497810723	0	0.4019995242360279	0	0	0	0	0	0
0	0	0.5137636992039322	2.243118150398034	0	0.1863568071580973	0	0	0	0	0	0
0	0	0.6323269558606958	2.218648197014655	0	0.2217932187949665	0	0	0	0	0	0
1	0	0.6323269558606959	2.367673044139305	1	0.2107756519535653	1.581460335877732	0	-1.581460335877732	1	0.2107756519535653	-13.91342937714387
0	0	0.6323269558606958	2.367673044139304	0	0.2107756519535653	0	0	0	0	0	0
0	1	0.6323269558606958	2.365482775083885	0	0.2109296495149663	0	0.4227466843272777	0.4227466843272777	0.7890703504850337	0.2109296495149663	3.719256185799184
1	0	0.6323269558606959	2.218648197014656	1	0.2217932187949665	1.581460335877732	0	-1.581460335877732	1	0.2217932187949665	-13.91342937714387
0	1	1.451399350237002	1.44632176529728	0	0.5008761341649655	0	0.6914090792199744	0.6914090792199744	0.4991238658350345	0.5008761341649655	6.082903994619644
0	0	0.6323269558606958	2.218648197014655	0	0.2217932187949665	0	0	0	0	0	0
0	2	0.5155068424677965	2.274483625129886	0	0.1847701088784268	0	0.8793204654906183	0.8793204654906183	0.664599775378092	0.335400224621908	7.736117636924955
0	0	0.6323269558606958	2.218648197014655	0	0.2217932187949665	0	0	0	0	0	0
0	0	0.6323269558606958	2.367673044139304	0	0.2107756519535653	0	0	0	0	0	0
0	0	0.5137636992039322	2.243118150398034	0	0.1863568071580973	0	0	0	0	0	0
0	0	0.6594453916788905	2.127865333750484	0	0.2365884024563876	0	0	0	0	0	0
0	1	0.6323269558606958	2.367673044139304	0	0.2107756519535653	0	0.4223556130249055	0.4223556130249055	0.7892243480464347	0.2107756519535653	3.715815604443115
0	0	0.6594453916788905	2.097436457923076	0	0.2391997291338764	0	0	0	0	0	0
0	1	0.02951340028415202	1.973285028720129	0	0.01473608120355128	0	0.5067691618015261	0.5067691618015261	0.9852639187964487	0.0147360812035513	4.458472200206388
1	0	1	2	1	0.3333333333333333	1	0	-1	1	0.3333333333333333	-8.797836443632157
1	0	0.7813518029853448	2.218648197014655	1	0.2604506009951149	1.279833227720544	0	-1.279833227720544	1	0.2604506009951149	-11.25976341261117
0	0	0.6323269558606958	2.367673044139304	0	0.2107756519535653	0	0	0	0	0	0
1	0	0.6573044679564807	2.099577381645486	1	0.2384231547867679	1.521364981906998	0	-1.521364981906998	1	0.2384231547867679	-13.38472028188716
0	0	0.6323269558606958	2.367673044139304	0	0.2107756519535653	0	0	0	0	0	0
0	2	0.6323269558606958	2.216614613159289	0	0.2219515355234933	0	0.9022768270707406	0.9022768270707406	0.6053594130742499	0.3946405869257501	7.938083951447752
1	0	0.6323269558606959	2.367673044139305	1	0.2107756519535653	1.581460335877732	0	-1.581460335877732	1	0.2107756519535653	-13.91342937714387
0	0	0	3	0	0	0	0	0	0	0	0
0	0	0.6323269558606958	2.367673044139304	0	0.2107756519535653	0	0	0	0	0	0
0	0	0.7813518029853448	2.218648197014655	0	0.2604506009951149	0	0	0	0	0	0
1	0	0.6323269558606959	2.367673044139304	1	0.2107756519535653	1.581460335877732	0	-1.581460335877732	1	0.2107756519535653	-13.91342937714387
0	0	1	2	0	0.3333333333333333	0	0	0	0	0	0
0	0	1	2	0	0.3333333333333333	0	0	0	0	0	0
0	0	0.6323269558606958	2.367673044139304	0	0.2107756519535653	0	0	0	0	0	0
0	0	0	3	0	0	0	0	0	0	0	0
0	0	0.7873107254293745	2	0	0.2824624891105718	0	0	0	0	0	0
0	0	1	1.632326955860696	0	0.3798920182667918	0	0	0	0	0	0
0	1	0.4910913152637796	2.30560538449677	0	0.1755969159279325	0	0.4337255658423367	0.4337255658423367	0.8244030840720675	0.1755969159279325	3.815846589702689
0	0	0.6323269558606958	2.367673044139304	0	0.2107756519535653	0	0	0	0	0	0
0	1	0.7845661929797539	2.215433807020246	0	0.2615220643265846	0	0.4513788662207868	0.4513788662207868	0.7384779356734154	0.2615220643265846	3.971157439122602
0	1	0.992866743861801	2.0035666280691	0	0.3313495147806333	0	0.4991099302565902	0.4991099302565902	0.6686504852193667	0.3313495147806333	4.391087533790134