Codon,alpha,beta,beta-alpha,Prob[alpha<beta],Prob[alpha>beta],BayesFactor,PSRF,Neff
1,0.464926,0.00478251,-0.460143,1.11996e-07,0.999995,2.47212e-07,1.03209,70.81
2,1.19988,0.0202631,-1.17962,7.06076e-18,1,1.55854e-17,1.0459,52.6393
3,1.14505,0.0768189,-1.06823,5.48717e-11,1,1.2112e-10,1.10684,26.0544
4,1.2241,0.0858142,-1.13828,3.43591e-15,1,7.58418e-15,1.22881,14.5199
5,1.27835,0.021215,-1.25713,2.4245e-16,1,5.35167e-16,1.05202,47.3992
6,0.861192,0.0910025,-0.77019,1.05446e-06,0.999988,2.32753e-06,1.02113,98.9143
7,1.22096,0.127855,-1.0931,5.71459e-13,1,1.2614e-12,1.18481,16.9629
8,1.44685,0.225038,-1.22182,1.05578e-08,1,2.33046e-08,1.06658,38.5382
9,1.23778,0.081224,-1.15656,3.13721e-14,1,6.92484e-14,1.26264,13.1919
10,1.47881,0.0864986,-1.39231,1.36019e-17,1,3.00238e-17,1.06075,41.6174
11,0.79024,0.08116,-0.70908,4.47076e-06,0.999929,9.86848e-06,1.05795,43.2974
12,0.366381,0.0878937,-0.278487,0.00111824,0.986168,0.00247109,1.04232,56.3346
13,1.08053,0.207497,-0.873037,9.72041e-06,0.99994,2.14564e-05,1.12,23.7218
14,0.365002,0.140164,-0.224838,0.0149328,0.928756,0.0334612,1.02199,95.8737
15,1.21668,0.0972166,-1.11947,3.35241e-13,1,7.39986e-13,1.19075,16.5687
16,0.937834,0.0905269,-0.847307,2.94153e-07,0.999997,6.49292e-07,1.00818,192.285
17,1.22864,0.187086,-1.04156,2.28348e-11,1,5.0404e-11,1.10509,26.4086
18,1.90403,0.180163,-1.72387,4.49077e-13,1,9.9126e-13,1.08263,32.1855
19,1.05017,0.0885736,-0.961601,1.57886e-07,0.999998,3.48506e-07,1.0113,156.223
20,1.08016,0.120154,-0.960002,7.04282e-07,0.999994,1.55458e-06,1.06913,37.3464
21,0.693463,0.487147,-0.206317,0.103868,0.804412,0.255845,1.19952,16.0281
22,0.995248,0.138814,-0.856434,1.63194e-07,0.999998,3.60223e-07,1.07871,33.5119
23,0.407304,0.0759058,-0.331398,4.98947e-05,0.998596,0.000110139,1.06601,38.8191
24,0.806672,0.421817,-0.384855,0.0131276,0.961881,0.0293625,1.10087,27.3066
25,0.651087,0.101517,-0.54957,1.91503e-05,0.999806,4.22718e-05,1.04246,56.1736
26,1.06822,0.220827,-0.847389,1.0218e-05,0.999929,2.25547e-05,1.09405,28.9185
27,1.21592,0.0768362,-1.13909,3.3722e-13,1,7.44354e-13,1.22126,14.8707
28,1.16431,0.163244,-1.00107,4.37299e-08,1,9.65261e-08,1.15584,19.3082
29,1.20527,0.0860158,-1.11925,2.88691e-13,1,6.37236e-13,1.20406,15.7667
30,0.855566,0.277243,-0.578323,0.000212191,0.998677,0.000468474,1.09465,28.7697
31,1.68401,0.344216,-1.3398,2.85657e-07,0.999998,6.30538e-07,1.03409,67.3905
32,2.02559,0.206079,-1.81951,6.28012e-11,1,1.38623e-10,1.05916,42.5513
33,0.752365,0.4371,-0.315266,0.0330778,0.920949,0.0755114,1.12973,22.2896
34,0.85836,0.516543,-0.341817,0.0292953,0.932047,0.066616,1.23505,14.2464
35,0.645339,0.724184,0.078845,0.59783,0.267899,3.28121,1.24456,13.8561
36,0.820958,0.217736,-0.603222,0.000960332,0.996253,0.00212181,1.08215,32.3403
37,0.900827,0.504228,-0.396599,0.0140722,0.962729,0.0315052,1.21348,15.2582
38,0.900222,0.414706,-0.485516,0.0020076,0.991645,0.00444035,1.13448,21.6638
39,1.21472,1.01428,-0.200439,0.0260342,0.805227,0.0590022,2.12054,6.41159
40,1.06771,0.142185,-0.925526,2.14347e-06,0.999985,4.73135e-06,1.09788,27.9873
41,0.86427,0.545598,-0.318672,0.0424611,0.909435,0.0978818,1.26691,13.0481
42,0.729154,0.300947,-0.428207,0.00606053,0.980699,0.0134591,1.14093,20.8795
43,0.632949,0.468177,-0.164773,0.112113,0.775007,0.278719,1.1759,17.6037
44,0.601834,0.547234,-0.0546001,0.341428,0.528377,1.14436,1.30545,11.9309
45,1.08026,0.224904,-0.855358,1.0647e-05,0.999927,2.35016e-05,1.09131,29.6333
46,1.17575,0.988495,-0.187255,0.08215,0.803622,0.197562,1.59146,8.20856
47,1.00093,0.229959,-0.770971,0.000105757,0.999479,0.000233465,1.11026,25.3974
48,1.06773,0.18677,-0.880962,2.9523e-06,0.999979,6.51672e-06,1.12228,23.3661
49,1.10855,0.897507,-0.211047,0.102238,0.795623,0.251371,1.00968,173.091
50,0.6811,0.22706,-0.454041,0.0051134,0.983314,0.011345,1.0769,34.1679
51,0.656994,0.244032,-0.412962,0.00639726,0.979634,0.0142118,1.09472,28.75
52,1.20676,1.00527,-0.201487,0.0373126,0.826021,0.0855532,2.20894,6.27269
53,1.04078,0.101585,-0.939197,6.57458e-07,0.999994,1.45123e-06,1.02496,86.7575
54,1.11759,1.03843,-0.0791629,0.227683,0.60827,0.650731,1.6318,7.95919
55,1.41177,0.998961,-0.412808,0.0135511,0.874416,0.0303227,2.15305,6.35779
56,0.762541,0.597455,-0.165086,0.163965,0.72183,0.432906,1.3377,11.1918
57,0.409293,0.684926,0.275633,0.899206,0.0453682,19.6922,1.41937,9.83116
58,1.1863,0.842381,-0.343915,0.0147812,0.957376,0.0331165,1.08969,30.0739
59,0.531551,0.798473,0.266922,0.874965,0.0634684,15.4463,1.11928,23.8371
60,0.969248,0.593399,-0.375849,0.0210357,0.950306,0.0474303,1.25959,13.2976
61,0.816028,0.739432,-0.0765953,0.350227,0.518254,1.18975,1.21818,15.0212
62,0.989066,1.1858,0.196738,0.61015,0.14253,3.45467,1.23861,14.0966
63,1.00135,0.374728,-0.626619,0.000640425,0.997187,0.00141453,1.08463,31.553
64,1.08718,0.206267,-0.880915,4.73445e-06,0.999966,1.04505e-05,1.10624,26.1742
65,0.823176,1.2216,0.398423,0.902172,0.00963448,20.3561,1.17574,17.6161
66,1.0613,0.268279,-0.793025,7.29025e-05,0.999587,0.000160931,1.07813,33.7174
67,0.762534,0.580483,-0.182051,0.157617,0.737167,0.413011,1.31071,11.7999
68,1.16504,0.742134,-0.422903,0.00851801,0.976654,0.0189636,1.17917,17.3614
69,1.0145,0.83877,-0.175734,0.192121,0.700618,0.524923,1.15717,19.1812
70,0.879741,0.586738,-0.293003,0.163352,0.762467,0.430971,1.16665,18.3396
71,0.503097,0.838935,0.335838,0.926315,0.0344298,27.7489,1.12076,23.6021
72,0.903194,0.671731,-0.231463,0.126246,0.780763,0.318931,1.27686,12.7297
73,1.1055,0.719609,-0.38589,0.0218465,0.949238,0.0492993,1.22297,14.7895
74,0.741056,0.68073,-0.0603263,0.39946,0.502757,1.46824,1.22952,14.488
75,0.962322,0.734004,-0.228318,0.146908,0.757404,0.380115,1.26023,13.2753
76,0.433909,0.808715,0.374805,0.939459,0.0300563,34.2529,1.09577,28.4925
77,0.897499,0.69351,-0.203989,0.162539,0.732379,0.42841,1.27085,12.9194
78,1.10613,0.655298,-0.450837,0.00766907,0.979795,0.017059,1.23453,14.2685
79,1.18562,0.921218,-0.264397,0.0309091,0.909662,0.0704027,1.04097,57.877
80,0.325146,1.09323,0.76808,0.998572,0.000441174,1543.85,1.09552,28.5532
81,0.723672,0.474707,-0.248965,0.0701189,0.856981,0.166446,1.17458,17.7038
82,0.994394,0.532397,-0.461997,0.00620825,0.982853,0.0137893,1.23826,14.1113
83,1.19081,0.808724,-0.382091,0.00881738,0.972428,0.019636,1.11208,25.0634
84,0.858098,1.15343,0.295333,0.7894,0.113953,8.27382,1.19814,16.1103
85,0.749759,1.21209,0.462327,0.954634,0.00999893,46.4487,1.23514,14.2423
86,1.11562,0.916007,-0.199617,0.115234,0.786804,0.287486,1.01092,159.933
87,1.0436,0.646709,-0.396888,0.0209552,0.952017,0.0472449,1.26251,13.1963
88,0.559142,0.561388,0.00224628,0.423498,0.418289,1.6215,1.34856,10.9738
89,0.63203,0.875442,0.243412,0.81043,0.112336,9.43652,1.14352,20.5838
90,1.16603,1.01342,-0.152608,0.116264,0.733373,0.290394,1.82618,7.11095
91,1.19922,0.917533,-0.281691,0.0178794,0.936696,0.0401841,1.04137,57.408
92,1.06922,0.708425,-0.360797,0.0349489,0.925293,0.0799374,1.2456,13.8154
93,1.1715,0.758607,-0.412896,0.00817297,0.976687,0.0181891,1.16223,18.7206
94,1.05246,1.18206,0.129599,0.491045,0.173785,2.12965,1.27351,12.8343
95,0.69339,0.493902,-0.199489,0.232554,0.690654,0.668873,1.20589,15.6643
96,0.949791,0.77545,-0.174341,0.209247,0.676745,0.584099,1.22736,14.5852
97,0.491881,0.769486,0.277605,0.897838,0.0479524,19.3988,1.21712,15.0736
98,1.08459,1.07806,-0.0065251,0.329747,0.482698,1.08595,1.58169,8.27437
99,0.921996,1.13427,0.212269,0.684863,0.187863,4.79702,1.28274,12.5523
100,0.638397,0.693858,0.0554615,0.548648,0.315442,2.68316,1.30869,11.8497