Codon,alpha,beta,beta-alpha,Prob[alpha<beta],Prob[alpha>beta],BayesFactor,PSRF,Neff
1,0.746688,0.0940441,-0.652644,0.00898265,0.984398,0.0171043,1.00521,247.154
2,0.83274,0.0957865,-0.736953,0.00438311,0.99222,0.00830752,1.0003,472.411
3,0.714879,0.0941226,-0.620757,0.0141112,0.975738,0.0270095,1.00744,203.506
4,0.641428,0.0935895,-0.547839,0.0210202,0.964066,0.0405177,1.0079,196.34
5,0.66697,0.113307,-0.553662,0.0351299,0.944012,0.0687053,1.00691,212.45
6,0.667521,0.113308,-0.554213,0.0350508,0.944134,0.068545,1.00691,212.428
7,0.937812,0.0987986,-0.839013,0.00295118,0.994685,0.00558549,0.998094,804.555
8,0.825095,0.115123,-0.709973,0.0136396,0.977725,0.0260945,1.00388,283.582
9,1.02732,0.120135,-0.907187,0.00587982,0.990079,0.0111611,0.998058,813.784
10,0.708264,0.0940399,-0.614224,0.0146018,0.974907,0.0279625,1.00756,201.636
11,0.429516,0.115158,-0.314358,0.151256,0.765162,0.336293,0.999085,610.809
12,0.576139,0.272258,-0.30388,0.155012,0.783054,0.346175,1.00834,190.084
13,1.10162,0.310206,-0.791409,0.0303413,0.952913,0.0590469,1.00022,479.285
14,0.611653,0.0936149,-0.518038,0.0247507,0.957781,0.0478909,1.00751,202.432
15,1.22499,0.296944,-0.928042,0.0118606,0.97955,0.0226502,0.996867,1327.24
16,0.979854,0.11897,-0.860884,0.00639882,0.989235,0.0121526,0.99856,700.097
17,1.06031,0.475248,-0.585058,0.0714278,0.891118,0.145155,0.99932,577.911
18,0.81138,0.069169,-0.742211,0.00270996,0.994632,0.0051277,1.00463,261.745
19,0.678999,0.46453,-0.214469,0.266473,0.666285,0.68552,1.00441,267.61
20,0.588748,0.375428,-0.21332,0.246742,0.683692,0.61813,1.0077,199.411
21,0.677884,0.363131,-0.314754,0.177693,0.765153,0.407772,1.00842,188.937
22,0.935601,0.27633,-0.659272,0.0208879,0.965846,0.0402572,0.999624,540.243
23,0.744165,0.0939996,-0.650165,0.00911655,0.984171,0.0173616,1.0053,244.903
24,1.18788,0.390305,-0.797574,0.0349004,0.944471,0.0682402,0.998896,640.138
25,1.3716,0.473628,-0.897972,0.0377696,0.937355,0.0740706,0.998226,771.76
26,0.810995,0.114834,-0.69616,0.0102819,0.983012,0.0196039,1.00174,372.006
27,0.317181,0.0982578,-0.218923,0.188552,0.691059,0.438481,0.997735,909.046
28,1.57169,0.483484,-1.0882,0.0258691,0.954114,0.0501125,0.997536,979.952
29,0.71426,0.543542,-0.170718,0.284104,0.639911,0.748875,1.00022,479.511
30,0.858803,0.383855,-0.474947,0.0771171,0.887351,0.157683,1.00211,353.108
31,0.779524,0.494013,-0.285511,0.200242,0.736666,0.472476,1.00148,386.859
32,0.945601,0.388766,-0.556835,0.0655977,0.902877,0.132476,1.00136,393.888
33,0.699544,0.103236,-0.596308,0.0186143,0.969078,0.0357922,1.00727,206.307
34,0.666762,0.113305,-0.553457,0.0351566,0.94397,0.0687594,1.00691,212.46
35,0.736887,0.651567,-0.0853204,0.373645,0.537962,1.12569,0.997738,908.208
36,0.329635,0.271659,-0.0579755,0.434114,0.476253,1.44763,1.0022,348.838
37,1.20389,0.489803,-0.714091,0.0650452,0.899661,0.131282,0.998724,669.497
38,0.944333,0.118658,-0.825675,0.00498646,0.99145,0.00945683,0.997485,999.867
39,0.565605,0.113594,-0.452011,0.054366,0.914122,0.108489,1.00545,241.523
40,1.09476,0.41154,-0.68322,0.0766615,0.889979,0.156674,1.00289,318.38
41,0.34022,0.452263,0.112043,0.621041,0.313284,3.0925,1.00315,308.639
42,0.673167,0.620401,-0.052766,0.422141,0.498014,1.37853,0.999368,571.547
43,0.642859,0.384473,-0.258386,0.191858,0.74514,0.447996,1.00664,217.192
44,0.840069,0.316998,-0.52307,0.0461816,0.928402,0.091366,1.00414,275.59
45,1.43705,0.344376,-1.09267,0.0309629,0.953131,0.0602952,1.00126,400.442
46,0.718356,0.79682,0.0784635,0.538744,0.361085,2.20406,0.996667,1484.71
47,0.735925,0.622563,-0.113362,0.344556,0.570377,0.991986,0.998184,782.01
48,0.711594,0.405488,-0.306105,0.166906,0.776784,0.378059,1.00515,248.434
49,0.705408,0.715584,0.0101755,0.469003,0.437397,1.66673,0.997197,1129.55
50,1.10194,0.417545,-0.684397,0.0567734,0.914272,0.113582,1.00065,442.822
51,0.584043,0.653625,0.0695821,0.542509,0.377956,2.23773,0.99893,634.756
52,0.810547,0.663601,-0.146946,0.305915,0.602465,0.831705,0.997251,1102.49
53,0.421549,0.556977,0.135428,0.623934,0.315082,3.13081,1.0017,374.186
54,1.51366,0.425488,-1.08817,0.0318943,0.948837,0.0621687,0.997496,995.221
55,0.672909,0.637321,-0.0355883,0.439317,0.479133,1.47857,0.998749,665.036
56,0.834265,1.03918,0.204918,0.665218,0.20526,3.74959,0.99855,702.059
57,0.949197,0.384055,-0.565142,0.0494858,0.923545,0.0982436,1.00002,498.189
58,0.711804,0.451755,-0.260048,0.201285,0.735155,0.475557,1.00343,298.232
59,0.313965,0.405873,0.0919085,0.602127,0.326251,2.85578,1.00377,287.079
60,0.612271,0.813471,0.2012,0.665037,0.252814,3.74654,0.997089,1187.54
61,1.15128,0.953249,-0.198034,0.390084,0.453925,1.2069,0.997494,996.26
62,1.11013,0.552268,-0.557863,0.122792,0.824026,0.264149,0.99846,719.971
63,0.923487,0.901277,-0.0222101,0.470925,0.393337,1.67964,0.997327,1067.17
64,2.08606,0.492822,-1.59324,0.0137971,0.974372,0.0263999,0.996284,1922.98
65,0.859318,0.554362,-0.304956,0.213871,0.718451,0.513382,0.999441,562.301
66,0.675524,0.300364,-0.37516,0.131609,0.818806,0.285991,1.00899,181.397
67,2.09298,0.758769,-1.33421,0.517647,0.413195,2.02512,0.997241,1107.76
68,0.659413,2.69333,2.03392,0.986532,0.00202435,138.226,1.00121,403.216
69,0.676121,0.535674,-0.140447,0.337376,0.58943,0.960791,1.00204,356.353
70,2.05798,0.573712,-1.48427,0.0243593,0.955243,0.0471148,0.995938,2620.38
71,0.837948,0.534227,-0.303721,0.209571,0.7249,0.500322,1.0001,490.107
72,0.847411,0.8626,0.0151883,0.476349,0.39928,1.71659,0.99706,1203.72
73,0.830449,2.32327,1.49283,0.913264,0.0269606,19.8691,1.00232,343.143
74,0.858795,0.307884,-0.550911,0.0633222,0.907734,0.12757,1.00516,248.33
75,0.72734,0.885868,0.158529,0.621255,0.271711,3.09531,0.996646,1503.49
76,1.09889,0.632435,-0.466454,0.175475,0.753718,0.401601,0.997453,1012.52
77,0.709737,0.315224,-0.394513,0.0954431,0.861529,0.199109,1.00851,187.649
78,1.11337,0.55017,-0.563202,0.121013,0.826386,0.259795,0.998481,715.759
79,0.673593,0.622186,-0.0514068,0.423556,0.496505,1.38655,0.999328,576.862
80,0.615118,1.05729,0.442174,0.815523,0.110233,8.34212,0.997426,1023.98
81,0.930362,2.69297,1.76261,0.946222,0.00681936,33.2024,1.00344,297.955
82,0.58901,0.452313,-0.136697,0.325333,0.600112,0.909958,1.00483,256.492
83,1.13581,0.586774,-0.54904,0.0848024,0.861641,0.174854,0.998537,704.515
84,0.809469,2.49867,1.6892,0.95577,0.00898659,40.7772,1.00305,312.27
85,1.10431,0.861059,-0.243256,0.298257,0.563219,0.802038,0.997432,1021.2
86,0.856408,0.627506,-0.228902,0.279948,0.639836,0.733661,0.998017,824.736
87,2.36967,0.40989,-1.95978,0.00237389,0.994767,0.00449029,0.99657,1575.85
88,0.725455,0.49077,-0.234685,0.211272,0.720405,0.505471,1.00083,429.19
89,0.922564,0.840294,-0.0822699,0.412287,0.463212,1.32378,0.996882,1316.87
90,0.705948,0.690382,-0.0155661,0.442437,0.465672,1.4974,0.997421,1026.1
91,8.63187,0.761711,-7.87016,0.18666,0.765084,0.433073,0.997526,983.817
92,0.529855,0.735027,0.205173,0.685276,0.242446,4.10882,0.998123,797.186
93,0.922341,0.842741,-0.0795995,0.414787,0.460275,1.3375,0.996897,1306.24
94,0.579501,0.861881,0.28238,0.738167,0.186977,5.32,0.997244,1106.13
95,0.667733,0.778014,0.110281,0.581817,0.32927,2.62544,0.996914,1295.05
96,1.93285,0.529955,-1.40289,0.0105991,0.971684,0.0202152,0.995293,8155.04
97,0.718119,0.809913,0.0917939,0.55279,0.340487,2.33255,0.996471,1680.05
98,1.25251,0.563462,-0.689052,0.385311,0.554638,1.18287,1.00217,350.174
99,1.08211,0.714783,-0.367328,0.182478,0.724717,0.421206,0.997274,1091.65
100,0.723985,0.596094,-0.127891,0.314271,0.601035,0.864835,0.99836,741.341