Codon,alpha,beta,beta-alpha,Prob[alpha<beta],Prob[alpha>beta],BayesFactor,PSRF,Neff
1,0.2531420094947896,0.1188971014290922,-0.1342449080656974,0.1056669777721996,0.735978338141305,0.2205377136846555,0.997694438151813,922.6536679215442
2,0.2087441989137084,0.02105213666957552,-0.1876920622441328,0.01568989883105594,0.9336445743810835,0.02975301971064827,1.003411583022464,299.0337008102899
3,1.747867513392006,0.1478017466717606,-1.600065766720245,3.991221589257036e-07,0.9999984078860269,7.449872877016644e-07,1.01563008088904,124.264287647315
4,1.056978615637025,0.1101178710750419,-0.9468607445619832,1.506120299236713e-05,0.9999506680679844,2.811312033881833e-05,1.011452776206639,154.8332832475979
5,0.4679196496610766,0.02503743590826284,-0.4428822137528137,0.001112178833187452,0.9958634258389237,0.002078264197229088,1.003487784671764,296.3867149227219
6,0.6761431723761067,0.02856086730822751,-0.6475823050678792,0.0002089075212473647,0.9991904533025775,0.0003900207037244198,1.006007763280371,229.4733062378057
7,0.6778129709643427,0.02809643963188362,-0.6497165313324591,0.0001944841641487236,0.9992323035781393,0.0003630877234389166,1.005612822338522,237.8628419404083
8,1.065492144107932,0.04338036972990138,-1.022111774378031,8.146422568986333e-07,0.9999968449588266,1.520583019560242e-06,1.017451678879641,114.4940914196177
9,1.051229344401293,0.04647097927338355,-1.00475836512791,4.939961584006333e-07,0.9999981113594891,9.220758228211141e-07,1.003345829426877,301.3565489721016
10,0.5484701274794559,0.02506733549321413,-0.5234027919862417,0.0007767185419735713,0.9968327589392771,0.001450921703588695,0.9999308227764502,506.9443835613424
11,0.2386427892440195,0.02113530198930132,-0.2175074872547182,0.01021334116335495,0.9571183362379647,0.01926056807347053,1.000950326144497,420.9120240998521
12,0.4158581824388349,0.1607417840740066,-0.2551163983648284,0.05855740492882614,0.8782245081820041,0.1160996276238096,1.011137179478747,157.7853428957621
13,1.209411282999662,0.1341613571597997,-1.075249925839862,1.561419726907288e-05,0.9999510110680718,2.914535112435708e-05,1.011337100514611,155.9020702732266
14,1.113492628827595,0.1071770452937505,-1.006315583533845,9.275090166345221e-06,0.9999688851805135,1.731270851200261e-05,1.020280633357855,102.1110525095241
15,1.083625990405344,0.1127159682281558,-0.9709100221771882,1.423082962202845e-05,0.9999556402753969,2.656313002841439e-05,1.006816712873733,214.0381038764534
16,0.6046156415544524,0.1189017279587015,-0.4857139135957508,0.007152854628653692,0.9805845754890136,0.01344744745313107,1.016279202973667,120.5909589966516
17,0.9414363848834089,0.1082707153879327,-0.8331656694954761,0.0001977313921229704,0.9993905911184726,0.0003691512597422118,1.031150392126013,72.55730285819629
18,1.085684481881535,0.1096727183663348,-0.9760117635151997,7.480927036401718e-06,0.9999749287889914,1.396373237187028e-05,1.007972074978356,195.3282201361594
19,1.019923837684809,0.5175369637869808,-0.5023868738978287,0.02515835296673219,0.9533208275946446,0.04817158982993393,1.002400833385737,339.2916185851616
20,0.4069791844092475,0.5969721261516936,0.1899929417424461,0.7335638258041809,0.1946150724316004,5.139105893263658,1.008498574876697,187.8634722223235
21,0.8853653350672973,0.5983720563659902,-0.2869932787013071,0.1275303213734343,0.8071241365493528,0.2728386928003316,1.009095422687095,180.0751544440531
22,0.5704198981221582,0.2693887578701875,-0.3010311402519707,0.0679731448855572,0.8788619433807124,0.1361293548237465,1.022065565289809,95.62943004068508
23,0.8425725048058335,0.4906309699728698,-0.3519415348329637,0.08033186240448556,0.8716891396344121,0.1630420187335526,1.014411233623743,131.825028486906
24,0.2075496961409614,0.0210510030073534,-0.186498693133608,0.01582920985866906,0.9330535154398391,0.03002144654603143,1.003453293600578,297.5789142623739
25,1.098704194405936,0.1095533822022516,-0.9891508122036842,5.953124981657916e-06,0.9999799630964455,1.111195398805859e-05,1.007555131780506,201.6834515056939
26,1.011225117015568,0.1112322896602216,-0.8999928273553464,3.77763605179351e-05,0.9998800769613574,7.051465240913435e-05,1.016474487046761,119.5292956094709
27,0.9249376323413838,0.10894731447482,-0.8159903178665638,0.0002405409150136032,0.9992646178543119,0.0004490929997084002,1.030710043675125,73.40494065142096
28,0.8666913548875046,0.5665303662932381,-0.3001609885942665,0.1433698599293403,0.7957675873633157,0.3123973626978778,1.014799369427177,129.3163848595498
29,0.3445095582298392,0.8480699469550513,0.5035603887252121,0.9251482351672813,0.04902158214351061,23.07024086928079,1.016174216136263,121.1698108183091
30,0.6058153816969442,0.1623123210224711,-0.443503060674473,0.01231804192555597,0.9718483354502293,0.02327916539687782,1.023637539324419,90.59006982537696
31,1.117204904475778,0.1338042147195822,-0.983400689756196,3.92941093453724e-05,0.9998809792803016,7.334784584289255e-05,1.015410359233689,125.5605770499632
32,2.529788204072109,0.5529801900345437,-1.976808014037566,7.731098841310977e-05,0.9994756637628113,0.0001443170528491941,1.002351972381419,341.5177535431187
33,2.163689091542982,0.2073632355870293,-1.956325855955952,2.078631841932835e-06,0.9999926000646401,3.879907101718863e-06,1.015953718938993,122.4044118052214
34,1.492682326615022,0.6867931619476542,-0.8058891646673678,0.01744975697228917,0.9581464781263025,0.03314953677528112,0.9974149865632937,1028.434495343881
35,1.3556425804162,0.3193781430628819,-1.036264437353319,0.0001644206459287444,0.9994897326744626,0.0003069521018189725,1.045488744684566,53.03646566908231
36,0.8890293524893533,0.1895584218201491,-0.6994709306692042,0.002889017522262573,0.9933096254739983,0.005408159914491769,1.030646002580439,73.5299592145801
37,0.9689960240071654,1.089631473395849,0.120635449388684,0.514037717896639,0.2005269624822704,1.974400592279103,1.006278069083011,224.0696616068531
38,1.376820004705384,0.2262669963541297,-1.150553008351254,5.178578960701858e-05,0.9998373012645836,9.666648835629052e-05,1.051464366424735,47.82847415847058
39,2.566592976323284,0.6733266446115824,-1.893266331711702,0.0005981239173055633,0.9973287063365379,0.001117104644037289,1.003875180420521,283.6318443548416
40,0.6912747106539487,0.3774313147905192,-0.3138433958634295,0.09863681578659281,0.8457457615760287,0.2042594118044494,1.018021616443815,111.7546318003225
41,1.82574682454397,0.650720480636986,-1.175026343906984,0.00648143626771448,0.9826979335334614,0.01217693863272429,0.9966140152158147,1533.01578765334
42,0.8069338957478266,0.2009075900567058,-0.6060263056911208,0.006760066697772085,0.9847132944971083,0.01270397579071736,1.03145805821742,71.97721918415712
43,0.9019881240821969,0.848491731858843,-0.05349639222335389,0.3696764832058657,0.4898848896451712,1.09471523491717,1.007594342200918,201.0678809454977
44,0.7821386543503785,0.3207612368158567,-0.4613774175345218,0.02709301541815368,0.9489080221389784,0.05197911388199912,1.017882655971598,112.409984081225
45,1.035678871283382,0.1981278668070182,-0.8375510044763635,0.0004212655395563628,0.9988482037957283,0.0007866504126943894,1.038828151215124,60.51572395384507
46,0.8776090006183924,0.3181196376361194,-0.559489362982273,0.009115356901530453,0.9809197514480349,0.01717091461364375,1.005222074223542,246.8005375876236
47,1.009827050323915,0.2878840152973156,-0.721943035026599,0.002750036234464259,0.9938074213207433,0.005147273387551919,1.025503325787794,85.28276243931289
48,1.123217297600974,0.6601888104010032,-0.4630284871999713,0.05919582151367753,0.8976015541050861,0.117445035382493,1.000386890829161,464.4423189165208
49,1.146394798274964,0.6379415079853936,-0.5084532902895706,0.04577931323681435,0.920791769240062,0.08954952662547386,1.00084964925344,428.0761850175092
50,1.195464002153849,0.7310322761456516,-0.4644317260081976,0.06421496109467184,0.8762106027729002,0.1280863868372822,1.001559793987404,382.2284791814453
51,0.6665590294123735,0.5020118901959386,-0.1645471392164349,0.2661317998711848,0.6523462851700426,0.6768953808573411,1.022844948438754,93.05982033269817
52,0.6686215539270017,0.2676829197503153,-0.4009386341766864,0.03632244443285054,0.9321768468876085,0.07035357525650157,1.022426709059391,94.42059454595837
53,0.5381888909742688,0.7412528427836014,0.2030639518093326,0.7307336615001228,0.1953306128901759,5.065471749014495,1.017854990844526,112.5414065566565
54,0.6186508395545887,0.8254168667708255,0.2067660272162368,0.7220444198002536,0.1966088556816126,4.848767581109464,1.017433821463033,114.5821727773497
55,0.8426074615985435,0.3967820995441583,-0.4458253620543852,0.03779003671183936,0.9335749610812062,0.0733078213721588,1.013081862430668,141.2328078850047
56,0.3376155177936285,0.4872077127243452,0.1495921949307167,0.7052317765356311,0.2009106200005153,4.465746405040286,1.002452202403707,336.9826423014764
57,0.9398053693520886,0.03763699651227632,-0.9021683728398122,5.6065444568074e-06,0.9999787716390518,1.046503183387346e-05,1.024598114003733,87.77412691128455
58,0.5547693500263065,0.7651045062319619,0.2103351562056555,0.732908203890385,0.1943960109749802,5.121909293944227,1.019308992264197,106.0393340457815
59,0.9229302593729024,2.806676346719652,1.88374608734675,0.9935532813154543,2.00020334570864e-05,287.6704755820255,1.014009231191539,134.5312350326271
60,1.005039243713936,0.431994558701467,-0.5730446850124687,0.01072527816720002,0.9778372956843177,0.02023645806330326,1.005811299199213,233.5701662909072
61,1.123081185515247,0.8240277179621144,-0.299053467553133,0.09710619859806743,0.7690950579313982,0.2007488797112721,1.008241008645559,191.4411588886846
62,0.8509377264019955,0.3714273014524549,-0.4795104249495406,0.02422978052305582,0.954767374921803,0.04634946970024901,1.005546952897822,239.3231373432827
63,1.407405179364337,0.5713334199450706,-0.8360717594192661,0.006187663386295483,0.9851283251091086,0.01162157916272247,0.9969708565504493,1257.88263904004
64,1.17247776053972,0.7805081345747424,-0.3919696259649772,0.07349700360828382,0.8408796666550478,0.1480695151112739,1.005225085397975,246.7290534813338
65,0.9928397491749097,0.7688330548333044,-0.2240066943416053,0.1891538204771373,0.7082954571182165,0.4354311468444836,1.006775590904551,214.7716246980885
66,1.007269753122381,1.201244942037616,0.1939751889152355,0.5522487196963788,0.05045215855462343,2.302187703928428,1.005363405500545,243.4901162450846
67,0.8441419725757676,1.089592940734432,0.2454509681586649,0.7025971512829018,0.1197855654318197,4.409649886272121,1.004120824629402,276.1046708762988
68,1.105853216504617,1.246585934251595,0.1407327177469784,0.3762586257473032,0.1044232526262787,1.125964662634046,1.006275326277843,224.1231929026898
69,1.17463287991182,0.7000929611591312,-0.474539918752689,0.02061431049882537,0.9396272412732379,0.0392878178798659,1.000073044644525,492.8724458189857
70,0.6631368380653587,0.5284626936812146,-0.1346741443841442,0.2835116296789424,0.6253725071862488,0.7385919697288051,1.020930964330428,99.64621011053799
71,0.7084968571607236,0.3783120944717367,-0.3301847626889869,0.08062570975507295,0.8673282517889545,0.1636907146033616,1.021498099490764,97.59542057513528
72,1.867476272023095,0.6180968541772799,-1.249379417845815,0.003344368156954961,0.9906160684039058,0.006263423871197179,0.9966998447234615,1456.365842550508
73,1.416523687258938,0.6416026286495834,-0.7749210586093541,0.01112974735324251,0.9733536066512315,0.02100819993693871,0.9971507341051885,1153.602068793216
74,0.997323722613419,0.5520876881024405,-0.4452360345109785,0.03530507559211589,0.9350252566819002,0.06831089898915874,1.000018020848163,498.2223270492426
75,0.6082576332210705,0.1973245915399669,-0.4109330416811036,0.04136434634341342,0.9213177047504229,0.08054070692537572,1.014777817372799,129.4531020566677
76,1.064484516126408,0.6027654890693694,-0.4617190270570382,0.03595814124359995,0.9327739610557216,0.06962163069830204,0.9987302030821078,668.3593802902985
77,0.4529353783229568,0.642893550720315,0.1899581723973582,0.7260389936264595,0.2039013961830686,4.946682563580239,1.014026041391412,134.4157821103137
78,1.028120511044631,0.9314292310941589,-0.09669127995047189,0.2853015250310883,0.5059019565445024,0.7451163383152825,1.008760617608943,184.360929580561
79,1.050152300299468,1.906104524712592,0.8559522244131237,0.6760158118877131,0.01517058047683819,3.894716832909464,1.014283112066267,132.6752760646428
80,0.6799600438493202,0.4477308244806663,-0.2322292193686539,0.1729192590744592,0.7520090837100482,0.3902458618480361,1.021856878204335,96.34277274971168
81,0.4504824840740985,0.3944880002405176,-0.05599448383358091,0.3941541616621459,0.5005123321681505,1.214358273583663,1.009419707446176,176.1136288347356
82,0.7303150082063329,1.147392561058189,0.4170775528518563,0.8756279196346645,0.02901287021112438,13.14133693805566,1.005243903388786,246.2832725390766
83,1.058920523997259,0.627158439694336,-0.4317620843029234,0.05869676747402136,0.8993592821418621,0.1163931664302578,1.000061036508652,494.0300800713336
84,0.5323395234672327,0.9375136352051197,0.405174111737887,0.9190097209805834,0.04524387747733736,21.18020009717854,1.016600158164498,118.8562306294377
85,1.4971799688366,0.6791002800099561,-0.8180796888266437,0.0195008214063549,0.952213346809109,0.03712346620942347,0.9968399802513636,1346.482963371388
86,0.5673820395913247,1.098299300374215,0.5309172607828898,0.9480526440653725,0.0181376728686097,34.06527153910002,1.006956983705544,211.5739162206835
87,1.024377867703228,0.7492166378507118,-0.2751612298525167,0.1501776246033591,0.7622906843562036,0.3298526045746854,1.005992668172055,229.7828963420182
88,0.4615761741289214,0.6703833576230277,0.2088071834941063,0.743035399129339,0.1903012118077054,5.397331012069243,1.015740224025526,123.6248071881035
89,0.2745323000477515,0.5000529329536503,0.2255206329058988,0.8080440248684582,0.1299759122566023,7.857352491722905,0.9978358393162688,877.0373726448797
90,0.5916712809876115,0.9952662376957665,0.403594956708155,0.8726065831177863,0.06746372052254451,12.78540081688107,1.008691157280704,185.2763093269833
91,0.3907991601465747,0.6910694875352702,0.3002703273886955,0.782193102236713,0.1719612753138224,6.703246669547245,1.015448532812143,125.3333663353845
92,0.4159334179995179,0.6606861987146621,0.2447527807151442,0.8081928297468783,0.1269338668124871,7.864896350411225,1.008526951965835,187.4776292168573
93,1.176050855531338,1.10034199795971,-0.07570885757162804,0.3206401103314346,0.297434981777343,0.8809693438137084,1.005053595716203,250.8682918593514
94,0.7803615992842439,1.005186244222898,0.2248246449386546,0.6956574416158933,0.1679041469850517,4.266537791424075,1.005193729177407,247.4755052927775
95,2.124562046037416,0.7242278576189352,-1.400334188418481,0.009786182458659407,0.9710123149997294,0.0184470606289297,1.001068051201164,412.8356134632718
96,1.006887731611263,0.8682662222629606,-0.1386215093483024,0.2603079822484381,0.5831507598470251,0.6568699617790222,1.008773147213159,184.1967908616578
97,1.087918507584776,0.4130845907416544,-0.6748339168431218,0.005318167286860473,0.9884451104969509,0.009979772864526813,1.004412301280318,267.6820929331093
98,0.6991397416046305,0.9760782292286635,0.2769384876240329,0.7621000671717578,0.1386392087109938,5.979440231017056,1.007594867289775,201.0596634752494
99,0.6683656174609686,0.8264585460642759,0.1580929286033074,0.6622100952993831,0.2408600840481969,3.659249144042189,1.014328375760871,132.3736075836102
100,0.451348506195937,0.7283435994522398,0.2769950932563028,0.8105271046140968,0.1345945885262974,7.984786337324844,1.017161779612184,115.9415587811124