Codon,alpha,beta,beta-alpha,Prob[alpha<beta],Prob[alpha>beta],BayesFactor,PSRF,Neff
1,1,0.518937,-0.481063,0.0728819,0.918359,0.375752,0.998636,685.576
2,1,0.522129,-0.477871,0.0738315,0.917366,0.381038,0.998641,684.571
3,1,0.585533,-0.414467,0.0908328,0.899687,0.477546,0.99872,670.165
4,1,0.585533,-0.414467,0.0908328,0.899687,0.477546,0.99872,670.165
5,1,0.518937,-0.481063,0.0728819,0.918359,0.375752,0.998636,685.576
6,1,0.518937,-0.481063,0.0728819,0.918359,0.375752,0.998636,685.576
7,1,0.568907,-0.431093,0.086986,0.903653,0.455396,0.998714,671.257
8,1,0.518937,-0.481063,0.0728819,0.918359,0.375752,0.998636,685.576
9,1,0.571448,-0.428552,0.0875217,0.903104,0.458469,0.998713,671.472
10,1,0.518937,-0.481063,0.0728819,0.918359,0.375752,0.998636,685.576
11,1,0.518937,-0.481063,0.0728819,0.918359,0.375752,0.998636,685.576
12,1,0.544184,-0.455816,0.0802676,0.910638,0.417153,0.998682,677.114
13,1,0.518937,-0.481063,0.0728819,0.918359,0.375752,0.998636,685.576
14,1,1.05229,0.0522912,0.23402,0.749462,1.46033,1.00153,384.07
15,1,0.585533,-0.414467,0.0908328,0.899687,0.477546,0.99872,670.165
16,1,0.585533,-0.414467,0.0908328,0.899687,0.477546,0.99872,670.165
17,1,0.518937,-0.481063,0.0728819,0.918359,0.375752,0.998636,685.576
18,1,0.518937,-0.481063,0.0728819,0.918359,0.375752,0.998636,685.576
19,1,0.544285,-0.455715,0.080326,0.910575,0.417483,0.998683,676.832
20,1,0.571448,-0.428552,0.0875217,0.903104,0.458469,0.998713,671.472
21,1,0.553633,-0.446367,0.0830337,0.907749,0.432831,0.998701,673.572
22,1,0.597198,-0.402802,0.0935673,0.896867,0.493407,0.998728,668.744
23,1,0.568093,-0.431907,0.086685,0.90397,0.45367,0.99871,671.927
24,1,0.585533,-0.414467,0.0908328,0.899687,0.477546,0.99872,670.165
25,1,1.13109,0.131085,0.24861,0.734931,1.58151,1.00161,379.351
26,1,0.576303,-0.423697,0.0888053,0.901772,0.465848,0.998719,670.388
27,1,0.568093,-0.431907,0.086685,0.90397,0.45367,0.99871,671.927
28,1,0.587086,-0.412914,0.0913367,0.899161,0.480462,0.998724,669.397
29,1,1.63881,0.638812,0.316358,0.66787,2.21191,1.00204,356.369
30,1,0.518937,-0.481063,0.0728819,0.918359,0.375752,0.998636,685.576
31,1,0.597198,-0.402802,0.0935673,0.896867,0.493407,0.998728,668.744
32,1,0.587148,-0.412852,0.0912814,0.899221,0.480142,0.998723,669.686
33,1,0.577833,-0.422167,0.0890452,0.901531,0.46723,0.998716,670.857
34,1,0.501943,-0.498057,0.0674405,0.924097,0.34567,0.99858,696.137
35,1,0.576303,-0.423697,0.0888053,0.901772,0.465848,0.998719,670.388
36,1,0.556421,-0.443579,0.0836939,0.907069,0.436586,0.998701,673.67
37,1,0.518937,-0.481063,0.0728819,0.918359,0.375752,0.998636,685.576
38,1,0.587086,-0.412914,0.0913367,0.899161,0.480462,0.998724,669.397
39,1,0.518937,-0.481063,0.0728819,0.918359,0.375752,0.998636,685.576
40,1,0.587086,-0.412914,0.0913367,0.899161,0.480462,0.998724,669.397
41,1,0.585533,-0.414467,0.0908328,0.899687,0.477546,0.99872,670.165
42,1,0.571448,-0.428552,0.0875217,0.903104,0.458469,0.998713,671.472
43,1,0.571448,-0.428552,0.0875217,0.903104,0.458469,0.998713,671.472
44,1,0.576303,-0.423697,0.0888053,0.901772,0.465848,0.998719,670.388
45,1,0.518937,-0.481063,0.0728819,0.918359,0.375752,0.998636,685.576
46,1,0.640199,-0.359801,0.10185,0.888386,0.542034,0.998739,666.872
47,1,0.568907,-0.431093,0.086986,0.903653,0.455396,0.998714,671.257
48,1,4.58732,3.58732,0.680874,0.30755,10.1981,1.00232,343.124
49,1,0.487766,-0.512234,0.0627224,0.929107,0.319868,0.998518,708.285
50,1,0.576303,-0.423697,0.0888053,0.901772,0.465848,0.998719,670.388
51,1,0.518937,-0.481063,0.0728819,0.918359,0.375752,0.998636,685.576
52,1,0.587086,-0.412914,0.0913367,0.899161,0.480462,0.998724,669.397
53,1,0.610758,-0.389242,0.0961673,0.894205,0.508577,0.998728,668.68
54,1,0.501943,-0.498057,0.0674405,0.924097,0.34567,0.99858,696.137
55,1,0.522129,-0.477871,0.0738315,0.917366,0.381038,0.998641,684.571
56,1,0.585533,-0.414467,0.0908328,0.899687,0.477546,0.99872,670.165
57,1,0.587086,-0.412914,0.0913367,0.899161,0.480462,0.998724,669.397
58,1,0.518937,-0.481063,0.0728819,0.918359,0.375752,0.998636,685.576
59,1,0.571448,-0.428552,0.0875217,0.903104,0.458469,0.998713,671.472
60,1,0.976089,-0.0239111,0.217666,0.765809,1.32989,1.00146,388.296
61,1,0.571761,-0.428239,0.0875898,0.903034,0.45886,0.998713,671.479
62,1,0.568907,-0.431093,0.086986,0.903653,0.455396,0.998714,671.257
63,1,0.518937,-0.481063,0.0728819,0.918359,0.375752,0.998636,685.576
64,1,0.568093,-0.431907,0.086685,0.90397,0.45367,0.99871,671.927
65,1,0.568907,-0.431093,0.086986,0.903653,0.455396,0.998714,671.257
66,1,0.587961,-0.412039,0.0915204,0.898973,0.481526,0.998724,669.393
67,1,1.35467,0.354666,0.282353,0.701464,1.88061,1.00184,366.861
68,1,0.585533,-0.414467,0.0908328,0.899687,0.477546,0.99872,670.165
69,1,0.569555,-0.430445,0.0871571,0.903476,0.456377,0.998715,671.123
70,1,0.585533,-0.414467,0.0908328,0.899687,0.477546,0.99872,670.165
71,1,0.548401,-0.451599,0.0815251,0.909323,0.424268,0.998691,675.34
72,1,0.568907,-0.431093,0.086986,0.903653,0.455396,0.998714,671.257
73,1,0.522129,-0.477871,0.0738315,0.917366,0.381038,0.998641,684.571
74,1,3.64856,2.64856,0.625416,0.361187,7.98061,1.00303,313.106
75,1,0.518937,-0.481063,0.0728819,0.918359,0.375752,0.998636,685.576
76,1,0.587087,-0.412913,0.0913368,0.899161,0.480462,0.998724,669.398
77,1,1.24535,0.24535,0.267877,0.715785,1.74891,1.00173,372.439
78,1,1.54602,0.546025,0.306566,0.677524,2.11318,1.00199,358.898
79,1,0.597198,-0.402802,0.0935673,0.896867,0.493407,0.998728,668.744
80,1,0.587086,-0.412914,0.0913367,0.899161,0.480462,0.998724,669.397
81,1,0.548401,-0.451599,0.0815251,0.909323,0.424268,0.998691,675.34
82,1,0.536965,-0.463035,0.0782975,0.912687,0.406045,0.998674,678.4
83,1,2.29139,1.29139,0.369945,0.615172,2.80657,1.00209,353.741
84,1,0.556421,-0.443579,0.0836939,0.907069,0.436586,0.998701,673.67
85,1,0.617206,-0.382794,0.0976648,0.892663,0.517353,0.998734,667.713
86,1,0.585386,-0.414614,0.0907888,0.899733,0.477292,0.99872,670.22
87,1,0.556421,-0.443579,0.0836939,0.907069,0.436586,0.998701,673.67
88,1,0.518937,-0.481063,0.0728819,0.918359,0.375752,0.998636,685.576
89,1,0.518937,-0.481063,0.0728819,0.918359,0.375752,0.998636,685.576
90,1,0.590951,-0.409049,0.0920371,0.898447,0.48452,0.998722,669.789
91,1,0.585533,-0.414467,0.0908328,0.899687,0.477546,0.99872,670.165
92,1,1.14303,0.143035,0.250724,0.732829,1.59945,1.00162,378.621
93,1,0.505754,-0.494246,0.0686665,0.922804,0.352417,0.998592,693.776
94,1,0.567958,-0.432042,0.0866441,0.904012,0.453436,0.99871,671.985
95,1,0.570702,-0.429298,0.0872947,0.903341,0.457166,0.998711,671.82
96,1,0.572849,-0.427151,0.0878374,0.902779,0.460282,0.998713,671.445
97,1,0.544184,-0.455816,0.0802676,0.910638,0.417153,0.998682,677.114
98,1,0.587961,-0.412039,0.0915204,0.898973,0.481526,0.998724,669.393
99,1,1.20232,0.202321,0.26048,0.723137,1.68361,1.00169,375.062
100,1,0.569555,-0.430445,0.0871571,0.903476,0.456377,0.998715,671.123