Codon,alpha,beta,beta-alpha,Prob[alpha<beta],Prob[alpha>beta],BayesFactor,PSRF,Neff
1,1.075461416609058,0.07332952659391848,-1.00213189001514,1.075894714554072e-12,0.9999999999778824,2.870051752356876e-12,1.03013971521104,74.53435441807412
2,0.8496481934436566,0.00879770437566689,-0.8408504890679898,1.817506195050891e-11,0.999999999424308,4.848371099468136e-11,1.012191900508361,148.3434621123574
3,0.8627860029791308,0.01147290448938891,-0.8513130984897419,3.833028903275529e-12,0.9999999999061112,1.022497013127387e-11,1.006923201537976,212.1620846334152
4,1.02825491390681,0.07310905485530325,-0.9551458590515065,1.445414684960813e-10,0.9999999963175217,3.855781512755826e-10,1.009052666112983,180.6111080945773
5,1.188928555237303,0.0728517929428088,-1.116076762294494,1.017665421472521e-15,0.9999999999999801,2.714719560098998e-15,1.062535640542463,40.61612617421414
6,0.995233213782288,0.2007829050883829,-0.7944503086939052,4.353667438688898e-07,0.9999967451756362,1.16138281307318e-06,1.026275620723363,83.27120298373238
7,0.9247540238710196,0.07463488727887727,-0.8501191365921423,1.284750989461187e-10,0.9999999974300329,3.427195783412088e-10,1.015695593156109,123.883109878946
8,1.063050688857743,0.07973830075010754,-0.9833123881076358,6.226908554460521e-11,0.9999999990833663,1.66108723909814e-10,1.039902734804752,59.15891336656394
9,0.535598672583677,0.002997146708939919,-0.5326015258747371,3.648861411695488e-07,0.9999881006211355,9.733689336243269e-07,0.9997870542518655,522.016968574728
10,1.143670140557554,0.07253397368693339,-1.071136166870621,7.00957824496997e-14,0.999999999998094,1.869871842764535e-13,1.019699050539654,104.4252344269055
11,1.105236019622622,0.07860603141205448,-1.026629988210567,8.043753291130098e-12,0.9999999998786088,2.145747898618841e-11,1.046365835343411,52.19613871847848
12,1.17693086220005,0.6567536877207273,-0.5201771744793225,0.002500290413581415,0.992548483781675,0.006686481260122159,1.027128925109185,81.16107700841511
13,0.9734562513687186,0.1607871655289874,-0.8126690858397312,1.841465610539331e-07,0.9999984037102981,4.912286029634074e-07,1.031073403830375,72.70400686474079
14,0.9926885774621563,0.0766556007064477,-0.9160329767557086,1.038492662918355e-10,0.9999999982431371,2.770278213105866e-10,1.029166040040106,76.54964005638763
15,0.8041691107860565,0.0794764341742064,-0.7246926766118501,6.996779350560418e-07,0.9999903149585826,1.866458921545811e-06,1.006559993295275,218.7027027597184
16,1.173382239141582,0.9060631206837317,-0.2673191184578507,0.04258845654801426,0.8119657393118584,0.1186624184874662,1.03402174051155,67.49924255137077
17,0.888126790716453,0.07651005260922138,-0.8116167381072316,7.648604737629846e-08,0.9999986412191924,2.040338409730732e-07,1.011262889656806,156.5957427398108
18,1.504168294792721,0.07295441971171562,-1.431213875081006,3.50299444027854e-17,0.9999999999999998,9.344571727888827e-17,1.037918843215296,61.71693174289312
19,1.047821537656287,0.08773824268349124,-0.9600832949727959,6.63643003813824e-10,0.9999999913467497,1.770331001288236e-09,1.033179989096215,68.90321629896886
20,0.728927269791144,0.214718349997603,-0.5142089197935409,0.0008378981159948735,0.9956407498619363,0.002237047547390671,1.001205417094998,403.7983771336251
21,1.161464954153325,0.5760991969813354,-0.5853657571719897,0.00102742821393242,0.9969026244451052,0.002743581573117052,1.022739207659047,93.39998141882143
22,1.083412834435796,0.1918149839021608,-0.8915978505336353,1.776786348594525e-08,0.9999998366246663,4.739747109978375e-08,1.015900865825692,122.7042137366525
23,0.9695200843723567,0.08694695396957428,-0.8825731304027824,6.691245810254709e-08,0.9999991176206902,1.784953749504462e-07,1.003579163946504,293.2744237066532
24,0.9602774361941722,0.07982283371067853,-0.8804546024834936,2.365753331410702e-08,0.9999996300194656,6.310872767784746e-08,1.005986088668983,229.9181032749893
25,0.8603402822573679,0.1699550717013679,-0.690385210556,4.317986756101017e-06,0.9999680452240444,1.151869118856885e-05,1.021236138492568,98.53166986762642
26,0.927418002855271,0.1340038099302871,-0.7934141929249838,2.890117800709691e-07,0.9999973581327053,7.70966707385092e-07,1.023073803515626,92.33238091484101
27,1.139168398692117,0.4313150031986611,-0.7078533954934557,0.001599864595695959,0.9959735594433219,0.004274630207525301,1.007398506911729,204.1811303356431
28,1.02845582705386,0.3595224829603001,-0.6689333440935596,0.0005030469495649408,0.9981938855984064,0.001342601101762241,1.003638365854557,291.2931611461829
29,0.9116936208782376,0.1130060870008042,-0.7986875338774333,9.875171057481897e-08,0.9999989990160337,2.634296312991232e-07,1.025811229251914,84.46869566385131
30,1.038040253578141,0.9532322087487015,-0.08480804482943949,0.2591236249670825,0.5162357245248682,0.9329990857810797,1.03526119754677,65.5387973910766
31,1.047034327126536,0.37469443272288,-0.672339894403656,0.0005467648712130094,0.9980445678704701,0.001459345354246363,1.003236472103901,305.3017767229005
32,1.160185713647033,0.07602659281578669,-1.084159120831247,7.315499977313988e-13,0.9999999999860305,1.951479382250861e-12,1.035644422520637,64.95685294242696
33,1.139827734388436,0.07463466903280394,-1.065193065355632,3.843955426943828e-13,0.9999999999934696,1.025411767511733e-12,1.047494957776357,51.15570246652852
34,1.226639855943007,0.4014952488331489,-0.8251446071098578,9.300427619180001e-07,0.9999947804563891,2.480980067135474e-06,1.106890413533309,26.04534681689285
35,1.045806662506324,0.530437132367911,-0.5153695301384126,0.008227606746852981,0.9803946957072494,0.02213000257055637,1.033861168255531,67.76236950606391
36,0.8873302161611262,0.2692350732574816,-0.6180951429036445,4.968218627685282e-05,0.9997438640713725,0.0001325385545748465,1.035340739322225,65.41710025323012
37,1.059236526443543,0.6283021117970112,-0.4309344146465314,0.01877314793613147,0.958380588251071,0.05103729304879446,1.028209536840081,78.64443837289168
38,1.108127670655336,0.2902620473873548,-0.8178656232679817,1.759918956039406e-06,0.9999900051332414,4.694759909982723e-06,1.005062693821151,250.6451517470812
39,1.095309705656718,0.3531042899152286,-0.7422054157414895,7.31867800641255e-05,0.9996743492289537,0.0001952470046814228,0.9977667914455433,898.7324797408693
40,0.9641869499231899,0.2273315071357179,-0.7368554427874721,7.376355929877242e-06,0.9999555880743388,1.967727802601093e-05,1.024998412307851,86.65386827654619
41,0.9976410928501569,0.4289699116102991,-0.5686711812398578,0.003841189484903969,0.9891498788458313,0.01028625069897564,1.015807760201109,123.2360452271447
42,0.962346359600855,0.07976787676440224,-0.8825784828364528,2.223753289454176e-08,0.9999996515563729,5.932074096833959e-08,1.005985559270148,229.9289893038894
43,1.228156921064567,0.342075045612298,-0.8860818754522686,2.758189602499474e-08,0.9999997705317389,7.357733998722149e-08,1.023142463345768,92.11644518715218
44,0.9829031218701492,0.3235157273000068,-0.6593873945701424,0.0002170705941688223,0.9989943637006075,0.0005791822340279939,1.006366006277474,222.3670704408934
45,1.127736223442213,0.3901432938696644,-0.7375929295725484,0.000115334126093581,0.9995462590274327,0.0003077002683830377,1.023958871293886,89.62729015406272
46,1.194379702060408,0.7616664769938247,-0.4327132250665834,0.005858830613598043,0.974480353510855,0.01572109662360663,1.024530520530898,87.96628782316067
47,0.8376169170317269,0.4458818843708658,-0.3917350326608611,0.04254628851176352,0.9158728010459518,0.1185397065299557,1.023312142435381,91.58729426610583
48,1.196095571021105,0.3610212504931823,-0.8350743205279226,9.564847231110732e-07,0.9999950754569434,2.551516653289905e-06,1.094084410641263,28.91065268926512
49,1.242726151762304,0.4689159773825837,-0.7738101743797199,2.263451698324588e-05,0.9999090460324711,6.038109926069175e-05,1.071880563741899,36.14619058684607
50,0.8867414306693678,0.2907901456022832,-0.5959512850670846,0.0005296853774400986,0.9977091003790018,0.00141373509187479,1.008692410219669,185.2597153480341
51,1.621793816517634,0.3375447899919723,-1.284249026525662,3.662086769232788e-09,0.9999999710203833,9.768965722779254e-09,1.060830942720395,41.56853053653442
52,1.171054821397928,0.4892573291573766,-0.6817974922405519,0.000222897434228323,0.9992531692517007,0.0005947327265227522,1.052047391157141,47.3787897034228
53,0.6536566532964132,0.3119945459365044,-0.3416621073599088,0.02955379380293633,0.928520065624987,0.08123846826796755,1.007080631391563,209.4491596330958
54,1.002763329556769,0.7135865705635414,-0.2891767589932273,0.08579531323834234,0.8385372524354651,0.2503456645260725,1.03797630717905,61.63951621874574
55,1.077910589550059,0.2210155361863108,-0.8568950533637483,2.286410528017504e-07,0.9999982422344067,6.099219518543854e-07,1.024477762186447,88.11688630654724
56,1.042428538288497,0.4596673628217633,-0.5827611754667337,0.002084833637738133,0.9937368843411726,0.005573111556517209,1.032907631018942,69.37083910498319
57,1.104669170129026,0.3633341709657132,-0.7413349991633125,5.504222364732801e-05,0.9997801223235602,0.0001468384629238443,1.050205825800603,48.83157899065734
58,1.191838662529731,0.3626048616835427,-0.8292338008461886,1.767867683365596e-06,0.9999903538139359,4.715963972948582e-06,1.047738657661989,50.93699153311573
59,0.9432388816881808,0.3838480555315334,-0.5593908261566474,0.003003767566809834,0.9907147066733959,0.008036977647591545,1.0166195917255,118.7528472828542
60,1.073718316474858,0.5789026960352786,-0.4948156204395791,0.01090461801801952,0.9758253334355474,0.02940981122497619,1.03373769141012,67.96619259331381
61,0.7650940086381565,0.7446152105045223,-0.02047879813363418,0.425196194462177,0.4339439845305323,1.973284425180535,1.046807196780901,51.78404259185806
62,1.111160591124012,1.122234637088842,0.01107404596483019,0.2668951274807485,0.2743454849034718,0.9711682889382375,1.023929436480159,89.71459352748334
63,0.9114206553237656,0.6461184043877768,-0.2653022509359888,0.1071516880072837,0.8197431835409787,0.320140994051854,1.034971819843502,65.98562537909969
64,0.840642372759385,0.7384257779486098,-0.1022165948107753,0.2852468856002395,0.5796104939486761,1.064595948169846,1.050645228216351,48.47620044754039
65,1.119572903382899,0.6851398846465763,-0.4344330187363229,0.01917802604844033,0.9566225534286474,0.05215953020023545,1.034728186560293,66.36686695209039
66,0.9182406113877836,0.2608847497244517,-0.6573558616633318,0.0001372298361279268,0.9993660442212866,0.0003661239177388524,1.016500030775878,119.3918525799713
67,1.116043702791378,0.4429285532500739,-0.6731151495413045,0.0005426061547167118,0.9982450725904431,0.001448239486286066,1.043862618577365,54.67427401240095
68,1.223527319313352,0.7196755140127828,-0.5038518053005689,0.001323878103178135,0.9930419823181917,0.00353625265757802,1.01914517681649,106.7327629179264
69,1.147019708771674,0.4714007504759413,-0.6756189582957328,0.0006168369431643711,0.9981931083184119,0.001646486983730701,1.055676736602898,44.77393229541764
70,1.202179239772788,0.571301151999948,-0.6308780877728395,0.0001916438644360684,0.9993040373226055,0.0005113262767913186,1.021787705986069,96.5816719144606
71,1.162234557451779,0.7745165160823971,-0.387718041369382,0.02371338045183142,0.934680265988109,0.06479419310263126,1.033623515573058,68.15582222214248
72,1.025901943733451,1.136711418972202,0.1108094752387512,0.4596245780017869,0.1711953443883495,2.268964026486849,1.033824221264476,67.82322192865851
73,1.129098625094513,0.6113355534118716,-0.5177630716826411,0.005528333351691304,0.986548901055164,0.01482933794138193,1.024966733501429,86.74143298359174
74,0.7126302444058679,0.6670926318383357,-0.04553761256753219,0.4009028863379535,0.4846876611247588,1.785097368178782,1.021884149432284,96.24892425701242
75,1.319709452797275,0.6849252608147489,-0.6347841919825261,0.0007977740815840075,0.9966997750896663,0.002129837570510439,1.020951276087787,99.57121461347025
76,1.067601125404377,0.7044186226040944,-0.3631825028002825,0.05202813616890539,0.9010303289955935,0.1464073145211899,1.044720171322975,53.79720490781049
77,1.202815714901382,0.7431684922083126,-0.4596472226930697,0.002366258901589428,0.9854737661974342,0.006327193052031291,1.012127392194652,148.8875771063298
78,0.6914021451010959,1.049699953025057,0.3582978079239612,0.9207749938615211,0.02404692149251009,31.00353315625429,1.010196651052324,167.3095897979282
79,1.194264637988839,0.9151358285061901,-0.2791288094826487,0.02203860686247896,0.8361821181689063,0.06011493490528755,1.033694339727268,68.03806170665234
80,0.7997917666129934,0.9654036042516376,0.1656118376386442,0.6981363575767874,0.1554327844737025,6.16949194589743,1.001009198473022,416.8336727618284
81,1.179029488626556,1.02872893017528,-0.1503005584512764,0.08229822008177477,0.6036356555490497,0.2392262444439611,1.041642675086592,57.09459058762316
82,0.8303557521300371,0.8033823993744997,-0.02697335275553736,0.4214573506409657,0.4342602349111536,1.943292643688203,1.039101255460688,60.16462404862561
83,1.168837083680389,1.216589190132195,0.04775210645180583,0.2023045790554129,0.0394694412307101,0.6765323492777442,1.033020911357118,69.17552965105045
84,0.6924776642891548,0.7505333722722125,0.0580557079830577,0.5732955615148363,0.3058257066065951,3.584027828126957,1.036367230627261,63.88858557559527
85,1.160965928720887,0.7094744492639683,-0.451491479456919,0.00916237049395365,0.9715453452097812,0.02466750991500677,1.024186792717567,88.95723683637944
86,0.753825707411908,0.7267288240640815,-0.02709688334782656,0.4130605342078858,0.4509605156742477,1.877328805084981,1.041979557967801,56.71257461959782
87,1.150829200976344,0.9030579065020182,-0.2477712944743259,0.06229508588720205,0.8015082131842075,0.1772178857034828,1.047619901433151,51.04331734436727
88,1.157339465898876,1.085936161577609,-0.07140330432126651,0.1385986819217008,0.4252403027196964,0.4292136470507211,1.024733658031937,87.39142197023897
89,1.584892197818165,0.7682205098441619,-0.816671687974003,0.03768908458279464,0.9258697936277432,0.1044768646844992,1.036883540441424,63.14808810390703
90,0.7707328820386101,0.869277924558207,0.09854504251959684,0.6255487500743718,0.2374843016149746,4.456417079089825,1.015960696065672,122.3649479373726
91,0.662982678450591,1.070622592379172,0.4076399139285813,0.9551294840289002,0.01255308815872467,56.78336716591294,1.004538838927983,264.1856586704802
92,0.9938381923726226,0.927624881295705,-0.06621331107691764,0.3115865295305494,0.4905644794523362,1.207394708581843,1.032403491118783,70.25438729706488
93,1.373860196052716,0.6753157298302417,-0.6985444662224742,0.005975183660535748,0.9868531537766569,0.01603518540783268,1.033306231402209,68.68872114769798
94,0.9004364485858416,0.6371720201770316,-0.26326442840881,0.1620231500019518,0.7700221285803222,0.5157806015229092,1.030340208678732,74.13316517160911
95,0.8203282741107245,0.6123384240275274,-0.2079898500831971,0.2682111335190759,0.6652781449268313,0.9777120273827996,1.021242770613003,98.50773610296247
96,0.9044776167765025,1.041562275248427,0.1370846584719245,0.6013088756394933,0.186226097262537,4.023286877452477,1.028801501222746,77.33402123599151
97,1.017933570986424,0.6930837585656853,-0.3248498124207391,0.08022345582234909,0.8598932331058599,0.2326692501182828,1.039605799278482,59.52729807070779
98,1.174858861012776,0.8470593162281397,-0.327799544784636,0.02596292493054026,0.8954319238085752,0.07110466320532927,1.032651105098268,69.81746595044564
99,1.164415408849463,1.195715485009133,0.03130007615966934,0.2018300130785945,0.109191392255478,0.6745440394431097,1.029197349511672,76.48305096004765
100,1.014105234748222,0.7464709207390383,-0.2676343140091832,0.1227290287721295,0.793119581401305,0.3731930029366225,1.056091669096464,44.49585305805959