Codon,alpha,beta,beta-alpha,Prob[alpha<beta],Prob[alpha>beta],BayesFactor,PSRF,Neff
1,0.966321,0.0716475,-0.894673,2.72372e-23,1,9.66807e-23,1.06291,40.4155
2,1.05123,0.071648,-0.979583,2.77021e-27,1,9.83311e-27,1.01776,113.013
3,0.68133,0.0719583,-0.609372,2.62277e-14,1,9.30975e-14,1.03192,71.1196
4,0.958868,0.0775246,-0.881343,1.11935e-18,1,3.97323e-18,1.02229,94.8648
5,1.07263,0.000254726,-1.07237,9.32911e-28,1,3.31145e-27,1.00933,177.15
6,1.04505,0.0934857,-0.951568,7.97624e-20,1,2.83124e-19,1.00021,479.722
7,0.853603,0.00016093,-0.853442,2.04569e-25,1,7.26136e-25,1.00598,229.958
8,0.98225,0.0715509,-0.910699,3.96051e-25,1,1.40582e-24,1.05652,44.2146
9,0.907021,0.000205773,-0.906815,2.98112e-27,1,1.05817e-26,1.00312,309.563
10,1.19428,0.198265,-0.996019,2.35941e-16,1,8.37492e-16,1.01284,143.095
11,0.613638,0.0943624,-0.519275,2.0767e-09,1,7.37142e-09,1.03236,70.3326
12,0.984603,0.0892929,-0.89531,2.48458e-18,1,8.81922e-18,1.00363,291.628
13,0.965572,0.0927593,-0.872813,4.93078e-13,1,1.75022e-12,1.04566,52.8677
14,1.02885,0.0722224,-0.956631,1.44137e-21,1,5.11628e-21,1.0644,39.6298
15,0.979362,0.08934,-0.890021,2.99332e-18,1,1.0625e-17,1.00231,343.534
16,0.920893,0.0730652,-0.847827,2.16029e-14,1,7.66814e-14,1.04915,49.7114
17,0.974378,0.0776793,-0.896699,1.10487e-18,1,3.92184e-18,1.03765,62.0788
18,0.911377,0.112185,-0.799193,2.8423e-11,1,1.0089e-10,1.04556,52.9705
19,1.02758,0.174206,-0.853377,3.07924e-14,1,1.093e-13,1.05397,45.9576
20,1.02965,0.0798211,-0.949827,2.03882e-22,1,7.23696e-22,1.01652,119.302
21,1.0419,0.11817,-0.923735,5.93819e-14,1,2.10781e-13,1.03215,70.716
22,1.12259,0.188156,-0.934431,5.77001e-15,1,2.04811e-14,1.03097,72.8928
23,0.978502,0.246087,-0.732415,2.9798e-09,1,1.0577e-08,1.02293,92.7912
24,1.01883,0.416489,-0.602336,7.41131e-06,0.999927,2.63073e-05,1.01182,151.535
25,0.985563,0.23464,-0.750923,1.01977e-09,1,3.61978e-09,1.02365,90.5528
26,0.891953,0.0718471,-0.820106,2.6671e-14,1,9.46709e-14,1.0384,61.0722
27,1.03411,0.162312,-0.871802,6.94606e-15,1,2.46556e-14,1.06181,41.0129
28,1.15598,0.146052,-1.00993,2.0218e-16,1,7.17656e-16,1.02218,95.236
29,1.10824,0.12181,-0.986434,1.40535e-20,1,4.98839e-20,1.02487,87.0212
30,1.20849,0.162089,-1.0464,4.62392e-21,1,1.6413e-20,1.00566,236.933
31,0.879774,0.20106,-0.678713,4.53857e-10,1,1.611e-09,1.01779,112.875
32,1.00397,0.168795,-0.835172,9.1927e-14,1,3.26303e-13,1.04293,55.6585
33,1.16504,0.108363,-1.05668,8.30618e-25,1,2.94835e-24,1.0214,97.9312
34,1.13075,0.241369,-0.889386,9.53793e-13,1,3.38557e-12,1.03942,59.7541
35,1.14804,0.709272,-0.438767,0.00184525,0.992444,0.00656197,1.03352,68.333
36,1.02492,0.598118,-0.426803,0.00182414,0.992673,0.00648676,1.02593,84.169
37,0.904276,0.555895,-0.348381,0.0117366,0.966951,0.0421548,1.02837,78.2746
38,0.908335,0.116364,-0.791971,3.48768e-10,1,1.23798e-09,1.04681,51.7814
39,1.16156,0.664678,-0.496883,0.000508788,0.99754,0.00180691,1.00965,173.393
40,1.07557,0.535142,-0.540428,0.000182182,0.999083,0.000646787,1.01013,168.012
41,1.1543,0.218381,-0.935914,1.68179e-13,1,5.96966e-13,1.02093,99.6571
42,1.06172,0.503747,-0.557978,4.37327e-05,0.999705,0.00015524,1.00058,448.688
43,1.21535,0.702549,-0.512797,2.21725e-05,0.999781,7.87049e-05,1.08831,30.4614
44,1.0571,0.457721,-0.599383,6.57607e-06,0.999939,2.33425e-05,1.00146,387.921
45,1.09361,0.710291,-0.383324,0.00604161,0.979203,0.0215755,1.01755,113.99
46,0.834218,0.572483,-0.261735,0.0214165,0.939593,0.0776834,1.03497,65.9912
47,1.0763,0.652997,-0.423306,0.00423721,0.986009,0.0151044,1.01693,117.136
48,0.72945,0.398164,-0.331286,0.00602994,0.976683,0.0215336,1.01462,130.462
49,1.20997,0.532508,-0.67746,6.00491e-08,0.999999,2.13149e-07,1.00795,195.584
50,0.926337,0.210596,-0.715742,7.29708e-11,1,2.59016e-10,1.03028,74.2502
51,1.20079,1.05176,-0.149039,0.0315387,0.574526,0.115595,1.066,38.823
52,0.7651,0.589912,-0.175188,0.0991191,0.802228,0.390542,1.02685,81.8285
53,0.66426,0.728486,0.0642258,0.564953,0.321024,4.6095,1.02798,79.1735
54,0.806903,0.882079,0.0751763,0.583122,0.221194,4.96511,1.02638,82.9973
55,1.2127,0.630935,-0.581764,4.20715e-06,0.999961,1.49337e-05,1.02316,92.0711
56,0.941637,0.252228,-0.689409,6.51184e-07,0.999991,2.31144e-06,1.02029,102.061
57,1.17326,0.331292,-0.841964,5.56657e-10,1,1.9759e-09,1.02037,101.762
58,1.20282,0.717947,-0.484877,0.000158445,0.998923,0.000562503,1.1057,26.2833
59,1.01144,0.706343,-0.305093,0.0205199,0.943438,0.0743631,1.01494,128.444
60,0.922207,0.427859,-0.494348,0.000364262,0.998084,0.00129345,1.00505,251.02
61,0.932024,0.45767,-0.474354,0.000325566,0.998107,0.001156,1.00227,345.455
62,0.981012,0.588742,-0.392271,0.00161278,0.992816,0.00573396,1.01915,106.711
63,0.872002,0.821195,-0.0508076,0.306617,0.502254,1.56964,1.04482,53.6924
64,1.05135,0.746963,-0.304384,0.0218053,0.938323,0.079125,1.05087,48.2955
65,0.940627,0.561684,-0.378943,0.00707024,0.978414,0.0252751,1.02747,80.345
66,0.539581,0.690253,0.150672,0.788168,0.111763,13.207,1.02737,80.5936
67,1.22683,0.875945,-0.350888,0.000617831,0.97665,0.0021944,1.1225,23.3331
68,1.03819,0.737025,-0.30117,0.0277158,0.929768,0.101184,1.02299,92.6079
69,1.16755,0.695093,-0.47246,0.000438989,0.997332,0.00155891,1.06345,40.1236
70,0.933166,0.863579,-0.0695868,0.288065,0.512433,1.43624,1.11826,24.0009
71,0.92091,0.700425,-0.220485,0.0731776,0.852624,0.280259,1.03989,59.1752
72,1.13591,0.578925,-0.556982,6.08096e-05,0.999607,0.000215862,1.0172,115.736
73,1.06647,0.77864,-0.287828,0.0375104,0.906603,0.138335,1.1503,19.8568
74,1.14587,0.480848,-0.665026,3.15889e-06,0.999976,1.12128e-05,1.00431,270.468
75,1.08539,1.12819,0.0428067,0.337028,0.198047,1.80446,1.06186,40.9862
76,0.919779,0.455293,-0.464486,0.000396915,0.997817,0.00140944,1.00023,478.375
77,1.1945,0.776683,-0.417814,0.00101457,0.993616,0.00360495,1.2321,14.3737
78,0.99763,0.78159,-0.216041,0.0854726,0.821608,0.331748,1.08584,31.1851
79,0.884192,0.735454,-0.148739,0.1248,0.760499,0.506158,1.02396,89.6317
80,1.045,0.732281,-0.312714,0.02471,0.937344,0.0899325,1.01867,108.776
81,1.10325,0.854371,-0.248884,0.0521514,0.841119,0.195301,1.27674,12.7336
82,0.897073,0.745758,-0.151315,0.12648,0.758422,0.513955,1.01866,108.853
83,1.18745,0.671003,-0.516448,0.000207576,0.998879,0.000736963,1.01725,115.484
84,0.933223,0.876902,-0.0563206,0.289821,0.482956,1.44857,1.10814,25.8009
85,1.65367,0.591451,-1.06222,0.000475452,0.998609,0.00168846,1.0002,480.803
86,1.20734,0.584542,-0.622798,1.52036e-06,0.999985,5.39667e-06,1.03326,68.7644
87,1.09323,0.755267,-0.337965,0.0119467,0.96027,0.0429185,1.1183,23.9953
88,1.21137,1.22656,0.0151903,0.0669094,0.00145286,0.254531,1.01939,105.711
89,1.11392,0.835412,-0.278509,0.0351653,0.884633,0.129372,1.29152,12.3006
90,1.202,1.16453,-0.0374671,0.0696677,0.231015,0.26581,1.05063,48.4855
91,1.03361,0.892285,-0.141326,0.143604,0.643733,0.595211,1.15919,18.9944
92,1.18827,0.722711,-0.465556,0.000620428,0.996782,0.00220363,1.10837,25.7557
93,1.07777,1.21993,0.142161,0.489765,0.0115099,3.40718,1.03572,64.8428
94,0.766655,1.19787,0.431215,0.976544,0.0013422,147.781,1.07083,36.5924
95,0.967893,0.746678,-0.221215,0.0708641,0.848662,0.270723,1.01834,110.295
96,1.02612,1.1767,0.150579,0.562812,0.0597091,4.56954,1.04087,57.9892
97,1.1015,0.773539,-0.327964,0.0193551,0.943048,0.0700585,1.17725,17.5025
98,1.08291,0.925594,-0.157313,0.118359,0.665614,0.476528,1.12078,23.599
99,0.94107,1.08876,0.147689,0.609165,0.11905,5.53247,1.06409,39.7886
100,0.930573,0.88491,-0.045663,0.320142,0.452638,1.67148,1.1149,24.5644