dN/dS,LRT,p-value,Log(L)
0.05712192467209373,2015.924246008445,0,-1810.223564824876
0.02952918404942729,2175.925440291919,0,-1270.512472274552
0.2601981236232763,983.4878365950472,0,-3544.842263373371
0.04331776839055649,2139.428245838826,0,-1940.532034315112
0.172741481977129,1411.489031844649,0,-2763.214504592157
0.1339023188524178,1545.142073030807,0,-2819.03880868041
0.1936959630109366,1310.700874583771,0,-3036.19489904692
0.03022804824832363,2172.911870230005,0,-1490.230383844483
0.1486997388653946,1499.196298908916,0,-3154.737480145578
0.02859159453521386,2275.196109394237,0,-1634.413158892351
0.09680228807572001,1759.087139598886,0,-2443.555970826692
0.2782490137920138,912.1546336568654,0,-3164.588302582071
0.2066886646647397,1207.16048739359,0,-3350.591294227226
0.2571866085018547,1058.041110449418,0,-3158.119528189665
0.06623908921775916,1873.518760089626,0,-1778.224137594553
0.1314580929452701,1476.19360087323,0,-2125.287296672741
0.08882845620353921,1716.487950320819,0,-1737.265266054674
0.224531929202477,1120.529588946357,0,-3415.088948150904
0.3007268633747514,866.294729547426,0,-3521.246609568576
0.1445675331772245,1413.67423657256,0,-2115.714378988845
0.1555074240723369,1405.975309379915,0,-2521.279726187796
0.1855166016735735,1250.311153520369,0,-2727.779913835366
0.4371791538971062,482.3438589519446,0,-3749.979286106327
0.3013731590491917,863.1520457009074,0,-3188.708549787601
0.3033921528560931,787.119117992801,0,-3169.222674850136
0.0984702589407612,1655.264889818172,0,-1822.604188865176
0.3675306409352844,657.3681166191618,0,-3392.833282658944
0.4277655576839212,514.1446571424285,0,-4094.970545576728
0.3275107591018522,774.5285259306875,0,-3667.192565116944
0.4192067799858998,535.8011929805944,0,-3991.719904998998
0.3574939764403844,678.5080987020183,0,-3412.068312075217
0.1148087636812858,1570.059510673592,0,-1811.21764987824
0.1547777367804472,1357.561376523913,0,-2336.701733790373
0.2096141106167553,1106.223726611008,0,-2603.874301396714
0.5341123087840415,314.88722601069,0,-4025.508480829131
0.5428097929063461,291.1461146945549,0,-4326.207233998141
0.471039057944448,384.90413974488,0,-3967.631638623269
0.5233858062589696,317.2625612363881,0,-4268.027618486723
0.4144406233128423,582.0146043748127,0,-3980.852522177147
0.2275127711168149,1034.05038574333,0,-2741.7430535877
0.4563498755677124,449.4050769131372,0,-4222.942885310305
0.5225002142586062,312.5205341550463,0,-4064.610188262176
0.4436968169204035,477.3571604085164,0,-3625.614037810376
0.4403764587989771,452.2454969957453,0,-4229.086137360016
0.4757345572448272,386.5670271455065,0,-3819.128064453691
0.5278065861403489,311.4962112670019,0,-4217.7763338379
0.5158106881034435,344.4113599686552,0,-4280.04484350752
0.5596855150090241,268.5501707327585,0,-4391.75529515894
0.4590234616725263,407.3525834812453,0,-3941.282784580028
0.3333318731330282,707.2032989869722,0,-3333.736879788674
0.4411824536274483,468.3268304772255,0,-3761.394560767579
0.3865604161308112,568.6776912117066,0,-3578.126002952053
0.5130054415727434,361.4924073815382,0,-4478.236887242267
0.6004390224386136,206.7968872308211,0,-4577.546566364441
0.6384148593582998,165.0078381024632,0,-4636.919117188306
0.4086017783430162,516.6916634229947,0,-3588.733460470135
0.6192098476196688,196.218125289668,0,-4407.811890105607
0.5546291746493603,267.0049567182286,0,-4364.83386536626
0.6486361461638098,161.2592937236695,0,-4698.718175321368
0.581113080478724,222.3141091276302,0,-4260.462460300125
0.706944151692562,103.8811662071985,0,-4738.049525291739
0.6221731322586669,191.2761251224347,0,-4648.833771743853
0.6411037357083027,168.7289585470189,0,-4723.435533441127
0.703332190571257,103.8941300134211,0,-4543.713577727958
0.4940001088627448,362.7106718234554,0,-4115.788883405183
0.608011573922457,208.9240351280678,0,-4717.287965519962
0.7490214627470378,75.29934859719287,0,-4905.768690219032
0.740722481027202,71.43752475489782,0,-4734.23641212277
0.6176642734187556,146.419024296898,0,-4015.894657650646
0.6986423786919583,109.1061613291386,0,-4736.97186822684
0.7331375515671352,85.18730730603966,0,-4869.065327243417
0.597678287119233,207.7928029185914,0,-4351.290690230986
0.5894901444430166,211.0973686159396,0,-4201.659866683343
0.8037499358244465,43.36174655684226,2.274985755335024e-11,-5062.367960070854
0.6504014410012523,162.2046279491351,0,-4405.571150462943
0.7936952948149228,48.73321364931326,1.466271548622444e-12,-5115.845381896719
0.4429904917796367,445.7059561617734,0,-3592.842641337479
0.817406650419515,37.25760547152458,5.17552611878358e-10,-5153.279037915701
0.8181077385169858,35.99659844223606,9.883114326925124e-10,-4964.747572034993
0.7023801784718045,106.8224023955991,0,-4610.202440678983
0.6491919120754291,147.7679972006954,0,-4483.199546807796
0.9022029964153327,9.361401754307735,0.001108013021790699,-5152.257973670316
0.9027232130480404,9.944176517252345,0.0008067951807379514,-5352.462944410006
0.8892717214752465,12.98175844778598,0.0001572702107372481,-5335.202355232753
0.8925940538083604,12.46405817523919,0.0002074288220996756,-5307.528382497205
0.8200694510745213,35.63751351627616,1.188331932855391e-09,-5069.629731011816
0.8799090390571085,14.84414985715375,5.838484597753268e-05,-5081.2992236111
0.4769525239772692,370.3282961318791,0,-3487.485000145885
0.6925595638921969,116.929525594107,0,-4473.719669366638
1.057342861346789,3.00881363130793,0.04140644080948064,-5360.440166264937
0.975761551786774,0.5675997885446122,0.2256071379871018,-5540.456595203529
0.9365701870730608,4.014919529101462,0.02254968775873878,-5179.627356568597
1.009779091459451,0.08561178578383988,0.3849158995289059,-5340.638115443442
1.045599496141601,1.946508034920043,0.08148182038441681,-5579.036386237371
0.8466472963755391,25.79432839141009,1.899014434592061e-07,-4973.067774563642
1.003582920093129,0.01286542376328725,0.4548464727617418,-5702.885400022185
0.9755505216710029,0.588180561308036,0.2215617740458918,-5376.88561920193
0.9239546135927946,5.639716192234118,0.008779024540887581,-4896.90543722297
0.9076446016855988,8.201773296825195,0.002092473365986669,-4930.015267929102
0.997594172365401,0.005069023123724037,0.4716204556833395,-4555.950098698435