dN,dS,dN/dS,dS=dN,LRT,p-value,Full Log(L)
0.03612234650093369,0.4740946508795904,0.07619226758605208,0.1892797437133164,104.1759244677208,0,-428.7914686150789
0.3026309675873959,0.9709252940382793,0.3116933603909844,0.4454606679631276,53.41086407042553,2.705613511011506e-13,-855.5173296204035
0.1008633980158394,1.40302677787036,0.07188985955702064,0.3191571288877315,190.8621620050096,0,-511.9185964165933
0.07442620914435051,0.5724811004356012,0.1300064038580829,0.2242854455131933,89.58030467045137,0,-490.5035142919756
0.02566039578833312,0.4117777318540277,0.06231613271751554,0.1513386770143,94.3082506534696,0,-354.0718304693308
0.2944874023354693,1.051778199735124,0.2799900230006971,0.4438114360323338,62.67427704534543,2.442490654175344e-15,-855.0422317473289
0.009789683813358643,0.7366431296461796,0.01328958815927703,0.213903792902473,194.7798309854184,0,-393.645342449202
0.04249572202866074,0.7892461472145138,0.05384343297542963,0.2491898261005181,161.6640132123476,0,-483.7521930175689
0.01627159918534797,0.9426885139607517,0.01726084379344144,0.2707998282809372,238.7592775756814,0,-464.9409281355495
0.03926836005016363,0.4878352195371628,0.08049513130154845,0.1699438929190561,92.1324008999884,0,-375.0788364985356
0.1777914676741961,1.099007787627662,0.1617745294216521,0.3939093766440856,124.7423737013651,0,-763.7782675205508
0.2291363493491696,1.135331043547674,0.2018233806354542,0.3748907841121817,91.76845867158613,0,-774.8381827787078
0.1269339957539965,1.23139357091571,0.1030815807001523,0.4311480990473626,193.532709033319,0,-778.3960258468658
0.2925521783862096,1.054092633367361,0.277539344385355,0.4222189056322396,59.5636156983453,1.187938636348917e-14,-845.2371399972897
0.07181665423276591,1.078241493473176,0.06660535201760209,0.2599281314132675,165.8918230098875,0,-437.3136662593149
0.05634079941057415,0.9042280464225164,0.06230817505990953,0.2225748193684954,150.7806309048187,0,-385.4975974159911
0.343284961750132,1.132705728655464,0.3030663243467619,0.4920363201228955,56.39127360164912,5.939693181744587e-14,-899.9022119459845
0.05700136855161501,1.489909731853464,0.03825826983538437,0.298725847883776,245.4350245423769,0,-439.1932794226341
0.3135594174676181,2.054390577667439,0.1526289211390535,0.5639086557573185,162.7819103024026,0,-953.8187870801505
0.1871440334651124,1.343914092102175,0.1392529735084318,0.4711999966402162,157.6672904164525,0,-822.3192995417081
0.1809814590282591,0.9013977526258128,0.2007786889872444,0.3254868254382245,78.14740445533084,0,-602.8319780796435
0.3009306634926002,0.8144094304258788,0.3695078326085132,0.454547227267838,42.45295308189725,7.240297250632466e-11,-887.9310914127889
0.1521868587041043,0.6409350316402026,0.2374450625902696,0.3081209335346294,63.97378282926434,1.221245327087672e-15,-659.468551496499
0.1133673853289288,0.4511605319274926,0.2512794832575214,0.223690797191431,44.44977877778501,2.6096680372234e-11,-516.30545660659
0.3275964684297316,1.224023582965881,0.2676390169182411,0.4840829187642722,70.37483469952622,0,-859.4677960172711
0.0864894542527415,1.30136278415412,0.06646067899425853,0.2913096296344114,183.0489244715247,0,-477.100527217926
0.3744242919908704,0.9762911513474342,0.3835170394345032,0.4883746336288997,36.42306725288222,1.5881250758909e-09,-919.1942084755018
0.4879281963060027,1.268196872041487,0.3847416809351987,0.6236861045559191,40.08923148072699,2.426228107310635e-10,-1055.146207528246
0.1707044691416797,1.853644032629772,0.09209128944757564,0.4259872821439845,200.8722111935951,0,-659.2029195506001
0.1653532897240073,0.8769275614234427,0.1885598047067915,0.3115761794199798,81.11002227444533,0,-575.0736703036893
0.1838591174094913,0.7180944127776667,0.2560375267345479,0.2962116817331334,50.0527241081254,1.496691659497174e-12,-578.2341706215166
0.08792578194393305,0.4499143026267539,0.1954278435484096,0.1991792330521265,54.34530242015489,1.681987882307112e-13,-466.0667636670059
0.4044015737639519,1.536294120683228,0.2632318696787725,0.5885635614847042,81.31606263590243,0,-1021.129911675859
0.2686611089542726,1.035807167982024,0.2593736723001082,0.4660451672852746,76.56590525241859,0,-856.6378506199754
0.4241447337128756,0.9646928824626598,0.4396681487170533,0.523418656605163,24.73854427326341,6.565788696066832e-07,-972.6612365886713
0.5600734364931473,1.10585964072368,0.5064597855534656,0.6612493903284833,20.84342880735676,4.983992406226712e-06,-1121.836843953382
0.1345941367177741,0.7707261841509307,0.1746328845257146,0.3102538962312631,88.02785487912274,0,-620.4149861996516
0.1393131345346541,1.50060036528081,0.09283826510903469,0.3630343321054079,173.6482136499383,0,-579.2849349917955
0.2194112741573541,1.396696427912846,0.157093030219338,0.4259651874380061,123.2789627076902,0,-691.3529690919818
0.4561190168514532,1.372069437340345,0.3324314385543098,0.6056923806525385,53.82601205908168,2.190470027585434e-13,-1034.043418920241
0.2386696606751583,1.498697720775302,0.1592513669478928,0.4561760591338609,128.1334602319653,0,-736.6183902261855
0.346205227635616,1.04222773798268,0.3321780979517255,0.4769790438465972,47.0396903991973,6.956324405393843e-12,-886.6079018663346
0.2212257438959172,0.5873641126990334,0.3766415739622719,0.3348124840594645,31.57537564347649,1.918469383355159e-08,-701.3296713492581
0.1769731155119147,1.358375204857461,0.1302829401472218,0.3837702848044485,141.1988259370517,0,-632.4071334987897
0.1703880734397976,0.706777028321221,0.2410775486641289,0.2836170564885692,54.60507635399472,1.473265953677583e-13,-565.6028665799812
0.6187783419153734,1.233579500861308,0.5016120497165615,0.7359536385157689,22.44023589760582,2.167847161782532e-06,-1183.868751621638
0.4885762248920321,1.246779782654563,0.3918705064753192,0.6442416192637304,42.59985144474285,6.716449618693332e-11,-1103.987500126155
0.3871013366004082,0.8415791167867691,0.4599702260654931,0.4900425361544196,23.80726456953266,1.064798319183602e-06,-870.9553223979825
0.4637427748383698,1.672682525209269,0.2772449450802693,0.6508187767591073,80.16981980674018,0,-1095.327774465228
0.2276326727464452,1.207202989719487,0.1885620518545429,0.3995575312847277,95.12428836687104,0,-697.501343542319
0.4551729829593237,0.9341527594690433,0.4872575479175765,0.5531966138315184,21.48853001768452,3.559513787054769e-06,-946.8512133208899
0.3460647431844842,1.349024761832653,0.2565295708244483,0.5168299797243076,75.56013874382347,0,-852.4552302354725
0.1752620382904468,0.9613670453645555,0.1823050198522111,0.3209086591344479,82.27114106655449,0,-571.2135202697119
0.5282418924246394,1.202825953214124,0.4391673550218143,0.6547956396914508,31.4641375938877,2.031580037531455e-08,-1105.420146234892
0.6440367093278686,1.339168041625876,0.480922997942773,0.7540054415064574,23.26839869427613,1.408960994875308e-06,-1193.895716956197
0.4120553814295101,0.6814344458176623,0.6046882190334234,0.4984987182577609,11.84836608024352,0.00057711960685769,-947.1068787350105
0.3725053873920706,1.110008765774202,0.3355877889236828,0.5137709978494045,51.30777421725611,7.895906151134113e-13,-909.2447662805039
0.3599115310432348,1.411220550312867,0.2550356363244871,0.5543644447728814,79.31794725290251,0,-889.2224545271981
0.6024824896546858,1.381478883559685,0.4361141504401838,0.6875480826541764,21.8673708579895,2.92159746972942e-06,-1187.066805379458
0.5533927065178333,1.082311322427822,0.5113064005248253,0.630262172272108,15.75885235188025,7.19504668813542e-05,-1123.896040500526
0.4974730199484081,1.729610108926029,0.2876214803446687,0.7005332848358725,73.43334477002554,0,-1054.52316607694
0.4456830245862964,1.058124395503559,0.4212009726646524,0.6113895496674816,39.74631656135853,2.891854533615401e-10,-1063.968670736003
0.7392600208651384,1.2640378919697,0.5848400792109001,0.8486567396898677,14.89966131906613,0.0001133833394936223,-1278.172620947995
0.4848896278287463,0.8376159290790495,0.5788925580270158,0.5569843746034375,12.32494723215427,0.0004469445707291353,-1020.551169312091
0.4869177021512087,1.237717148769255,0.3933998188805768,0.6424345151743011,42.30504619545354,7.80907560837818e-11,-1042.615625301991
0.4097196230002266,1.408918619202266,0.2908043214250452,0.5890354034778632,65.49217117997046,5.551115123125783e-16,-929.4994969743492
0.6830616961234761,1.17513791119166,0.5812608797811744,0.775736622847561,14.34116827050002,0.0001524933579176713,-1213.787748844997
0.7646263775399328,1.147796334557768,0.6661690358460102,0.8439147829265237,8.626524995320324,0.003313029680345414,-1269.6453024608
0.5244150250388393,0.9957141017361399,0.526672288887405,0.582488023990107,12.04152012778377,0.000520285247441632,-1039.215066273883
0.7747410249857799,0.7501292850096933,1.032809997513653,0.7678153809570246,0.05210194608071106,0.8194452796145009,-1167.677896629385
0.7258511605620667,1.341742308489645,0.540976576477739,0.8328074650573946,18.24329551632127,1.944090343941607e-05,-1280.807986400397
0.8389572247206671,0.9933160301526512,0.8446025225141464,0.8715388487720819,1.352936434378535,0.2447654207685497,-1316.9952751471
0.7687496065027802,1.242179717201799,0.6188714852263946,0.8529658475440888,11.22981724321062,0.0008049357078633301,-1317.369835029973
0.7616272301076399,1.038776116193151,0.7331967093148128,0.8187651834844809,4.504529514137175,0.03380519492301548,-1282.305336879619
0.578707918703649,0.7773249243879765,0.7444865082118552,0.6183548579670005,3.432558416152915,0.06392300428712905,-1107.23065191363
0.6821704223437437,0.9747945492838257,0.6998094345571887,0.73692417978603,5.803373345923774,0.01599545791224155,-1235.11467496131
0.5761755778641234,1.011032311266693,0.5698883917391819,0.6565606754085416,14.39650153055072,0.0001480771585372631,-1110.741265826754
0.758290055070043,1.01661335227256,0.7458981857507029,0.8234535064780273,4.734316010702059,0.0295666025099891,-1229.236748772058
0.7025873585768881,1.261824592405755,0.5568027147397383,0.8114930362862472,17.02884859947289,3.681618707107592e-05,-1170.25486314074
0.6337515499369873,1.019143227674784,0.6218473838882458,0.7048253371310549,8.814641225167179,0.002988229611045279,-1057.284474202478
0.5239072075695763,0.6828619756158422,0.7672226984041515,0.5670683611987054,3.103442357879885,0.0781269325590277,-1011.998770758649
0.6689733209518133,1.232767814395483,0.5426596258759888,0.8057318022609518,21.50905135281528,3.52162526395805e-06,-1232.068457864908
0.7898523613815172,1.390954759960153,0.5678490660646249,0.904051615702619,17.41533494431133,3.003926712330518e-05,-1282.274063183711
0.8810108685710214,1.392553516055416,0.6326585358576353,0.9654917286068772,9.967368738543428,0.001593390454690979,-1403.669112992909
0.7629288547998235,1.077916036515457,0.7077813382071184,0.8097832571579089,4.757634225419224,0.02916861352186384,-1256.365293965549
0.7893547215235434,0.8544698193906297,0.9237947363506372,0.8051113656283269,0.3171063552335909,0.5733518308488899,-1237.114429967263
0.849770348110015,1.183473811693774,0.7180305467797665,0.9104019978149677,4.650392214990006,0.03104645296159891,-1251.329483043855
0.6160889302155093,0.770112046440694,0.7999990820335181,0.6569250342600851,2.424341623912824,0.1194634237493177,-1138.679638535599
0.8275191751144374,0.6522533000387294,1.268708299467862,0.7864585886225584,2.388292991547587,0.1222470508621735,-1217.873920888228
0.9376557995141587,0.9717271843709192,0.9649372937129285,0.9436500691318717,0.05009964352257157,0.8228899772909761,-1372.179432526897
0.8838498556494393,1.026015958988758,0.8614387017143109,0.9178175059128534,1.142771329784864,0.2850674923869128,-1278.976263658785
1.091893196208327,0.8455345149103393,1.29136442919082,1.028348112753075,3.352493070121909,0.0671033118802068,-1389.610215795884
0.8466792748141977,1.328217909917273,0.6374550956528905,0.9324010426621703,9.901362371449977,0.001651564603003974,-1316.038757874814
0.6752318676901039,1.532191661795882,0.4406967382257287,0.75869835634149,13.72763407439561,0.0002113221940113208,-935.2601863564698
0.7914243923126782,0.771448460313058,1.025894059068462,0.7865036151559478,0.03205398492627864,0.8579092247529558,-1215.865204010853
0.8892347660703716,1.152990996104517,0.7712417261494067,0.942704156822147,3.560740682139567,0.05916133487841269,-1378.346999415497
0.883249035427361,0.7324356647159445,1.205906645425173,0.8416375842325721,1.890213321086321,0.1691778631878844,-1314.183180457693
0.8219113842493142,0.644847546538954,1.274582478697023,0.7715629053005718,2.665931694339633,0.1025177769881568,-1195.239835577653
0.919468039923963,0.9281103369885455,0.9906882870277856,0.9216084543500059,0.004463615468921489,0.9467327277954222,-1376.200307079845
0.778658388958698,0.7387011398628076,1.054091224366205,0.7692327987535699,0.1256737800395058,0.722960473433802,-1157.364706152218