Codon,alpha,beta,beta-alpha,Prob[alpha<beta],Prob[alpha>beta],BayesFactor,PSRF,Neff
1,1,0.496336,-0.503664,0.0643854,0.927631,0.329661,0.997283,1087.38
2,1,0.512,-0.488,0.0694247,0.922303,0.357388,0.997177,1139.87
3,1,0.512,-0.488,0.0694247,0.922303,0.357388,0.997177,1139.87
4,1,0.512,-0.488,0.0694247,0.922303,0.357388,0.997177,1139.87
5,1,0.512,-0.488,0.0694248,0.922303,0.357389,0.997177,1139.87
6,1,0.512,-0.488,0.0694247,0.922303,0.357388,0.997177,1139.87
7,1,0.512,-0.488,0.0694247,0.922303,0.357388,0.997177,1139.87
8,1,0.512,-0.488,0.0694248,0.922303,0.357389,0.997177,1139.87
9,1,0.512,-0.488,0.0694247,0.922303,0.357388,0.997177,1139.87
10,1,0.512,-0.488,0.0694248,0.922303,0.357389,0.997177,1139.87
11,1,0.50641,-0.49359,0.0676586,0.924166,0.347637,0.997213,1121.25
12,1,0.512,-0.488,0.0694248,0.922303,0.357389,0.997177,1139.87
13,1,0.512,-0.488,0.0694248,0.922303,0.357389,0.997177,1139.87
14,1,0.512,-0.488,0.0694247,0.922303,0.357388,0.997177,1139.87
15,1,0.512,-0.488,0.0694247,0.922303,0.357388,0.997177,1139.87
16,1,0.496597,-0.503403,0.0644626,0.927551,0.330084,0.997281,1088.35
17,1,0.512,-0.488,0.0694248,0.922303,0.357389,0.997177,1139.87
18,1,0.521683,-0.478317,0.0723972,0.919178,0.373884,0.997118,1171.53
19,1,0.512115,-0.487885,0.0694698,0.922255,0.357638,0.997176,1140.25
20,1,0.512,-0.488,0.0694247,0.922303,0.357388,0.997177,1139.87
21,1,0.512308,-0.487692,0.0695111,0.922214,0.357866,0.997175,1140.89
22,1,0.489455,-0.510545,0.062109,0.930051,0.317234,0.997333,1064.16
23,1,0.496336,-0.503664,0.0643854,0.927631,0.329661,0.997283,1087.38
24,1,0.499018,-0.500982,0.0652601,0.926705,0.334453,0.997264,1096.47
25,1,0.974541,-0.0254592,0.213,0.771037,1.29653,0.996492,1656.97
26,1,0.504607,-0.495393,0.0670681,0.924791,0.344385,0.997225,1115.27
27,1,0.49403,-0.50597,0.0636244,0.92844,0.3255,0.997299,1079.62
28,1,0.976787,-0.0232128,0.213488,0.770548,1.30031,0.996489,1660.73
29,1,0.499149,-0.500851,0.0652925,0.926672,0.33463,0.997263,1097
30,1,0.49403,-0.50597,0.0636244,0.92844,0.3255,0.997299,1079.62
31,1,0.49403,-0.50597,0.0636244,0.92844,0.3255,0.997299,1079.62
32,1,0.49403,-0.50597,0.0636244,0.92844,0.3255,0.997299,1079.62
33,1,0.504909,-0.495091,0.0671605,0.924695,0.344893,0.997223,1116.3
34,1,0.512,-0.488,0.0694247,0.922303,0.357388,0.997177,1139.87
35,1,0.496336,-0.503664,0.0643854,0.927631,0.329661,0.997283,1087.38
36,1,0.512,-0.488,0.0694248,0.922303,0.357389,0.997177,1139.87
37,1,0.922644,-0.077356,0.201048,0.783037,1.20547,0.996576,1569.59
38,1,0.512,-0.488,0.0694247,0.922303,0.357388,0.997177,1139.87
39,1,0.512,-0.488,0.0694247,0.922303,0.357388,0.997177,1139.87
40,1,0.475188,-0.524812,0.0573348,0.935147,0.291366,0.997445,1015.96
41,1,0.504607,-0.495393,0.0670681,0.924791,0.344385,0.997225,1115.27
42,1,0.512,-0.488,0.0694248,0.922303,0.357389,0.997177,1139.87
43,1,0.942333,-0.0576669,0.205843,0.778215,1.24167,0.996543,1602.74
44,1,0.498574,-0.501426,0.0651134,0.92686,0.333648,0.997267,1094.99
45,1,0.502,-0.498,0.0662327,0.925674,0.33979,0.997243,1106.48
46,1,0.489455,-0.510545,0.062109,0.930051,0.317234,0.997333,1064.16
47,1,0.521683,-0.478317,0.0723972,0.919178,0.373884,0.997118,1171.53
48,1,0.945568,-0.0544316,0.206598,0.777457,1.24741,0.996538,1608.2
49,1,0.972345,-0.027655,0.212636,0.771399,1.29372,0.996495,1653.25
50,1,0.499018,-0.500982,0.0652601,0.926705,0.334453,0.997264,1096.47
51,1,1.02611,0.0261063,0.223424,0.760608,1.37824,0.996418,1742.28
52,1,0.50641,-0.49359,0.0676586,0.924166,0.347637,0.997213,1121.25
53,1,1.47083,0.470826,0.286302,0.698133,1.92171,0.996085,2270.85
54,1,2.72027,1.72027,0.535531,0.44888,5.52339,0.995982,2504.16
55,1,0.504607,-0.495393,0.0670681,0.924791,0.344385,0.997225,1115.27
56,1,0.49403,-0.50597,0.0636244,0.92844,0.3255,0.997299,1079.62
57,1,0.50641,-0.49359,0.0676586,0.924166,0.347637,0.997213,1121.25
58,1,0.502,-0.498,0.0662327,0.925674,0.33979,0.997243,1106.48
59,1,0.502,-0.498,0.0662327,0.925674,0.33979,0.997243,1106.48
60,1,0.971522,-0.028478,0.212455,0.77158,1.29232,0.996497,1651.86
61,1,0.512115,-0.487885,0.0694698,0.922255,0.357638,0.997176,1140.25
62,1,1.0408,0.0407988,0.226239,0.757794,1.40068,0.996399,1766.2
63,1,0.512,-0.488,0.0694247,0.922303,0.357388,0.997177,1139.87
64,1,0.512,-0.488,0.0694248,0.922303,0.357389,0.997177,1139.87
65,1,0.494793,-0.505207,0.0638515,0.928204,0.326741,0.997293,1082.51
66,1,0.523839,-0.476161,0.0730358,0.918509,0.377442,0.997105,1178.45
67,1,0.504607,-0.495393,0.0670681,0.924791,0.344385,0.997225,1115.27
68,1,0.506451,-0.493549,0.0676605,0.924165,0.347647,0.997213,1121.43
69,1,0.506808,-0.493192,0.067768,0.924053,0.34824,0.997211,1122.64
70,1,0.512115,-0.487885,0.0694698,0.922255,0.357638,0.997176,1140.25
71,1,0.940171,-0.0598285,0.20518,0.778886,1.23664,0.996546,1599.36
72,1,0.565596,-0.434404,0.0843409,0.906726,0.441247,0.9969,1304.04
73,1,0.512,-0.488,0.0694248,0.922303,0.357389,0.997177,1139.87
74,1,0.50641,-0.49359,0.0676586,0.924166,0.347637,0.997213,1121.25
75,1,0.538265,-0.461735,0.0772571,0.914089,0.401084,0.997026,1224.05
76,1,0.521683,-0.478317,0.0723972,0.919178,0.373884,0.997118,1171.53
77,1,0.521683,-0.478317,0.0723972,0.919178,0.373884,0.997118,1171.53
78,1,0.475188,-0.524812,0.0573348,0.935147,0.291366,0.997445,1015.96
79,1,0.527787,-0.472213,0.0742538,0.917228,0.384242,0.997082,1191.24
80,1,0.504607,-0.495393,0.0670681,0.924791,0.344385,0.997225,1115.27
81,1,1.07519,0.0751907,0.232873,0.751165,1.45422,0.996355,1822.54
82,1,0.512268,-0.487732,0.0694969,0.922229,0.357788,0.997175,1140.76
83,1,0.49403,-0.50597,0.0636244,0.92844,0.3255,0.997299,1079.62
84,1,0.506451,-0.493549,0.0676605,0.924165,0.347647,0.997213,1121.43
85,1,0.506497,-0.493503,0.067674,0.924151,0.347722,0.997213,1121.59
86,1,0.523839,-0.476161,0.0730358,0.918509,0.377442,0.997105,1178.45
87,1,0.512504,-0.487496,0.069587,0.922132,0.358286,0.997174,1141.54
88,1,0.565596,-0.434404,0.0843409,0.906726,0.441247,0.9969,1304.04
89,1,0.49403,-0.50597,0.0636244,0.92844,0.3255,0.997299,1079.62
90,1,0.527011,-0.472989,0.0740022,0.917494,0.382836,0.997087,1188.69
91,1,0.496336,-0.503664,0.0643854,0.927631,0.329661,0.997283,1087.38
92,1,0.506451,-0.493549,0.0676605,0.924165,0.347647,0.997213,1121.43
93,1,0.521384,-0.478616,0.0722878,0.919295,0.373275,0.997119,1170.52
94,1,0.512,-0.488,0.0694248,0.922303,0.357389,0.997177,1139.87
95,1,0.97343,-0.0265701,0.212886,0.771148,1.29565,0.996494,1655.06
96,1,0.521683,-0.478317,0.0723972,0.919178,0.373884,0.997118,1171.53
97,1,0.971967,-0.0280328,0.212445,0.771594,1.29224,0.996496,1652.66
98,1,0.931617,-0.0683833,0.203219,0.780855,1.22181,0.996561,1584.77
99,1,0.512504,-0.487496,0.069587,0.922132,0.358286,0.997174,1141.54
100,1,0.577873,-0.422127,0.0870669,0.903912,0.456869,0.996854,1336.31