Codon,alpha,beta,beta-alpha,Prob[alpha<beta],Prob[alpha>beta],BayesFactor,PSRF,Neff
1,1,0.2411956801610638,-0.7588043198389363,1.429834079956207e-11,0.9999999999761122,8.715500774638863e-11,1.002643372912296,328.6619810689976
2,1,0.01686105124337591,-0.9831389487566241,4.841228413748969e-19,1,2.950952881954095e-18,1.000839801613256,428.7901766769215
3,1,0.4053751826108474,-0.5946248173891526,4.02305274498917e-07,0.9999993601048363,2.452237914341903e-06,1.000352137617501,467.4266986789128
4,1,0.04615504159679316,-0.9538449584032068,3.272007849327664e-17,1,1.994440288198011e-16,0.9993921671230999,568.4794484932214
5,1,0.06412388414222785,-0.9358761158577722,7.055044342069856e-16,0.9999999999999997,4.300376196756024e-15,1.000554174346881,450.5984673390316
6,1,0.1582040276718393,-0.8417959723281607,4.73923144141094e-12,0.9999999999922389,2.888781004554049e-11,1.00321824427173,305.9695663505182
7,1,0.01686105092979727,-0.9831389490702027,4.84134672262137e-19,1,2.951024996689889e-18,1.000839802651799,428.7901012518791
8,1,0.1706151363133065,-0.8293848636866934,1.085096712677079e-13,0.9999999999998168,6.614166896938578e-13,1.003233558574697,305.4083177082397
9,1,0.01736332420185872,-0.9826366757981413,1.533807416152529e-18,1,9.349266401485194e-18,1.000879394435668,425.9340376219238
10,1,0.01686105073048889,-0.9831389492695111,4.841307132496656e-19,1,2.95100086467573e-18,1.000839802410761,428.7901187574546
11,1,0.04615883640824229,-0.9538411635917577,3.286943908777341e-17,1,2.003544508018106e-16,0.9993923509109169,568.4558863116282
12,1,0.7141693425749872,-0.2858306574250128,0.01103577758713408,0.9841328353893493,0.06801881481020935,1.001684407104268,375.1861377224284
13,1,0.01723243551006812,-0.9827675644899319,1.146242303026978e-18,1,6.986877582410535e-18,1.000869536688335,426.6415589634062
14,1,0.01736469483247417,-0.9826353051675258,1.544221108875046e-18,1,9.41274268048914e-18,1.000879591007126,425.9199531488238
15,1,0.2932896196984299,-0.7067103803015701,1.021319664774246e-09,0.9999999983260643,6.225416265592357e-09,1.002336757078046,342.2170153807677
16,1,0.4338929614273653,-0.5661070385726347,2.061640116113403e-06,0.9999967567626058,1.256667701849595e-05,1.000457553721293,458.4911896382206
17,1,0.1098092384432396,-0.8901907615567605,1.317703473169236e-13,0.9999999999997851,8.03201280622703e-13,1.00174856133596,371.6617740768342
18,1,0.3877018486437516,-0.6122981513562484,1.689632025998326e-07,0.9999997300404552,1.029909129025253e-06,1.000539003262099,451.8195768928289
19,1,0.06578934633348067,-0.9342106536665193,2.154221873377735e-15,0.9999999999999973,1.313097978925937e-14,1.000623952589478,445.0667142786016
20,1,0.06413160346814786,-0.9358683965318522,7.093153657054201e-16,0.9999999999999997,4.323605588817545e-15,1.000554507561381,450.5717218417523
21,1,0.1130949250574295,-0.8869050749425705,3.695715511798005e-13,0.9999999999993999,2.252709727443219e-12,1.001860238721785,365.6836481368966
22,1,0.01686105119559255,-0.9831389488044074,4.841345287452189e-19,1,2.95102412188782e-18,1.000839802543399,428.790109124488
23,1,0.4172045407868747,-0.5827954592131253,1.29423061734967e-07,0.9999997905405136,7.888935902361348e-07,0.9998989558753576,510.209167810266
24,1,0.08770237573744928,-0.9122976242625507,2.595150254746423e-14,0.9999999999999577,1.581864243711174e-13,1.001463239824914,387.8714684241162
25,1,0.6704540110383327,-0.3295459889616673,0.004666469600548903,0.9931927829412655,0.02857764966780792,1.001943883194863,361.3318532593932
26,1,0.08830875912368781,-0.9116912408763121,3.374205132189324e-14,0.9999999999999456,2.056734264150963e-13,1.001468688909988,387.5485267317887
27,1,0.3642999347807002,-0.6357000652192999,8.000581971503315e-07,0.9999987529625812,4.876729064864846e-06,1.001535248180194,383.6472523229781
28,1,0.04687677522932815,-0.9531232247706718,7.646147745009425e-17,1,4.660681090754324e-16,0.999427578714673,563.9755893248488
29,1,0.08574709978865916,-0.9142529002113409,1.097105771714005e-14,0.9999999999999825,6.687367672331901e-14,1.001448236044752,388.7634870107592
30,1,0.01686105137548126,-0.9831389486245188,4.841348966283072e-19,1,2.951026364305584e-18,1.000839802508154,428.7901116841958
31,1,0.06536823280856521,-0.9346317671914348,1.642818941658388e-15,0.9999999999999984,1.001374212513449e-14,1.000606625974255,446.4274805909786
32,1,0.6965193764522895,-0.3034806235477105,0.01689573279540256,0.9764724858260561,0.1047572653967376,1.002006260744761,358.1540365296073
33,1,1.740568100119796,0.7405681001197961,0.9999848512490843,6.618697145122413e-06,402367.8734998973,1.00069111624447,439.8700742797006
34,1,0.08580022199681601,-0.914199778003184,1.123596777015659e-14,0.999999999999982,6.84884261579618e-14,1.001448594799137,388.7421096685973
35,1,0.1923478703289086,-0.8076521296710915,1.45138825676164e-10,0.9999999997653211,8.846883463674559e-10,1.003601814818671,292.5131687793807
36,1,1.306215479208924,0.3062154792089238,0.8318292034325898,0.1301407645606831,30.15020598662239,0.998532337846276,705.4555356221437
37,1,0.1822343112001277,-0.8177656887998723,1.542540798731304e-12,0.9999999999974289,9.40250041214223e-12,1.003444703456544,297.8773489875354
38,1,0.2983617511160092,-0.7016382488839908,5.775914527892768e-08,0.9999999088022771,3.520687550720161e-07,1.002500213750263,334.8531368639301
39,1,0.5974057581285056,-0.4025942418714944,0.0003359687949449299,0.9994866930750106,0.002048573625893059,1.002040287959444,356.4442197044721
40,1,1.975475501685188,0.9754755016851884,0.999999880982732,4.912011960052374e-08,51214940.53459781,1.007815481189359,197.66664715071
41,1,0.1353109708948194,-0.8646890291051805,1.202538841260198e-12,0.9999999999980353,7.330031049980518e-12,1.002560831302846,332.2030581667028
42,1,0.3157858360235337,-0.6842141639764663,4.24297356660226e-09,0.9999999930933822,2.58628886255122e-08,1.002122530556462,352.3789948088063
43,1,0.1909493887203748,-0.8090506112796252,1.147647080656888e-10,0.9999999998141712,6.995440353322942e-10,1.003597540042937,292.6565296477929
44,1,0.4160170800574978,-0.5839829199425022,5.516731119335814e-07,0.9999991227673976,3.362704913977243e-06,1.000264973735436,475.0846807203337
45,1,0.2984665046285772,-0.7015334953714228,5.835890374430607e-08,0.9999999078630566,3.557245610496289e-07,1.002499881956943,334.8677598924378
46,1,1.794389425685376,0.7943894256853763,0.9999512264486906,2.588767466766171e-05,124968.6678489226,1.002460573552129,336.6093770975612
47,1,1.703545756147711,0.7035457561477105,0.999363736845568,0.0003643457441580073,9574.001998711865,0.9983807226070056,736.808215383821
48,1,0.06416933853485093,-0.935830661465149,7.284123420757425e-16,0.9999999999999997,4.440010502282416e-15,1.000556127837209,450.4417158521817
49,1,0.7342574860521058,-0.2657425139478942,0.01277027116357179,0.9815498805522669,0.07884762127479672,1.001523475860566,384.3314856593514
50,1,0.7517148122265012,-0.2482851877734988,0.02127093001858243,0.9698150268774974,0.1324740130186571,1.001545203548229,383.0705414193574
51,1,0.4509080264383299,-0.5490919735616701,3.690930198497156e-07,0.9999994022965535,2.249793687793933e-06,1.000031500454327,496.9009306299954
52,1,0.2376823979198125,-0.7623176020801875,1.495591774726848e-09,0.9999999975954144,9.116324385611929e-09,1.003050862118669,312.2428880359878
53,1,0.705137129782228,-0.294862870217772,0.008427156489142221,0.987789579630214,0.05180398108951809,1.001707888114449,373.8883827330068
54,1,0.7032953498553204,-0.2967046501446796,0.007529390697308289,0.9890462832775139,0.04624330656193884,1.001700073206253,374.3192912208728
55,1,0.4678493493253423,-0.5321506506746576,0.0002955144781216296,0.9995678091448512,0.001801830043313868,1.001931317053804,361.9789431995404
56,1,0.15213734234325,-0.84786265765675,2.948659187737341e-14,0.99999999999995,1.797344306920647e-13,1.00281586942157,321.5028830200661
57,1,0.6894855511030634,-0.3105144488969366,0.006785658032410774,0.9901569592495205,0.04164431173446172,1.001825073741502,367.5449766909442
58,1,0.4806604841919307,-0.5193395158080694,8.83959192915784e-05,0.9998669048862375,0.0005388616912876974,1.001537790584456,383.4998050773266
59,1,0.8129208576765874,-0.1870791423234126,0.05574795167892628,0.9230243445148177,0.3598716879719618,1.001655006986549,376.8239189225855
60,1,0.5471262179737185,-0.4528737820262815,0.0002110701654226525,0.9996802253022228,0.001286842004187891,1.002002688040922,358.3345217815749
61,1,0.2435879260696205,-0.7564120739303795,3.096939694423273e-09,0.9999999950446476,1.887728147435632e-08,1.002999379959668,314.2250992778827
62,1,0.2376043842636744,-0.7623956157363256,1.479281005606466e-09,0.9999999976214529,9.016902695139379e-09,1.003051463310238,312.2198899373784
63,1,1.225062350389427,0.2250623503894273,0.7473541643165984,0.2027631942310711,18.03104993662215,0.9977361854848231,908.6976307092101
64,1,0.9589144172944041,-0.04108558270559592,0.3190419849284428,0.5992531857897404,2.85584218315107,1.002614536300771,329.8903753895352
65,1,0.8812281846166382,-0.1187718153833618,0.1667736922765444,0.7873591530217567,1.220032140553583,1.001499788008897,385.7157729486425
66,1,0.1098715383092167,-0.8901284616907833,1.345298021520287e-13,0.9999999999997808,8.200214355551821e-13,1.001750547801888,371.553713238159
67,1,0.7753132537796097,-0.2246867462203903,0.03160583736542092,0.955603808424043,0.1989398745377248,1.001542280437351,383.2396945152764
68,1,1.722310719129252,0.7223107191292519,0.9999615406427574,1.761210392325546e-05,158484.9316316445,0.9998051391557917,520.0714976051547
69,1,0.4705697216864637,-0.5294302783135363,1.607117096764667e-06,0.9999974269485306,9.796138592996169e-06,1.000514329156207,453.8198955343693
70,1,0.6358844255855474,-0.3641155744144526,0.007667352050045978,0.9892055817635447,0.04709717155989795,1.002335207895063,342.2883748627735
71,1,0.594639202476814,-0.405360797523186,0.0005708064986975185,0.9991399839774878,0.003481317068943422,1.002122230562899,352.3936530859327
72,1,0.8632029877064025,-0.1367970122935975,0.1152306372023148,0.8464538939559901,0.7938612237411811,1.001888536396949,364.1995893214745
73,1,1.070479950734867,0.07047995073486701,0.5398697462859769,0.3923198377434435,7.151792461716551,0.9981908289423036,780.2628825587268
74,1,0.670319114714513,-0.329680885285487,0.004257293546015207,0.9937685917703598,0.02606112528135191,1.001928338803824,362.1326508227354
75,1,0.4034131033800943,-0.5965868966199057,5.862515455921127e-06,0.9999910010547749,3.573495572564043e-05,1.001160142212821,406.7325513869139
76,1,0.4930766230159718,-0.5069233769840282,3.238748543073846e-05,0.9999500955720521,0.0001974231141410405,1.001366389779677,393.7033667369461
77,1,0.2738054560394903,-0.7261945439605098,3.290103019434732e-10,0.9999999994585341,2.005470132900151e-09,1.002404374135259,339.1314397916711
78,1,1.712943772043247,0.7129437720432474,0.9990877333764466,0.0005468740899064044,6675.572892906504,0.9983238679254559,749.2998730637281
79,1,1.038776065969234,0.03877606596923355,0.5527723359713568,0.3635855775722996,7.533977902879369,1.00020525152207,480.4794218806217
80,1,0.7940638326479152,-0.2059361673520848,0.03621572153901342,0.9488842728971034,0.2290466826522412,1.001525585168892,384.2087067850686
81,1,0.920169533386435,-0.07983046661356497,0.2265830966930364,0.7126374882915009,1.785749552906529,1.001841524372622,366.6718456704766
82,1,0.6688329151322334,-0.3311670848677666,0.006513286496424101,0.9906317058737575,0.03996177956702154,1.002028539364432,357.0327011576557
83,1,0.8994616662812438,-0.1005383337187562,0.170909560375361,0.776226810619057,1.256525050928764,1.002089996341633,353.9758954225481
84,1,1.810952386124908,0.8109523861249079,0.9999998956427067,3.411081778975342e-08,58409548.62626886,1.006206672852272,225.4716280815049
85,1,0.690870872366987,-0.309129127633013,0.008874499845168939,0.9872696311474151,0.05457854299419102,1.001876204305738,364.8448413404779
86,1,0.9616196000327315,-0.0383803999672685,0.3300836409522108,0.5893589866420745,3.003378859634699,1.002340623651445,342.0390419215261
87,1,0.8645987754833724,-0.1354012245166276,0.1374351893333632,0.8220437621019983,0.9712094735948458,1.001648046307665,377.2137916335395
88,1,0.4794820189677188,-0.5205179810322812,8.397891528211781e-05,0.9998734832971141,0.0005119333650753717,1.001520223015678,384.5209830628764
89,1,0.8715279915723324,-0.1284720084276676,0.1466535593718152,0.8106425700805598,1.047547990971064,1.001652035941763,376.9902296927229
90,1,1.00453257862318,0.004532578623180017,0.4431350098258628,0.4788356686683743,4.850570816439167,1.000406181213534,462.8023076556062
91,1,0.5606469155774325,-0.4393530844225675,0.000632291923566458,0.999061935626008,0.003856550510497128,1.002198338490451,348.7139655763424
92,1,0.8983808554323532,-0.1016191445676468,0.1523996764329261,0.7958838254772497,1.095972438624671,1.002255599104687,345.9963141802589
93,1,0.8969685527819727,-0.1030314472180273,0.1821615790726176,0.76623559647059,1.357675480207356,1.001774332952504,370.2647491079865
94,1,0.8503527436052754,-0.1496472563947246,0.07961754609958779,0.8900090873509884,0.5272871150404583,1.001859801509765,365.706673398204
95,1,0.4259038766806002,-0.5740961233193997,3.010279921755767e-06,0.9999953017946476,1.834910521128743e-05,1.000625627677407,444.935602625215
96,1,1.552808009207905,0.5528080092079051,0.9948897440828756,0.002896440414608539,1186.694708269343,1.002979813985015,314.9851425662579
97,1,0.8114766033311893,-0.1885233966688107,0.05590501358845686,0.9229349135544103,0.3609456129606317,1.001655164184903,376.8151235272512
98,1,0.9725484436286498,-0.02745155637135022,0.364654069436996,0.5553846426799872,3.498464839941548,1.001763338903985,370.8594135332777
99,1,0.9243218861988588,-0.0756781138011412,0.224506973122809,0.7111452221739996,1.764650238483495,1.002232554966205,347.0848489251297
100,1,0.6826577428956088,-0.3173422571043912,0.004890654499854545,0.9928357384610147,0.02995731457548552,1.001828980265794,367.3372544730588