Codon,alpha,beta,beta-alpha,Prob[alpha<beta],Prob[alpha>beta],BayesFactor,PSRF,Neff
1,0.5533459814792685,0.4949693834361385,-0.05837659804313,0.4434532917897132,0.4894843799052456,0.9573997202295806,1.015274896179963,126.3737602600614
2,1.919243955777702,0.4699590719791303,-1.449284883798572,0.1778933038000903,0.7771628484218682,0.2600030525308263,1.010721363110818,161.8556676182656
3,0.592403320463797,0.4950662007717527,-0.09733711969204423,0.4325216309633632,0.5011744173964153,0.915810359027848,1.015036880656234,127.8291831087129
4,2.225688399233525,0.4982464233599738,-1.727441975873551,0.1783992345350306,0.7769030758258708,0.2609030661349231,1.009377944473562,176.61379671237
5,0.6394285160726827,0.4681558047634706,-0.1712727113092121,0.4082798395244123,0.5258467152789729,0.8290650369519866,1.014390503725249,131.9618359366414
6,0.592403320463797,0.4950662007717527,-0.09733711969204423,0.4325216309633632,0.5011744173964153,0.915810359027848,1.015036880656234,127.8291831087129
7,2.22668464843459,0.4982482907090773,-1.728436357725513,0.1783250057782559,0.7769903597695673,0.2607709492538094,1.009375176327959,176.6470516003755
8,0.6737728031124682,0.495230468936288,-0.1785423341761802,0.4166495754246589,0.5182984509204772,0.8581998946579195,1.014397138436335,131.9180182057533
9,0.6394285160726827,0.4681558047634706,-0.1712727113092121,0.4082798395244123,0.5258467152789729,0.8290650369519866,1.014390503725249,131.9618359366414
10,0.578520097159462,0.4950332584380807,-0.08348683872138124,0.43599714545004,0.497447233133358,0.9288581058390701,1.015132679792623,127.2392524652364
11,0.5533459814792685,0.4949693834361385,-0.05837659804313,0.4434532917897132,0.4894843799052456,0.9573997202295806,1.015274896179963,126.3737602600614
12,0.6393926099074838,0.4604799251055086,-0.1789126848019752,0.403821589083439,0.530206996747985,0.8138798941186047,1.014279074181487,132.7022560944098
13,1.934901062786143,0.8323620449436817,-1.102539017842461,0.3287938860792404,0.6017761482713244,0.5885926858689028,1.000870339114408,426.5838776849294
14,1.41705156763693,0.497388274138636,-0.9196632934982945,0.2107531394635066,0.7385067391797231,0.3208545640097916,1.010839772689716,160.6748382223527
15,2.251873468041001,0.4697303158900413,-1.782143152150959,0.1677635677179523,0.7894134229270866,0.242213285827439,1.010531110397752,163.7906245211134
16,2.251878649023171,0.4697302726538596,-1.782148376369312,0.1677634257728789,0.7894135915501186,0.242213039578803,1.010531112452085,163.7906033718639
17,0.6737728031124682,0.495230468936288,-0.1785423341761802,0.4166495754246589,0.5182984509204772,0.8581998946579195,1.014397138436335,131.9180182057533
18,0.6743186549440502,0.467811977663101,-0.2065066772809492,0.4023716841682906,0.5322836912010493,0.8089902287083944,1.014140718617188,133.6335831247182
19,0.7989298521561092,0.4806902238652396,-0.3182396282908696,0.394982961149642,0.54121824715656,0.7844364890902396,1.013416288425594,138.7383357153785
20,1.252777063134071,0.4970538603362006,-0.7557232027978703,0.2212963581278088,0.7262521615680687,0.3414672779629707,1.011635556674116,153.1747585061267
21,13.00044935275622,0.4345242427913648,-12.56592510996486,0.002670898157508641,0.9955274469708397,0.003217850538117871,1.022159171167519,95.31302296405941
22,0.5973922226142936,0.944051696151243,0.3466594735369494,0.6517296423119261,0.2887883197831596,2.248526414917384,1.008937889066311,182.0660858256217
23,7.25697481018651,5.684238567123519,-1.572736243062991,0.341070992996603,0.3997800496524719,0.6219467331119576,1.011489376232667,154.4982375632662
24,0.8011007581506575,0.423387166415847,-0.3777135917348105,0.3601225074653062,0.5757772059533883,0.6762393876211567,1.01270517510688,144.1552842343822
25,0.6743186549440502,0.467811977663101,-0.2065066772809492,0.4023716841682906,0.5322836912010493,0.8089902287083944,1.014140718617188,133.6335831247182
26,0.5533459814792685,0.4949693834361385,-0.05837659804313,0.4434532917897132,0.4894843799052456,0.9573997202295806,1.015274896179963,126.3737602600614
27,0.6743186549440502,0.467811977663101,-0.2065066772809492,0.4023716841682906,0.5322836912010493,0.8089902287083944,1.014140718617188,133.6335831247182
28,2.225238682291525,0.4697453286939434,-1.755493353597581,0.1684945499308221,0.7885261681991457,0.2434825207616868,1.01053645640652,163.7356065573132
29,0.6406321069233434,0.8216151979932258,0.1809830910698824,0.6181923687998794,0.320425989966452,1.945476847807432,1.009585186348813,174.1599331763985
30,0.6743224606140712,0.468701427387377,-0.2056210332266942,0.4028959661236331,0.5317690331332796,0.8107555784997612,1.014152008028772,133.5570856450717
31,0.641840197561641,0.8469176543590544,0.2050774567974134,0.6233412328911948,0.3155528333063421,1.988496389076084,1.009282792389717,177.764286082438
32,0.6743186549440502,0.467811977663101,-0.2065066772809492,0.4023716841682906,0.5322836912010493,0.8089902287083944,1.014140718617188,133.6335831247182
33,0.7027984674051506,0.8021214639616983,0.09932299655654764,0.6011515714917011,0.3370161465647076,1.811019527176313,1.008928306357156,182.1886452598874
34,0.6394285160726827,0.4681558047634706,-0.1712727113092121,0.4082798395244123,0.5258467152789729,0.8290650369519866,1.014390503725249,131.9618359366414
35,0.6737728031124682,0.495230468936288,-0.1785423341761802,0.4166495754246589,0.5182984509204772,0.8581998946579195,1.014397138436335,131.9180182057533
36,0.7006926746484361,0.4543178036454888,-0.2463748710029473,0.3905694976483035,0.544334959235218,0.7700539759938252,1.013780478111771,136.1228482848006
37,0.578520097159462,0.4950332584380807,-0.08348683872138124,0.43599714545004,0.497447233133358,0.9288581058390701,1.015132679792623,127.2392524652364
38,0.5954647637242889,0.9505847006878264,0.3551199369635375,0.6532598958021286,0.2873661464896226,2.263752555067587,1.008902841591006,182.5151508554706
39,0.7988246993622318,0.4673191330411436,-0.3315055663210882,0.387816304215219,0.5483001100167335,0.7611869534924246,1.013323739128176,139.419550910178
40,0.7073948801283082,0.8381125179696317,0.1307176378413235,0.6085644112978352,0.3299233790424595,1.868070552348617,1.008449635341322,188.5327245084834
41,0.596604074730852,0.9457401245950887,0.3491360498642367,0.6522083481398843,0.2883425366821751,2.253275173386611,1.008933352108598,182.1240909022011
42,0.7027984674051504,0.8021214639616716,0.09932299655652121,0.6011515714916945,0.3370161465647138,1.811019527176263,1.008928306357157,182.1886452598759
43,0.592403320463797,0.4950662007717527,-0.09733711969204423,0.4325216309633632,0.5011744173964153,0.915810359027848,1.015036880656234,127.8291831087129
44,0.5673437473125629,1.923323173239887,1.355979425927325,0.8097298862237844,0.1440871192696844,5.113480717432559,1.002824978340385,321.1335967837196
45,0.7007528426840292,0.4662716826781289,-0.2344811600059002,0.3975910170143998,0.5374268382596539,0.7930346362977059,1.013936245578662,135.0348779087192
46,2.550432586048179,1.57104118674022,-0.9793913993079584,0.4418298451748208,0.4636694925251398,0.9511203395279757,0.9996677046466843,535.232933127916
47,0.592403320463797,0.4950662007717527,-0.09733711969204423,0.4325216309633632,0.5011744173964153,0.915810359027848,1.015036880656234,127.8291831087129
48,0.592403320463797,0.4950662007717527,-0.09733711969204423,0.4325216309633632,0.5011744173964153,0.915810359027848,1.015036880656234,127.8291831087129
49,0.5857590526627792,5.387869760944355,4.802110708281575,0.9481063819126486,0.03041452108784606,21.95281159553409,1.007606993535866,200.87008191553
50,2.52339756275351,0.4686593162951126,-2.054738246458397,0.1600466166639694,0.7987980473784202,0.2289487862642021,1.010556418598461,163.5305014436039
51,0.5796210345414398,0.8610701098567797,0.2814490753153399,0.6427938571739421,0.2969971092805372,2.162219753262544,1.010076500687436,168.6118232638407
52,0.6743224606140712,0.468701427387377,-0.2056210332266942,0.4028959661236331,0.5317690331332796,0.8107555784997612,1.014152008028772,133.5570856450717
53,0.6743224606140712,0.468701427387377,-0.2056210332266942,0.4028959661236331,0.5317690331332796,0.8107555784997612,1.014152008028772,133.5570856450717
54,0.578520097159462,0.4950332584380807,-0.08348683872138124,0.43599714545004,0.497447233133358,0.9288581058390701,1.015132679792623,127.2392524652364
55,0.6394285160726827,0.4681558047634706,-0.1712727113092121,0.4082798395244123,0.5258467152789729,0.8290650369519866,1.014390503725249,131.9618359366414
56,0.6437292561646493,0.8204571576425778,0.1767279014779285,0.6172323927826687,0.3213529974283088,1.937584110777502,1.009552443419316,174.5429832783871
57,0.8011007581506575,0.423387166415847,-0.3777135917348105,0.3601225074653062,0.5757772059533883,0.6762393876211567,1.01270517510688,144.1552842343822
58,0.5533459814792685,0.4949693834361385,-0.05837659804313,0.4434532917897132,0.4894843799052456,0.9573997202295806,1.015274896179963,126.3737602600614
59,1.91492246653002,0.4447981001566988,-1.470124366373321,0.167339012030068,0.7894365397805401,0.2414771350856976,1.011712334623108,152.4888985788475
60,0.6778107786954102,0.9452852347387946,0.2674744560433844,0.6329306824772476,0.3066318213348975,2.071834671782681,1.007705827052996,199.3384011810684
61,0.5953147930435125,0.9371080448103838,0.3417932517668713,0.6512603545272312,0.2892145173257232,2.243883738154631,1.009040467305435,180.7646181483598
62,5.893332854465074,0.4736837440865688,-5.419649110378505,0.04485184228849188,0.9375535029206421,0.05642305220352044,1.017454268007739,114.4813322198404
63,1.269370381131478,0.4970924993493117,-0.7722778817821667,0.2201337557888983,0.7275977931166919,0.3391669704632669,1.011545646840136,153.9860118525437
64,0.6392984547721311,0.4238412229172148,-0.2154572318549163,0.3800411503549536,0.5535150608804658,0.7365712982433001,1.013538395797022,137.8499571813807
65,0.6767369131275316,0.8770513407590588,0.2003144276315272,0.6217465115384553,0.317212930186913,1.975047053856479,1.008437051285282,188.7055997701204
66,0.7079333829396235,0.8017581110888153,0.09382472814919185,0.6001912654873187,0.3379655764210072,1.803783561254372,1.008864711203663,183.0062938298462
67,1.252818101025855,0.4970544114302612,-0.7557636895955943,0.2212945374351682,0.7262543433615607,0.3414636701979687,1.011635370710857,153.1764274023805
68,2.292528332406975,0.8569809723167303,-1.435547360090245,0.3148694031862056,0.6171318726334349,0.5522098253958125,1.000570801726375,449.2677637974312
69,2.829078847277261,0.7290130435444857,-2.100065803732775,0.4930523700165234,0.4495991952002784,1.168629877104852,1.005008261780501,251.9861915746076
70,1.281159302874266,0.4971198630660334,-0.7840394398082329,0.219303993400042,0.7285580136956612,0.3375294049018109,1.011482078501624,154.5649241112619
71,0.5736497431118208,0.8662731196124802,0.2926233765006594,0.645752045740289,0.2942186331991387,2.190309421898498,1.010111098957635,168.2347132255563
72,0.6397284820121936,0.7318108456259889,0.09208236361379529,0.5935941043800069,0.3438887624036773,1.754997939503684,1.01062417198169,162.8382624946676
73,0.6743224606140712,0.468701427387377,-0.2056210332266942,0.4028959661236331,0.5317690331332796,0.8107555784997612,1.014152008028772,133.5570856450717
74,0.6414595507996185,0.8205791553926607,0.1791196045930422,0.6177714447636917,0.3208295803782739,1.942011211183756,1.009584654393005,174.1661426410397
75,0.7989298521561092,0.4806902238652396,-0.3182396282908696,0.394982961149642,0.54121824715656,0.7844364890902396,1.013416288425594,138.7383357153785
76,0.7028059955870696,0.802547211941668,0.09974121635459843,0.6012541489774043,0.3369175984405096,1.811794515249474,1.008923191968047,182.2541254616302
77,0.8011007581506575,0.423387166415847,-0.3777135917348105,0.3601225074653062,0.5757772059533883,0.6762393876211567,1.01270517510688,144.1552842343822
78,0.5532467974094212,0.4684187383457844,-0.08482805906363677,0.4291564907442695,0.5032564546654313,0.9033283693938685,1.014882948339102,128.7889971565801
79,0.7137248761642512,0.8378936082685756,0.1241687321043244,0.6074368091257327,0.3310322763380615,1.859253304438376,1.008367871763351,189.6617709321963
80,0.6338441993786306,1.002315436401217,0.3684712370225867,0.6502892251516655,0.2902473793176122,2.234315900720889,1.007802745104195,197.8593491714686
81,0.7989298521561092,0.4806902238652396,-0.3182396282908696,0.394982961149642,0.54121824715656,0.7844364890902396,1.013416288425594,138.7383357153785
82,0.5812937815777852,0.9434243173165779,0.3621305357387927,0.6563696709152947,0.2844371418356983,2.2951128726341,1.009196150886897,178.8252775768844
83,1.522149883644816,0.8722190253678427,-0.6499308582769735,0.3672015968615266,0.5589234227493015,0.6972462997819118,1.000722518279844,437.4821685249305
84,2.519613151537926,0.4560319040485464,-2.06358124748938,0.1553365834777102,0.8043196291979615,0.2209719233203643,1.011064213014789,158.4843608484272
85,0.5532200196785192,0.4584469877085479,-0.09477303196997128,0.4231636384423494,0.5090432739244554,0.8814602765149556,1.01469086073379,130.007756615512
86,2.943025018800964,6.380954956284188,3.437929937483224,0.6902430002653488,0.09808815974186916,2.677490346014613,1.006697389486282,216.1807718634932
87,0.6394285160726827,0.4681558047634706,-0.1712727113092121,0.4082798395244123,0.5258467152789729,0.8290650369519866,1.014390503725249,131.9618359366414
88,0.7989298521561092,0.4806902238652396,-0.3182396282908696,0.394982961149642,0.54121824715656,0.7844364890902396,1.013416288425594,138.7383357153785
89,2.523412882569668,0.4686605342867142,-2.054752348282953,0.1600467248220372,0.7987980025743069,0.228948970466753,1.010556361272839,163.5310896928812
90,0.6393926099074838,0.4604799251055086,-0.1789126848019752,0.403821589083439,0.530206996747985,0.8138798941186047,1.014279074181487,132.7022560944098
91,1.250075391131622,0.4970475703372038,-0.7530278207944182,0.2214875231781982,0.7260310089613592,0.3418461719770749,1.011650374423735,153.0418988299002
92,0.5922911610919185,0.4731925379862613,-0.1190986231056572,0.4210144273497869,0.5123360213416519,0.8737280292404767,1.014771357801752,129.4941368909271
93,0.6843814020252756,1.322056972319438,0.6376755702941628,0.736741157273298,0.206998848124941,3.362629321994554,1.00391058035969,282.5215397708939
94,0.7059240936105106,0.8999870762451966,0.194062982634686,0.6206750557224969,0.3183438791868923,1.966074275223214,1.007784436294368,198.1370407902998
95,0.6736191860786744,0.4732981539106993,-0.2003210321679751,0.4053304706439921,0.5293866019433625,0.8189937708081023,1.014208672550095,133.1744822679504
96,3.844967295762404,0.7224215859156266,-3.122545709846778,0.4723547534600643,0.4721883918755198,1.07565572177597,1.005150258011227,248.5179796291129
97,0.5953910276891561,0.9439429855837729,0.3485519578946168,0.652285941627475,0.2882660125063156,2.254046131708848,1.008970385778918,181.6517152604844
98,1.895801663947316,0.7837671142177621,-1.112034549729554,0.3191735812764815,0.6130707707349115,0.5632971688636791,1.001880266459038,364.6320422789197
99,1.914601499228782,0.4245901094315639,-1.490011389797218,0.1580975159449756,0.8001748222606949,0.2256369844587193,1.012467702928894,146.0624158201667
100,0.6266243729389805,0.5079041074683996,-0.1187202654705809,0.4308065340720435,0.5036278654294358,0.9094302738989948,1.014868325815043,128.8809460540912