Codon,alpha,beta,beta-alpha,Prob[alpha<beta],Prob[alpha>beta],BayesFactor,PSRF,Neff
1,1,0.01779204737685476,-0.9822079526231452,1.370011749828746e-138,1,7.551887470480707e-138,1.004356316572411,269.2591763956694
2,1,0.2496298674310304,-0.7503701325689697,1.514207096699581e-71,1,8.346732502628498e-71,0.9982141094233885,774.6603614792522
3,1,0.01967786318582075,-0.9803221368141792,1.574684606699278e-136,1,8.680101431814453e-136,1.003615818774684,292.0445205238484
4,1,0.3057630012903335,-0.6942369987096665,2.342550791939202e-55,1,1.291279434415193e-54,1.001612821943393,379.1992962435907
5,1,0.01462024392976284,-0.9853797560702372,3.980852051461002e-131,1,2.194356853729444e-130,1.000687375997819,440.1562475179198
6,1,0.01943170622753909,-0.9805682937724609,2.474730259110086e-121,1,1.364140449082213e-120,1.003824402518787,285.2400040038556
7,1,0.01753564513927253,-0.9824643548607275,8.898845057179288e-124,1,4.905291979974767e-123,1.00435879070223,269.1890824392614
8,1,0.1565637845282893,-0.8434362154717108,8.08193133695806e-86,1,4.454986317342776e-85,1.000073907500972,492.7894733585334
9,1,0.02499778682442347,-0.9750022131755766,7.073367660864601e-133,1,3.899037845395419e-132,1.000480178776789,456.6181014596905
10,1,0.01466943036166138,-0.9853305696383386,1.428860119727347e-145,1,7.876276124337884e-145,1.000806911196285,431.1923711605273
11,1,0.03174386477838726,-0.9682561352216127,2.218340371867463e-115,1,1.222811181120273e-114,0.998555798437938,700.8421232001099
12,1,0.03516454711291062,-0.9648354528870894,1.019926215107167e-113,1,5.622118208581378e-113,0.9974525682321733,1012.812917358556
13,1,0.1372924533476105,-0.8627075466523895,1.350132019671592e-92,1,7.442304844558622e-92,0.9990950399860825,609.3292739234887
14,1,0.05086423857828605,-0.949135761421714,2.223844647924829e-121,1,1.225845291842089e-120,0.996306005110679,1890.243284001084
15,1,0.27329778861502,-0.72670221138498,5.349347894500581e-65,1,2.948709990609283e-64,0.9990429630658945,617.1054384996685
16,1,0.2799146815635801,-0.7200853184364199,7.423818043620886e-59,1,4.092215886013916e-58,0.9993133962964326,578.7624338321912
17,1,0.09113852033806955,-0.9088614796619304,3.094080959777545e-94,1,1.705543856519317e-93,0.9996529061324053,536.9187381695272
18,1,0.0746627853334714,-0.9253372146665286,2.873390333306511e-100,1,1.583893018334355e-99,1.000944572449939,421.3149325182872
19,1,0.1448304223222319,-0.8551695776777681,5.233896223632316e-89,1,2.885069804546273e-88,0.9991737315010437,597.9460463443168
20,1,0.07523590283349249,-0.9247640971665075,9.467141577571657e-112,1,5.218552897073134e-111,1.001419541955164,390.4810243472492
21,1,0.2721296919357213,-0.7278703080642787,1.726390366644451e-59,1,9.516345958821549e-59,0.9990173239465477,621.0077226314628
22,1,0.1249196489166214,-0.8750803510833787,3.601755595922514e-96,1,1.985388297580738e-95,0.9995757349317675,545.886077740429
23,1,0.7301933642519446,-0.2698066357480554,7.947893911177244e-06,0.9999868810055735,4.381135964792744e-05,0.9991131112499745,606.6767402244867
24,1,0.2972640809220463,-0.7027359190779537,5.826657122621605e-47,1,3.211816170526541e-46,1.000572668491891,449.1188596430631
25,1,0.314909932871848,-0.6850900671281519,3.337585843924305e-47,1,1.839770550839175e-46,1.0014643969098,387.8028479925542
26,1,0.1532772151075107,-0.8467227848924893,1.111555556723705e-74,1,6.127204735736217e-74,0.9998516639422415,515.1331042474676
27,1,0.1257672862347514,-0.8742327137652486,4.303355841135894e-95,1,2.372129951568408e-94,0.9995506055214234,548.8715945485568
28,1,0.129210094418091,-0.8707899055819091,1.91191859537405e-84,1,1.053902938189341e-83,0.9994745098318794,558.116145514718
29,1,0.9728637923659642,-0.02713620763403579,0.3863432739261685,0.5084928417639383,3.470396327968431,1.006828306179194,213.8322268111629
30,1,0.1528169341632056,-0.8471830658367945,1.675333321662276e-84,1,9.234905264368484e-84,0.9997982526822794,520.8105807733828
31,1,0.5134633830115019,-0.4865366169884981,7.224696277252148e-26,1,3.982454406031863e-25,0.998513824084329,709.1395122558515
32,1,0.2925690294810029,-0.7074309705189972,4.940191364196886e-54,1,2.72317148153795e-53,1.000219546646703,479.1769237231508
33,1,0.1408108784813688,-0.8591891215186311,2.363148863161782e-80,1,1.302633666669137e-79,0.9991394191231111,602.8564963591033
34,1,0.1589398790364038,-0.8410601209635962,3.376384790004243e-81,1,1.861157613746159e-80,1.000189983006773,481.878515912817
35,1,0.7057309253442365,-0.2942690746557635,9.845109683393015e-10,0.999999998137783,5.426899480680756e-09,0.9979401164344851,846.1963969303067
36,1,0.1683249527459487,-0.8316750472540513,1.440459743773329e-78,1,7.940216492372018e-78,1.000138112455466,486.6935065722922
37,1,0.2656180814207305,-0.7343819185792695,3.84707622593698e-54,1,2.120615881744761e-53,0.9987670137927178,661.8865469139034
38,1,0.1614295615669937,-0.8385704384330063,3.840913747149344e-72,1,2.117218951291481e-71,1.000213319699712,479.7434151155603
39,1,0.2379233986877645,-0.7620766013122354,9.474444975414591e-63,1,5.222578733980656e-62,0.9986423936340293,684.3263488518239
40,1,0.80555106316054,-0.19444893683946,0.0002116082984650964,0.9996469056269944,0.001166690934264779,1.000535796897495,452.0785096626751
41,1,0.5405000863573939,-0.4594999136426061,5.599438984512966e-22,1,3.086567185584399e-21,1.001087517303254,411.5301955345453
42,1,0.08114043831115895,-0.9188595616888411,5.578205022508605e-97,1,3.07486243256827e-96,1.000685062529194,440.3334433836474
43,1,0.5408142459756364,-0.4591857540243636,1.055323537600316e-21,1,5.817238138215549e-21,1.001114744916834,409.7181968936302
44,1,0.6698076085326463,-0.3301923914673537,2.531337210394475e-13,0.9999999999994976,1.395343781915304e-12,0.9997301838050278,528.2314548835475
45,1,0.3006469466619555,-0.6993530533380445,1.836304527401235e-51,1,1.012222351684346e-50,1.001020624075713,416.0513923815843
46,1,0.3517314786210651,-0.6482685213789349,5.366585531800464e-37,1,2.95821185781312e-36,1.00109731103341,410.8765626649642
47,1,0.7302263093712799,-0.2697736906287201,4.429335917582982e-08,0.9999999186437902,2.441573797037326e-07,0.9981087809795067,800.6742750560509
48,1,0.796191437154843,-0.203808562845157,4.77284642430547e-05,0.9999177758839253,0.0002631051852043021,1.000217969051549,479.3203165733237
49,1,0.307252683342676,-0.6927473166573239,5.472606386224549e-44,1,3.016653514407305e-43,1.001266917085773,399.8804586024435
50,1,0.1960760316366822,-0.8039239683633178,2.201170925598083e-64,1,1.21334690271733e-63,0.9998112663093458,519.4156816563357
51,1,0.1589225450187771,-0.8410774549812229,8.066915723770612e-82,1,4.446709291900764e-81,1.000192734440598,481.6257885526504
52,1,0.2987568397248496,-0.7012431602751504,5.859413512869253e-52,1,3.229872407863214e-51,1.000838590563409,428.8781483872059
53,1,0.996647453860384,-0.003352546139615997,0.5343995409714475,0.3543302063722475,6.326796922886513,1.010543454110817,163.6636474673252
54,1,1.0645380179006,0.0645380179006001,0.9025355246628489,0.03706920062097534,51.04452584578791,1.020292978767199,102.0630818930389
55,1,0.5182276729888644,-0.4817723270111356,2.99223551449419e-23,1,1.649403802081313e-22,0.9988330259693378,650.5892626094164
56,1,0.3148299952541777,-0.6851700047458223,8.688594422603326e-47,1,4.789395956957935e-46,1.001457913705961,388.1876481520594
57,1,0.1342897959102484,-0.8657102040897515,1.085909194605378e-82,1,5.985834823566479e-82,0.9992942425840479,581.3196701192435
58,1,1.035588872662466,0.03558887266246624,0.7890577595221975,0.102681904767326,20.61942065127319,1.01726774801266,115.4080900222922
59,1,0.581748932294728,-0.418251067705272,1.724948350193402e-15,0.9999999999999976,9.508397161323835e-15,1.002600004252544,330.5129445250612
60,1,0.5254898088374105,-0.4745101911625895,4.326993813617671e-24,1,2.38515986231443e-23,0.9994450689253909,561.7774790777366
61,1,0.7903924543758862,-0.2096075456241138,2.888044062595113e-05,0.9999499665430388,0.0001592016541401489,1.000057069641544,494.4137076284851
62,1,0.7676678379298503,-0.2323321620701497,2.764741147317866e-06,0.9999950859445649,1.524006765444966e-05,0.9991643581169458,599.2794636321518
63,1,1.016257138806783,0.01625713880678337,0.6503126110450872,0.2420029968916498,10.25116972084488,1.013861021473693,135.5580443206263
64,1,0.3151589487019321,-0.6848410512980679,8.827642698655287e-42,1,4.866043250956692e-41,1.001348628501654,394.7921452807136
65,1,0.6826120578436125,-0.3173879421563875,3.337392986909557e-12,0.9999999999934307,1.839664242671429e-11,0.9988409749283078,649.254992475022
66,1,0.6739849263425597,-0.3260150736574403,2.07031797374339e-11,0.9999999999606356,1.141217100371715e-10,0.9994958505148125,555.4920667333035
67,1,0.835871864014017,-0.164128135985983,0.002196984666755727,0.9964823501469603,0.01213705812963565,1.000829170096851,429.5637046464983
68,1,0.7952914339397087,-0.2047085660602913,0.0002125063042227415,0.9996508561467214,0.001171643092914113,1.000503754934457,454.6826206310818
69,1,0.8568084823771972,-0.1431915176228028,0.008317772931901113,0.9870576760255133,0.04623445562939216,1.000363188036612,466.4735764700964
70,1,0.6955977674841617,-0.3044022325158383,8.434294711723423e-11,0.9999999998372614,4.64921885298721e-10,0.9981671798844938,786.0380992154934
71,1,0.7394819229278846,-0.2605180770721154,4.22625554452627e-08,0.9999999214025965,2.32963021277793e-07,0.998114497717704,799.2173845044709
72,1,0.6721891718238659,-0.3278108281761341,5.306463332314487e-13,0.9999999999989513,2.925070821976647e-12,0.9995666098922679,546.9663952976207
73,1,0.5433500563697022,-0.4566499436302978,2.400436178444251e-18,1,1.323187476453961e-17,1.001254602602656,400.658808121438
74,1,1.03970944786938,0.0397094478693798,0.7953755453886305,0.1068816194832027,21.42623763320986,1.017927242601106,112.1988436427928
75,1,1.062607820213739,0.06260782021373923,0.8872193080969453,0.04866388910155941,43.36381151468002,1.020309731439898,101.9980607661168
76,1,0.8152280047688529,-0.1847719952311471,0.0007644712995679293,0.9987637234353173,0.004217203285046225,1.000809146998795,431.0282165622779
77,1,0.5393425882886391,-0.4606574117113609,8.344602101523377e-20,1,4.599777780337919e-19,1.000911601500987,423.6388496457544
78,1,1.063696360013204,0.06369636001320433,0.903268839763401,0.0354485320524324,51.47328074941641,1.020238304205975,102.2758872921295
79,1,0.8240242662303109,-0.1759757337696891,0.0004134560814158946,0.999306253853358,0.002280028108987747,1.000734012625202,436.6146284082369
80,1,1.158165309533638,0.1581653095336382,0.9989054889114476,0.0001188861135066569,5030.781461562094,1.014082588331248,134.0289082517261
81,1,1.059708936665577,0.05970893666557742,0.8937813281345873,0.03872763963098284,46.38329840853601,1.020104431759016,102.8008603371604
82,1,0.6162346616776824,-0.3837653383223176,1.258777163122689e-12,0.9999999999976579,6.938731355781247e-12,1.002240996594688,346.6852894010083
83,1,1.03854614584504,0.03854614584504046,0.7966415675866633,0.1017976942363649,21.59394526190906,1.017760906193791,112.9907430105609
84,1,1.124334662061212,0.1243346620612125,0.9914997634398807,0.001577119249222,642.9731252253475,1.018631780960579,108.9682143119288
85,1,0.8734481289855426,-0.1265518710144574,0.02677647211269303,0.960202720666975,0.1516603225461033,1.000318193375293,470.3791741327195
86,1,0.9852156545971639,-0.01478434540283613,0.4504581645709407,0.4250924936158851,4.518402560280871,1.00704004676628,210.1417576308609
87,1,0.9181943319332057,-0.08180566806679435,0.1021472053950806,0.8527138088544236,0.6271227686702178,0.999997170611292,500.2802676828456
88,1,0.7600961056218861,-0.2399038943781139,2.735236142828793e-06,0.999995187699476,1.50774269331223e-05,0.9990293631522794,619.1691853175367
89,1,1.075304618274407,0.07530461827440726,0.9312930431751875,0.02360142544709209,74.71655918018806,1.020263607664318,102.1772862155081
90,1,1.092881324158209,0.09288132415820893,0.9711298875761907,0.006787120687218789,185.4214885503473,1.01932568490865,105.969198410515
91,1,1.13093960223948,0.1309396022394804,0.9961660305614657,0.0004976945370710309,1432.235056152334,1.017433225606662,114.5851142437945
92,1,1.230229167923488,0.2302291679234878,0.9999555078182325,3.070181091696281e-06,123887.7005425178,1.003419494647143,298.7566521110106
93,1,1.130797185345643,0.1307971853456433,0.9962284237956907,0.0004836224847039843,1456.019729031934,1.017410664420495,114.6966033854446
94,1,1.331147480421313,0.3311474804213135,0.9999999155912741,2.373917082274215e-09,65304609.45496716,1.004421617602119,267.4214696889075
95,1,0.7607383457628318,-0.2392616542371682,4.723802544743965e-06,0.9999917849560713,2.603904219879421e-05,0.9991650730045706,599.1775560187916
96,1,0.8817079498338977,-0.1182920501661023,0.022469451668004,0.965426393757439,0.1267048835722152,0.9991097394961663,607.1698877244937
97,1,0.8673355648541241,-0.1326644351458759,0.01277222545119664,0.9802092454344511,0.0713149248376439,0.9998231481226602,518.1486556680291
98,1,1.066409380032945,0.06640938003294505,0.9167668349952993,0.02726171193817729,60.71467891555663,1.02015532491764,102.6006276591291
99,1,1.030668157000352,0.03066815700035241,0.7586670112617321,0.1272626090696804,17.3286897804316,1.016208274973213,120.9813974651211
100,1,0.5292447098373501,-0.4707552901626499,1.047188403012308e-21,1,5.772395003860292e-21,0.9998348292448953,516.9090854802124