dN,dS,dN/dS,dS=dN,LRT,p-value,Full Log(L)
0.08756738010861528,1.651867016298539,0.05301115600990327,0.5791113539706515,126.9710307364032,0,-422.1390216861475
0,0.9079131561237745,0,0.187339088159602,68.68298518550006,1.110223024625157e-16,-104.3102316430765
0,1.315954413274811,0,0.236897088103788,90.91623696716945,0,-124.1306147061938
0.03891286087105896,1.272208669211331,0.03058685403801082,0.4077503775843265,106.9346017054123,0,-305.232060512098
0.05824846987542535,0.6655714092908707,0.08751648442574458,0.259707632705012,45.78250053092768,1.321387443908861e-11,-230.1372666114612
0.03897882509365072,0.7764802086794755,0.05019938004593862,0.2895271825040443,64.391560061669,9.992007221626409e-16,-241.7560875267899
0.04315786377995379,1.357206043469431,0.0317990506950803,0.3775342802385203,91.18698573886104,0,-203.2085508678265
0.009710873133874625,0.4623974131009795,0.0210011407043792,0.1435235075849686,41.20918656940415,1.367781443661897e-10,-126.6100020956026
0.0291552557339562,1.448945222078221,0.02012171011692136,0.4591452435585011,130.6649040221909,0,-309.170207652128
0,0.5508033158655318,0,0.1602506519610541,51.6302843752398,6.70019595361282e-13,-104.1490651923578
0.02154584785674625,1.656650046098278,0.01300567244572308,0.4159516828976829,121.2865174931802,0,-206.6446561207327
0.2267705516141001,1.257222371941658,0.1803742573112783,0.4853502012057093,41.42546333912583,1.224519374787292e-10,-307.2135716897025
0.4111250702295822,1.673397766129127,0.2456828128679705,0.6696206229434992,40.22270859522075,2.265988507943462e-10,-460.5772284242619
0.07807272875695111,0.3648374503855789,0.2139931870328549,0.1712506129301346,14.58344474380573,0.0001340873923028063,-178.6407787817246
0.2556226085736399,0.8525550811747749,0.2998311947439288,0.3586729533429499,14.36778585652064,0.0001503526685453505,-296.8832224261641
0.05398664315847247,0.7592743368644563,0.07110294729757213,0.2549002781670437,45.22496389418887,1.756517153950199e-11,-171.7320093506779
0.07570719297645193,0.9252669990948321,0.08182199630000267,0.2674075623031643,43.70082002276547,3.826117200844692e-11,-171.502062399655
0.05397257556664525,0.8855553142688045,0.06094771799908394,0.2874743202160763,54.7919745547419,1.340039190722564e-13,-184.5160580527694
0.06872785529653923,1.313619604720906,0.05231945005201202,0.4285453542202053,94.68731806429309,0,-312.743614558748
0.2165937917742173,1.388911363542027,0.1559450066142852,0.4495036303513794,41.56729640296851,1.13882459018555e-10,-289.1379212645526
0.4328209096777848,0.5830933375415461,0.7422840938341981,0.4705354057329094,1.095945260116423,0.2951576754475584,-350.406323244464
0.05397225016542333,1.01200001529832,0.05333226220309219,0.2487432309902302,51.23410178219228,8.197886813832156e-13,-154.1112434584068
0.175791425106519,0.9789766432520269,0.1795665160330729,0.4164467748773382,41.73813698900483,1.043535258204997e-10,-347.1145401632484
0.1764571700670882,0.8464888102357155,0.2084577704198493,0.3144667549893531,20.62789016978923,5.577760566199963e-06,-219.243079961731
0.4035491548978551,1.550832375846763,0.2602145539278641,0.6122031668062532,27.00241255035837,2.032016813702242e-07,-378.0110016673004
0.231822834083024,0.7519176523931342,0.308308806616256,0.3597068809150022,17.32778212629262,3.145543197202727e-05,-305.5764709879002
0.274451684670956,0.6674814703116021,0.4111749866896426,0.3696906689123212,8.870258056624834,0.002898541647330277,-284.4401681196952
0.3056817236737849,1.400044803959693,0.2183371009336537,0.6567006205455661,53.07639524525996,3.208544541166702e-13,-509.3796705906494
0.385395582664649,1.258793040329534,0.3061627847606767,0.5833708178272289,26.19854438681386,3.080546493450242e-07,-428.3173035602256
0.09746229169207894,0.8705509955546887,0.1119547185515295,0.3126994562930956,42.0473396452166,8.909029070025554e-11,-210.5165338287237
0.2533389695652743,0.1633959236540948,1.55046076976551,0.2342506043797415,0.7496371507694448,0.3865911353497687,-208.8348547633394
0.08650401490921933,1.259357711131188,0.06868899451254337,0.3570730252923422,64.36475467583443,9.992007221626409e-16,-209.1938480915387
0.5245651673687471,1.277046868116115,0.410764225233628,0.6838344339312584,13.81163325330567,0.0002020811079388452,-472.6424679112921
0.5165653804540579,1.418097779473599,0.3642664052727083,0.7334061393208212,22.8299527609397,1.769857864153401e-06,-495.3058723551554
0.6524775865070855,1.699228167961697,0.3839846812860705,0.8512206593334999,18.22707292304699,1.960718981153242e-05,-541.7379549859972
0.4845234914695729,0.9733708384486889,0.4977789269316747,0.5840632691029084,7.670516263893205,0.005613039500128925,-431.6632715025126
0.4500150620715005,0.9082948057748925,0.4954504409915453,0.5375428591288788,6.383959019529811,0.0115156279008396,-397.5780464040494
0.4179237647850912,1.220492607841841,0.342422200757195,0.59018191640246,17.23179970085675,3.308518029121466e-05,-372.7711754072393
0.3295970368429886,1.475915638702396,0.2233169892642141,0.5593606102784148,32.79226638926423,1.025520279807068e-08,-338.7479242331571
0.4867209311355111,1.120221260951197,0.4344864252283774,0.630981329524675,12.87043451163493,0.0003338140941989698,-448.1693753288239
0.6135803653466581,1.439534468479078,0.4262352717367918,0.7902562759961674,15.2763258369032,9.28732294263046e-05,-490.3499353498699
0.2718281302979434,0.6171619611346323,0.4404486138422987,0.3359558885595526,5.072216027656907,0.02431228391368712,-246.2000094607438
0.5024765564945413,0.7438010560194409,0.6755523569482643,0.5434056250195515,1.775142486371806,0.1827469342566914,-394.5704172615054
0.2602542913848507,0.906009813557856,0.2872532808037088,0.3943613950077771,16.17843359476342,5.764669589147786e-05,-271.1933695508518
0.6914692284132467,0.7687321246886074,0.8994930824483784,0.709451975913076,0.1969651688575595,0.6571817070468012,-497.8829672889129
0.610339058999267,0.8838827875120528,0.6905203581543262,0.6713922466698397,2.329645930840798,0.1269307456704949,-464.7862564055735
0.3726930167619428,0.5903788295088265,0.6312777459720392,0.4109214725381403,1.983181080844133,0.1590556873376333,-329.1587027012953
0.7379907165785272,0.8072179459790495,0.9142397294988793,0.7620282293107199,0.1881994031666636,0.6644194828119989,-523.6666746795864
0.4883868949819886,1.586775763358323,0.3077857037268737,0.71396318603853,23.78322198182696,1.078182063296573e-06,-429.6322733151278
0.6518746625647173,0.4683252743659947,1.391927146035854,0.5480991111370652,1.962818423082808,0.1612122137561612,-420.22797809062
0.5742719226054522,0.2641019331783484,2.17443286269944,0.4752690576176293,7.48598152462489,0.006218116538532548,-440.9597316626241
0.8590522176808228,1.357911169832208,0.6326276981630343,0.9656855151774915,4.678805812049404,0.03053696955858776,-579.286555854217
0.7838550600849746,1.278996460259584,0.6128672630774008,0.879490985139973,4.75285157371718,0.02924978524256128,-559.2016714388693
0.6127108904061705,0.9260813697592721,0.6616166898654274,0.7067016506148123,3.620745984140967,0.05706328091576518,-516.7136984502037
0.6967010531710953,1.961826225855672,0.3551288304687749,0.900234496869121,23.13212555619975,1.5124258095911e-06,-561.4110119916299
0.8987517906576308,1.841328069499765,0.4880997610066279,1.106523261012881,14.55879195916987,0.0001358532456088302,-627.8799989408774
0.6968080638545583,0.7005966446190475,0.9945923509717217,0.697999042675325,0.000529992650854183,0.9816330677335416,-455.2663453645062
0.3537939245039111,1.425322409815019,0.2482202777895193,0.5754521678229835,29.02610333114444,7.140955593509801e-08,-344.6183293959563
0.8479530306286264,1.655302908469407,0.512264568792847,1.009588028793269,9.388425137550939,0.00218359703399984,-563.9155018459821
0.7681623911649715,1.044194197900628,0.7356508901403364,0.8218923947979426,1.702113446425301,0.1920118162693969,-539.3499399891306
0.4965734276924272,1.079083156342219,0.460180871857613,0.661920669486755,11.6207863288098,0.0006521882288510472,-439.723148598029
0.6062102881652197,0.9392063634535668,0.6454495111554789,0.6593826463623951,2.736857772812641,0.09805741055257666,-495.8271904420083
0.5892860736878311,1.15514216181751,0.5101416026237355,0.6860946373335814,7.127552020269604,0.007590829332837834,-480.0167522883551
0.4390299914968587,2.159195024083072,0.2033304016543379,0.4800602155885961,9.158757059261916,0.002475306409325584,-362.9744953040829
0.6983387583623971,1.485620204952373,0.4700654689768338,0.8593090763772409,11.1556788557142,0.0008377482882007126,-501.7430693201151
0.6006340601801887,1.196155208049879,0.5021372277928856,0.7492148906662485,10.93988963644028,0.0009411577533340321,-527.2275793920279
0.5434656220140531,1.765687512837842,0.3077926405791851,0.6665252933295885,17.55974413531351,2.784203653893869e-05,-451.5620682168997
0.7786665711331908,0.8899009512620757,0.8750036394824278,0.8082446687417738,0.3833973193964084,0.5357906332920841,-559.3948158974757
0.492259883174088,1.206032477550614,0.4081646989920544,0.5194737665228774,2.739808798937474,0.09787647724045279,-396.2995230960821
0.4699760096568124,1.777460746276689,0.2644086574858477,0.7657086300482969,35.22274588015148,2.940687582331236e-09,-441.4620873989101
0.94072110344063,1.486936246007201,0.6326573220383209,1.052990834151064,5.134587293651975,0.02345366256533654,-646.4984963453028
0.4750077696071243,1.170965014695833,0.4056549629115189,0.6442468059028089,16.69492691935,4.389823112638247e-05,-461.8709526509722
0.2445275885767895,0.7173489829347163,0.3408767481294989,0.3853767431866543,14.46893317930392,0.0001424903087481333,-319.5782392481188
0.5391327290247565,1.17390055254596,0.4592661003996322,0.7144434506526389,12.1784428598761,0.000483449849649098,-471.4027899658828
0.7414105878623732,1.259769975685398,0.5885285426484285,0.861223980911743,6.244612444254471,0.01245716361039084,-547.5448695231983
1.048700832865119,0.4046494523578935,2.591627955392837,0.7521105681483216,15.67684488844623,7.513843593398573e-05,-427.8990895439954
0.9211458962552053,0.903466664989679,1.01956821646068,0.9153089723910867,0.009545395067561913,0.9221700885818513,-620.0364180276298
0.9490802031667102,1.408712365416852,0.673721780589232,1.033354150909187,3.515916925180363,0.06078201495823454,-660.6835294487838
0.717622763964342,1.059186637628943,0.6775224860944112,0.7921470100620981,2.698478772310182,0.1004440433844583,-493.9381435177661
0.7482908301429699,0.9948725260984947,0.7521474465452144,0.8289664315575991,2.269458676252498,0.1319459825959699,-639.7507265645585
0.4580976996339423,0.9108455765486987,0.5029367342044175,0.5361142390386292,6.05743240153231,0.01384788775799317,-389.4202716231437
0.8124764403253871,1.1217237723197,0.7243106194007136,0.865288732116002,1.792012287551643,0.1806811779470718,-567.9226187235569
0.9136900025365858,0.9967005126718231,0.9167146910432366,0.9359447949006584,0.1531028045355924,0.6955876680953876,-554.4672781439494
0.8846553657757344,0.4379404919836739,2.020035557270904,0.6292878044274958,9.726509756654195,0.001816290636205697,-464.6526498725712
1.002685071302085,1.428519265113982,0.7019051795721361,1.126786675234498,4.043711543137761,0.04433621125491749,-714.1498242401324
0.9091330774999871,0.7115628114278592,1.277656818061744,0.8523443643885368,1.196167383346392,0.2740890426998308,-533.562123769596
1.227132227577779,0.8825704483709871,1.390407111231484,1.130763417131567,2.578250442125864,0.1083413505909646,-673.9831033190989
0.6902915031781306,0.3811915222270091,1.810878424434226,0.5535889859811632,4.646331419618491,0.03111998767127389,-363.5234119474773
1.104971693853866,1.493146137452915,0.7400291680349407,1.204264137702965,2.712368484888657,0.09957305515803205,-741.3063377358854
0.9864165365347134,1.09685492577575,0.899313585921193,1.006857212643543,0.1902039980518566,0.6627468859701554,-548.1639711783594
0.817146157234384,0.8822756339136424,0.9261801253760644,0.8327690495326991,0.1001668246450436,0.7516295297635343,-484.0425586334438
0.8768769912010839,1.103465170601292,0.7946576063866727,0.904226914118338,0.6793983759500861,0.4097939682293548,-579.2133848638176
0.7930100163178216,1.255382985275786,0.6316877204955994,0.8689949285295694,2.41295608511291,0.1203349404011033,-407.4371730840936
0.6941664459568786,0.7652503449524573,0.9071102686010617,0.7145663946431261,0.191114293206283,0.6619908147264779,-520.2953855048331
0.6372325309706087,0.6338300729317643,1.005368091834309,0.6363493121690913,0.0004547439416455745,0.9829866197777105,-491.3845212258433
0.9132414314260834,0.7389448537589267,1.235872239694925,0.8672607199476149,0.8716024637617465,0.3505120607129212,-557.7884852539677
0.8633050210033328,0.7219624000297579,1.195775598518356,0.8270168815517907,0.6656035909354614,0.4145886075131637,-608.5100926101072
1.198579758747085,1.5600191236355,0.7683109396466179,1.288537943781182,2.230111985577196,0.1353440378808535,-778.8242616862537
1.1226854596744,1.203314655234574,0.9329940882798803,1.1376354405467,0.09297046713595591,0.7604342509095348,-621.9955254629364
0.8648810752883922,0.5709461410880428,1.514820773882809,0.7677879212419282,3.227075299703074,0.07242993568089362,-488.0047857439542