ObservedSChanges	ObservedNSChanges	E[SSites]	E[NSSites]	ObservedS.Prop.	P{S}	dS	dN	dN-dS	P{Sleq.observed}	P{Sgeq.observed}	ScaleddN-dS	pvalue
53	2	0.9988323357258192	2.001167664274185	0.9636363636363636	0.332944111908606	53.06195855332078	0.9994165085239831	-52.06254204479679	1.000000000000001	-1.332267629550188e-15	-1.488841031825072	1.000000000000001
57	4	0.9987881715050264	2.000595494909993	0.9344262295081968	0.3329978030782628	57.06915803188719	1.999404682344324	-55.06975334954286	1.000000000000005	-5.10702591327572e-15	-1.574838745459987	1.000000000000005
64	1	0.9992115960827976	2.000394201958605	0.9846153846153847	0.3331143034645535	64.05049766325648	0.4999014689309191	-63.55059619432556	1.000000000000004	-3.996802888650564e-15	-1.817366795682892	1.000000000000004
66	2	0.9992399171762429	2.000272614249747	0.9705882352941176	0.3331341031941603	66.05020362528123	0.9998637114522264	-65.05033991382901	0.9999999999999942	5.773159728050814e-15	-1.8602552121743	0.9999999999999942
42	34	0.6382755725726151	2.354725505477829	0.5526315789473685	0.2132560449956034	65.8022988890457	14.43905029308314	-51.36324859596256	0.9999999999771857	1.078840350388077e-10	-1.468843222670555	0.9999999999771857
41	2	0.6226553118150421	2.2401413942913	0.9534883720930233	0.2174989619370873	65.84702518715352	0.892800787082785	-64.95422440007073	1	-2.220446049250313e-16	-1.857506581103709	1
41	1	0.9999628340738367	2.000010700107119	0.9761904761904762	0.333323885254489	41.00152385960835	0.4999973249875318	-40.50152653462082	0.9999999999999974	2.55351295663786e-15	-1.158228780000993	0.9999999999999974
53	2	0.9985158199438374	2.000739539019837	0.9636363636363636	0.3329212422542281	53.07877846440234	0.9996303671690324	-52.07914809723331	0.9999999999999991	8.881784197001252e-16	-1.489315917823202	0.9999999999999991
63	1	0.999981703886153	2.000018296113852	0.984375	0.3333272346287171	63.00115267626185	0.49999542601338	-62.50115725024848	1.000000000000005	-4.662936703425657e-15	-1.787355818520218	1.000000000000005
71	5	0.9990338968072972	2.000480478864313	0.9342105263157895	0.3330652137926851	71.06865965899767	2.499399545672416	-68.56926011332526	1.000000000000004	-3.552713678800501e-15	-1.960886348783422	1.000000000000004
40	30	0.6323646425449936	2.367388820145743	0.5714285714285714	0.2108055379917026	63.25464345858639	12.67218960599515	-50.58245385259124	0.9999999999901737	5.093192534388891e-11	-1.446514707663272	0.9999999999901737
39	3	0.9982382059985927	2.001459819515208	0.9285714285714286	0.3327795656456487	39.06883123250743	1.498905933933091	-37.56992529857433	1	4.440892098500626e-16	-1.074393299869817	1
51	9	0.9985380946743688	2.001320373381761	0.85	0.332861735080925	51.07466632670785	4.497031119906163	-46.57763520680169	0.9999999999999994	7.771561172376096e-16	-1.331988253696826	0.9999999999999994
42	5	0.6232994649016312	2.242181082988697	0.8936170212765957	0.2175200475049559	67.38334037656909	2.229971538844352	-65.15336883772474	0.9999999999999986	1.443289932012704e-15	-1.863201547165564	0.9999999999999986
29	3	0.6225636390464766	2.240567749441825	0.90625	0.2174415192923377	46.58158328105482	1.338946345517723	-45.2426369355371	1	0	-1.293811089739598	1
55	12	0.9958745327113641	2.004125467288635	0.8208955223880597	0.3319581775704548	55.22784065002367	5.987649074803039	-49.24019157522063	1.000000000000003	-3.108624468950438e-15	-1.408129813735104	1.000000000000003
61	9	0.9967914700603654	2.00164126164006	0.8714285714285714	0.3324374962699531	61.19635032220516	4.49631018928226	-56.7000401329229	1.000000000000003	-2.664535259100376e-15	-1.621460323304762	1.000000000000003
63	8	0.9980432902218871	2.001745444208269	0.8873239436619719	0.332704526411083	63.12351439785112	3.996512155502451	-59.12700224234867	0.9999999999999952	4.773959005888173e-15	-1.690864555777481	0.9999999999999952
63	3	0.999827016209625	2.000014634738499	0.9545454545454546	0.3332932642940076	63.01089986429346	1.499989024026441	-61.51091084026702	0.9999999999999992	7.771561172376096e-16	-1.759037579938451	0.9999999999999992
30	3	0.6225636390464763	2.24059274163763	0.9090909090909091	0.2174396212678137	48.18784477350501	1.338931410537073	-46.84891336296793	0.9999999999999989	1.110223024625157e-15	-1.339746039507411	0.9999999999999989
34	8	0.6232394764969824	2.239358919153285	0.8095238095238095	0.2177180974613826	54.55366882582994	3.572450995495108	-50.98121783033483	1	0	-1.457918226369055	1
30	5	0.6225636390464763	2.248620378082272	0.8571428571428571	0.2168316747837899	48.18784477350501	2.223585647775829	-45.96425912572918	0.9999999999999977	3.441691376337985e-15	-1.31444743756351	0.9999999999999977
37	11	0.6234428757458905	2.240209168385396	0.7708333333333334	0.2177090184624778	59.34785918554766	4.910255772200109	-54.43760341334755	1.000000000000003	-2.886579864025407e-15	-1.556761050320489	1.000000000000003
42	10	0.6236328486354061	2.239625757969852	0.8076923076923077	0.2178052821343996	67.34731836512739	4.465031697556772	-62.88228666757062	0.9999999999999993	6.661338147750939e-16	-1.798255038816771	0.9999999999999993
33	27	0.6259815097259103	2.368960232436383	0.55	0.2090129169838085	52.71721206980897	11.39740533855714	-41.31980673125183	0.9999999985003835	7.26453419641615e-09	-1.181629272647431	0.9999999985003835
57	16	0.9976639621614457	2.001736855996087	0.7808219178082192	0.3326210875591776	57.13346593827957	7.993058604118181	-49.14040733416139	0.9999999999999976	6.994405055138486e-15	-1.405276267469716	0.9999999999999976
34	57	0.6603219325410645	2.336877587837063	0.3736263736263736	0.2203129715094036	51.49003588168046	24.3915215314112	-27.09851435026926	0.9997115696992599	0.0006480876296212079	-0.7749406479512	0.9997115696992599
55	115	0.9427720767449601	1.978546343001819	0.3235294117647059	0.3227214364487799	58.33859673686397	58.12348060825497	-0.2151161286090044	0.5454268874623832	0.5198462100245655	-0.00615171112092199	0.5454268874623832
41	24	0.6236950299651028	2.374602782069413	0.6307692307692307	0.208016370976134	65.73725623930984	10.10695354238764	-55.6303026969222	0.9999999999999728	1.895150703035142e-13	-1.590868866847895	0.9999999999999728
39	50	0.6319977427799308	2.363158415009978	0.4382022471910113	0.2110066084989287	61.70908115660828	21.15812451777122	-40.55095663883706	0.999999589084471	1.254731695432554e-06	-1.159642340777592	0.999999589084471
61	17	0.9962121131788956	2.003787886821108	0.782051282051282	0.3320707043929648	61.23193965725839	8.483931913057678	-52.74800774420071	0.9999999999999969	3.552713678800501e-15	-1.508443406567034	0.9999999999999969
47	5	0.6225636390464765	2.240201557785626	0.9038461538461539	0.2174693334037304	75.49429014515782	2.231942024423175	-73.26234812073464	1	-4.440892098500626e-16	-2.095095354278872	1
29	41	0.6513718777057123	2.347238771296072	0.4142857142857143	0.2172245596214864	44.52141855148083	17.46733246799646	-27.05408608348437	0.9999395065722573	0.0001644665216502528	-0.7736701255378821	0.9999395065722573
36	42	0.6315531239029795	2.365953672198712	0.4615384615384616	0.2106928080110861	57.00233066305028	17.75182688212523	-39.25050378092506	0.9999998017415752	6.676349927348113e-07	-1.122453077657331	0.9999998017415752
59	21	0.9902473062026598	2.009752693797341	0.7375	0.3300824354008866	59.58107599024896	10.44904682293094	-49.13202916731802	0.9999999999999799	1.091349233206529e-13	-1.405036675661902	0.9999999999999799
57	29	0.9625137841021534	2.037442010442089	0.6627906976744186	0.3208426556993251	59.21993112355312	14.23353393685424	-44.98639718669887	0.9999999999801512	8.528389106032819e-11	-1.286483359723522	0.9999999999801512
34	208	0.5591682725259899	2.155170158234534	0.140495867768595	0.2060053625550731	60.80459437801829	96.51210100755519	35.7075066295369	0.005662884504013854	0.9966108709593657	1.021133408516181	0.005662884504013854
38	60	0.6510063029461195	2.346651183387583	0.3877551020408163	0.2171716768556956	58.37117064463363	25.568350517858	-32.80282012677563	0.9999596921970919	9.708657234452911e-05	-0.9380676134157732	0.9999596921970919
57.5	90.5	1.296492661761373	1.387868787857525	0.3885135135135135	0.482979913880613	44.35042456922385	65.20789342031843	20.85746885109458	0.01325632179357262	0.9914527052255664	0.5964644488316239	0.01325632179357262
34	15	0.6221006824193309	2.239084040495614	0.6938775510204082	0.217427654159128	54.65353271720426	6.699167931490326	-47.95436478571393	0.9999999999998422	1.329936161198475e-12	-1.371358814685725	0.9999999999998422
32	12	0.6229167291504699	2.241199076982065	0.7272727272727273	0.2174900637106588	51.37123230522546	5.354276700916216	-46.01695560430925	0.9999999999999215	7.76823050330222e-13	-1.31595440738214	0.9999999999999215
57	34	0.980090145459646	2.019849990062113	0.6263736263736264	0.3267032344594388	58.15791564077807	16.8329332214193	-41.32498241935877	0.9999999987185462	4.583907142752253e-09	-1.181777282646922	0.9999999987185462
47	81	0.9687777188234192	1.879670416612688	0.3671875	0.3401071996963344	48.5147408809954	43.09266097083567	-5.422079910159724	0.7716647457275624	0.2877054113554056	-0.1550561061950103	0.7716647457275624
39	69	0.6569202786553116	2.179554009532046	0.3611111111111111	0.2315974734518446	59.36793438593702	31.65785279843302	-27.710081587504	0.9991826662776786	0.001629138066034486	-0.7924297362813764	0.9991826662776786
32	17	0.6239247923697627	2.240793937019813	0.6530612244897959	0.2177961787203837	51.28823279879464	7.586596749993654	-43.70163604880099	0.9999999999891933	7.640788002305499e-11	-1.249742835287531	0.9999999999891933
36	103	0.7115588710703473	1.773942500039417	0.2589928057553957	0.2862838376760339	50.59314339774552	58.06276133398426	7.469617936238734	0.2711191318258537	0.7883785475343887	0.2136098860858485	0.2711191318258537
60.5	31.5	0.9956951969457014	2.003994212055572	0.6576086956521739	0.3319327640914702	60.7615665773863	15.71860827267025	-45.04295830471605	0.9999999999445874	2.180550184860408e-10	-1.288100847268356	0.9999999999445874
41	52	0.636865343175986	2.361648247202138	0.4408602150537634	0.2123936823963752	64.37781618879897	22.01852035399632	-42.35929583480265	0.9999997810737061	6.687620319745236e-07	-1.21135571259287	0.9999997810737061
57	21	0.9975509086966104	2.002449091303391	0.7307692307692307	0.3325169695655367	57.13994093241377	10.48715799627702	-46.65278293613675	0.9999999999998607	7.62390151010095e-13	-1.334137265606122	0.9999999999998607
59	25	0.987555696953402	2.005347437690165	0.7023809523809523	0.3299658066183999	59.74346579338697	12.46666763580677	-47.27679815758021	0.9999999999993175	3.372746526508763e-12	-1.351982330977095	0.9999999999993175
34	93	0.6299401448050675	2.235619014208791	0.2677165354330709	0.2198314918132252	53.97338188459344	41.59921677572316	-12.37416510887028	0.9182262441005317	0.1172646612703968	-0.3538660239220008	0.9182262441005317
41	70	0.6517876235559625	2.184665342617843	0.3693693693693694	0.2297896814538697	62.90392532511741	32.0415207924342	-30.86240453268321	0.9996920173087221	0.0006395803010907919	-0.8825772312367349	0.9996920173087221
38	64	0.7493881467507207	2.07771200989991	0.3725490196078431	0.2650730802684219	50.70803450089858	30.803114048074	-19.90492045282458	0.993661912629496	0.01121907298725344	-0.569224266457829	0.993661912629496
40	100	0.644197435730437	2.352677891266646	0.2857142857142857	0.214956368030142	62.09276501488267	42.50475612118814	-19.58800889369452	0.9813271921895905	0.02940907707101115	-0.560161494757467	0.9813271921895905
44	96	0.9312410500025003	2.05486829992791	0.3142857142857143	0.3118576518385713	47.24877624314549	46.71832253355018	-0.5304537095953137	0.5652693810942689	0.5070637319948411	-0.01516947151081829	0.5652693810942689
55	171	0.9780997742632437	2.021900225736758	0.2433628318584071	0.3260332580877477	56.23148215265554	84.57390618159187	28.34242402893633	0.004192858417401404	0.9973325362411477	0.8105129365246304	0.004192858417401404
31	82	0.6353781646161708	2.357605039398851	0.2743362831858407	0.212289251661628	48.78984158784709	34.78105901101594	-14.00878257683114	0.9545792119044838	0.07015694218990753	-0.4006114470621943	0.9545792119044838
17	68	0.3802287627422694	2.00814666433465	0.2	0.1591997465857464	44.70992640691708	33.86206854693561	-10.84785785998147	0.8783558863781341	0.1871694877970193	-0.3102179658352018	0.8783558863781341
40	61	0.6315203078990643	2.367554818567148	0.3960396039603961	0.2105716866930172	63.33921411501653	25.7649789232409	-37.57423519177564	0.9999932338747668	1.746280325132243e-05	-1.074516550590755	0.9999932338747668
57.5	60.5	0.98705755302535	2.007961877987434	0.4872881355932203	0.329566326950864	58.25394864135472	30.13005409277925	-28.12389454857547	0.9998551966046144	0.0002919732082303783	-0.8042636132252665	0.9998551966046144
34	30	0.6223376476367576	2.236107389959264	0.53125	0.2177189483972549	54.63272249254142	13.41617139440988	-41.21655109813155	0.9999999903459615	4.12003288152718e-08	-1.178676454415385	0.9999999903459615
36	46	0.6324004437737203	2.36106579392568	0.4390243902439024	0.2112602560233803	56.92595625831216	19.48272687628795	-37.44322938202421	0.9999989945277609	3.086672979768501e-06	-1.070770156017905	0.9999989945277609
45.5	93.5	0.8381764893195867	1.72692956830089	0.3273381294964029	0.3267609488619437	54.28450998063177	54.14233545841351	-0.1421745222182622	0.5456467449533916	0.5260144741951196	-0.004065788070366213	0.5456467449533916
31	112	0.7429254536012442	2.123391143886636	0.2167832167832168	0.2591916937062587	41.72693215682829	52.74581667275687	11.01888451592858	0.1435763000747532	0.8966750986637018	0.3151088430937652	0.1435763000747532
68	35	0.9947228472671104	2.005158190187039	0.6601941747572816	0.3315874312507013	68.36075011931453	17.45498194171665	-50.90576817759788	0.9999999999975858	9.730660721629647e-12	-1.455760580306843	0.9999999999975858
59	105	0.9048484759192332	2.040555569442145	0.3597560975609756	0.3072069101501541	65.20428731458276	51.45657465662907	-13.74771265795368	0.9370096831742919	0.08603762537943327	-0.3931455878833329	0.9370096831742919
40	73	0.6285864811367236	2.370087137338206	0.3539823008849557	0.2096215064100277	63.63483975612199	30.80055532556695	-32.83428443055504	0.9998700605882987	0.0002833905600725384	-0.9389674032582341	0.9998700605882987
52	51	0.9893633077124381	2.010636692287563	0.5048543689320388	0.3297877692374793	52.55905448953033	25.36509962024802	-27.19395486928231	0.9999181834406202	0.0001780874805135113	-0.7776699760866382	0.9999181834406202
67	105	1.011144341413837	1.957508357659053	0.3895348837209303	0.340607152102911	66.26155856869748	53.6396177258561	-12.62194084284138	0.9231389573726237	0.1022426434793702	-0.3609517071202845	0.9231389573726237
39	56	0.6294610533496484	2.351375396723731	0.4105263157894737	0.2111692687246068	61.95776496808384	23.81584840856425	-38.1419165595196	0.9999967925307154	8.758038589906647e-06	-1.090750627531764	0.9999967925307154
65	52	0.9964146924826244	2.003568411423432	0.5555555555555556	0.3321401014509937	65.23388353301854	25.95369327222357	-39.28019026079497	0.9999997812399636	5.697781174651695e-07	-1.123302026778616	0.9999997812399636
44	88	0.6312807634756524	2.334670525662756	0.3333333333333333	0.2128425931293821	69.69957354275854	37.69268469906218	-32.00688884369637	0.9995378451828077	0.0009023357076400895	-0.9153062363062585	0.9995378451828077
63.5	121.5	0.9528752826901588	2.040104856353732	0.3432432432432432	0.3183700654273486	66.64041050653211	59.55576235289996	-7.084648153632145	0.7898657807569229	0.2576202310537792	-0.2026008422350067	0.7898657807569229
34.5	48.5	0.6329892567900562	2.363732550174637	0.4156626506024096	0.211227233478571	54.50329469247632	20.51839578738159	-33.98489890509473	0.9999916277083144	2.320497293184509e-05	-0.9718717136169662	0.9999916277083144
48	51	0.9962254511820133	2.000201905204594	0.4848484848484849	0.3324710839589189	48.18186480083237	25.4974259684966	-22.68443883233577	0.9994009309171915	0.001198322157690113	-0.6487106082612595	0.9994009309171915
35.5	73.5	0.6493400719928958	2.179314438345932	0.3256880733944954	0.229557929262671	54.67089054129466	33.72620247300588	-20.94468806828878	0.9918015039804022	0.01425458076088815	-0.5989586710540165	0.9918015039804022
30	39	0.6248366940388658	2.235251674081937	0.4347826086956522	0.218467618344747	48.01254517573828	17.44769971641698	-30.5648454593213	0.9999833067065463	4.880077013458273e-05	-0.8740678857377797	0.9999833067065463
35	96	0.728531521544005	2.10284928654979	0.267175572519084	0.257306088768216	48.04184714729041	45.6523444709203	-2.389502676370107	0.6451419619538147	0.4308662056242921	-0.06833299893759591	0.6451419619538147
37	124	0.6349777184109381	2.237880985875538	0.2298136645962733	0.2210264352588986	58.26976116987893	55.40955966051376	-2.860201509365169	0.6475941515463629	0.4243396079729979	-0.08179365046690909	0.6475941515463629
36	140	0.6329233230813357	2.330576181310069	0.2045454545454546	0.2135729471671753	56.8789278055625	60.07098206989435	3.192054264331851	0.4273244775205314	0.643904121154584	0.09128369798885806	0.4273244775205314
62	169	0.8332610717059151	2.044466612425421	0.2683982683982684	0.289555219661947	74.40645207758105	82.66214716977427	8.255695092193221	0.2642753682711184	0.7815533036282152	0.2360894631099283	0.2642753682711184
41	75	0.7257190385952051	2.264700410954072	0.353448275862069	0.2426813531809349	56.49569298797074	33.11696312555709	-23.37872986241365	0.9973044436762213	0.004903299808933559	-0.6685653624282499	0.9973044436762213
17.5	102.5	0.2868385150814848	2.710848372602245	0.1458333333333333	0.09568661632406875	61.00993792632281	37.81104138318382	-23.19889654313899	0.9715325964842209	0.05129497991698251	-0.6634226395778169	0.9715325964842209
31	102	0.6629649322246813	2.172685085817128	0.2330827067669173	0.2337964586625888	46.75963764172972	46.94651823489581	0.1868805931660944	0.5402439764133578	0.5413245550747245	0.005344254894777978	0.5402439764133578
53	139	0.9823601500002542	2.017476584140737	0.2760416666666667	0.327471204955944	53.95169989335	68.89794959340331	14.94624970005331	0.073196196673701	0.9464060710429795	0.4274203477462836	0.073196196673701
64	61	0.9949637930648786	2.00503620693512	0.512	0.331654597688293	64.32394871662105	30.4233907542468	-33.90055796237425	0.9999891553863886	2.387083792509959e-05	-0.9694598018805586	0.9999891553863886
40	94	0.6405517842524233	2.348633789866925	0.2985074626865671	0.2142897349025036	62.44616123688313	40.02326816788499	-22.42289306899814	0.991714675134433	0.01385970774662271	-0.6412311412805266	0.991714675134433
59	110	1.006329739883605	1.970643815926382	0.349112426035503	0.3380378498558071	58.62889434910682	55.8193211330227	-2.809573216084118	0.6528304992234887	0.4085448124783723	-0.08034582488161124	0.6528304992234887
40.5	99.5	0.6324312737271548	2.340399249932548	0.2892857142857143	0.2127370762288192	64.03857886615617	42.51411377903478	-21.52446508712139	0.9872646298837849	0.02053378755404911	-0.6155386493079497	0.9872646298837849
6.5	99.5	0.1149360188688774	2.883271539918765	0.06132075471698113	0.03833491064753134	56.55320293819647	34.50941009975195	-22.04379283844452	0.9176296532247361	0.1676077478234601	-0.6303899499699501	0.9176296532247361
4	96	0.06107493230736109	2.936339151195834	0.04	0.02037587420553533	65.49331859869942	32.69377107235848	-32.79954752634094	0.9457836992524721	0.147885347100453	-0.937974026325774	0.9457836992524721
31	188	0.7105031742939409	2.28350898287077	0.1415525114155251	0.2373080458586974	43.63105067166814	82.32943308313644	38.69838241146829	0.0003127211248556177	0.9998410518525848	1.106663972532818	0.0003127211248556177
1.5	45.5	0.0403896049844733	1.733225737167295	0.03191489361702127	0.02277247158646712	37.13826863562134	26.25162956232299	-10.88663907329835	0.8090397419872852	0.4758411095614405	-0.3113269985366872	0.8090397419872852
34	80	0.6395530573045788	2.220162480608576	0.2982456140350877	0.223642194066367	53.16212566209021	36.0333987709183	-17.12872689117191	0.9756104207904641	0.03919193507653573	-0.4898330050146091	0.9756104207904641
47	90	0.7442869310210766	2.254989057679494	0.343065693430657	0.2481555328102824	63.14768947443612	39.91150187336823	-23.23618760106789	0.9951662496575286	0.008137686870751337	-0.6644890580618958	0.9951662496575286
63	101	1.027517994414889	1.963186023706253	0.3841463414634146	0.3435706068500919	61.31279485365587	51.44698402514319	-9.865810828512672	0.8797065035542769	0.1557964686645353	-0.2821342062221063	0.8797065035542769
39.5	116.5	0.6498595275200475	2.333702395653039	0.2532051282051282	0.2178133198686578	60.78236653809999	49.92067549701419	-10.86169104108579	0.8764088058559696	0.1657954491321412	-0.3106135555782278	0.8764088058559696
53	116	0.8752682572833879	2.11839279393933	0.3136094674556213	0.2923738667495096	60.55286428928503	54.75849442646953	-5.794369862815508	0.7572443826100224	0.2978113346234488	-0.1657025428744413	0.7572443826100224
32.5	105.5	0.6504307135751515	2.330668415165835	0.2355072463768116	0.218184865878596	49.96689012632998	45.2659843474531	-4.70090577887688	0.7273498973960842	0.343254075086832	-0.1344325715850246	0.7273498973960842
39	98	0.6550532781047591	2.255024811934631	0.2846715328467153	0.2250981787557091	59.53714194490748	43.45850186718071	-16.07864007772677	0.9588477337337029	0.06132740796752345	-0.4598035006256316	0.9588477337337029
