dN,dS,dN/dS,dS=dN,LRT,p-value,Full Log(L)
0,2.666721707804599,0,0.8226778956665118,62.88695926997781,2.220446049250313e-15,-144.3221921650884
0.04409142092458637,0.7281741921073744,0.0605506503835071,0.2854521776114647,13.09015046080518,0.0002968525070174977,-70.39299711920123
0.1315293000753381,1.523355040834665,0.08634185501711508,0.6718299402394222,26.1507354241038,3.157768194705923e-07,-151.2022546838763
0,1.069858214922595,0,0.4256238325308825,29.42738589428561,5.805148384219194e-08,-101.0996974364838
0.088429604718417,1.644400683853205,0.05377619067343509,0.6839166456573162,32.07766865428664,1.481302813743923e-08,-148.9712374949316
0,0.6468543310153551,0,0.2284446992312142,16.62663367402237,4.550747377762843e-05,-56.31435252921398
0.302896900305021,0.7769562159913297,0.3898506686358773,0.4005873691909546,2.89357516613569,0.08893337445911964,-110.3176869748718
0.07807174273913159,1.893540544092964,0.0412305630226308,0.4844358614064405,30.62799547758618,3.125512282320386e-08,-89.69226558117069
0.04418410311830066,1.703508760656955,0.02593711528742661,0.6813864010010288,38.34697430404998,5.921984014278792e-10,-141.043484799956
0,0.4982997664036334,0,0.152902602370524,11.79262130211369,0.000594659445581347,-37.84147035354657
0.1328340302559947,1.066781634347532,0.1245184824889107,0.4602722478639857,14.34343220556386,0.0001523100953665368,-109.6852704929298
0.3454228735898079,0.9215077336969704,0.3748453333148012,0.4650104374535945,3.59383028145993,0.0579944285758297,-114.3626091577621
0.03910701019017535,2.280680458680507,0.01714707996086431,0.5445548329495731,43.04868784998348,5.33944000125075e-11,-95.29063351464967
0,0.6801158947146436,0,0.2677366868424068,18.61667412018241,1.598165999705525e-05,-64.27555034527542
0.2338528352381357,1.184516042064184,0.1974247936993868,0.4260871715300938,9.922035895869328,0.001633116369180176,-106.5823750971541
0.04416894028438428,0.7989376610448649,0.05528458907121658,0.2755493644520847,13.32198082396064,0.0002623129274955671,-62.87383536971808
0.04416201038706694,0.3961293447886453,0.1114838144864768,0.1526934741147046,5.134343434318026,0.02345695765204758,-41.47253720649538
0.1568422645887625,1.470548772752245,0.1066556019731465,0.4545504029290012,17.18118400387681,3.397852679698499e-05,-93.50492163270982
0.1630598323754059,1.043922806802324,0.1561991282429015,0.339034664680284,10.60781026488777,0.001126109717300983,-92.25966191168919
0.03912842343730662,2.622417452426208,0.01492074551330712,0.6095061255146663,49.52876565251921,1.954880701759976e-12,-101.7415311368827
0.04420538204481566,2.174433118275082,0.0203296121979059,0.781235912216891,47.18337504532803,6.464606627787362e-12,-147.6231836642461
0.1326847109078077,1.326654487449738,0.1000145193515087,0.5481362305012109,19.67716880596996,9.169032602396321e-06,-124.0090320114754
0.04410105697886435,2.132111216085849,0.02068421977528241,0.6757735686629652,42.41480601377381,7.382905398145567e-11,-125.5439337537306
0,0.2406123365923005,0,0.08541345218506867,6.210724883574869,0.01269786235337722,-26.52613852793781
0.08842734147191959,0.3956935082227558,0.2234743295867755,0.1833152302687803,3.230288930014865,0.07228793382746823,-51.62298607170536
0,0.4091621611082515,0,0.1433665217356308,10.4762897071349,0.001209163479718001,-36.92223563468455
0.2547494174916309,0.4479672571006573,0.5686786555348381,0.3104987777137119,0.8845263169589543,0.3469649474454056,-88.96117706402111
0.04422581173495376,0.6926858281209598,0.06384685515354713,0.2444747432957017,11.12525714480981,0.0008516006917007601,-59.18381506125846
0.08836747537859269,1.570051793251428,0.05628315942086982,0.6048232544709078,28.41174785247111,9.806840028936392e-08,-127.8444472084945
1.017683142135428,1.761118109870669,0.5778619482881606,1.158481085574905,2.509558562355778,0.113157625258406,-261.1470945091568
0.1174340605719809,0.658750446997994,0.1782679026741343,0.2413703776468444,5.693020010686368,0.01703251802405659,-61.65435815049002
0.6593537171172844,0.3768831924599248,1.749490904101264,0.546034575424956,1.204367550273815,0.2724504899868839,-126.4259780000979
0.08841460276742515,1.188538406868242,0.0743893527180115,0.4277102900702806,18.11369518913014,2.080993076758464e-05,-94.50053675770494
0.3370076045639644,0.9179261063618601,0.3671402329972638,0.3961534287957234,2.521642880142338,0.1122935390147792,-122.74166382549
0.4476082606946459,1.157055173698892,0.3868512676571203,0.5972649396760683,4.350062099470449,0.03700759674135989,-143.5496198524853
0.1176267636735222,1.172526687742068,0.1003190502213948,0.3615308674782897,14.35536299784374,0.0001513479711184873,-79.17008507410428
0.3319208110456035,0.9196978918532603,0.3609020026965139,0.4503496755242541,3.8603578190409,0.04943978345425593,-121.2963294884432
0.08845583628314811,1.492294214179152,0.0592750648248033,0.5201774256419071,24.35413217509628,8.015462210630986e-07,-108.08693407019
0.6487547140927846,0.839401469063105,0.7728777444443717,0.6860694864928367,0.2861046028087912,0.5927276750231234,-164.2565176314973
0.770810123753071,0.848585349185353,0.9083471974776059,0.7899568110673388,0.05970950503473205,0.8069556700461489,-200.7278745624432
0.3116753145963982,1.206841736982208,0.2582569901632373,0.5861972005744721,8.413506072317631,0.003724437098832745,-124.9850816881441
0.2924134453934943,0.4389744401205637,0.6661286368135316,0.3258864545164336,0.4287601440412345,0.5125979546192836,-106.195123312269
0.3618612234679991,0.342192185335183,1.0574795070599,0.3584361212912925,0.005238914215311752,0.9422992268834472,-94.69105464765489
0.2356772609164101,1.176503165080736,0.2003201248508643,0.4528914859319255,9.272647429722412,0.002326012523043541,-103.5613118872881
0.03912062731001284,0.2563515857800424,0.1526053649755049,0.08991743313549526,2.52283805480527,0.1122084740640138,-28.69571298367177
0.5704708080697156,0.7881023599665232,0.7238536985144264,0.614677739254375,0.4351544339274369,0.5094705241320794,-153.2172324627294
0.2203029244676787,1.330807210219226,0.1655408257304135,0.6050112665096257,15.04287514086707,0.0001050962403768008,-132.2689233516709
0.355022842791817,1.617875047432394,0.2194377392464558,0.7397844724139684,13.13940153036009,0.0002891502020787584,-160.0880547164974
0.2753373967292265,1.758943268914218,0.1565356891238397,0.6091516499473374,16.27781420749614,5.470067418655855e-05,-121.052600082711
0.6305454219320938,0.7123093810628109,0.8852128565136682,0.6545590727440438,0.0789038166346927,0.7787884569029723,-159.4099056778438
0.5602067236909591,0.7212890609456757,0.7766743654152707,0.5964908767663861,0.2659213219781691,0.606081000786493,-143.4928223296956
0.8354885542247225,1.467637790888045,0.5692743532579528,0.9872147475219708,2.840948926429519,0.09188993318965033,-250.1844359741928
0.5529471550786635,0.8778610903025762,0.6298800131215256,0.6230452370854794,0.9653094863832052,0.3258527720106219,-153.1382722361379
0.3996300861023257,1.259418873304087,0.3173130834969113,0.6971655614665072,7.678783959309328,0.005587380687783972,-159.6597517760271
0.07836738943791892,0.7949865915426069,0.09857699522435136,0.2418753139978322,9.732377279202183,0.001810501694061495,-55.59206921402124
0.03910911732222422,0.7911050380818203,0.04943606150840787,0.211081367026541,12.43920436242873,0.000420414842383865,-47.35581848025945
0.5317643352441399,1.204623052811279,0.4414362932895392,0.7378679377999073,4.195154310594319,0.04053966356692196,-167.4343265356482
0.2353341522481688,1.179605068475952,0.1995024932812642,0.4526802779957447,9.315158664716847,0.002272656981368137,-101.3878079863128
0.9231290474034474,2.156477835588044,0.4280725877025868,1.304332290772322,7.441931653924939,0.006372146133815648,-256.9865510464391
0.1955525478856148,1.177800088943272,0.1660320369487027,0.4214289371069045,10.74428071664457,0.001046020893486044,-93.386114878353
0.5456001516444432,0.9164880557418646,0.5953161617614309,0.6509691110735226,1.532472000144594,0.2157418204805452,-154.4641195986304
1.01909285286923,0.8455325283717844,1.20526747188741,0.9555873772899505,0.2398000620551102,0.624350557803298,-188.4690472790145
0.6198707606492271,0.6775460139804862,0.9148762561638799,0.6300419803333236,0.02487634069422029,0.8746755856756256,-145.9217393450434
1.018074138458463,0.6490165378144364,1.568641288998317,0.9491728367760396,0.9751096149768159,0.3234091532245391,-240.1007386147565
0.3093889308813288,0.7557122661235398,0.4094004355233684,0.4049878929283532,2.616994861780455,0.1057244956969163,-102.5137509688102
0.3078726058807713,0.9017114173916541,0.3414314157974649,0.422282185545224,4.263024972318874,0.03895050312460269,-116.7744337383977
2.329325159920709,0.6564661941190811,3.548278922491134,1.737448167142246,14.06044499520704,0.0001770278996386931,-315.2975940578781
0.9167475248706627,0.5867681761355755,1.562367493936556,0.7960346875025558,1.075979601534812,0.2995986907760326,-168.9981959696981
0.3090730528422608,0.6440382227901752,0.4798986176678452,0.3738156243616676,1.621650594278549,0.2028617893567728,-115.5145314441778
1.673702989933762,0.3208501132735966,5.216463765143057,1.190669438151279,14.53525991215707,0.0001375606602675994,-234.6901291796925
0.6239496768795537,1.414541375595709,0.4410968018639883,0.8998687859187594,5.090783825691233,0.024053317660509,-206.0470779206416
1.632783410375443,0.7918687124693345,2.061937016407468,1.254607325740146,4.802485723122629,0.02841870617079667,-250.4890667487752
0.95711569173839,1.080315222993861e-14,88595964526534.22,0.9088595110429076,2.069059917515915,0.1503141504415533,-134.9985189508593
0.665245314774908,1.040542667980127,0.6393253590131621,0.741525579281883,1.056249824784572,0.3040720740821395,-184.731150812342
0.117517246004953,0.2617211249566461,0.449017044475946,0.1507370704833653,0.7115832252464429,0.3989187200693063,-41.82040583089837
0.6096141658480606,0.4913683906607268,1.240645872699163,0.5703997451830468,0.2042357478824783,0.6513233785232,-139.7984544433498
0.4366535661263111,0.4653999040490188,0.9382330385704593,0.4446890060892323,0.01400200867354329,0.9058061216229596,-121.5222005669896
0.3530506024782131,0.7815035929234526,0.4517581309607543,0.452170892108167,2.095329829798743,0.1477498234062495,-103.7715306632036
1.223289837058862,1.445234547401653,0.8464299717012584,1.263368814435501,0.2303534305087851,0.6312618888926205,-307.8796652071384
0.4769662552116904,0.6538790413489841,0.7294411122700705,0.5214672642948834,0.389226938871559,0.5327060356056965,-137.4792803484676
0.8818881484965523,1.338867371937324,0.6586822316989256,1.039699173365032,1.4997275193424,0.2207132923405857,-226.8122046590454
0.4838724549095271,0.9630958890201533,0.5024135814781802,0.6040197179975423,2.119504531360917,0.1454335861568368,-140.2396413685902
0.7309761111424599,0.3304452826434527,2.212094254440231,0.582209429990502,2.273109974657132,0.1316355132941038,-122.8343936088532
1.178216656515115,0.6012033223627571,1.95976404768468,0.9597951747902826,3.431203990371102,0.06397544585113546,-222.3731377963707
0.344915559601829,0.4933128071075945,0.6991822523808933,0.4005492416098487,0.4059028241468638,0.5240564299231498,-94.92980451018599
0.8458506517401594,0.8233389948279421,1.027341905404252,0.8407477897688876,0.003378647073361662,0.9536481602700995,-177.3269759285286
0.7252027904100362,0.5961106149106852,1.216557417818659,0.6816899706354984,0.1927998395767077,0.6605964802552219,-162.8864154077497
0.4279011727282284,2.0080179880111,0.2130962846364019,0.4486736174208797,1.463676528235595,0.2263460514939052,-126.5025942742001
0.4375364662190507,0.7335325630173281,0.5964785863347076,0.5217519062740298,1.219215410381992,0.2695146830663591,-135.2709884756146
1.059794912381405,0.9315122833375021,1.137714371928925,1.023672392316654,0.1248537897941446,0.7238286457530346,-232.5008775792292
0.7547389037342336,0.4064870130771902,1.856735589215274,0.6315118473166318,1.634637636849504,0.201062796374478,-150.728349146275
0.7643221673165429,1.068053612865222,0.7156215363254363,0.8226580428815465,0.6273637387313897,0.428323963946503,-198.043455348474
1.034764637386681,0.6438899201445432,1.607052082993305,0.9545755879577095,1.069934175678327,0.3009603144858366,-219.1538157082512
1.808671990004946,0.8958608103738527,2.018920762088217,1.344163213040309,5.401674263135533,0.02011744403387972,-269.0479958511502
0.5168638604230188,0.3435616632260751,1.504428216960008,0.4906437771465158,0.3358888788058607,0.5622119063890326,-141.2654479618508
0.3151685678241835,1.733603202925958,0.1817997147745488,0.6382810528387141,14.51846872531692,0.000138792171798463,-125.2634164665412
0.6641354277141484,1.191181713329726,0.5575433372442243,0.7636853563987356,1.724091822001583,0.1891671886343628,-170.4343330777337
1.468129476032971,1.506635197842703,0.9744425711911767,1.480740502090409,0.007914608360806596,0.9291104531926585,-312.591533660411
0.7221004980425726,2.374474308230307,0.3041096277772545,0.9883052252149765,10.39674202038611,0.00126237848715538,-212.4858144961829
1.004618516557893,0.5169390539427435,1.943398373358661,0.8452191300987754,1.977421681400642,0.159662291038987,-167.2867635784253