Codon,alpha,beta,beta-alpha,Prob[alpha<beta],Prob[alpha>beta],BayesFactor,PSRF,Neff
1,1,0.0401644,-0.959836,1.6966e-83,1,1.67585e-82,1.00171,373.515
2,1,0.234067,-0.765933,6.19892e-45,1,6.12313e-44,1.00072,437.859
3,1,0.0319328,-0.968067,1.67845e-86,1,1.65793e-85,1.00388,283.492
4,1,0.0401628,-0.959837,1.67216e-83,1,1.65172e-82,1.00171,373.526
5,1,0.0216315,-0.978368,2.47306e-91,1,2.44283e-90,1.00724,206.8
6,1,0.0280626,-0.971937,3.9172e-74,1,3.86931e-73,1.00772,199.188
7,1,0.0216339,-0.978366,2.55838e-91,1,2.5271e-90,1.00724,206.765
8,1,0.228257,-0.771743,2.13478e-45,1,2.10868e-44,1.00021,479.879
9,1,0.38599,-0.61401,4.6312e-26,1,4.57458e-25,1.00574,235.062
10,1,0.205626,-0.794374,1.67016e-50,1,1.64974e-49,0.99991,509.107
11,1,0.0665215,-0.933478,2.31281e-74,1,2.28453e-73,1.00032,470.638
12,1,0.0478911,-0.952109,8.29789e-81,1,8.19644e-80,1.00137,393.501
13,1,0.0596301,-0.94037,3.24352e-65,1,3.20387e-64,1.00109,411.27
14,1,0.0742148,-0.925785,4.83753e-72,1,4.77839e-71,0.999581,545.217
15,1,0.178833,-0.821167,8.58056e-45,1,8.47566e-44,1.00451,264.955
16,1,0.254946,-0.745054,4.37596e-42,1,4.32246e-41,1.00253,333.728
17,1,0.0512698,-0.94873,7.16069e-67,1,7.07314e-66,1.00149,386.482
18,1,0.0644274,-0.935573,4.19933e-63,1,4.14799e-62,1.00076,434.545
19,1,0.0734394,-0.926561,7.95079e-61,1,7.85358e-60,1,499.736
20,1,0.350131,-0.649869,5.17501e-30,1,5.11174e-29,1.00702,210.489
21,1,0.126651,-0.873349,2.61464e-52,1,2.58268e-51,1.00621,225.363
22,1,0.146368,-0.853632,1.69338e-58,1,1.67267e-57,1.01021,167.115
23,1,0.169058,-0.830942,1.8693e-45,1,1.84644e-44,1.00679,214.481
24,1,0.135142,-0.864858,7.12899e-52,1,7.04183e-51,1.00851,187.641
25,1,0.113017,-0.886983,1.36028e-54,1,1.34365e-53,1.0026,330.681
26,1,0.217666,-0.782334,7.58189e-38,1,7.48919e-37,1.00002,498.323
27,1,0.458687,-0.541313,4.69268e-21,1,4.6353e-20,1.00523,246.7
28,1,0.141711,-0.858289,2.21824e-59,1,2.19112e-58,1.01008,168.527
29,1,0.0683836,-0.931616,2.12531e-62,1,2.09933e-61,1.00039,464.115
30,1,0.489904,-0.510096,2.89599e-19,1,2.86059e-18,1.00453,264.335
31,1,0.817339,-0.182661,0.00370498,0.994103,0.0367329,1.00636,222.396
32,1,0.369072,-0.630928,1.18507e-28,1,1.17058e-27,1.00636,222.578
33,1,0.291548,-0.708452,3.70206e-42,1,3.6568e-41,1.00544,241.816
34,1,0.191624,-0.808376,1.55513e-41,1,1.53612e-40,1.00199,358.925
35,1,0.266804,-0.733196,7.89726e-36,1,7.80071e-35,1.0035,296.041
36,1,0.179203,-0.820797,1.88585e-43,1,1.86279e-42,1.00447,266.079
37,1,0.448458,-0.551542,3.63983e-19,1,3.59533e-18,1.00525,246.148
38,1,0.182221,-0.817779,1.06908e-50,1,1.05601e-49,1.00354,294.604
39,1,0.485009,-0.514991,1.20822e-18,1,1.19344e-17,1.00472,259.251
40,1,0.214947,-0.785053,5.2773e-45,1,5.21278e-44,0.999724,528.926
41,1,0.270275,-0.729725,4.55909e-32,1,4.50335e-31,1.00396,281.093
42,1,0.535456,-0.464544,7.06317e-14,1,6.97682e-13,1.0029,318.053
43,1,0.170254,-0.829746,4.89995e-45,1,4.84004e-44,1.00652,219.391
44,1,0.146847,-0.853153,3.49627e-49,1,3.45352e-48,1.00983,171.342
45,1,0.779579,-0.220421,0.00023845,0.999598,0.00235591,1.00792,196.078
46,1,0.890924,-0.109076,0.0575402,0.914465,0.603068,1.00326,304.368
47,1,0.57577,-0.42423,9.72537e-12,1,9.60647e-11,1.0017,374.505
48,1,0.436489,-0.563511,1.23145e-21,1,1.21639e-20,1.00521,247.177
49,1,0.532679,-0.467321,8.27387e-15,1,8.17272e-14,1.00286,319.639
50,1,0.558541,-0.441459,3.79489e-13,1,3.74849e-12,1.00218,349.71
51,1,0.649082,-0.350918,4.51769e-09,1,4.46246e-08,1.00124,401.83
52,1,0.388228,-0.611772,1.00668e-22,1,9.94377e-22,1.00589,231.997
53,1,0.697338,-0.302662,3.64358e-07,0.999999,3.59903e-06,1.00254,333.152
54,1,0.356536,-0.643464,9.49932e-34,1,9.38318e-33,1.00634,222.813
55,1,0.74994,-0.25006,7.22396e-05,0.999878,0.000713615,1.00728,206.032
56,1,0.326936,-0.673064,1.70247e-26,1,1.68165e-25,1.00773,199.009
57,1,0.466266,-0.533734,1.53335e-18,1,1.51461e-17,1.00514,248.787
58,1,0.511958,-0.488042,2.23632e-16,1,2.20898e-15,1.00352,295.134
59,1,0.850273,-0.149727,0.0190528,0.971062,0.191854,1.00507,250.471
60,1,0.684043,-0.315957,1.8904e-07,1,1.86728e-06,1.00207,354.818
61,1,0.749592,-0.250408,2.92462e-05,0.999949,0.000288895,1.00724,206.765
62,1,0.356267,-0.643733,4.67928e-25,1,4.62207e-24,1.00729,205.998
63,1,0.857965,-0.142035,0.0197901,0.969574,0.199428,1.00447,265.956
64,1,0.829792,-0.170208,0.00553809,0.991199,0.0550085,1.00553,239.692
65,1,0.688599,-0.311401,8.42159e-08,1,8.31863e-07,1.00193,361.839
66,1,0.678445,-0.321555,1.60233e-07,1,1.58274e-06,1.00198,359.617
67,1,0.668152,-0.331848,8.42396e-08,1,8.32097e-07,1.00178,370.132
68,1,0.698811,-0.301189,4.67196e-07,0.999999,4.61484e-06,1.00266,327.821
69,1,0.723897,-0.276103,2.18351e-05,0.999963,0.000215686,1.0053,245.028
70,1,1.18703,0.187031,0.99015,0.00381636,992.988,0.997483,1000.46
71,1,0.664268,-0.335732,3.04471e-08,1,3.00748e-07,1.00157,381.534
72,1,1.12598,0.125982,0.923897,0.038988,119.916,1.00059,448.014
73,1,0.712919,-0.287081,8.12687e-07,0.999999,8.02752e-06,1.00357,293.644
74,1,0.695088,-0.304912,6.81323e-07,0.999999,6.72994e-06,1.00266,328.023
75,1,0.333595,-0.666405,7.79365e-26,1,7.69836e-25,1.00777,198.322
76,1,0.724286,-0.275714,3.89944e-06,0.999993,3.85178e-05,1.00488,255.296
77,1,0.543419,-0.456581,1.10028e-12,1,1.08683e-11,1.00281,321.738
78,1,0.783495,-0.216505,0.00033978,0.999431,0.0033574,1.00782,197.592
79,1,0.908139,-0.0918609,0.128678,0.824412,1.45876,1.00235,341.384
80,1,0.638403,-0.361597,1.49766e-08,1,1.47935e-07,1.00138,392.608
81,1,1.00466,0.0046568,0.509789,0.398008,10.2722,1.00279,322.726
82,1,0.614225,-0.385775,2.32497e-09,1,2.29655e-08,1.00123,402.048
83,1,1.18767,0.187671,0.989036,0.00444364,891.081,0.997384,1041.74
84,1,0.729717,-0.270283,7.14109e-06,0.999987,7.05384e-05,1.00548,240.936
85,1,1.17812,0.178117,0.98756,0.00472026,784.148,0.997837,876.806
86,1,0.66468,-0.33532,2.76682e-09,1,2.73299e-08,1.00121,403.414
87,1,0.803705,-0.196295,0.00127091,0.997919,0.0125697,1.00689,212.682
88,1,0.829067,-0.170933,0.00440593,0.992922,0.0437132,1.00535,243.767
89,1,0.791507,-0.208493,0.00171713,0.997266,0.0169905,1.00775,198.659
90,1,1.22003,0.220031,0.997409,0.000885974,3802.09,0.996962,1263.27
91,1,1.04222,0.0422239,0.700719,0.20129,23.1272,1.00549,240.494
92,1,0.763766,-0.236234,9.59236e-05,0.999836,0.0009476,1.0079,196.347
93,1,1.01147,0.0114652,0.555496,0.336955,12.3442,1.00537,243.342
94,1,0.874623,-0.125377,0.0313172,0.952087,0.319344,1.00372,288.458
95,1,1.0309,0.0308967,0.649476,0.247532,18.3022,1.00556,239.029
96,1,0.826843,-0.173157,0.00625903,0.990168,0.0622144,1.00595,230.624
97,1,0.741436,-0.258564,6.43524e-05,0.999892,0.000635697,1.00675,215.321
98,1,0.935927,-0.0640727,0.187652,0.742423,2.28176,1.00261,330.083
99,1,1.13938,0.139383,0.950294,0.0227357,188.844,1.00008,491.948
100,1,0.85416,-0.14584,0.0189923,0.970927,0.191233,1.00474,258.75