dN,dS,dN/dS,dS=dN,LRT,p-value,Full Log(L)
0.02465656983508475,0.8706642905320308,0.02831926162955189,0.2422520777959307,153.2662126524791,0,-305.9523399858201
0.221233076323937,0.9810636773698876,0.2255032791724957,0.3493057114831871,44.44136709799022,2.620903494232607e-11,-472.6239914491582
0.0204393129380613,0.8492989318463187,0.02406609989915755,0.2363199369270664,155.9915945506389,0,-307.2815723183143
0.06535796660167496,0.7480530709349813,0.08737076170275584,0.2368481384760169,96.1077050436603,0,-339.4658455253162
0.004066090645146131,0.9384624879112975,0.004332715156463935,0.2402367044288833,196.3867031247568,0,-279.8269414685771
0.02850522146670478,0.9839033786794092,0.02897156579029575,0.2582625836716915,164.7988902760887,0,-323.5233480240927
0.1846683579688766,1.126063779581445,0.163994581228354,0.3194711337144738,62.51618911258925,2.664535259100376e-15,-441.0263989577757
0.03673851503955698,0.86462430227221,0.04249072683130595,0.2437197256859638,138.2929358593036,0,-317.0295929525863
0,0.7101153281020349,0,0.1327108794832886,130.5278625548818,0,-131.7497898235699
0.02450258598982575,0.9696195660194765,0.02527030894231519,0.2568739397034174,169.4987536743949,0,-311.2614945570528
0.04066835016148387,0.9115821021431355,0.04461293180929322,0.246865794361058,138.9544858236108,0,-323.9621425670749
0.120178331685283,1.425199296771291,0.08432387804115556,0.2839071762436969,98.56185984315653,0,-331.6993216008427
0.04544644335448695,1.035004470754399,0.04390941743600559,0.18307429415263,103.4214547180908,0,-215.407942442053
0.1617738676424769,1.291087842526896,0.1253004344970484,0.326324902228114,91.00852471076041,0,-414.716833419115
0.277782001931056,1.059628457846191,0.2621503791014425,0.4107835342481678,39.92251044636805,2.642402963104473e-10,-525.4764139299826
0.09921959449622834,1.020449187719843,0.09723129352273874,0.3118955311634251,112.8816917701045,0,-412.6764784493791
0.1847156489404733,0.82514150320233,0.2238593601504732,0.3214284798906292,47.65546698727292,5.081046694499491e-12,-430.5153152816341
0.05825971496975443,0.9024230541367029,0.06455920502328943,0.2076380365143727,96.44219517499334,0,-237.0036266764757
0.04981530007107494,0.9165650889174238,0.05434998634948331,0.1922939078395508,97.89569911479504,0,-224.0684510836794
0.07841623394386379,0.9849628503253461,0.07961339244212295,0.2998096839851051,125.1664110753346,0,-382.511395673388
0.1434067707421256,1.133449538992089,0.1265224130486205,0.2869819675264114,71.2366064643993,0,-342.7338125040778
0.151779598742773,1.278666133779682,0.1187015083398816,0.3078775006100997,79.4537270076305,0,-353.689225393327
0.04550497685305458,1.321299798115397,0.03443955483680498,0.23855073435029,147.4531002455083,0,-240.5426772979018
0.2058675564953889,1.417736537300763,0.1452086132218482,0.3648622073445904,68.63525463066071,1.110223024625157e-16,-413.8444078605514
0.2642382039699424,1.220504609084822,0.2164991447005494,0.4466944883637605,63.00178793807368,2.109423746787797e-15,-531.8044729184575
0.2378660786883557,0.9709197252739311,0.2449904688271167,0.3759627997062487,45.73890444520623,1.351130318738569e-11,-499.1557009718678
0.2199501127133344,0.9593930092619306,0.2292596575021366,0.3648527452586742,49.39375251779086,2.09410266904797e-12,-465.2914690615266
0.07507196657205249,1.11843501465027,0.06712233217727648,0.2228921320035571,96.74445730187978,0,-254.6646466519176
0.08409341637379059,1.093668515599368,0.07689113764759377,0.2372396483858869,93.19159571077398,0,-274.1837553325683
0.1193354096165255,1.070321295388591,0.1114949409403273,0.3377309877347469,109.1524791172103,0,-428.9120373488904
0.1695555716131009,1.234672383528943,0.137328390814474,0.3457787499530843,81.84149053935698,0,-416.0260758600542
0.1284858169010967,1.166880442811709,0.110110523912371,0.2882990958528455,82.23090898424243,0,-332.6188333201928
0.3600722933046006,0.9076635288016878,0.3967023923281063,0.4564932273379595,18.68514532020254,1.541789504333479e-05,-526.5309399172926
0.3671849925588594,1.288556607487526,0.2849583715804382,0.4994457748453936,34.85390681413469,3.553957017565779e-09,-543.2910064848409
0.2683332539995149,0.8697611469728246,0.3085137280889588,0.4179183476972376,37.61369399372165,8.623692870912691e-10,-517.6836988242762
0.39614569075695,1.045179513786609,0.3790216757327582,0.5209937828936057,23.94669921557511,9.903994921955928e-07,-574.4917468119551
0.3514906655897279,0.8863305184679162,0.3965683887285116,0.4736786264104097,23.66604802551501,1.145863572360462e-06,-559.3384763850954
0.104550352572784,0.9260419981613923,0.1129002278302315,0.3084482285682781,100.2277498498355,0,-386.2014072102023
0.2310857524513118,0.9751199907115772,0.236981863414246,0.3388208921134792,40.49495349500546,1.97124538914295e-10,-446.2071412587261
0.4436504471387075,0.8735880052938306,0.5078486019155976,0.5228961425675485,10.77855920651587,0.001026825777325158,-585.6418076720091
0.1270721518932238,0.8917952412278437,0.142490278057851,0.2527307073015063,58.90724326269503,1.654232306691483e-14,-315.2747420687804
0.3246445790169306,1.012503329909075,0.3206355667453305,0.4152697245312258,24.84460667042072,6.214266727866402e-07,-520.584060301131
0.1340714245280529,1.020869981970539,0.1313305581473372,0.2771115154794816,68.56380665352617,1.110223024625157e-16,-334.6828904154351
0.2597183563887426,0.8641211620371917,0.3005578011496081,0.4046918241518376,38.28063687350186,6.126757989832754e-10,-527.6050285009597
0.5137731092880916,0.7696590412483533,0.6675333904410116,0.5609578518239102,3.360031441544834,0.06679679313215536,-627.176074297761
0.4599197608026994,1.066675391791461,0.4311712488560112,0.5566697807602956,16.36293825264397,5.229791784133742e-05,-590.0470579213827
0.1588134758260722,1.071105625144913,0.1482706019815607,0.3027785652031093,64.70152158301403,8.881784197001252e-16,-348.075027713194
0.2065109229407729,1.028656245423841,0.2007579537473993,0.3291866720848393,44.6569572352247,2.347622096721125e-11,-387.7071384218406
0.4276906266523628,1.058840092931956,0.4039237175729493,0.5324527890627407,18.74795905454562,1.491829324118399e-05,-584.1537117373475
0.4698841234879839,0.9315837446730997,0.5043927893491422,0.54887982067143,10.59247970962656,0.001135485792946422,-595.8494327203183
0.5136635848364305,0.7415324309109664,0.692705488558874,0.5653165837091261,3.204944026075964,0.07341602081672982,-623.2816873054965
0.2440709478106367,0.8377299899795601,0.2913479888867197,0.3973560618145505,41.39612993238609,1.243032343722916e-10,-508.1253531366041
0.3417769313178303,1.250451578564929,0.2733228036787061,0.4901546550102179,40.23830063495598,2.247975139368918e-10,-523.7631464867554
0.3795360898841227,1.001853776538446,0.3788338166428603,0.4828729159803652,22.41987873733797,2.190945942892597e-06,-557.606932766363
0.3329960760532103,1.216716271080331,0.2736842466629799,0.4564727001631849,35.8449355964226,2.136626986448675e-09,-535.221310320299
0.6046769026453653,1.167525257614329,0.5179133373790441,0.7121645881118817,11.65305719778667,0.0006409710966117643,-690.6055528291033
0.3259063921207558,1.080237861116413,0.3016987312256721,0.4456384301844276,30.03626146686213,4.240421469514644e-08,-479.0914524405479
0.3664394315676503,1.094389314600803,0.3348346211707261,0.4764748228250992,25.56123989163052,4.285622668964706e-07,-540.6691756053283
0.4957970834786575,1.037168158658337,0.4780296033383941,0.5872277240435263,13.13780535908381,0.0002893966376981139,-628.5030848896722
0.582473737112302,1.239717893514352,0.4698437766846341,0.6847419254781718,14.12091053361519,0.0001714274952671069,-665.0407679917025
0.4361162552799171,0.8352047410639246,0.5221668817688593,0.4999846770561305,8.534925838205936,0.003483955252103876,-569.9741672950912
0.5042811868984329,0.8779757814624766,0.5743679923134476,0.5701563572224714,7.351494818247829,0.006700701976408152,-627.8094692010748
0.5993382820516934,1.377247780174506,0.4351709915086981,0.7304272940632173,18.64024324758111,1.578530158730107e-05,-702.9996908992362
0.5165301473946582,1.010745662316247,0.5110386981141887,0.5959637049510023,9.961876038673381,0.001598151205186249,-642.0616262023487
0.4063178893515264,1.114379503387928,0.3646135702570281,0.5724805163252277,32.53167927725008,1.172653707470772e-08,-640.6319737967615
0.5525348332676108,1.050113664669612,0.5261666920994212,0.6358084058905028,9.466221497326615,0.002092900225453831,-637.1901694211251
0.6184104322033737,1.172964177106934,0.5272202205941673,0.7122401735557514,10.06699152334295,0.00150949311733628,-700.193226230016
0.703323599361519,0.9327331251205718,0.7540459113324642,0.7528707902751248,2.198913516785069,0.1381080503158781,-719.2977669624346
0.5984322972438139,1.108793732788481,0.5397147183893525,0.6774776829270174,7.920016916826626,0.00488908152427403,-683.8878857596962
0.5709360481629921,0.9597337353695218,0.5948900482727819,0.6350840622163535,6.375221289425554,0.01157246113630661,-658.9621413497521
0.4384381285305387,0.9679148090955818,0.4529718157119784,0.5337456900686096,14.3400509661376,0.0001525838840462646,-571.7777310085993
0.4889106227324459,0.7954210412383531,0.6146563862219238,0.5522435577276549,5.708344807871981,0.01688445198638699,-601.1228945536554
0.4008147269584248,1.201931013523136,0.3334756508059017,0.5198579215607396,24.58220261776205,7.120635356905325e-07,-528.4454903840373
0.539479397407701,0.7565160305223888,0.7131103316279764,0.5768803051370636,2.297592010568451,0.1295747404600472,-627.7468211231851
0.5150433164539394,0.9808946456948736,0.5250750615414753,0.588824566965788,9.069004256645712,0.002599785994309989,-591.9531185083897
0.6456101550460723,0.8886927238405796,0.726471746337699,0.6883245397847494,2.380368574827116,0.1228685548788245,-666.1372619535114
0.633653439746192,0.9431437919553473,0.6718524207559987,0.6792046029496167,3.061581206952496,0.08016362524122544,-679.755719891129
0.572735938300959,1.222113186639389,0.4686439394994903,0.6585086546659581,11.60092482327286,0.0006591903077205474,-683.322396065033
0.5579923462359002,0.9279610684746661,0.6013100820631396,0.6202604017541902,5.752754675591859,0.01646282229390639,-643.6560992351584
0.6438243174576814,0.8878413564604427,0.7251569357215076,0.6894671343397119,2.450570723183091,0.1174821458764442,-653.2739839866808
0.6580927386571571,1.371311627077463,0.4799002106178326,0.7854407742970511,14.01057564819416,0.0001817853068540876,-701.9619203251574
0.5638829937007255,0.8998220668866912,0.6266605526264912,0.6255255729607239,5.314487114098029,0.02114881831529025,-624.1346384881552
0.5989669748002255,1.258715295548431,0.4758558006870421,0.6980164429758948,13.90728618501316,0.0001920525203562562,-696.3429428172848
0.6253634741900063,1.239529149845646,0.5045169565135925,0.717965010256528,10.50641412791902,0.001189608835412193,-669.4858612265581
0.8000657272966236,0.7843703140869879,1.020010208096549,0.7964355268607731,0.01045131313708225,0.9185727951336917,-729.7872327464107
0.5263075188552793,0.932479405591077,0.5644173112023478,0.5886447222579877,7.447817097718598,0.006351343090531536,-642.9563179789159
0.6300866968839897,0.8764843514383678,0.7188795736626403,0.6696726931439783,2.299522189828167,0.1294138038790825,-661.7233997061904
0.6747850022281172,0.8747293949892305,0.7714214316947986,0.7187251539346748,1.80435051562813,0.1791874274161759,-708.4457075336817
0.7404863374762216,0.947304998895759,0.781676797166046,0.7830850122655701,1.626957520268434,0.2021243832719959,-732.3268549431592
0.9576016353535514,1.131978633939489,0.8459538074680131,0.9995724327710063,0.7932052898147504,0.3731326727021905,-768.3203102660214
0.7356521022967236,1.072529557315609,0.6859038030970052,0.8050292060846607,3.551406222311471,0.05949500941496522,-705.2249390622371
0.6774535686264533,1.20537508812326,0.562027185812536,0.7784398051554023,9.51737241009414,0.002035358028607548,-670.5227073304111
0.6974440212952487,0.7267899419263303,0.9596225553792046,0.7033764911215734,0.03649209491868532,0.8485028398453122,-689.2517933196875
0.7839917626239262,0.7251119230228227,1.081201036325051,0.7709115075969595,0.1457695198334932,0.7026113898527319,-717.3153171775218
0.7069017366325325,0.9143310365563868,0.7731354491639176,0.7488570590518577,1.579316317988287,0.2088591999166881,-691.1478116153578
0.6848807145612366,1.090844010387094,0.627844777108142,0.7489531828475828,4.753080975223156,0.02924588644710191,-704.5163238407126
0.6724628192811147,0.684876714411823,0.9818742631053395,0.6752045244525606,0.006871235022799738,0.9339366892739659,-595.96641166525
0.6320922417171605,1.077542570690513,0.5866053545449271,0.6985622747418087,6.464715847527941,0.01100372353947598,-697.1104434107268
0.7128910425118282,0.8997220453979694,0.7923458652127378,0.7468190522168596,1.286048466856073,0.2567774469912848,-713.4073208417384
0.8113142405273058,0.6859351791919562,1.182785582572173,0.7828436135579815,0.6556517934225212,0.4180992339031203,-691.4023165746887