Codon,alpha,beta,beta-alpha,Prob[alpha<beta],Prob[alpha>beta],BayesFactor,PSRF,Neff
1,1,0.1133938715287384,-0.8866061284712615,1.576459078899464e-09,0.9999999976590461,1.172888772750592e-08,0.99747512833944,1003.662064030033
2,1,0.242075351585861,-0.7579246484141391,7.509745249939915e-07,0.9999989002114515,5.587269982799417e-06,0.9959482515046759,2592.667461482717
3,1,0.03866493313600906,-0.961335066863991,2.145069281300749e-11,0.9999999999679275,1.595935921567927e-10,0.9977026015629228,919.8909031664493
4,1,0.03606064465847484,-0.9639393553415252,4.218758402327807e-12,0.9999999999936241,3.138764858211338e-11,0.9975563429693832,972.0504616111068
5,1,0.0360606453186618,-0.9639393546813382,4.218757959163957e-12,0.9999999999936241,3.13876452849653e-11,0.9975563426984008,972.0505637524891
6,1,0.03770573738240793,-0.9622942626175921,1.205264376163243e-11,0.9999999999819098,8.967191547867363e-11,0.9976506641997118,937.757110615286
7,1,0.08316192801936259,-0.9168380719806374,3.412007052640227e-10,0.9999999994934882,2.538540209009375e-09,0.9996682697472484,535.1687697584584
8,1,0.03606064535679525,-0.9639393546432048,4.218765672005836e-12,0.9999999999936241,3.138770266866623e-11,0.9975563430379965,972.0504357487433
9,1,0.03770915189710412,-0.9622908481028959,1.209405691826528e-11,0.999999999981848,8.998003020891672e-11,0.9976510225865773,937.6314399031903
10,1,0.03606064598897395,-0.963939354011026,4.218770328286585e-12,0.9999999999936241,3.138773731148999e-11,0.997556343012713,972.0504452788299
11,1,0.0849845163172411,-0.9150154836827589,6.166760244366881e-10,0.9999999990882337,4.588082205704903e-09,0.9995775513342133,545.6715456367592
12,1,0.2216928991865573,-0.7783071008134427,1.89085336759957e-08,0.9999999712996921,1.406798789703955e-07,0.9957118250660162,3437.640486436299
13,1,0.03875649485601716,-0.9612435051439828,2.25928538918993e-11,0.9999999999662312,1.680912938858299e-10,0.99770719421083,918.3438911379834
14,1,0.1134218964950525,-0.8865781035049475,1.587350661619137e-09,0.9999999976429829,1.180992132540041e-08,0.997473767956752,1004.209158886214
15,1,0.1806644441057662,-0.8193355558942339,1.003026282345864e-07,0.9999998527340799,7.462536752325744e-07,0.99557672924878,4224.863150632103
16,1,0.2405205562405025,-0.7594794437594975,6.639510714458888e-07,0.9999990266113971,4.939812796896085e-06,0.9959305969954414,2641.128010615004
17,1,0.1863147336008821,-0.8136852663991179,1.626858484445912e-08,0.9999999755843435,1.21038605114135e-07,0.9954610063146934,5256.348123357624
18,1,0.08357632133085623,-0.9164236786691438,3.915651213534902e-10,0.999999999419267,2.913252492495196e-09,0.9996479905873129,537.4810718687751
19,1,0.1134088763063908,-0.8865911236936093,1.582238634865527e-09,0.9999999976505215,1.177188774194039e-08,0.9974743953828891,1003.956757277803
20,1,0.1519378219338883,-0.8480621780661117,3.677823581188434e-08,0.9999999460586192,2.736308348323148e-07,0.9958853983862362,2773.87957629822
21,1,0.08315523569830068,-0.9168447643016994,3.403640833802551e-10,0.9999999994947206,2.532315725121628e-09,0.9996685455009546,535.1374654033616
22,1,0.4298834049745197,-0.5701165950254803,0.0001155910641560476,0.9998347952348151,0.0008600992953356708,0.9982947976838289,755.85289122839
23,1,0.2182154394834233,-0.7817845605165767,5.653813412485502e-07,0.9999991755645243,4.206451091720381e-06,0.9957533847624439,3251.320434129007
24,1,0.5335543469094653,-0.4664456530905347,0.001220232198097803,0.9982938814024791,0.009089643924503159,0.9984617510653795,719.7118248007732
25,1,0.1175149660508518,-0.8824850339491481,4.156918397445064e-09,0.9999999938684752,3.092755781259278e-08,0.9972871565442319,1085.39146910474
26,1,0.1518390641648089,-0.8481609358351911,3.620815919405542e-08,0.9999999468882557,2.693894528557319e-07,0.9958860727726692,2771.800717074867
27,1,0.3691857826083232,-0.6308142173916768,1.720471591120798e-05,0.9999749843638372,0.0001280056396806885,0.997387029345384,1040.372874975767
28,1,0.4077904554644003,-0.5922095445355997,4.834020144348204e-05,0.9999301807933557,0.0003596694714429619,0.9979937821748397,831.1581002126812
29,1,0.1699738503449233,-0.8300261496550767,2.386796423136769e-08,0.9999999645604751,1.775781450601675e-07,0.9955315883931973,4575.031627131084
30,1,0.1202259174584625,-0.8797740825415375,7.534432184564076e-09,0.9999999889338111,5.605632958862485e-08,0.9971767403859541,1139.943246356215
31,1,0.1462048143086219,-0.8537951856913781,1.419213177593763e-08,0.9999999790333465,1.055897514511608e-07,0.995935250756628,2628.178501081809
32,1,0.7711373819251145,-0.2288626180748855,0.06155989771991536,0.9206996677493768,0.4880512819440484,0.9973053747654047,1076.890148679865
33,1,0.1462268813700222,-0.8537731186299777,1.424570919351465e-08,0.9999999789547683,1.05988368542325e-07,0.9959350060697414,2628.856196292419
34,1,0.8232831583090281,-0.1767168416909719,0.1090075439387876,0.8628469137262418,0.9102415461501384,0.9974780919825174,1002.472267224055
35,1,0.6232459477001482,-0.3767540522998518,0.007123501928131807,0.9902923445508233,0.05337924684266133,0.9974437383155688,1016.440287703209
36,1,0.7237785413417865,-0.2762214586582135,0.03268176324072948,0.9569353955197004,0.2513681392796045,0.9971618069069751,1147.746554281032
37,1,0.5677161642630295,-0.4322838357369705,0.001397736207190569,0.9980235149970333,0.0104137415609333,0.9978964947442992,858.8289329744539
38,1,0.1462835116350586,-0.8537164883649413,1.438698256307691e-08,0.9999999787476239,1.070394453241408e-07,0.9959344010702629,2630.533332087648
39,1,0.1346900882066894,-0.8653099117933106,1.981404857017468e-11,0.9999999999691589,1.474169255997475e-10,0.9957146431204127,3424.333545307306
40,1,0.4812564944421954,-0.5187435055578046,0.0003084648289834141,0.9995611353798394,0.002295692761232126,0.9986996343675295,673.8321798958854
41,1,0.2539130675557745,-0.7460869324442255,4.182648948056723e-07,0.9999993804976339,3.111900652150794e-06,0.9960447175307606,2356.455335092432
42,1,0.08498724587992404,-0.915012754120076,6.171198471677586e-10,0.9999999990875811,4.591384255882755e-09,0.9995773798404243,545.6917932082652
43,1,0.1951413950423339,-0.8048586049576661,5.098458144155808e-08,0.9999999241513144,3.793263454228469e-07,0.9955292810832602,4594.49730803714
44,1,0.7133677950198756,-0.2866322049801244,0.03159430997527252,0.9585508233503633,0.2427312367183768,0.9972003671171435,1127.812511512569
45,1,1.592940268656325,0.5929402686563245,0.9948470734603457,0.003500095872393958,1436.403656422894,1.00120641804533,403.7339902547488
46,1,0.1554185726411526,-0.8445814273588474,6.258588161727202e-08,0.9999999085908667,4.656402652158678e-07,0.9958650948185641,2837.963204707592
47,1,1.546690023255746,0.5466900232557463,0.9750176556281593,0.0189890415946067,290.371117363784,1.001855490161298,365.9338825238206
48,1,0.319927821540165,-0.680072178459835,2.223872565269475e-05,0.9999682814762624,0.0001654602521827862,0.9968335801132358,1351.137890727921
49,1,0.7764806643842804,-0.2235193356157196,0.06889734633350145,0.9119504135473437,0.5505275495740908,0.9973594786181558,1052.412981145378
50,1,0.155386122141615,-0.8446138778583849,6.229527996752081e-08,0.999999909012059,4.634781827430291e-07,0.9958652686805219,2837.401865061164
51,1,0.2583224955104424,-0.7416775044895576,2.426439230887134e-06,0.999996483937269,1.805280118463117e-05,0.9961371063398047,2167.389202247399
52,1,0.3503001885400109,-0.649699811459989,3.487901759054103e-05,0.9999502034604829,0.0002595096538968958,0.9971858989936903,1135.209972099307
53,1,0.6506908358789911,-0.3493091641210089,0.01260898438803863,0.9830720090010912,0.09500906895537418,0.9973091530393338,1075.143765155195
54,1,0.9617704547008952,-0.03822954529910483,0.3438589077033944,0.6072579265773703,3.899035312006916,0.9975278258269874,982.9200858451849
55,1,0.2727443183708197,-0.7272556816291802,5.9603907438895e-06,0.9999914375817353,4.434569305263127e-05,0.9963112863163341,1882.717540004312
56,1,0.146779175187332,-0.853220824812668,1.5679077403249e-08,0.9999999768537975,1.16652657584622e-07,0.9959292122132355,2645.005998550095
57,1,0.1201817114834317,-0.8798182885165683,7.459854014568972e-09,0.999999989042508,5.550146647404093e-08,0.997178378218432,1139.09389002658
58,1,0.3044818810892416,-0.6955181189107584,1.052028723020383e-05,0.9999848763622502,7.827197506517468e-05,0.996634312984727,1514.167590111135
59,1,1.298635252909604,0.2986352529096039,0.8179289503317568,0.1524500754826869,33.42326025180125,1.001572767196932,381.4828865002809
60,1,0.6415304822446234,-0.3584695177553766,0.009367891808975612,0.9872826926982914,0.07035639729500281,0.9972876185097806,1085.17423416776
61,1,1.404507080316492,0.4045070803164923,0.8964401989148097,0.08478616716760998,64.40272478983142,1.002206218860653,348.3373961208977
62,1,0.5909916045759236,-0.4090083954240764,0.004571046348865936,0.993748047608021,0.03416484719141287,0.9978367458989816,876.7595143798255
63,1,0.6768022719032575,-0.3231977280967425,0.01558669047276357,0.9790177576378201,0.1178014295272705,0.9971225923050296,1168.757328370835
64,1,0.1881014522411008,-0.8118985477588992,2.399941254571561e-07,0.9999996501829933,1.785561618146493e-06,0.9956241582605301,3910.434789832101
65,1,0.2816322403589707,-0.7183677596410294,9.80785751284792e-06,0.9999859811829047,7.297137568266423e-05,0.9964211152392549,1738.77673042992
66,1,0.4439047417772882,-0.5560952582227118,0.000119903321152379,0.9998279555111766,0.0008921901321316571,0.9984725498022498,717.4934069340651
67,1,0.6821000284867713,-0.3178999715132287,0.01455831551298281,0.9802584860847776,0.1099143319508406,0.997050576966137,1209.422631579787
68,1,0.5555094713989472,-0.4444905286010528,0.002835536767723543,0.9961121413324119,0.0211564412679291,0.9982923506358248,756.4097656289274
69,1,0.7632650662013344,-0.2367349337986656,0.05051758743473304,0.934028569587842,0.3958492291915907,0.9972106024128181,1122.63742009824
70,1,0.5933043262118118,-0.4066956737881882,0.004099601380773967,0.9943605705215062,0.03062667507005366,0.9977527049160668,903.2915854013341
71,1,0.3868085266993841,-0.6131914733006159,3.770785157072374e-05,0.9999456446450432,0.000280557764210432,0.9976717025897966,930.4366963224039
72,1,0.7315746042014702,-0.2684253957985298,0.03099038213797732,0.9587705440978527,0.2379430204862881,0.9970994928226696,1181.498945222307
73,1,0.4511971211636848,-0.5488028788363153,0.0002494043551186264,0.9996471655176858,0.001856036393845464,0.9985076955903178,710.3675324045233
74,1,0.9159776896824487,-0.08402231031755125,0.2686048746164021,0.6887040973946252,2.732347643168626,0.9976357023691717,943.0339257783544
75,1,0.4843873758645798,-0.5156126241354202,0.0003444677684882664,0.9995106945915782,0.002563730347656189,0.99870198558996,673.4080364715478
76,1,0.8019029984316977,-0.1980970015683023,0.08748964324330184,0.8888883440288533,0.7133340743185443,0.9974135576244921,1029.038013213372
77,1,0.3301736531580505,-0.6698263468419494,3.502058156613518e-05,0.9999503011712875,0.0002605629663882567,0.9969695359492651,1258.718220862751
78,1,0.644417365084089,-0.355582634915911,0.01403393188670065,0.9813427928266668,0.1058989177477387,0.9974509155233405,1013.489879688732
79,1,1.015071598683989,0.01507159868398888,0.4654770308203527,0.4681497794396124,6.478970606278857,0.9970341098115991,1219.12323248801
80,1,0.5549642280360019,-0.4450357719639981,0.001151876348751812,0.9983707915533971,0.008579866479900312,0.9981045737551121,801.7498848802985
81,1,0.4992472128054813,-0.5007527871945187,0.000153234951288831,0.9997767095555794,0.001140245889322811,0.9986311238881699,686.431324230718
82,1,1.120159425635455,0.120159425635455,0.6029520305578449,0.3498510529156112,11.29832099313011,0.9986576308647608,681.5008770584004
83,1,0.8808273746037386,-0.1191726253962614,0.1866770464301045,0.7716030002228945,1.707662408666362,0.9975584741401621,971.2478256496107
84,1,0.6589565331103108,-0.3410434668896892,0.0133352866347101,0.9820700951620456,0.1005557442939532,0.9972327833730975,1111.584365325379
85,1,0.4710103167076435,-0.5289896832923565,0.0003201853633036059,0.9995466197458815,0.002382948620484688,0.9986550988100861,681.9687748026661
86,1,0.5547217074538906,-0.4452782925461094,0.002779820041963746,0.9961870250369607,0.02073957009710414,0.9982997843034214,754.7206336157171
87,1,0.5562712988862588,-0.4437287011137412,0.0036180269034648,0.9950843773701841,0.0270159383664969,0.9983179246024064,750.6303146052752
88,1,0.6228546703314495,-0.3771453296685505,0.008068000917659943,0.9890747642050626,0.06051432102361542,0.9975093311343907,990.1009550012926
89,1,0.6210273629950186,-0.3789726370049814,0.003996166360443884,0.9944172859488722,0.02985084820459676,0.9972217538579892,1117.053081826207
90,1,0.6620662277836444,-0.3379337722163556,0.01418350637912301,0.9809647861932629,0.1070438337227991,0.9972272748675068,1114.308891363887
91,1,0.8503626744257786,-0.1496373255742214,0.1399025252491678,0.8257478528285314,1.210185673856937,0.9975184708957954,986.5391758285809
92,1,1.031209464304362,0.03120946430436233,0.4888891426197725,0.4498559904399732,7.116548479849519,0.9972126371918852,1121.614283779062
93,1,1.07309784210954,0.07309784210953962,0.5686740272362405,0.3724752088656115,9.809162052739699,0.9975583445715692,971.2965854419666
94,1,1.206376677414391,0.2063766774143914,0.75152920536057,0.2071587809109282,22.50321865094686,1.00007410431097,492.7705520096408
95,1,0.5123913065260923,-0.4876086934739077,0.001576650942671324,0.997832727944471,0.01174883899747339,0.9986163592829045,689.2088577572998
96,1,1.907751443878783,0.907751443878783,0.9999879565725969,6.378015129465279e-06,617758.5955423974,1.000080497255434,492.1567284111752
97,1,1.108154246328337,0.1081542463283369,0.587347440391351,0.3643089313998978,10.58972454545725,0.9984548426373606,721.1382921239591
98,1,0.7971452623423588,-0.2028547376576412,0.07199548587712329,0.9067724995115813,0.5772039635413005,0.9972523874208877,1101.995641785594
99,1,1.379416426184695,0.3794164261846951,0.9239566100813249,0.05851988455070754,90.39912655634669,1.002054290449092,355.7453975573572
100,1,0.8584392145237908,-0.1415607854762092,0.1466455606438673,0.8170415341278761,1.278537864982874,0.9974757037324825,1003.430842566996