Codon,alpha,beta,beta-alpha,Prob[alpha<beta],Prob[alpha>beta],BayesFactor,PSRF,Neff
1,1.105292598213126,0.000245955029070814,-1.105046643184056,5.353212897940519e-28,1,1.717754955132124e-27,1.026005086541101,83.9644489121755
2,1.018936224160986,0.07148604454012235,-0.9474501796208638,8.114861045842733e-22,1,2.603920867236146e-21,1.121356473327733,23.50880085976707
3,1.216959723646945,0.07144702506262098,-1.145512698584324,2.840398900581998e-32,1,9.114356890053163e-32,1.15880928968314,19.02906261182254
4,0.7271057349381925,0.07369767745496668,-0.6534080574832258,7.794834397793755e-14,0.9999999999751099,2.501229759869409e-13,1.049599039483341,49.33174183867182
5,1.144161884455188,0.0714909107721499,-1.072670973683038,2.26342746169812e-26,1,7.262953691622954e-26,1.02607286970261,83.78962086891401
6,1.084911806515475,0.07157467311621409,-1.01333713339926,2.03250829636532e-23,1,6.521973371863965e-23,1.052829251499525,46.78998482679641
7,1.090238528388889,0.07144599692767173,-1.018792531461217,2.831694334169676e-26,1,9.086425417174895e-26,1.059578688894127,42.30021834676994
8,1.097885710197269,0.07171325494223771,-1.026172455255031,2.016151484679944e-22,1,6.469487145632374e-22,1.046864439186686,51.73110976479924
9,0.957413936674793,0.07147176380885618,-0.8859421728659368,6.891975083510817e-23,1,2.2115175645083e-22,1.203572393708973,15.79403760367779
10,1.1409381406618,0.0006025441889153689,-1.140335596472884,4.398940283369493e-30,1,1.411545106303414e-29,1.043441043926586,55.11683187724768
11,0.8608433196912399,0.186889364496404,-0.6739539551948359,1.299034038326582e-10,0.999999986974645,4.168379250093188e-10,1.034797857609474,66.25736790712754
12,0.8674928950632708,0.07175942619679627,-0.7957334688664744,4.298051616120792e-15,0.9999999999978275,1.379171649206317e-14,1.113231195838357,24.85689434000692
13,1.120091010486011,0.07247528833853449,-1.047615722147477,6.009878338545235e-22,1,1.928467724448048e-21,1.022720244880709,93.46125777446706
14,1.164635906506797,0.07188775985591514,-1.092748146650882,8.60433587337172e-24,1,2.760985012905344e-23,1.033908731535326,67.68420200334468
15,1.196393910174715,0.07149169579627554,-1.124902214378439,3.173224382459131e-27,1,1.018233724425994e-26,1.06600973976643,38.81684238366938
16,1.056521835671836,0.301713081332885,-0.7548087543389508,1.166067783289154e-08,0.999999671426278,3.741713199734742e-08,1.047306533850741,51.32620302048795
17,1.207082942904567,0.08014465952177251,-1.126938283382795,1.785375979040775e-22,1,5.728967805392214e-22,1.194705200957075,16.31892926442651
18,0.9837637968587216,0.08656667669373735,-0.8971971201649842,5.032549663221916e-17,0.9999999999999879,1.614859577931922e-16,1.070081874760099,36.91999367669673
19,1.187843921810536,0.07585891122312251,-1.111985010587413,3.295948674625163e-21,1,1.057613862111979e-20,1.072316251612466,35.96417883862875
20,1.055704587660069,0.2822800510750449,-0.7734245365850236,1.421831790329482e-09,0.999999940439778,4.562416353018747e-09,1.107585737977024,25.90846945211562
21,1.091967694028047,0.07158643959515643,-1.020381254432891,4.353156307524856e-20,1,1.396853807288755e-19,1.042759694772037,55.84861665117478
22,1.141469243944095,0.07155396913643806,-1.069915274807657,1.515065904934949e-22,1,4.861588760191059e-22,1.032969080432135,69.2647480128215
23,1.130367856908715,0.07155685442731545,-1.058811002481399,1.384578725045514e-24,1,4.442877597176179e-24,1.022244557752552,95.02629446316465
24,0.9282736554905296,0.3281456991511474,-0.6001279563393822,4.335486455790099e-06,0.9999374052242003,1.391189883934849e-05,1.044061453587329,54.4681826254663
25,1.189296173677735,0.756671369936665,-0.4326248037410698,0.001265438252958698,0.9917614269813416,0.004065721008194441,1.35606271944401,10.83103361543386
26,1.173307804521525,0.3877872909495818,-0.7855205135719432,2.883846328794224e-08,0.9999995304466474,9.25377256318341e-08,1.066132691186049,38.75638719586716
27,0.739843193398652,0.4775038370452959,-0.2623393563533561,0.01196933988662864,0.9591068763949012,0.03887285803498399,1.0499368421121,49.05193334331513
28,1.163751624275101,0.3584336368189881,-0.805317987456113,4.581489653033248e-09,0.9999998978240667,1.470122100405882e-08,1.103697939810129,26.69633402609469
29,1.191082645433527,0.2723516086475027,-0.9187310367860243,5.699792203947959e-15,0.9999999999992573,1.828966358749123e-14,1.236177540986073,14.19843682672696
30,1.150840608880614,0.4375033092601617,-0.7133372996204519,6.497709466884023e-07,0.999992280191656,2.08500578978436e-06,1.028789797540856,77.35948452494995
31,1.173019963640866,0.3837135994457502,-0.789306364195116,7.435220137648692e-09,0.9999998425232048,2.385835678947041e-08,1.08855233070944,30.39162390343457
32,1.130195107491826,0.7517023488797989,-0.3784927586120275,0.006901166536637233,0.9697748404080094,0.02229855549963162,1.68042800372079,7.699256562381492
33,0.7283349857478323,0.5664895223964299,-0.1618454633514024,0.1035385031859358,0.8039214040247769,0.3706098308842167,1.083518947561265,31.90022807272571
34,1.079341798955094,0.2556390925762387,-0.8237027063788552,1.583755798849761e-11,0.999999999191908,5.08200294496624e-11,1.063823890530398,39.92771408124874
35,0.7719506826756874,0.2108093117982437,-0.5611413708774438,2.591427723663459e-08,0.9999988493821738,8.315450951442664e-08,1.047935719447666,50.76160959726953
36,1.069323901863686,0.2883286124125047,-0.7809952894511815,2.81515133067659e-09,0.9999999148448028,9.033341758535785e-09,1.048515187156667,50.25337872839948
37,1.061926598145975,0.3942135191121076,-0.6677130790338676,1.644512414994338e-06,0.9999800520329876,5.276969268791751e-06,1.097858995449243,27.99177591401527
38,1.057009561754422,0.6064863157479428,-0.4505232460064792,0.0006527321759753227,0.9971208007249889,0.002095874560816112,1.367739970877571,10.62044853563598
39,0.9531790230703019,0.3593854480326681,-0.5937935750376337,4.903591278357481e-06,0.9999397566759691,1.573486741683398e-05,1.05746703846027,43.60054317752166
40,1.156648488507474,0.5253937873000133,-0.6312547012074606,3.707706500255565e-06,0.9999622470205974,1.189744355143254e-05,1.163200721856368,18.63501443376174
41,1.185112327559195,0.8755332399259202,-0.3095790876332748,0.007914282425325634,0.901440638701188,0.02559817720363135,1.290614228120204,12.32589797205091
42,0.8455356005427491,0.9363298543035727,0.09079425376082362,0.5981026689036648,0.1159966699398629,4.775373142395412,1.828110936927891,7.104601144838493
43,1.150732981150251,0.3149686038084396,-0.8357643773418113,9.82489973539531e-11,0.9999999968378834,3.152643193455377e-10,1.107552690896416,25.91493652217374
44,1.119092481035176,0.1993459806810579,-0.9197465003541183,5.959978140687377e-15,0.9999999999993662,1.91245559981065e-14,1.054545774110975,45.55157027030415
45,1.180706994105386,0.2779425257608389,-0.9027644683445472,1.531380645463994e-13,0.9999999999921252,4.913939987239486e-13,1.29208468353998,12.28495229833798
46,1.129543320646079,0.5829934735047498,-0.5465498471413291,4.327398649193894e-05,0.9997053566122271,0.0001388648705260691,1.489639482071302,9.027580262504213
47,0.9742906801893477,0.2308859459434363,-0.7434047342459114,7.757188461345662e-13,0.999999999939076,2.489149819262174e-12,1.067440703561075,38.12595468079128
48,1.187572163955233,0.7292573673563216,-0.4583147965989112,0.0005392784056611773,0.9972551082941548,0.001731386366081524,1.775746609211047,7.288196214422536
49,1.069978963711735,0.7289048640942909,-0.3410740996174443,0.008277397442545799,0.96338712646967,0.02678244929754089,2.006271286472423,6.630905104847279
50,1.215252912036272,0.755629654990385,-0.4596232570458872,7.022561960012397e-05,0.998838486202079,0.000225357893073341,1.212595932139428,15.30415160554092
51,1.003878162082901,0.9341590063025557,-0.06971915578034571,0.2282760188334471,0.403302214482599,0.9491721524093366,1.67047749770515,7.749243850507905
52,1.181877972878749,0.748621364833669,-0.4332566080450797,0.001972370025008692,0.991603346311412,0.00634150768891596,1.822810635793299,7.122060387054195
53,0.8960297634587917,0.2606593381537217,-0.63537042530507,2.942773346950967e-07,0.9999928497535245,9.442861852294592e-07,1.069392019728018,37.22671107479552
54,0.9511474985134145,0.520453912418027,-0.4306935860953875,0.000337746536722829,0.998187282409549,0.001084137345716955,1.095962597629403,28.44482479794364
55,1.006668629441804,0.8187062230588206,-0.1879624063829836,0.0974616232514838,0.7064595818836787,0.3465091101024159,1.187283198676244,16.79578581245602
56,1.0632373573849,0.3171137863188822,-0.7461235710660177,5.895003091586816e-08,0.999998888595672,1.891606323358872e-07,1.044602861254833,53.91539366872306
57,0.8115973821969311,0.2952300625392978,-0.5163673196576333,5.452674905956723e-05,0.9993565290498013,0.0001749766030603765,1.08468013680194,31.53714407768596
58,0.8425242642732949,0.2490486252786296,-0.5934756389946653,1.243763671169201e-06,0.9999737658243252,3.991031007317453e-06,1.060852651361516,41.55609182698175
59,0.87214784794194,0.5145798771600306,-0.3575679707819094,0.001616479126186277,0.9930919495764495,0.005195404799134213,1.148029703856696,20.09274257346712
60,1.206707432852381,0.7581343585927552,-0.4485730742596256,0.0002626431351377393,0.9974625447783996,0.0008429985500621287,1.287594777054564,12.41128567638263
61,0.8787699170485477,0.5780214618784906,-0.3007484551700571,0.007047532921087007,0.9763245029709088,0.02277484072360258,1.119273046520065,23.83761254673722
62,1.031214773302894,0.6502288628686099,-0.3809859104342845,0.003742721572449955,0.986843848079193,0.01205487488974422,1.670287576164322,7.750213008445386
63,1.145389531001139,0.7349781819950948,-0.4104113490060447,0.003094451572406645,0.9867582385480098,0.00996039064337839,1.982635825523509,6.683189800419285
64,1.085771981677404,0.3304917472729981,-0.7552802344044055,4.915132325789393e-09,0.9999998920977454,1.577182359495064e-08,1.051219878116266,48.01982403627974
65,1.17096851970293,0.7800092095823949,-0.3909593101205353,0.003835148320808215,0.9726525947366975,0.01235371689877482,1.242966339353271,13.91947625335253
66,0.9540247555069289,0.5571205350620804,-0.3969042204448485,0.00108268655154392,0.9952942766794621,0.003477922467346071,1.114468072701291,24.63981101825858
67,0.7787508228287775,0.5796276356255318,-0.1991231872032457,0.05576687455117156,0.8757700881426169,0.189515077448779,1.110050420275437,25.43664771797787
68,0.5893217352301644,0.7657397118809107,0.1764179766507463,0.8148318079385731,0.08308688041871147,14.12044169709866,1.202164780899975,15.87433711634831
69,1.062586016463976,0.711246149813216,-0.3513398666507596,0.006153273560332971,0.9731701649939547,0.01986705554576388,2.180755777442045,6.314498120497872
70,0.9617094537109244,0.8376359453800628,-0.1240735083308616,0.1914825401628817,0.5625856864130629,0.7599525411607373,1.320415706987716,11.56936364772449
71,0.9577827998404368,0.4034073277131894,-0.5543754721272474,2.860731477070222e-05,0.9997699206900588,9.179863280455839e-05,1.057761570805369,43.41391932767432
72,0.8958215394387917,0.6064182482494556,-0.2894032911893362,0.008559128393593492,0.9702752854899657,0.0277018910590355,1.365014038774395,10.66839331543148
73,0.9152458602931324,0.5720030772518895,-0.3432427830412429,0.0140333801686433,0.9675893423222638,0.04567165746685117,1.120885785535748,23.58213126333664
74,1.105165657874846,0.9474063424652783,-0.157759315409568,0.08961388387752209,0.6043293380222117,0.3158612636994593,1.335600505822126,11.23560212733374
75,1.086527866914989,0.6628747760587582,-0.4236530908562307,0.00099531545124988,0.9955276349267763,0.003196979972933042,1.884547124102091,6.932447972186745
76,1.124844571849253,0.8431785109301652,-0.2816660609190879,0.04711262214676928,0.831434450931499,0.1586508475470877,1.255045870423869,13.45951198373631
77,0.9990362550605756,0.6812592443892564,-0.3177770106713191,0.01460533496124694,0.9569683348484711,0.04756067495732304,1.624144967761529,8.003919885504896
78,1.188608296035485,0.7413073276580056,-0.4473009683774793,0.0005726909168002553,0.9965921940557994,0.001838720749897972,1.623670788372564,8.006729919819069
79,1.218946287023327,0.8045366669158307,-0.414409620107496,0.000266876981609415,0.9939786592808441,0.0008565914399234968,1.372198693964932,10.5435522672105
80,0.9785091941162566,0.6431300215443339,-0.3353791725719227,0.004461607078734516,0.9823726823786089,0.01438069917832654,1.829073905278206,7.101454530440825
81,1.103469629608614,0.9514171011167974,-0.1520525284918167,0.0758214625116084,0.5858358105923926,0.2632588458802795,1.321434325923433,11.54598534173744
82,0.848324870759577,0.9564103905929929,0.108085519833416,0.625600538421475,0.09197260466821787,5.361775089254035,1.840894276405277,7.063452853605298
83,1.208258370435581,0.7341608755684922,-0.474097494867089,8.667059756531263e-05,0.9993210875472107,0.0002781353101546956,1.483525366951233,9.088045721019419
84,1.03827048471155,0.7923512622025064,-0.2459192225090439,0.06935786192981121,0.8042845407569773,0.2391441041858486,1.466452281914088,9.26546791861316
85,1.024514704179485,1.016789503126897,-0.007725201052587893,0.3110570622585321,0.3080542723996694,1.448783555226472,1.342189091449754,11.10002896101388
86,1.088547772604491,0.7154727639146172,-0.3730750086898733,0.00984415220656769,0.9694702753115682,0.03190226054493733,2.007701251129114,6.627826660189913
87,1.119515869714233,0.7346838863364045,-0.3848319833778289,0.01531377885740124,0.9609416655133941,0.04990352283037251,1.806316824279821,7.17794902149301
88,1.034195208451279,0.3106605373403982,-0.723534671110881,2.928935534386114e-08,0.9999992017859294,9.398456162186855e-08,1.041814224814405,56.89937069202396
89,1.145643029536218,0.77714169932761,-0.3685013302086081,0.01147274725587868,0.9539655936401635,0.03724135496132186,1.562601972316727,8.409736871323059
90,1.080058576953211,0.9273604528060819,-0.152698124147129,0.1318817645896822,0.5903733530251458,0.4874752433743517,1.408719310853864,9.977425130792362
91,0.8950241547626308,0.7750939893793675,-0.1199301653832633,0.201658413161465,0.5975942760033203,0.8105396916215968,1.337872846014539,11.18824450689956
92,1.215331911088817,0.7644398031228348,-0.4508921079659818,0.0001910672070955518,0.9979130225016899,0.0006132193311204652,1.268055360254615,13.01017020830028
93,0.8241911778770259,0.7569227321001809,-0.06726844577684499,0.2982821920509619,0.5003072620605017,1.363991055223867,1.16808213109201,18.2205936313925
94,1.173451903671966,0.7975998455009207,-0.3758520581710453,0.005918634658140682,0.9631996178278037,0.01910496711609393,1.277029342265573,12.72467159334161
95,0.7696224887225032,0.8431049287391564,0.07348244001665327,0.6054651355598023,0.1624945700849497,4.924367398406105,1.477724867519039,9.14687204043271
96,1.119067121208903,0.7463727987771021,-0.3726943224318009,0.009493483752626342,0.9653187482929919,0.03075494600028352,1.986156875888035,6.675229438004957
97,1.197194694932896,0.7651785089033903,-0.4320161860295059,0.001304966629849552,0.9923579641264177,0.00419288750482882,1.459131624258669,9.345669104795283
98,1.184691518371599,0.8039339037939308,-0.3807576145776685,0.004155968768948044,0.9655946841599248,0.01339145125848295,1.302838976443752,11.99756033976394
99,1.16351138798058,0.8184882240414716,-0.3450231639391087,0.01101028882995577,0.9273817980996968,0.03572346960705205,1.296060683713789,12.17627085543563
100,0.7824106629115285,0.7046167453565084,-0.07779391755502008,0.3470201942004522,0.5467776462591668,1.705303535410323,1.065175303078975,39.23273770693406