dN,dS,dN/dS,dS=dN,LRT,p-value,Full Log(L)
0.1741679886536206,0.9139807043139396,0.1905598092296228,0.3115788005943899,27.33571893405235,1.710228579865358e-07,-223.7634296085949
0.04993719327529825,1.137368406857072,0.04390590856421917,0.3008402697166754,82.42326447841867,0,-179.306330512763
0.03302704068420279,0.9022905173075255,0.03660355511964918,0.2486943981404207,73.64238114673265,0,-159.5564980137183
0.008454551483572178,1.31985133942724,0.006405684663881236,0.1854840171260591,83.75853421871125,0,-85.73290580915892
0.02479558994357129,0.7955154955937452,0.03116921050678557,0.2321267091118949,71.36669548612508,0,-150.2635148937407
0.02548578231039178,1.598236953524046,0.01594618510990919,0.2287893060594053,88.99483911422317,0,-102.8860374068414
0.1649989878655902,0.9364271670969061,0.1762005563947028,0.2949344713140631,28.86285980449571,7.768837750887769e-08,-207.4393910061552
0.02487309898485638,0.8832334623340518,0.0281614092372884,0.2398968493831992,76.31650978577136,0,-152.7741782567408
0.1141026311476181,1.071481556035556,0.1064905228698419,0.2845967060028196,45.13861125591723,1.835698260066465e-11,-191.7766658078799
0.008449744495083383,1.426976828869799,0.005921430764769875,0.2171943856858426,96.69136780381075,0,-91.14580220744742
0.02489413639430418,0.61252516509081,0.04064181818654504,0.1855737898370914,52.85329942818365,3.593791930711632e-13,-124.7269564517762
0.05835709036541958,0.9987456522660549,0.05843038238315543,0.2884165628728353,69.76872733553171,1.110223024625157e-16,-190.5637096478053
0.05864336765898028,0.8200598448528358,0.07151108303504869,0.2564769823292061,56.77756088666609,4.884981308350689e-14,-170.5687270508866
0.08541101713932887,0.8146119187569765,0.1048487201975369,0.2211768875667542,35.96180289084583,2.012237598769673e-09,-133.7009642232958
0.1388440578950636,0.960640515076934,0.1445327942304662,0.3462577843139402,43.65909320039611,3.908573464883602e-11,-223.6314515530474
0.1373070100567295,1.253155448136252,0.1095690165660921,0.3721392857736566,57.27018542635415,3.796962744218035e-14,-233.8657494459053
0.2626292366663164,0.7982233109267154,0.3290172475186312,0.3448413226515936,10.55520797250949,0.001158611758767081,-237.0924598011099
0.09779086970844597,0.9724940651899313,0.10055677788568,0.2752262470382327,48.96187578525087,2.609912286288818e-12,-189.2689045483107
0.2040181303139622,0.8224489170463551,0.2480617654001522,0.3109943563298953,17.9450294326125,2.273774272998352e-05,-231.0192665037698
0.2381154811911391,1.099718464005023,0.2165240368193468,0.3766099288500679,24.01062981455652,9.58053116173474e-07,-235.1324328774172
0.1545028228976895,1.148437922858951,0.1345330207427026,0.2913258575519801,32.2961925135296,1.323724652113611e-08,-176.6084881318616
0.09463948723023005,0.7931050184385557,0.1193278128747108,0.2767162103156678,42.01032306618026,9.079281770851821e-11,-196.7325356367525
0.1642493078726393,0.7952646766668157,0.2065341422695343,0.2799553025765002,21.34689137727742,3.832416797133753e-06,-176.8297779841592
0.1652480755902322,0.8963182788294738,0.1843631659571131,0.2816956942465112,22.96754846219687,1.647592868248005e-06,-173.4036960304434
0.3897484901532092,0.9938210555691049,0.3921716972780601,0.5034854710301317,11.14893880760485,0.0008407975718345284,-278.8407511450503
0.1838813860834606,0.7914473950194756,0.2323355756056733,0.2874729526927211,18.8583543834597,1.407931008523544e-05,-199.4459690698324
0.1689823037601973,1.161992760373299,0.1454245753699105,0.383783837603795,46.2207820662897,1.056499332463545e-11,-243.3037512820423
0.08691990138829193,0.7124654326932842,0.121998762886944,0.2068637368488122,28.91840907575903,7.549201863632504e-08,-134.9955343421367
0.201489032460978,1.378462642843851,0.1461693818885756,0.3622123405796693,34.00151480980253,5.50691825473848e-09,-205.6280263159907
0.1835413038581416,0.9016440660899059,0.2035629255057284,0.3033747936899693,21.67266151131349,3.233670957336621e-06,-190.2065635973057
0.1641616616962203,1.027726938273642,0.1597327612838252,0.3797954424567602,43.51023691139164,4.21747081702506e-11,-240.2859346120588
0.3673047053897338,1.140663473460142,0.3220097021915978,0.483041197840951,13.37272214176267,0.0002553105212991236,-283.6395301869979
0.1177214903915329,0.9140985602833357,0.1287842422102095,0.3199156935746582,46.9543917254797,7.265854584659337e-12,-210.2625236347458
0.2831115481537324,0.7748884267991373,0.3653578223166819,0.3676138372637949,9.574536325172346,0.001972946751789495,-230.5808449517087
0.4338024071560408,0.9015745477228574,0.4811608848671613,0.5153831119164357,6.259990541357297,0.01234948630371202,-283.2111551788221
0.366990169669151,1.077384883993486,0.3406305166532947,0.4769537675092673,12.91727874588491,0.0003255628195080185,-270.6119355796098
0.5284208894060598,0.768068199497732,0.6879869388572702,0.5696577083451574,1.416732057542845,0.2339420401890742,-305.7488179490917
0.3325444257839945,1.021716308548777,0.3254762824098728,0.4430743139076208,13.90317213582068,0.0001924733520234367,-258.1605684231646
0.2148956083258442,1.474486430027182,0.1457426829773419,0.397304852698233,38.22744376494529,6.29606700108809e-10,-204.1174205182185
0.343979157832179,0.9282792119545987,0.3705557050102321,0.3813144156356706,4.695861108634972,0.03023534482921586,-255.6515121743922
0.4274991907108661,1.200023038463836,0.3562424861926924,0.5325143178297488,10.96965658829868,0.0009261592190140666,-289.7315003318288
0.2254497355285957,0.6430998171066902,0.3505672518193138,0.3036796151664641,8.929449565287996,0.00280608900012691,-189.199429480097
0.4080906883764379,1.249515478064784,0.3265991462614596,0.5455591792326039,15.63546800372171,7.680048152314267e-05,-289.0792603181416
0.4576538067114963,0.8208034279673998,0.5575680986674353,0.5352741120486303,4.53638118462834,0.03318166962993685,-295.3844159697152
0.2263866384089007,0.9181208443155784,0.2465760796201754,0.3537414584016323,18.7479483822388,1.491837672940033e-05,-199.280122373441
0.5032511734627874,1.001312782628487,0.5025913802295947,0.6073677301317392,6.776100077724436,0.009238653108449735,-338.7828633193418
0.1835508282566634,0.8356688022414069,0.2196454238381864,0.2851169085535876,18.00763504288841,2.200207501601437e-05,-179.3332237869815
0.1749155603621794,0.848281501100544,0.2061998996031947,0.3022650145859934,23.08828334101906,1.547307138638487e-06,-175.1409050085066
0.4794875149079728,1.077191622321554,0.4451274081342979,0.556797891161226,6.249081561936237,0.0124257718293348,-301.3044588384885
0.4802154427341718,1.07612552360281,0.4462448220040692,0.5930126450795101,8.78777922989741,0.003032551958222274,-312.8351679828567
0.5599128972443094,0.6144084028108091,0.9113041011203745,0.5713725275902199,0.09771957593784464,0.7545835864972078,-309.9251387798454
0.3069024436138554,1.03181184325681,0.2974403188135046,0.4373382037180552,16.01014032332313,6.300412540405365e-05,-246.2182614799976
0.1794828122647303,0.7881569778682693,0.2277247011758724,0.2787400111441278,16.83247755696999,4.082855377574024e-05,-171.6576980683167
0.4465514543770487,0.9655927309650447,0.4624635625940874,0.5340025690850433,6.983307631446564,0.0082273413544941,-300.9823604615976
0.1952831719636879,1.136693647272178,0.1717992991623785,0.3353768765240012,27.78049034884594,1.358895647118885e-07,-187.6691005014976
0.1949152461369963,0.9183092594263732,0.2122544710686584,0.3038248355702767,19.26543598405965,1.137469931900004e-05,-178.9249398785725
0.4916709691212021,0.9565295866197956,0.5140154324537721,0.5618397803148468,4.731848422781923,0.02960904833461608,-317.6714281377541
0.5247272080500797,1.164594290535981,0.4505665297470972,0.6342218059871044,7.620842991834934,0.005769751121920463,-314.7590994913471
0.5355951986133796,1.502917845361819,0.3563702435673973,0.6746039581808045,12.89122614789301,0.0003301260821426677,-343.6573985763461
0.601693978897386,1.064910050513445,0.5650185934551751,0.6908535287765948,4.395551401387365,0.03603280602169079,-340.7173878997114
0.193920491055592,0.9360093635984965,0.2071779392356321,0.3176463105394173,22.03839345094286,2.67250811014641e-06,-181.9234950536217
0.483739306006657,0.7889160484609588,0.6131695596132823,0.5382283548491614,2.771279553233626,0.09596941785659863,-318.9074010162251
0.5558223954564108,1.127414227365434,0.493006369766389,0.6224316933728553,4.372163737028472,0.0365305776214081,-328.5073539999162
0.2527537694500641,1.170947709293887,0.2158540193075585,0.4085216676438976,25.75362761230917,3.878972364423916e-07,-217.920885249531
0.6118791754830751,0.6707468960918144,0.9122355676161322,0.6229114821617088,0.08107080658180621,0.7758514977772792,-309.4651395612206
0.3131859520038111,0.9163634345155512,0.3417704594131709,0.4693083729966606,16.91829945544418,3.902356353224778e-05,-285.8774906553597
0.21018040776934,1.278924960054982,0.1643414698547319,0.3702257615653867,31.35648008558007,2.147407707209226e-08,-192.703831274913
0.7072855280300404,1.346528745063314,0.5252658219314759,0.8097922590744385,5.522507249464184,0.01877333327317321,-370.4332075476345
0.5667521600575149,0.695258415672011,0.815167637359288,0.6019235995171963,0.6238696050739918,0.4296129408736759,-319.4739399089239
0.5451604504854665,1.269992031865637,0.4292628904802006,0.7031743409141734,11.9745228281389,0.0005393287581146877,-356.239193830945
0.5579730436221934,1.415912736460639,0.3940730450783005,0.6613481294692948,9.576265122260111,0.001971089786535152,-337.6358269113946
0.6291809876310899,1.072052123560062,0.5868940267024619,0.6991929424586291,3.447662959102331,0.06334127249984145,-340.1860980344094
0.5450742028524248,1.052594118481814,0.5178389212725228,0.6202053552756687,4.722317621234311,0.02977358795139984,-320.4756544525139
0.8684530409514351,1.320232419538567,0.6578031474601774,0.9639284068453166,2.079560801619664,0.1492831244373015,-382.502150562702
0.6577331616384314,1.186139959702674,0.5545156423220943,0.7476820422366235,4.345578707138657,0.03710515498090727,-355.4564803604494
0.4860734979638491,0.6482852104884546,0.7497834133800677,0.5205883807391105,0.8689244338379467,0.3512532430277855,-277.4329438216932
0.6775248580992773,2.338371643007088,0.2897421631524735,0.8517306949112727,15.56986140118545,7.951195176303383e-05,-376.0267435339572
0.5600836774432119,1.407819255432294,0.3978377730536359,0.6865773192695549,9.964012733715322,0.001596297533163593,-307.8985915925192
0.4836734450322082,0.9204197118448504,0.5254922714146937,0.5792024552736691,5.766885821330561,0.0163309495024011,-307.2713243592643
0.4369915026086236,1.374103589270941,0.3180193298530559,0.5697061224204877,14.40386047033792,0.0001474996185634181,-288.0196911394998
0.5461743435797669,1.054720103751432,0.5178381844027929,0.6318687900520824,4.811125915343723,0.02827656460939731,-299.6051941860719
0.820197966793873,0.6927658723984256,1.18394684188796,0.7853986073047652,0.4154614252710189,0.519210436802694,-375.9174719228071
0.7710050467790042,1.490694221955712,0.5172120716799226,0.8607157502914902,4.656442529004153,0.03093722709625435,-377.2133203423248
0.581013035850112,0.7020563209172216,0.8275875005170965,0.6032665771774771,0.348960753008555,0.5547020129435837,-315.8340216800607
0.6437768665642591,1.05826747345994,0.6083309585803202,0.7134913115381143,2.505355351297112,0.1134598898966995,-309.4735821275325
0.703095479317538,1.259384896400988,0.5582848272413079,0.7839963986428379,3.353326051685713,0.06706936815670672,-361.1443951771022
0.6473893278466002,0.8599469023565122,0.7528247686834612,0.6944116059163364,1.151399780977727,0.2832563181345956,-342.2511310886908
0.6750288900382188,1.236390542548665,0.5459673677596488,0.7674312591509865,4.09824844929733,0.0429276637267092,-363.2981137821192
0.511059810421894,1.092235965791982,0.4679023822945838,0.621293755368987,7.621662328039065,0.005767130375219365,-307.6038092663291
0.7894227222571374,1.037802972577256,0.7606672394632896,0.8346980825605583,0.9217273417425531,0.337021837173162,-349.5659793228787
0.8317261832733068,1.043605613488829,0.7969736579825423,0.8806939688641817,0.775010044994815,0.3786716033665182,-390.6709927886749
0.6941867804181517,1.019102688135153,0.6811745160720145,0.7464605925412855,1.668311112260653,0.1964848998837715,-344.9581626691841
0.7474605045005315,0.7557274888022225,0.9890608924193115,0.749133369678604,0.001437484152347679,0.9697561165624885,-345.1654607275531
0.6974118315885982,1.332679859419553,0.5233153533905399,0.8092825396131198,5.970723226110977,0.01454531409044013,-364.4843381782685
0.62636147293767,0.8253397231162006,0.7589135181483125,0.6674422465221103,0.9851547888049481,0.3209294768550767,-333.6288110699844
0.7128457089425613,1.374428238667224,0.5186489107891176,0.8213408757309785,6.205458435277478,0.01273569607209946,-366.4890875162991
0.8733327547126336,1.000944604087723,0.8725085795418251,0.9063607281523709,0.2986656620478243,0.584720142495994,-392.6789378374831
0.6928383196671902,1.278718771231222,0.5418222796558203,0.7898748340137186,4.778597729574358,0.02881557638300658,-366.7123887133152
0.5163316676176399,0.9865610713632682,0.5233651343085663,0.591383230762743,4.82602128960707,0.02803325244390553,-325.4815054335195
0.8226876299638819,0.7459820481679955,1.102824970097152,0.8045270750939266,0.1192966293485824,0.7297986071967788,-362.0273976654807