Codon,alpha,beta,beta-alpha,Prob[alpha<beta],Prob[alpha>beta],BayesFactor,PSRF,Neff
1,1,0.0200199,-0.97998,2.68573e-157,1,3.74311e-156,0.999931,506.904
2,1,0.0501032,-0.949897,3.76752e-144,1,5.25081e-143,0.996939,1278.57
3,1,0.0152016,-0.984798,3.63929e-163,1,5.07209e-162,nan,nan
4,1,0.242764,-0.757236,6.87923e-87,1,9.58761e-86,0.997264,1096.6
5,1,0.175836,-0.824164,9.1909e-111,1,1.28094e-109,1.00231,343.607
6,1,0.338195,-0.661805,2.73398e-60,1,3.81035e-59,0.998245,767.255
7,1,0.0490488,-0.950951,1.65006e-165,1,2.29969e-164,nan,nan
8,1,0.214192,-0.785808,5.67802e-98,1,7.91347e-97,1.00096,420.453
9,1,0.014397,-0.985603,9.67302e-192,1,1.34813e-190,nan,nan
10,1,0.0147102,-0.98529,1.9313e-187,1,2.69165e-186,nan,nan
11,1,0.0570609,-0.942939,1.77416e-157,1,2.47265e-156,0.997192,1131.89
12,1,0.0516974,-0.948303,5.68615e-142,1,7.92481e-141,0.996994,1243.51
13,1,0.356178,-0.643822,4.81927e-57,1,6.71662e-56,0.9986,692.347
14,1,0.397747,-0.602253,1.1497e-45,1,1.60235e-44,0.997496,995.296
15,1,0.096442,-0.903558,2.97455e-136,1,4.14564e-135,0.997974,836.771
16,1,0.0576101,-0.94239,1.26003e-137,1,1.75611e-136,0.997378,1044.27
17,1,0.110909,-0.889091,3.64894e-129,1,5.08554e-128,0.998111,799.999
18,1,0.385529,-0.614471,1.31334e-48,1,1.83041e-47,0.998215,774.386
19,1,0.0544032,-0.945597,2.64482e-140,1,3.68609e-139,0.997161,1148.41
20,1,0.0723759,-0.927624,2.81301e-128,1,3.92049e-127,0.998499,712.189
21,1,0.0745466,-0.925453,8.21228e-128,1,1.14455e-126,0.998599,692.413
22,1,0.341347,-0.658653,2.48181e-62,1,3.4589e-61,0.998172,784.817
23,1,0.420571,-0.579429,2.49868e-51,1,3.48242e-50,0.996802,1374.75
24,1,0.493869,-0.506131,4.71663e-32,1,6.57358e-31,0.999041,617.412
25,1,0.334828,-0.665172,2.13605e-71,1,2.97701e-70,0.99825,766.176
26,1,0.229565,-0.770435,1.02512e-78,1,1.42871e-77,0.998103,802.047
27,1,0.423678,-0.576322,1.62959e-45,1,2.27116e-44,0.996818,1362.36
28,1,0.284002,-0.715998,3.4611e-68,1,4.82374e-67,1.00012,487.949
29,1,0.0799017,-0.920098,2.75085e-125,1,3.83387e-124,0.998275,760.428
30,1,0.441631,-0.558369,3.95605e-41,1,5.51356e-40,0.996778,1393.27
31,1,0.163567,-0.836433,1.54988e-109,1,2.16008e-108,0.999064,613.928
32,1,0.266495,-0.733505,3.20413e-70,1,4.46561e-69,0.999078,611.791
33,1,0.481145,-0.518855,2.92454e-33,1,4.07594e-32,0.997967,838.471
34,1,0.134659,-0.865341,4.33128e-105,1,6.03652e-104,1.0023,343.78
35,1,0.611199,-0.388801,5.35521e-18,1,7.46357e-17,0.999453,560.815
36,1,0.157773,-0.842227,1.36e-111,1,1.89544e-110,0.998772,660.961
37,1,0.751855,-0.248145,8.24801e-09,1,1.14953e-07,1.00153,383.984
38,1,0.347585,-0.652415,2.52364e-61,1,3.5172e-60,0.998238,768.975
39,1,0.881867,-0.118133,0.0122334,0.97925,0.172608,0.995918,2676.65
40,1,0.471846,-0.528154,1.27814e-34,1,1.78135e-33,0.997401,1034.22
41,1,0.361437,-0.638563,8.00335e-58,1,1.11543e-56,0.998887,641.636
42,1,0.192764,-0.807236,1.27792e-98,1,1.78104e-97,1.00509,250.056
43,1,1.0005,0.000496377,0.502088,0.366331,14.0539,0.999858,514.472
44,1,0.3385,-0.6615,9.16743e-56,1,1.27767e-54,0.998278,759.696
45,1,0.292007,-0.707993,8.41492e-72,1,1.17279e-70,1.00042,461.848
46,1,0.398531,-0.601469,9.40105e-42,1,1.31023e-40,0.997473,1004.51
47,1,0.358117,-0.641883,2.17552e-64,1,3.03203e-63,0.998877,643.266
48,1,0.647871,-0.352129,6.31276e-16,1,8.79811e-15,0.997537,979.332
49,1,0.838338,-0.161662,0.000207257,0.999595,0.00288915,0.99715,1154.04
50,1,0.776148,-0.223852,2.51715e-07,0.999999,3.50816e-06,1.00008,492.182
51,1,0.313807,-0.686193,1.26952e-61,1,1.76933e-60,0.999547,549.349
52,1,0.226781,-0.773219,2.61018e-88,1,3.63782e-87,0.998217,773.972
53,1,0.541176,-0.458824,3.24788e-29,1,4.52658e-28,1.00282,321.257
54,1,0.243467,-0.756533,4.44305e-73,1,6.19229e-72,0.997635,943.273
55,1,0.495476,-0.504524,7.01529e-30,1,9.77723e-29,0.999193,595.244
56,1,0.841587,-0.158413,0.000273754,0.999468,0.00381636,0.997056,1206.4
57,1,0.614395,-0.385605,3.45316e-21,1,4.81267e-20,0.999023,620.084
58,1,0.798881,-0.201119,3.88686e-06,0.999992,5.41715e-05,0.998869,644.571
59,1,0.759847,-0.240153,4.07562e-08,1,5.68021e-07,1.00104,414.946
60,1,0.790101,-0.209899,1.90182e-06,0.999996,2.65058e-05,0.999317,578.305
61,1,0.446747,-0.553253,3.97705e-36,1,5.54283e-35,0.996787,1385.78
62,1,0.512541,-0.487459,3.95766e-31,1,5.51581e-30,1.00104,414.989
63,1,0.556139,-0.443861,7.16307e-22,1,9.98319e-21,1.00276,323.909
64,1,0.795786,-0.204214,6.02025e-06,0.999988,8.39049e-05,0.998983,626.236
65,1,0.633315,-0.366685,3.05105e-17,1,4.25225e-16,0.997928,849.688
66,1,0.319557,-0.680443,3.6032e-57,1,5.0218e-56,0.999217,591.883
67,1,0.82951,-0.17049,0.000113629,0.999776,0.00158383,0.997415,1028.45
68,1,0.871441,-0.128559,0.00274485,0.994928,0.0383604,0.996234,1998.81
69,1,0.878701,-0.121299,0.00530205,0.990441,0.0742887,0.996048,2350.18
70,1,0.865091,-0.134909,0.00179809,0.996648,0.0251052,0.996393,1773.37
71,1,0.428571,-0.571429,3.9721e-37,1,5.53593e-36,0.996824,1358.32
72,1,0.756054,-0.243946,1.25194e-08,1,1.74484e-07,1.0013,397.816
73,1,0.447783,-0.552217,3.4103e-34,1,4.75295e-33,0.996802,1374.36
74,1,0.555896,-0.444104,1.74946e-27,1,2.43822e-26,1.0027,326.477
75,1,0.663296,-0.336704,4.63531e-15,1,6.46024e-14,0.99762,948.777
76,1,0.73773,-0.26227,4.45699e-10,1,6.21171e-09,1.00223,347.236
77,1,0.774908,-0.225092,2.74341e-07,0.999999,3.8235e-06,1.00015,485.622
78,1,0.687461,-0.312539,1.75131e-11,1,2.44081e-10,0.998792,657.615
79,1,0.787148,-0.212852,1.3771e-06,0.999997,1.91927e-05,0.999474,558.199
80,1,1.10819,0.108193,0.982949,0.00357934,803.455,0.995483,5024.13
81,1,0.912038,-0.0879619,0.0414445,0.931559,0.602587,0.997107,1177.12
82,1,0.660414,-0.339586,2.47856e-13,1,3.45438e-12,0.997743,906.419
83,1,0.738367,-0.261633,1.03977e-09,1,1.44913e-08,1.00208,354.341
84,1,0.742489,-0.257511,1.74464e-08,1,2.43151e-07,1.00156,382.448
85,1,0.904518,-0.0954823,0.0271324,0.954085,0.388691,0.996586,1559.89
86,1,0.798828,-0.201172,6.05797e-06,0.999987,8.44307e-05,0.998844,648.743
87,1,0.770947,-0.229053,6.28723e-08,1,8.76254e-07,1.00038,465.344
88,1,0.850932,-0.149068,0.000609199,0.998836,0.00849559,0.99679,1384
89,1,0.914023,-0.0859772,0.0512399,0.917377,0.7527,0.997206,1125.14
90,1,0.897051,-0.102949,0.0147592,0.974038,0.208781,0.996243,1984.91
91,1,1.15477,0.154772,0.999417,5.6614e-05,23889.1,0.996187,2076.97
92,1,0.893251,-0.106749,0.0124122,0.978114,0.175163,0.996111,2218.23
93,1,1.01783,0.0178328,0.621472,0.239399,22.8819,0.998479,716.13
94,1,0.89737,-0.10263,0.0217064,0.963361,0.309235,0.996206,2044.87
95,1,0.832025,-0.167975,6.75548e-05,0.999864,0.000941577,0.9974,1034.8
96,1,0.929082,-0.0709178,0.0884348,0.86074,1.35209,0.998559,700.3
97,1,1.05028,0.0502783,0.7953,0.105693,54.1481,0.996313,1880.73
98,1,1.10983,0.109834,0.982977,0.00374239,804.791,0.995473,5128.52
99,1,0.884787,-0.115213,0.0144177,0.975703,0.203879,0.99593,2642.57
100,1,1.08945,0.0894464,0.94916,0.0154448,260.2,0.995141,16176.3