ObservedSChanges	ObservedNSChanges	E[SSites]	E[NSSites]	ObservedS.Prop.	P{S}	dS	dN	dN-dS	P{Sleq.observed}	P{Sgeq.observed}	ScaleddN-dS
11	0	1.000000000000001	2.000000000000003	1	0.3333333333333333	10.99999999999999	0	-10.99999999999999	1	5.645029269252255e-06	-0.7587238837512136
33	0	1.000000000000001	2.000000000000002	1	0.3333333333333333	32.99999999999997	0	-32.99999999999997	1.000000000000002	-1.554312234475219e-15	-2.276171651253642
17	1	0.6506823051328322	2.181790899986029	0.9444444444444444	0.229722316157101	26.12642124412707	0.4583390644843204	-25.66808217964275	0.999999999996826	1.947645378308493e-10	-1.770453363616717
33	3	0.9978263199509341	2.001089718887298	0.9166666666666666	0.3327289950863339	33.07188770248383	1.499183155899748	-31.57270454658409	0.9999999999999827	3.766986722553156e-13	-2.177724092192173
24	0	0.6506823051328321	2.181623537168449	1	0.2297358906000579	36.88435940347352	0	-36.88435940347352	0.9999999999999983	2.109423746787797e-15	-2.54409494693446
12	3	0.6508827452202867	2.18168558728273	0.8	0.2297853639580621	18.43650041135855	1.375083567259787	-17.06141684409877	0.9999996763448529	4.828865309947084e-06	-1.176809495477546
35	6	0.982012488754836	2.017794551859049	0.8536585365853658	0.3273585518866825	35.64109458972258	2.973543562436541	-32.66755102728604	0.9999999999996184	4.801270492293952e-12	-2.253241017096677
21	13	0.6603442401471032	2.324664694518099	0.6176470588235294	0.2212201888170118	31.80159487015724	5.592204342697642	-26.2093905274596	0.9999998768764432	7.500999750220672e-07	-1.807790051976949
25	2	0.6508519976019708	2.182250859458421	0.9259259259259259	0.2297311571233564	38.41119039675864	0.9164849180063328	-37.49470547875231	0.9999999999999993	2.298161660974074e-14	-2.586193505540627
42	3	0.9952327354927643	2.002206260429712	0.9333333333333333	0.3320276865839856	42.20118420763638	1.498347128010749	-40.70283707962563	1.000000000000001	-8.881784197001252e-16	-2.807474057158773
8	2	0.6511179846557948	2.183549629960348	0.8	0.2296981774154026	12.28655971502476	0.9159397947993143	-11.37061992022545	0.999985879831759	0.0002210364941809262	-0.784287355139307
8	3	0.9981889912670222	2.000755156818513	0.7272727272727273	0.3328468094026512	8.014514355488366	1.499433846153584	-6.515080509334782	0.9986444886467959	0.008736522008307768	-0.4493770169994842
13	10	0.6568381794427907	2.332761152434376	0.5652173913043478	0.2197077623209002	19.79178495840203	4.286765487998803	-15.50501947040323	0.9999360088743304	0.0003300723050577714	-1.069457144565685
8	6	0.9958262709278918	2.001760314301664	0.5714285714285714	0.3322093432879542	8.033529776780998	2.997361850533622	-5.036167926247376	0.9829689981171035	0.05653964404923228	-0.3473691716568827
33	5	0.9966265782825103	2.002759665466376	0.868421052631579	0.3322768384230643	33.11169972696193	2.496555171454218	-30.61514455550771	0.9999999999991639	1.16290310714362e-11	-2.111676488978151
13	3	0.6506823051328327	2.182994066208937	0.8125	0.2296247770964505	19.9790280102148	1.374259347030614	-18.60476866318419	0.9999999160379044	1.347355678582574e-06	-1.283262030584
36	9	0.98246911885494	2.017530881145064	0.8	0.3274897062849796	36.64237308746937	4.460898261389678	-32.18147482607969	0.9999999999884253	9.946077295097666e-11	-2.219713960444102
37	8	0.9891821867210958	2.010593197907196	0.8222222222222222	0.3297520847027243	37.40463637203801	3.978925228796712	-33.4257111432413	0.9999999999985161	1.455702225428013e-11	-2.305535034158753
11	3	0.6515602866265	2.181543372842702	0.7857142857142857	0.2299810966848186	16.88255135522959	1.375173208722773	-15.50737814650682	0.9999987632917768	1.705716763999998e-05	-1.069619834010579
12	5	0.656905322248952	2.178799366481605	0.7058823529411765	0.2316550538071103	18.2674726380924	2.294841864248456	-15.97263077384394	0.9999949906295307	4.458545739016717e-05	-1.10171058676864
8	25	0.6696451887905854	2.321151980858602	0.2424242424242424	0.2239019066843416	11.946625069387	10.77051404051208	-1.176111028874923	0.6892080392993236	0.4659939316234618	-0.08112213886823801
21	6	0.9766056514329543	2.008751612091657	0.7777777777777778	0.3271319193066834	21.50304984328845	2.986929774633693	-18.51612006865475	0.9999997383171316	2.032066149681988e-06	-1.27714750277214
9	1	0.999505849067494	2.000494150932511	0.9	0.3331686163558307	9.004449557145367	0.4998764927824756	-8.504573064362893	0.9999831484112428	0.000354133304263593	-0.5866020640944892
10.5	22.5	0.6745620371734647	2.317445864112093	0.3181818181818182	0.2254546309465392	15.56565507895593	9.708964661671031	-5.856690417284899	0.9225050714572005	0.1483745812982695	-0.4039646272119018
12	4	0.9953263786783743	2.002499129325924	0.75	0.3320161150209771	12.05634679946288	1.99750398960047	-10.05884280986242	0.999889246563193	0.0007609509308121876	-0.6938076620674356
16	10	0.6553652826084168	2.222052575678521	0.6153846153846154	0.2277615955989745	24.4138657090874	4.500343560478727	-19.91352214860868	0.9999957430081955	2.52675845431316e-05	-1.373533169432564
19	1	0.6506823051328321	2.1830908659414	0.95	0.2296169332728103	29.2001178610832	0.458066137145774	-28.74205172393743	0.9999999999998348	1.130329163601118e-11	-1.982480100996736
19	7	0.6580055861304916	2.181583869476548	0.7307692307692307	0.2317256055558302	28.8751348020198	3.208677923383981	-25.66645687863582	0.9999999896931816	9.968157477224793e-08	-1.770341258644695
30	3	0.9971258632595723	2.001198461342204	0.9090909090909091	0.3325610425389876	30.08647263639413	1.499101692286881	-28.58737094410725	0.9999999999996357	7.713607530490663e-12	-1.971811009904516
20	12	0.9852446843632876	2.00476500476502	0.625	0.3295122045743339	20.29952591210879	5.985738962660378	-14.31378694944841	0.9998438902034464	0.0005805639477188818	-0.9872920023157225
27	18	0.7139074894356389	2.154329159862351	0.6	0.248901181013209	37.82002626326858	8.35526916469445	-29.46475709857413	0.9999998712109044	6.183010711202641e-07	-2.032328630874212
29	9	0.6531385385265146	2.196969840597365	0.7631578947368421	0.2291627024819627	44.40099349431166	4.096551456324436	-40.30444203798722	0.9999999999995792	4.776512518844811e-12	-2.779994799589762
9	22	0.6761807935908958	2.314250567431677	0.2903225806451613	0.2261148014979608	13.3100497460228	9.506317211111368	-3.803732534911436	0.8569785375923845	0.2537697349478734	-0.2623620656035325
11.5	26.5	0.6727269287106611	2.279460576303437	0.3026315789473684	0.2278740518913783	17.09460333636523	11.62555750052699	-5.469045835838235	0.894990980673753	0.1849440858794712	-0.3772268815436903
10	37	0.70050089797751	2.136284337273993	0.2127659574468085	0.2469347659007416	14.27549918761283	17.31979182472212	3.04429263710929	0.3637972852691273	0.7572057246728152	0.2099797757184352
9	10	0.6724855561713921	2.326064931171083	0.4736842105263158	0.2242702128945629	13.38318706982939	4.29910612811887	-9.084080941710519	0.9960975564576007	0.01436451290211704	-0.6265735611277269
12	26	0.6592444812927631	2.336370688153628	0.3157894736842105	0.2200698167163427	18.20265522203277	11.12837108076677	-7.074284141265997	0.9423530320998412	0.1121899883246232	-0.4879480307655421
16	21	0.6958928900808472	2.301142498743145	0.4324324324324325	0.2321937514237724	22.99204407468678	9.125901595172804	-13.86614247951397	0.9980298322850804	0.005548381672537239	-0.9564157704276852
37.5	37.5	1.216494116129758	1.644636987653398	0.5	0.4251794384819479	30.8262896653419	22.80138430639686	-8.024905358945038	0.9212801808338112	0.1181830542805933	-0.5535170327886103
12	6	0.6526450666327752	2.186022019614416	0.6666666666666666	0.2299125071040271	18.38671678300153	2.744711602245579	-15.64200518075595	0.999987016104974	9.744624238716693e-05	-1.078905720036343
11.5	28.5	0.6648416365286683	2.320669785665096	0.2875	0.2226893628965387	17.29735228383837	12.28093724322437	-5.016415040613994	0.8743131201759576	0.213457054938771	-0.346006718374787
11	14	0.8297634446210123	2.164695617348412	0.44	0.2770996121333799	13.25679031934717	6.467421972770905	-6.789368346576269	0.9755957102516652	0.05949362284618165	-0.4682959927392644
13	21	0.9163191358035685	2.073880782597515	0.3823529411764706	0.3064407600858813	14.18719689685364	10.12594367825604	-4.061253218597603	0.8730149921172832	0.216686585025704	-0.2801245286283176
5	32	0.3533617626993577	2.639131460515264	0.1351351351351351	0.1180827277930362	14.14980489627575	12.12520121818877	-2.024603678086974	0.7322384066128478	0.4472378117943936	-0.139646833245013
16	10	0.6515882702153289	2.182841716262816	0.6153846153846154	0.2298833533810249	24.55538371602748	4.581184208409179	-19.9741995076183	0.9999951284675735	2.858100483937864e-05	-1.377718384112887
16	55	0.6740377199710865	2.293885814770782	0.2253521126760563	0.2271075086945291	23.73754394737187	23.97678195045463	0.2392380030827645	0.5524442609873651	0.5601760747997873	0.01650141698544002
12	10	0.6509969885552888	2.183688753039467	0.5454545454545454	0.2296540244313102	18.43326499348445	4.57940720081149	-13.85385779267296	0.9997119002501248	0.001312367503691569	-0.9555684353994413
16	8	0.6530325142536607	2.199564572602767	0.6666666666666666	0.2289256051135161	24.50107712980588	3.637083493545052	-20.86399363626083	0.9999991765063927	6.052819883528571e-06	-1.439091843842222
24.5	39.5	0.9838628792175662	1.98365959180666	0.3828125	0.3315435312872259	24.90184406538851	19.91269074752113	-4.98915331786738	0.8403094715078983	0.2301037283789272	-0.3441263438147815
8	10	0.7060082790594092	2.209064497368998	0.4444444444444444	0.2421923338478094	11.33131188016397	4.526803093304895	-6.804508786859071	0.9842710193894	0.04808317165838027	-0.4693403030713618
9	11	0.6530887232453756	2.329005476968836	0.45	0.2190033846678829	13.78066973086987	4.723045999151674	-9.0576237317182	0.9947769579993393	0.01805828150121103	-0.6247486777533092
29.16666666666666	48.83333333333334	1.009077326284345	1.924461047556812	0.3739316239316239	0.3439795897276999	28.90429296837443	25.37506976061137	-3.529223207763057	0.7516521240589495	0.3280089545913745	-0.2434278126199005
11	4	0.6546740772835953	2.181555461797202	0.7333333333333333	0.2308254914712477	16.8022537957234	1.833554117714126	-14.96869967800927	0.9999949207464568	5.243292322920645e-05	-1.032464541309523
16	53	0.6677506081238929	2.167889059530349	0.2318840579710145	0.2354850003478346	23.96104145071988	24.4477455001696	0.4867040494497274	0.5383782332996396	0.5745061043659361	0.03357036242144913
26	49	0.6992222429904592	2.15496148952607	0.3466666666666667	0.2449815108342574	37.18417178607227	22.73822536419263	-14.44594642187964	0.982721734929485	0.03115462683331716	-0.9964076885154985
13	30	0.7510780624467204	2.110920130440783	0.3023255813953488	0.2624313545386794	17.30845387448949	14.21181198065304	-3.096641893836454	0.7820334639110744	0.3287523250411348	-0.2135905603889373
8	31	0.916648356168226	2.083351643831777	0.2051282051282051	0.3055494520560751	8.727447058806284	14.87986922024535	6.152422161439063	0.1151572531176123	0.9424631020607294	0.4243626942549171
20.5	41.5	0.6954232642889128	2.249193127387861	0.3306451612903226	0.2361676944591458	29.47845010759275	18.45106118041395	-11.0273889271788	0.9662762880457939	0.06017639058244129	-0.7606130322240215
9	43	0.7213079254822712	2.251099668545509	0.1730769230769231	0.2426679056168264	12.47733413435398	19.10177527936085	6.62444114500687	0.1561533232340809	0.9130557963779198	0.4569201557473595
20.5	27.5	0.9248651967389406	2.041901677148395	0.4270833333333333	0.3117417835824409	22.16539239694894	13.46783751037658	-8.697554886572362	0.9658565854601313	0.0630327006086725	-0.5999129656981398
10.5	38.5	0.6766271496533622	2.272490792117838	0.2142857142857143	0.229433736803008	15.51814763179275	16.941762815294	1.423615183501251	0.4795031666421798	0.6519702605782862	0.09819371281756976
13.5	69.5	0.6731377298981434	2.30511745938397	0.1626506024096386	0.2260174790664591	20.05533102719226	30.15030740280519	10.09497637561293	0.1049641899158242	0.9375337749073184	0.6962999710983454
14	17	0.6864832473851177	2.285546837110326	0.4516129032258064	0.2309812578837541	20.39379701300415	7.438044901977822	-12.95575211102632	0.9982066651483795	0.00554779072682221	-0.8936216871450808
16	9	0.6507087835711152	2.17861275798656	0.64	0.2299875691091898	24.58857234443859	4.131069170969908	-20.45750317346868	0.9999978360731309	1.407668944275464e-05	-1.411054205420632
13.5	72.5	0.6496186977729558	2.211130632755443	0.1569767441860465	0.2270799090436096	20.78142154202326	32.78865523637232	12.00723369434906	0.07506767343809066	0.9570151649423222	0.828197725607724
14	12	0.6584837465103428	2.177562815949289	0.5384615384615384	0.2321836866949238	21.2609651706568	5.510748030829461	-15.75021713982734	0.999837587907382	0.0006989563741015559	-1.08636962893225
9	31	0.6696919496634821	2.308673329126196	0.225	0.2248521880216203	13.43901476570305	13.42762512517659	-0.01138964052645619	0.5890068101180093	0.5605666769217537	-0.0007855992995239153
20	37	0.7112826940071948	2.282050726018564	0.3508771929824561	0.2376222739667517	28.11821539945648	16.21348709656116	-11.90472830289533	0.9815566960763223	0.03585826183987895	-0.8211274266341591
13.5	41.5	0.6218278552094411	2.12637289898796	0.2454545454545455	0.2262672602282445	21.71018857856246	19.51680254190213	-2.193386036660335	0.6970150463669287	0.4191648319408176	-0.1512885793000558
2	37	0.1208352960815619	2.877247716151752	0.05128205128205128	0.04030418623784204	16.55145528546586	12.85951146725962	-3.691943818206237	0.7929317212199453	0.4697692851434274	-0.2546514502127931
7	45	0.6956134557093547	2.128034336028664	0.1346153846153846	0.2463527702515579	10.06306008393946	21.1462753387612	11.08321525482174	0.0376784396418384	0.984192778223892	0.7644636475080961
15	34	0.7224340118288888	2.276554211721046	0.3061224489795918	0.2408925804229187	20.76314203705128	14.93485190247081	-5.828290134580467	0.8893720832628207	0.1822590864481691	-0.4020057205943437
19.5	34.5	0.8324509600003638	2.163517348996226	0.3611111111111111	0.2778570646093277	23.42480330612085	15.94625530320172	-7.478548002919133	0.9303750976701197	0.1165023529861919	-0.5158320895995177
2.5	41.5	0.1612250105603718	2.829043091222178	0.05681818181818182	0.05391657372269158	15.50627902774339	14.66927107924381	-0.8370079484995774	0.6812396814878826	0.5598037238340158	-0.05773253831056691
14.66666666666667	39.33333333333334	0.5615781849595348	2.431355890946698	0.2716049382716049	0.1876346657550398	26.11687394467342	16.17753019201895	-9.939343752654477	0.9531615444919881	0.08658031458512927	-0.6855652267229433
4	45	0.6636374031607286	2.309027672991183	0.08163265306122448	0.2232466107550203	6.027387818934049	19.48872268893411	13.46133487000006	0.008392635540259702	0.9976882009192811	0.9284942066401908
14	37	0.6780405805572903	2.314656435052715	0.2745098039215687	0.2265650605526081	20.64773171613595	15.98509370102581	-4.662638015110149	0.8382671230624212	0.2520730794180894	-0.3216049839409479
20	32	0.6902794889138738	2.134239144442241	0.3846153846153846	0.2443883643612853	28.97377123499522	14.99363371875687	-13.98013751623835	0.9919351055592028	0.01734427330936972	-0.9642785665178566
21	43	0.7858085893152663	2.21203698103041	0.328125	0.262124439326825	26.72406523107474	19.43909634818571	-7.284968882889029	0.907903702030444	0.1452897956609553	-0.5024799894393009
6	55	0.7119601215528	2.148526669953237	0.09836065573770492	0.2488947418554431	8.427438304990838	25.59893752736012	17.17149922236928	0.002750378696141865	0.9991732884752964	1.184402416347908
8	25	0.654465887409716	2.337912923862288	0.2424242424242424	0.2187109081725903	12.22370814720822	10.69329817412507	-1.530409973083149	0.7148160376265001	0.4371606788510285	-0.105559872591749
17	23	0.6572678183392218	2.259864740290535	0.425	0.2253129760575417	25.86464683902438	10.17760027400713	-15.68704656501725	0.9986356252090375	0.003849521709584969	-1.082012444945094
21.5	38.5	0.6667827398658928	2.125340716342727	0.3583333333333333	0.2388084733084497	32.24438593645091	18.11474259348428	-14.12964334296663	0.986542318478037	0.02635732256185752	-0.9745907157450122
13	55	0.6544630981237636	2.164617109656934	0.1911764705882353	0.2321548341609568	19.86361039647435	25.40865068220626	5.545040285731915	0.2606201332800249	0.826809443892674	0.3824685910134057
12	68	0.7072241416723662	2.278275901785982	0.15	0.2368863277098234	16.96774656422745	29.84713130955454	12.87938474532709	0.04001662244488577	0.9795034198365432	0.8883542558455201
17	44	0.7775374671716462	2.202719936255005	0.2786885245901639	0.2608960777272615	21.86389816279702	19.97530383949192	-1.888594323305096	0.6844239288638316	0.4234278916433398	-0.1302656018007763
18	34	0.6602055660418031	2.325460077260462	0.3461538461538461	0.2211250839566849	27.26423545308351	14.62076271808292	-12.64347273500059	0.9872945095096647	0.02662196908087178	-0.8720822488729308
9	27	0.9295734991705019	2.067957065143152	0.25	0.3101131011764502	9.681859485055334	13.05636391349883	3.374504428443499	0.2797365243752115	0.8310465944667782	0.2327561005167567
8	45	0.7287212267714368	2.255632514901326	0.1509433962264151	0.2441805797334804	10.97813499332742	19.95005822212513	8.971923228797708	0.07274786069453021	0.9651044973516238	0.6188374942610122
19	48	0.6755329517534996	2.136353625514273	0.2835820895522388	0.2402418921213725	28.12594108204666	22.4681903907389	-5.657750691307765	0.8353249110455481	0.241887678967126	-0.3902427798004678
22	45	0.6984921355590281	2.128343598321975	0.3283582089552239	0.2470932878013603	31.49641761162081	21.14320264616993	-10.35321496545088	0.9503413523756278	0.08351685793177044	-0.7141119516270991
18	34	0.6741176377273437	1.934257518545979	0.3461538461538461	0.258443512661913	26.70157105024502	17.57780423444263	-9.123766815802391	0.9419363658010778	0.1014774853296396	-0.6293108902660038
21	39	0.6933736669948779	2.159246677149761	0.35	0.2430655268998956	30.28669965361568	18.06185481849652	-12.22484483511916	0.9780123209978755	0.0412944529743795	-0.8432074319597805
19.5	68.5	0.6991143451956054	2.21088013504049	0.2215909090909091	0.240245935153418	27.8924329532161	30.98313604357637	3.090703090360275	0.3963743238916276	0.6965475653534143	0.2131809320218208
1	15	0.09454488260600699	1.765560231555295	0.0625	0.0508277096203975	10.57698706092067	8.495886875967065	-2.081100184953609	0.8059054761522262	0.5659689307115141	-0.1435436740730339
13.5	42.5	0.6058725281505153	2.253146341809193	0.2410714285714286	0.2119162396990593	22.28191471432128	18.86251203988555	-3.419402674435727	0.7593005280692723	0.3477621977125285	-0.235852952477924
10	33	0.9226785342034775	2.064356276345075	0.2325581395348837	0.3088944698418271	10.83801088819382	15.98561274433995	5.147601856146135	0.1801004708584315	0.8967706886854099	0.3550553156636506
16.5	53.5	0.6924885318852703	2.179057769574582	0.2357142857142857	0.2411552728692618	23.82710938920455	24.55189612088386	0.724786731679302	0.5225296122707606	0.5875032697824369	0.04999209126827904
17	52	0.8665183726917676	2.059646646810485	0.2463768115942029	0.2961276506678917	19.61874154749992	25.24704908996203	5.62830754246211	0.2219211759928541	0.8505917585918241	0.388211941596646
9	30	0.6438762094975781	2.150278581835409	0.2307692307692308	0.2304368431894959	13.9778421181655	13.95168061172472	-0.02616150644077919	0.5901107971287028	0.5600156639831125	-0.001804487251957309