dN,dS,dN/dS,dS=dN,LRT,p-value,Full Log(L)
0.2387239687534864,1.432241053136329,0.1666786245448888,0.4965234481664641,11.93369179351478,0.000551278249407483,-88.87230293015615
0.3845187920064913,1.393470368786088,0.2759432856412026,0.5762647875337257,6.5706964926095,0.01036713720094462,-105.1646967129774
0,1.25203136294014,0,0.4591266122539125,29.75904287815595,4.892189742200515e-08,-67.63384518592181
0,0.4516910805215675,0,0.1574519524477938,10.50275188154023,0.00119196891730311,-33.44611415223339
0,0.2705023174969052,0,0.09440284752019812,6.303819218135615,0.01204781322748594,-20.34870161221846
0.1460197399275321,2.296384396027399,0.06358680200934003,0.8504000337067538,34.13765212211055,5.134803693351842e-09,-114.6959304005412
0,1.282418377102698,0,0.398641863984604,27.65131132994907,1.452735514106962e-07,-58.64776041700148
0,1.109819416068436,0,0.3362166508780732,23.60616305647795,1.182083077533314e-06,-51.39115112635124
0,0.4093520177186591,0,0.1312401632736052,9.062801571350917,0.002608619817347724,-25.72451847171355
0,0.2147292752268055,0,0.06662716774229835,4.67057525951013,0.03068364822471148,-16.22306206761566
0,0,0,0,0,1,0
0.07318859427945562,1.976415274162692,0.03703097989386971,0.4175026617834166,29.52564177209749,5.518180246077975e-08,-68.96078679150845
0.2809735556862895,0.7969721318003737,0.3525512931695182,0.4154568206630588,3.589347074857443,0.05815108640806577,-83.92379792939383
0.04849814535753664,0.07207237787421759,0.6729089116800995,0.05798309634763586,0.0778453525884828,0.7802388386824833,-19.52956378252793
0,1.910831251041071,0,0.4017009346982697,36.59767020017351,1.45205159007844e-09,-50.9709253386386
0.09671731485116028,0.6411555099880524,0.1508484499383972,0.2661777929634258,6.42459749966639,0.01125504169492875,-48.16897101714967
0.3516077943598626,1.30133359159035,0.2701903621270279,0.5635245120727573,6.399623436737812,0.01141445720763457,-88.45615442675073
0.1478618411380585,1.545018059117057,0.09570233840668385,0.5980178430835233,19.52368156110242,9.936022487111451e-06,-95.33359504579187
0.04271295508996759,0.7409421176442689,0.05764681757566704,0.1987616670975894,9.982649082140185,0.00158022177675976,-36.27934598747142
0.3802023403875363,0.7603863992477637,0.5000120212087742,0.4623431651712504,1.389497289031027,0.2384900138704115,-87.09042756875371
0.250116881816245,0.2571074647337009,0.9728106575019269,0.2525325633872324,0.001250576329596242,0.9717898983279822,-57.05400777060172
0.08573346433390927,0.71844980705857,0.119331181512754,0.2309423030571843,7.299772571356598,0.006896333927923992,-43.06434703598129
0.2404389390905406,1.039495315998417,0.2313035329645553,0.4934744611286894,7.609436080289868,0.005806363963866468,-86.64097118587564
1.191044170057481,0.9562617106440415,1.245521133806888,1.113756940616146,0.3091720596684127,0.5781886875274288,-163.7220512358176
0.8166107545025586,0.5419284392953596,1.506860860751936,0.7598172949326547,0.4433204393588142,0.5055241593669186,-114.7803066980438
0.04848740198266648,0.4407287210059314,0.1100164334014754,0.1877581654121673,5.800399226673861,0.01602253614365323,-40.24835615967478
0,0.2137481786189308,0,0.06653191464794171,4.657975483412649,0.03090961646279311,-15.88546883774793
0.2172969545510781,1.206341854222803,0.1801288364408725,0.4378802901219695,8.968247805548913,0.002747119248760255,-78.67923152885004
0,1.396339989312329,0,0.3002018439382864,27.26125865729691,1.777371605449218e-07,-42.0568381859888
0.1143046214992369,1.692423862467398,0.06753900369414036,0.4259287056450443,21.84559875599703,2.95493606139452e-06,-72.32008115171985
0.3603148438840484,0.7616220569108972,0.4730887723308176,0.468137071727519,2.057171713633693,0.1514911229232833,-91.22271384363498
0.09651809427870064,0.3638768897499886,0.2652493109551859,0.1892449412388912,2.526040943807587,0.1119808624054637,-42.87155541358634
0.09452760919370513,1.459889121630469,0.06474985517265347,0.4976022930045852,20.83055581068635,5.017603113000035e-06,-78.03392496660194
0.3863343658189288,0.82085042258846,0.4706513576501144,0.4806716616750834,1.873878400328408,0.1710315418174216,-97.56443815121682
0.2466610973752699,1.363770799904932,0.1808669736824285,0.6567852090331304,13.34879084345999,0.0002585893023349106,-104.8721585242122
0.5901253508099046,1.392342456791069,0.4238363542902845,0.6743102575314064,2.359445940661061,0.1245264102430982,-125.8996268750963
0.5655241913589347,1.090990953343753,0.5183582775142845,0.6473732427403269,1.532345542996836,0.2157607616939313,-115.0024536414586
0.4648468639254907,0.4023234578380961,1.155405818053382,0.4508755915019968,0.05066564639304261,0.8219090212694434,-96.72785022537607
0.1265109693620849,0.9170231612810046,0.1379583141448246,0.2973085392284701,8.274280631938552,0.004021059097275681,-54.10497436345067
0.7665928490661553,2.028651379085437,0.3778829901329587,1.12833268575201,7.189391156725549,0.007333586004448223,-151.5843758042438
0.8396048690309124,1.465817560264229,0.5727894738002488,1.017966279931812,1.986355526413149,0.1587224633878286,-146.4176346887075
0.08569481980566672,0.4259936408999069,0.2011645517163997,0.1644993459098911,3.074206562220752,0.07954339885976414,-35.62822839914696
0.3043695044453679,0.7191924058760082,0.4232101200715995,0.3908431171542603,2.042826511857726,0.1529252602617617,-80.33314675251334
0.3475903734615984,1.174075011648263,0.2960546558039954,0.5358808799958388,5.46284970525312,0.01942494206601852,-91.47027562292692
0,1.537436647421579,0,0.3327481579731336,30.09503573369582,4.113829521479317e-08,-44.00795765995083
1.584195223031493,1.3397146764112,1.182487025726406,1.524430706258658,0.2114630512116946,0.6456230884180169,-201.9812517896248
0.09728109900576269,0.8658829035946746,0.1123490238713624,0.355671046523139,10.73976419597582,0.001048576950949398,-65.70397211541797
0.1743743834204331,1.03285927780267,0.1688268548948909,0.3703233247976077,8.231162886458563,0.004117713706145332,-63.74368749436085
0.1715828414165584,0.5816021924378497,0.2950175285573633,0.2648476971580714,2.779907889946173,0.09545365816889184,-53.37947200479967
0.2913507435632245,0.279345575067518,1.042976046757873,0.287237433701875,0.003519152685498739,0.9526952826988633,-67.34220323571294
0.04270257775370848,0.4286605579964883,0.09961863053903436,0.1314538567305719,4.812184229058794,0.02825920501270784,-27.25251678785189
0.4847943690627025,1.267859839732684,0.3823722101371368,0.7582114578975661,5.339644851987657,0.02084571954383507,-128.6540745362101
0.4533611835816715,2.837112763972038,0.1597966740479335,1.127844871583662,23.28734348638392,1.395150648564325e-06,-148.9777653833864
0.1727731819454364,2.256158204598769,0.07657848709069676,0.6106955801794702,25.49754122037811,4.429470518152456e-07,-80.42164633148134
0.1288758400174824,1.709588610994475,0.07538412410370161,0.4695659663572289,20.07021552002004,7.465023983188601e-06,-68.58664728066144
0.2445003832103738,0.29484388758001,0.8292536949541653,0.2645946387249395,0.07667840353127531,0.7818502462209729,-69.52379571621694
0.5543327017266353,0.8437122560694247,0.6570162964196909,0.617588945841273,0.6797525456648259,0.4096719471919722,-105.4538317642662
1.654472760673245,1.02548245759949,1.613360373366242,1.434383535618063,1.747586762323465,0.186180397850609,-183.9380337931842
0.9892596660890045,0.2546226950903223,3.885198315641441,0.8113852966359311,4.804893590882216,0.02837901925847808,-137.0620913639017
0.5283913428935774,0.8511982636726824,0.6207617724849632,0.5958496223115761,0.8681882035444914,0.3514573792938406,-109.6463059280066
0.5366599690221771,1.851531790540668,0.2898464783396814,0.7971612649649584,8.73034168363796,0.003129578440626224,-128.3710890140121
0.4710043606327208,0.9304131642384295,0.5062314020656099,0.6139802714685323,2.062271286212393,0.1509849754582923,-108.5766736698829
1.077335978607895,2.493967034573572,0.4319768319600509,1.394253682121493,6.471085793797045,0.010964352435338,-208.9294673615792
0.2279916966098483,0.8794959880239527,0.2592299450075934,0.361728500858931,5.013926592253824,0.02514421359358043,-74.63356875174706
0.9956151908992306,1.153343117565107,0.8632428422524727,1.03599530436575,0.1441494734391426,0.7041902312228461,-166.2100808619099
0.7217836716628026,1.990014399801565,0.3627027380981642,0.8920046528657332,4.903224145275146,0.02680660173344585,-137.8229783355968
0.6534845863621379,0.360587725620902,1.812276292092006,0.5484332829231835,1.172760274124784,0.2788348036432515,-101.0102300523498
1.738154087985956,1.854049014254914,0.9374909048369835,1.769923082288391,0.03478293009089839,0.8520512491748639,-211.7614131211305
0.6689195265059694,0.1830286644121378,3.654725496984007,0.4936252784541661,3.859831149140661,0.04945530520596453,-91.47429588404526
0.6775636932047282,0.8984201751642079,0.7541723927569716,0.7274072423840123,0.3712928176178139,0.5423004138278096,-141.8674663864658
0.3321526348627198,0.7555934446268098,0.4395917370971517,0.4207124151914576,1.979044676572357,0.1594910843575924,-87.740558776079
0.6587888431253625,0.4118007893454686,1.599775571514726,0.6009245220763495,0.6285379797388089,0.4278921001918262,-118.4158123974395
0.8569587742150614,1.856583948747389,0.4615782522482969,1.101440880241755,4.667036264982528,0.03074694314433102,-172.3632163320839
0.6887380360528984,1.700833748692504,0.4049414215718367,0.8117850759748584,3.287923286369107,0.06979124247621282,-146.9846662286698
0.6573753051495815,1.594648423625844,0.4122383939996437,0.9597151340635044,5.225387093202528,0.02225949147478234,-149.5338230997448
0.8353667624044858,0.8807338081912701,0.948489492097558,0.8446232528964572,0.01260615950008059,0.9106036550548985,-146.9973226176247
0.6613572321111619,0.4784393325002849,1.382322035805382,0.6174148883615758,0.3440833343383929,0.5574816736026764,-126.1717220644106
0.2681842898632421,1.179017928729145,0.2274641320783952,0.4554153851552064,7.597516777216413,0.005844874693199387,-84.5390074212513
0.7988835990791413,0.9764469111878574,0.8181536445307522,0.8103519429104654,0.03555759284867577,0.8504320340148535,-90.22868117352373
1.488601063565313,0.683081282276768,2.179244406468992,1.22496679140139,3.875117064582412,0.04900689210229625,-189.6524238070584
0.8729648050415196,1.402309236293125,0.6225194717743725,1.066290981262547,1.717552066224926,0.190008453022784,-158.3465540280324
0.7033740259888539,1.04803723204935,0.6711345785048725,0.7812238995932763,0.7084931704494863,0.3999444971152391,-111.0738647937472
0.6144766031177442,1.049180849217128,0.5856727213199242,0.7122233530419622,1.211410438959234,0.271052967924463,-107.2574455410134
0.6757610447751157,0.457663681988734,1.476545051245186,0.6612015569778218,0.05960225367283556,0.8071257026445209,-75.82826690828796
0.5402411184288548,1.337664520078349,0.4038689150529403,0.672247897865772,3.226465065533688,0.07245693409976051,-110.9935530358369
0.3593623715013665,0,inf,0.351636116988417,0.5201989313590332,0.4707568359208558,-76.17928824049528
1.017759489129494,1.545256053871361,0.6586348499199731,1.142332845518588,1.086507682888453,0.297246290852723,-160.1742887001827
0.6414227416842242,1.586391165068745,0.4043282361928866,0.912642069642053,4.955890578522485,0.02600192875259333,-141.0278610636452
0.6991764915769276,0.370899277814059,1.885084532106968,0.6022961288599197,1.352932039527587,0.244766187123445,-115.0249322334468
0.7885495998775489,1.786734511456081,0.4413356292283896,1.04494005734084,5.019840609630023,0.02505847557205343,-159.8599637124875
1.036171924400881,1.017984411087868,1.017866200223614,1.032312975174858,0.001638617243656881,0.9677105812150099,-167.5559699908082
0.4669515644388484,0.7323303013590189,0.6376242572133162,0.5188944875538226,0.6654744683887373,0.4146338769843322,-107.2984712426623
1.085040045118457,0.7865829315598103,1.379435024056268,1.005358837684884,0.4854868057484509,0.4859474743510029,-140.4578582926677
1.22468419558064,0.3665751550402487,3.340881613883989,0.9252137281235775,6.429587291045834,0.01122346548815234,-142.1484057218769
0.4872893884637657,1.070117923185568,0.4553604587924142,0.6569920089573171,3.043136913752193,0.08107909914253475,-127.76243736043
0.6772357081117013,1.803677964371478,0.3754748472229053,0.8772526755929099,5.71187924719618,0.01685049154774276,-142.524720332343
0.5753764499930795,1.855602474280637,0.3100752763417909,0.6381168842064797,2.534886397589759,0.111354900757502,-117.8495747947584
1.21961263965333,1.133302940274609,1.07615765944965,1.200880381512885,0.02763896643375574,0.8679604399560524,-187.8858936711356
0.8107711384108803,1.620558376192741,0.5003035684007049,0.9963290328121026,3.212715153317447,0.0730681381505266,-151.7335079463618
0.9971527288596754,1.329716699344798,0.7498986282950427,1.062927000251593,0.4772557986671018,0.4896679634922618,-177.2633475995149