dN,dS,dN/dS,dS=dN,LRT,p-value,Full Log(L)
0.0213696347749612,0.6508065807623838,0.03283561569080611,0.2369636427683389,160.3496194655772,0,-444.8347898293119
0.04651724886806775,1.794059573748466,0.02592848618224852,0.3133402036786497,288.0425242387553,0,-417.3512830987868
0.1090988825107015,1.27782345618397,0.08537868199454492,0.4003473468272313,194.8295027321187,0,-674.7132438627494
0.02166328628030341,1.983017778534768,0.01092440345961507,0.3073558960411482,345.9943528042268,0,-373.7316124008964
0.02494191957970841,0.4043970763372233,0.06167680490080883,0.1502759926488607,84.5913505961463,0,-323.227511975462
0.07547892229370026,0.4054498006177653,0.1861609555084168,0.1841802177238275,48.99021402275434,2.572386748056488e-12,-403.8154165717321
0.05671256706414236,1.323466324240989,0.04285153768205411,0.3866834126561955,249.8262242414278,0,-612.4368008087163
0.04678182253026652,0.6930328412887372,0.06750303844659489,0.2316240385865861,124.1185718711572,0,-433.2881328189486
0.007120140590412635,0.8639933098149725,0.008240967273157984,0.2500478597343833,218.3677993135628,0,-403.8359155539246
0.03549581298442162,0.5603921090579846,0.06334102927339545,0.1896431329265158,106.6601534963302,0,-372.4167950864688
0.05010372983603634,0.4404694225853196,0.1137507560501119,0.1904614690423443,77.14409117589264,0,-414.7754831380863
0.1438620017466802,0.557050178780206,0.2582568092190551,0.287321196322794,50.69372368120662,1.079691891447965e-12,-599.3135240542279
0.1084930923041574,1.134160659660717,0.09565936834435175,0.4256943423054643,183.4491510863493,0,-700.529663853409
0.1502934223088565,1.243756344671034,0.1208383160840142,0.4651555474115264,171.5163612822093,0,-790.2641970317545
0.1964079741142367,1.238166243726261,0.1586281124278974,0.4594456510734128,134.9342462459938,0,-779.4250919492886
0.534146977970321,0.9632038894225756,0.5545523474687514,0.6418199944207472,16.92677830861339,3.884965048728262e-05,-1008.727752114085
0.07139174339120426,1.692585549702077,0.04217910486342648,0.3240551050271334,247.3859245920953,0,-465.1288833039646
0.1473825764972382,0.7072219022182329,0.208396510395063,0.3165314941761564,70.60048034526721,0,-611.9923618808093
0.07829351252085463,1.38373346443651,0.05658135365884042,0.301075188791916,199.6758099887273,0,-461.2236161073773
0.1007157779661335,0.9707269874572848,0.1037529390523567,0.3403156793617745,140.9067577769915,0,-592.7034672197029
0.1646454383513688,0.5995110143826028,0.2746328831354772,0.3031409692820996,47.36306078119333,5.898392885228532e-12,-624.9165054918086
0.3935633869679377,0.8798515152097147,0.4473065968115438,0.5087130727124077,27.64120752675512,1.460343475034875e-07,-902.053121602281
0.2275775082913564,1.203443784151825,0.1891052255936912,0.388609553039841,94.83879856154385,0,-738.6290510549977
0.1640516030500075,0.5458178552135642,0.30056107817473,0.2656088410223448,36.0014037999008,1.971754204355136e-09,-535.3323043293963
0.2847289443769221,1.33783099275972,0.2128287847402715,0.5477546528823209,107.475502719255,0,-873.7672380800362
0.1238650991196478,1.22128668232122,0.1014218044892011,0.3107169754684437,140.5566104930765,0,-515.8642686452239
0.3804826724186393,1.310383270709377,0.2903598366397525,0.5250797241794272,62.02572877328089,3.441691376337985e-15,-961.6790822712113
0.4763289523402519,1.494733028944763,0.3186715909238493,0.6458583228745305,57.03023808175271,4.296563105299356e-14,-1014.842474055096
0.1869354614707215,0.9477818202260924,0.1972346984099445,0.4047962870415899,96.60212767445455,0,-727.7008946423653
0.1676223299348934,1.292708645201895,0.1296675245091396,0.3621141696606914,127.6067773292484,0,-584.1604068360688
0.1645064770778085,0.4347258445488486,0.3784143021184549,0.2504565870287507,23.08381258398276,1.550909147884916e-06,-535.7232296452902
0.1367621275023106,0.6117326402110862,0.2235651958265935,0.2851175161783188,59.52669850411098,1.210143096841421e-14,-578.6742237695499
0.1836915499951819,1.683997934566279,0.1090806266591369,0.4267152899722525,170.522827370753,0,-650.9243466578652
0.5722086851105983,0.9758471982031028,0.5863711922975718,0.6675151653834686,13.58993868913376,0.000227401056647647,-1025.350583328732
0.4268602638558507,0.842571701562661,0.5066159509798177,0.5033958361209347,15.4151831751858,8.629216367972425e-05,-891.8747396012707
0.2449896240115134,0.6434345564296539,0.3807529787814526,0.3701104077726445,32.58280302084404,1.142209371529646e-08,-723.0145433893358
0.3424699739666638,1.606074730852955,0.2132341461998999,0.5492709101120196,96.48799539088441,0,-856.6606048986444
0.3466476594808452,1.267579648289357,0.2734720930149505,0.5077334814481143,68.42162973624522,1.110223024625157e-16,-881.4359538888219
0.1834898301658908,0.715841858163114,0.256327327151188,0.3478134482575277,58.96470426967267,1.609823385706477e-14,-668.8602425497127
0.3450675509129704,1.594099187102614,0.2164655459991513,0.5422836347826806,98.93468933091276,0,-916.6623684179206
0.5391553274418373,1.337996244360777,0.4029572801225738,0.7257408480361195,43.03540050249785,5.375833111997963e-11,-1062.842354464929
0.236208477940464,0.6487504249393484,0.3640976080478823,0.3611987979143277,34.50598668063162,4.249423257718377e-09,-720.696210380713
0.270995987446719,1.076230503735788,0.2518010653907724,0.4106014500122306,65.41106444172897,5.551115123125783e-16,-750.0068612834275
0.4755053917022972,1.16713326336724,0.4074131092197986,0.6800073230812531,44.67452146340747,2.326649983785956e-11,-1063.964993528336
0.2385201986257437,0.2902744852707325,0.8217056983264696,0.2555302998764025,0.9052060813969547,0.341389594289348,-571.9368748021318
0.5625701987811277,1.128931974863225,0.4983207237524523,0.6653855195386598,20.96809929015308,4.669949330460277e-06,-1049.7394691292
0.4627602200854192,1.459314583584305,0.3171079253856339,0.6177347798237985,59.99042846083694,9.547918011776346e-15,-1050.637970453411
0.3676754615812647,1.684022701834677,0.2183316538314458,0.5785517611842396,96.48511681916762,0,-879.1699496606707
0.51047620900697,1.249467102136988,0.4085551417351386,0.65986796305398,37.8469436405685,7.651816957832125e-10,-1025.439596651105
0.6774337989916418,0.9260636400542827,0.7315197030648272,0.7518158893927916,5.211913174454821,0.02243263675090357,-1166.903460305424
0.3458863519074872,0.530747318177627,0.6516968434152847,0.4085197705317826,7.102241509166561,0.007698761366910833,-790.0687119988438
0.5437869030232919,1.545208127897059,0.3519182259048529,0.7063818498926844,50.64588579612837,1.106226221736506e-12,-1097.894229014294
0.8264929322415833,1.498968224540499,0.5513745513150823,0.9443326305914173,17.29258778473968,3.204343486074013e-05,-1301.93072296781
0.360077706546981,1.562107983657196,0.2305075643387788,0.5541762869582754,90.26780921768091,0,-905.6303921064762
0.5140226316828044,1.35951293624084,0.3780932258755237,0.6493605160244597,40.31432458291056,2.162178214248911e-10,-1059.991492637614
0.618559987477468,1.140072206852625,0.5425621147147462,0.7003870382376695,14.343452859021,0.0001523084245176332,-1148.995071084357
0.7163258901895144,1.152104048234127,0.6217545119188269,0.8224824906452949,12.41474284777541,0.0004259576637997142,-1206.241698217387
0.5560809394849949,1.078515011291998,0.5155987016062413,0.6639363939454748,19.65813161297501,9.260836808744344e-06,-1037.062456050837
0.6311161299551482,1.515151409558371,0.4165366747994531,0.7816428733295374,35.89732006531949,2.079946104238672e-09,-1152.653579520879
0.6840351110329534,1.178312963431125,0.5805207379210309,0.7695625427134799,13.02647768834686,0.0003071176468788517,-1184.709739481275
0.4267838105423607,0.8356935406791808,0.5106941597221237,0.5385155940106582,19.65884998142133,9.257355879532803e-06,-895.8101699061249
0.5263268855439495,1.113315671622421,0.4727561993059345,0.6949063863527922,30.95075717867576,2.646588104227021e-08,-1094.857004028868
0.5478973776238946,1.221903592871998,0.4483965681253956,0.6751013614260891,28.41826132759343,9.773901110676775e-08,-1095.998774979398
0.6663782443445052,1.047366555234361,0.6362416682241635,0.7395780089253654,9.16909989289752,0.002461355979737068,-1162.222844108822
0.8954093167708372,0.9598671425060166,0.9328471380248592,0.9113138939367519,0.2129581518443047,0.6444586493036395,-1197.183251997853
0.3619842656775579,1.248154060554423,0.2900156936690704,0.6030168103392717,75.03742788146769,0,-939.8955051704731
0.5430247906550084,0.6363474731129298,0.8533463455093192,0.5731350375703932,1.137819196015926,0.2861136144569389,-983.3652591425804
0.7970155648703906,1.119680557581853,0.7118240639916849,0.8824208822217716,6.173581025827843,0.01296718697074561,-1214.891487369666
0.6403752060637029,0.6420802558075325,0.9973444912401408,0.6407158162539056,0.0002568500926827255,0.987213215859265,-1109.058683464813
0.8814222535240019,1.525804361679173,0.5776771096354596,1.01114623952624,16.65896352295294,4.473839980723149e-05,-1318.134449230338
0.4309834986485859,1.485467856511608,0.2901331703404772,0.6004965851216358,63.15353927214073,1.887379141862766e-15,-938.3910728138954
0.6713209633874576,0.8558952408723353,0.7843494522802136,0.709378279906335,2.617721396586148,0.1056760915217334,-1172.541490425632
0.8416803198824698,0.8586646019801401,0.980220120803276,0.8463829349587517,0.02127857854429749,0.8840226032255284,-1208.762869816082
0.7369621733615355,1.016591128413455,0.7249346888474982,0.7945181339306522,4.871738738683234,0.02729998064648353,-1198.185590873339
0.6093339229166647,0.7645005102706868,0.7970353384079727,0.638332574630776,1.862321636505385,0.172357089171332,-1119.982369260791
0.7735432660934778,1.172706428268738,0.659622261332239,0.8547912719757784,8.95341996651814,0.002769506182511705,-1289.169066311548
0.5274302152359905,0.9644115855800018,0.546893279925491,0.6109052286064638,14.463961244144,0.0001428669306822172,-995.427466896509
0.7806237485025612,1.649612354294667,0.473216478083626,0.9287780679798473,27.57125953082323,1.514119432055594e-07,-1222.224913813358
0.9081010186909018,1.184695489462669,0.7665269487121797,0.9696651790604791,3.987810821631683,0.04583057349950626,-1383.238804833743
0.623718863841228,0.9565538281049085,0.6520478466715441,0.7026222513719167,8.870124009069514,0.002898754493072864,-1135.174585191112
0.7230797699456917,0.858831397996527,0.8419344840354983,0.7509914861618835,1.272119731138901,0.2593693962205129,-1175.984379216741
0.9961524477878745,1.441441542919006,0.691080712000714,1.094937635530976,7.936895870256194,0.004843685219360405,-1408.157631438592
0.9205513272572998,1.068510611811722,0.86152754786071,0.9556932617192694,1.206900029724693,0.2719469332899657,-1317.212349407814
1.054171791299148,1.260550613497276,0.8362788292763984,1.104104701172604,1.839081789264583,0.1750586053605137,-1381.162457219297
0.8587248891275142,0.9575810652803922,0.8967646920588058,0.8849036853616848,0.655910328365735,0.4180074748684335,-1274.481933104463
0.6669125963459102,1.3115027835913,0.5085102408396702,0.8178682104820688,25.04656270183023,5.596242730332435e-07,-1194.696623914713
0.9217151963007594,0.8995852490447531,1.024600166887469,0.9150950063183568,0.03534266565793587,0.8508794331390057,-1273.383582700556
0.4128205449643001,0.8937345654908553,0.4619050900616913,0.5069417858670555,21.1098886986772,4.336843617780417e-06,-833.508631384016
0.6939064920390678,0.5121996518892111,1.354757836089197,0.6442797926092805,3.381421990569379,0.06593514477548779,-1044.934939055989
0.9825335316695628,1.435051311556387,0.6846678747702443,1.063434243159635,7.644159426515216,0.005695643066186751,-1391.090510705385
0.9537740957521474,1.020081421951816,0.9349980062642484,0.9691714541491514,0.2262981337325982,0.6342823964385245,-1326.036312096883
0.8953777299792781,1.111031046381651,0.8058980285882187,0.9392357727367425,2.253174441716055,0.1333406191555345,-1291.133825494595
0.9925809609213133,1.057929659648985,0.938229637356652,1.008372037429134,0.2245640014307355,0.6355841675001115,-1401.406064470862
0.9448614816266476,1.84447092904501,0.5122669415645698,1.080177197346752,20.78787539064706,5.130675414299901e-06,-1300.932165730535
0.9577576574279615,0.6395554561625887,1.497536528223252,0.8836189483753734,6.942609488621201,0.008416623923164002,-1262.519793929955
0.9399655604219055,1.28574790742152,0.7310652072589738,1.00935078073932,4.646357678742788,0.03111951157618731,-1243.484930042779
1.11448163899381,0.87235408257622,1.277556512032985,1.048598726120395,3.260580132896848,0.07096401640863959,-1383.412332946505
0.9829636650423473,1.357833148116931,0.723920804559485,1.047760142694199,4.756174993145578,0.02919335488219832,-1360.052778656864
0.9671205830726182,1.186882165557549,0.8148412800678527,1.01191744513835,2.139501957506127,0.1435484880158714,-1367.528722604729
0.8376642682800994,0.698866016563327,1.198604952061216,0.8153638338242412,0.8046966745769168,0.3696928404544557,-967.1735911963764