Codon,alpha,beta,beta-alpha,Prob[alpha<beta],Prob[alpha>beta],BayesFactor,PSRF,Neff
1,1,0.586804,-0.413196,0.0787396,0.909442,0.535678,0.999448,561.381
2,1,0.587279,-0.412721,0.0789654,0.909197,0.537346,0.999456,560.402
3,1,0.587809,-0.412191,0.0792151,0.908925,0.539191,0.999465,559.338
4,1,0.354575,-0.645425,0.0264561,0.968991,0.170319,0.998387,735.402
5,1,0.351575,-0.648425,0.0257038,0.96984,0.165348,0.998341,745.454
6,1,0.351575,-0.648425,0.0257038,0.96984,0.165348,0.998341,745.454
7,1,0.33762,-0.66238,0.0223729,0.973615,0.143431,0.998133,794.443
8,1,0.541451,-0.458549,0.0586436,0.931552,0.390444,0.998668,679.533
9,1,0.33762,-0.66238,0.0223728,0.973615,0.14343,0.998133,794.445
10,1,0.33762,-0.66238,0.0223728,0.973615,0.14343,0.998133,794.445
11,1,0.33762,-0.66238,0.0223728,0.973615,0.14343,0.998133,794.445
12,1,0.33762,-0.66238,0.0223728,0.973615,0.14343,0.998133,794.445
13,1,0.309697,-0.690303,0.0165037,0.980338,0.105172,0.997754,902.808
14,1,0.303242,-0.696758,0.0152947,0.981735,0.097348,0.997675,929.277
15,1,0.33762,-0.66238,0.0223728,0.973615,0.14343,0.998133,794.445
16,1,0.351575,-0.648425,0.0257038,0.96984,0.165348,0.998341,745.454
17,1,0.33762,-0.66238,0.0223728,0.973615,0.14343,0.998133,794.445
18,1,0.351575,-0.648425,0.0257038,0.96984,0.165348,0.998341,745.454
19,1,0.570787,-0.429213,0.071358,0.91751,0.481601,0.999183,596.669
20,1,0.321504,-0.678496,0.0188614,0.977626,0.120486,0.997909,855.285
21,1,0.33762,-0.66238,0.0223728,0.973615,0.14343,0.998133,794.445
22,1,0.59567,-0.40433,0.082938,0.90488,0.566824,0.999589,544.348
23,1,0.326012,-0.673988,0.0198104,0.976539,0.126671,0.99797,837.698
24,1,0.548252,-0.451748,0.0614819,0.928399,0.41058,0.998789,658.049
25,1,0.33762,-0.66238,0.0223728,0.973615,0.14343,0.998133,794.445
26,1,0.33762,-0.66238,0.0223728,0.973615,0.14343,0.998133,794.445
27,1,0.549935,-0.450065,0.0621905,0.927613,0.415626,0.998819,653.028
28,1,0.351575,-0.648425,0.0257038,0.96984,0.165348,0.998341,745.454
29,1,0.354605,-0.645395,0.0264625,0.968983,0.170362,0.998388,735.346
30,1,0.303242,-0.696758,0.0152947,0.981735,0.097348,0.997675,929.277
31,1,0.351575,-0.648425,0.0257038,0.96984,0.165348,0.998341,745.454
32,1,0.833491,-0.166509,0.198761,0.777315,1.55475,1.00146,388.275
33,1,0.853806,-0.146194,0.209,0.769805,1.65601,1.00155,382.738
34,1,0.351575,-0.648425,0.0257038,0.96984,0.165348,0.998341,745.454
35,1,0.89029,-0.10971,0.227022,0.751462,1.84075,1.00166,376.585
36,1,0.33762,-0.66238,0.0223728,0.973615,0.14343,0.998133,794.445
37,1,0.309697,-0.690303,0.0165037,0.980338,0.105172,0.997754,902.808
38,1,0.282584,-0.717416,0.0117856,0.985817,0.0747472,0.997448,1014.88
39,1,0.50948,-0.49052,0.0462829,0.945409,0.304155,0.998104,801.879
40,1,0.32933,-0.67067,0.0205214,0.975726,0.131313,0.998015,825.269
41,1,0.351604,-0.648396,0.0257121,0.96983,0.165403,0.998342,745.312
42,1,1.00381,0.00380875,0.316661,0.65459,2.90437,1.00272,325.289
43,1,0.83252,-0.16748,0.198094,0.778007,1.54825,1.00144,388.957
44,1,0.354605,-0.645395,0.0264625,0.968983,0.170362,0.998388,735.346
45,1,0.899328,-0.100672,0.241692,0.733212,1.9976,1.00201,358.176
46,1,1.04366,0.0436576,0.340016,0.631303,3.22893,1.00276,323.693
47,1,0.612657,-0.387343,0.0911545,0.89601,0.62861,0.999842,516.111
48,1,0.521525,-0.478475,0.0507319,0.940395,0.334954,0.998313,751.701
49,1,0.506054,-0.493946,0.0450487,0.946803,0.295661,0.998044,817.616
50,1,0.35461,-0.64539,0.0264633,0.968982,0.170367,0.998387,735.351
51,1,0.33762,-0.66238,0.0223728,0.973615,0.14343,0.998133,794.445
52,1,0.35461,-0.64539,0.0264633,0.968982,0.170367,0.998387,735.351
53,1,0.285643,-0.714357,0.0122716,0.985249,0.0778673,0.997479,1002.22
54,1,0.303242,-0.696758,0.0152947,0.981735,0.097348,0.997675,929.277
55,1,0.54235,-0.45765,0.0590147,0.931139,0.393071,0.998684,676.609
56,1,0.587809,-0.412191,0.0792152,0.908925,0.539192,0.999465,559.338
57,1,0.749787,-0.250213,0.150204,0.830671,1.1078,1.00076,434.357
58,1,1.2023,0.2023,0.385091,0.590036,3.92506,1.00195,361.107
59,1,0.62681,-0.37319,0.0980962,0.888566,0.681687,1.00003,496.58
60,1,1.03968,0.039681,0.317532,0.656886,2.91607,1.00223,347.363
61,1,0.562935,-0.437065,0.0678317,0.921383,0.45607,0.999047,616.535
62,1,0.326058,-0.673942,0.0198186,0.97653,0.126724,0.99797,837.624
63,1,0.282636,-0.717364,0.0117952,0.985806,0.0748087,0.997448,1014.49
64,1,1.21771,0.217715,0.42603,0.546514,4.65205,1.00241,339.095
65,1,0.336588,-0.663412,0.0221439,0.973876,0.141929,0.99812,797.858
66,1,0.308221,-0.691779,0.0162245,0.98066,0.103364,0.997736,908.655
67,1,0.375274,-0.624726,0.0319656,0.962811,0.20696,0.998711,671.822
68,1,2.06151,1.06151,0.717895,0.263395,15.9493,1.00018,482.538
69,1,0.538987,-0.461013,0.0576278,0.932682,0.383268,0.998624,687.779
70,1,0.595655,-0.404345,0.0829354,0.904884,0.566804,0.999589,544.341
71,1,0.309697,-0.690303,0.0165037,0.980338,0.105172,0.997754,902.808
72,1,0.309697,-0.690303,0.0165037,0.980338,0.105172,0.997754,902.808
73,1,0.33762,-0.66238,0.0223729,0.973615,0.143431,0.998133,794.443
74,1,0.576273,-0.423727,0.0738462,0.914782,0.499733,0.999275,583.974
75,1,0.642543,-0.357457,0.105846,0.880306,0.741916,1.00023,478.433
76,1,0.548782,-0.451218,0.0617029,0.928154,0.412153,0.998798,656.487
77,1,0.587632,-0.412368,0.0791315,0.909016,0.538573,0.999462,559.694
78,1,0.54087,-0.45913,0.0584,0.931822,0.388722,0.998658,681.519
79,1,0.33762,-0.66238,0.0223728,0.973615,0.14343,0.998133,794.445
80,1,0.336583,-0.663417,0.0221342,0.973887,0.141866,0.998118,798.332
81,1,0.626978,-0.373022,0.0981788,0.888478,0.682324,1.00004,496.368
82,1,0.326012,-0.673988,0.0198105,0.976539,0.126672,0.99797,837.695
83,1,0.336584,-0.663416,0.0221374,0.973883,0.141887,0.998119,798.175
84,1,0.587899,-0.412101,0.0792574,0.908879,0.539504,0.999466,559.159
85,1,1.58017,0.580169,0.596479,0.378902,9.26451,1.00147,387.634
86,1,0.58672,-0.41328,0.0787001,0.909485,0.535386,0.999447,561.551
87,1,0.336583,-0.663417,0.0221342,0.973887,0.141866,0.998118,798.332
88,1,0.787384,-0.212616,0.172626,0.807242,1.30767,1.00116,406.946
89,1,0.521139,-0.478861,0.0505853,0.940559,0.333935,0.998306,753.234
90,1,0.285643,-0.714357,0.0122716,0.985249,0.0778673,0.997479,1002.22
91,1,0.324581,-0.675419,0.0194956,0.976899,0.124618,0.997948,843.927
92,1,0.787824,-0.212176,0.172882,0.806977,1.31001,1.00116,406.701
93,1,0.539095,-0.460905,0.0576715,0.932633,0.383576,0.998626,687.424
94,1,0.33762,-0.66238,0.0223728,0.973615,0.14343,0.998133,794.445
95,1,0.73011,-0.26989,0.13817,0.843364,1.00481,1.0005,455.013
96,1,0.328401,-0.671599,0.020319,0.975957,0.12999,0.998002,828.848
97,1,0.857648,-0.142352,0.210968,0.767796,1.67577,1.00157,381.917
98,1,0.858865,-0.141135,0.211586,0.767165,1.682,1.00157,381.669
99,1,0.336583,-0.663417,0.0221342,0.973887,0.141866,0.998118,798.332
100,1,2.82794,1.82794,0.877674,0.1122,44.9684,0.998768,661.714