dN,dS,dN/dS,dS=dN,LRT,p-value,Full Log(L)
0.01858696875884723,0.6150309252413441,0.03022119375794562,0.2210204441419437,29.78067342275673,4.837908618160469e-08,-120.3755637116628
0.01716781494297105,0.6708460025133932,0.02559129051771953,0.1706804216916847,28.17100222663265,1.110560058359411e-07,-87.8997762588704
0.176037614975123,0.8737089941832382,0.2014831209786122,0.330930290255371,16.05971958486714,6.13757729064357e-05,-192.1866197024872
0.03717179324194832,0.614975034288256,0.06044439395002311,0.2332787783518111,25.55067219941685,4.309159032933607e-07,-139.9248602381467
0.05576018137396278,0.8776441262306445,0.06353393101762643,0.3170399394861455,34.27482810461527,4.785313367783317e-09,-173.9818107072783
0.05569884542024794,0.9989998566546378,0.05575460802043285,0.370858125656377,41.96884704175648,9.273914969298858e-11,-201.3284270224237
0.03715706054765025,1.018725785516844,0.03647405521280572,0.3528608747405588,45.95649781808021,1.20907728273778e-11,-181.3409596341434
0.1097760460079569,1.124895605895364,0.09758776319566145,0.3308657818985697,33.28029710798131,7.978694260835084e-09,-174.829588371523
0,0.9015502890408555,0,0.2898469602326965,52.05629863831751,5.39346345362901e-13,-143.0083539443967
0,0.5963119931712808,0,0.143333702833652,31.29173073165978,2.220233186189802e-08,-73.29239984853496
0.0744394344945654,1.139064090400582,0.065351401314378,0.4400701615641145,46.47668121887818,9.271472478644682e-12,-225.4382472771514
0.3306048139624763,1.004027402212635,0.3292786762930003,0.4785864671570914,11.00986783618146,0.0009062810786232278,-261.7862718686097
0.1111117095708322,1.018600590623816,0.1090827067975532,0.4098461259053748,33.33868564082405,7.742697594181891e-09,-219.9943422014146
0.05153389264614207,1.254267812503465,0.04108683339587789,0.3394156452838626,48.52184470128196,3.266276138447211e-12,-147.5348719883164
0.1095144938246428,1.30125084199942,0.08416093983568132,0.3674225348456809,40.92033469764044,1.585627185107796e-10,-184.5668784935098
0.05153144305321711,0.9474527354977621,0.05438946041582127,0.2624592892380209,33.71303227529546,6.387135154106716e-09,-129.9148446094322
0.06869949417629784,1.245154316206568,0.05517347792327835,0.3423262605589928,43.68167754142769,3.863720454688746e-11,-160.0075805970229
0.3404292604041095,1.269804191336693,0.2680958707859891,0.540767357471884,16.99966889194479,3.738633753880283e-05,-279.3881952393971
0.03717271962844546,1.197378872658852,0.03104507727441455,0.4221647504340253,56.74495100858172,4.96269692007445e-14,-208.1661156362439
0.07441823964450221,0.9139456596488227,0.08142523448614758,0.3650323848050387,34.89014841629489,3.48841489028473e-09,-190.9342314939025
0.05157760480139034,1.204090214318818,0.04283533259222524,0.3268762448427766,46.03001879396078,1.164546237220065e-11,-145.6924220587129
0.385317866134087,1.434965100172386,0.2685207229693584,0.6142723543893619,19.75927914622901,8.783421156732807e-06,-306.1010009005806
0.2366133371025969,0.9434917666904939,0.2507847396830717,0.3928918170992089,14.44895271343978,0.0001440099109621951,-219.2725205316831
0.1305699242458269,1.099565926601836,0.1187467900622821,0.4573502064528225,34.90983341038475,3.453323738078495e-09,-234.6102040087085
0.1304195838525227,1.246629902997475,0.1046177245860489,0.5138747026558237,42.63892097195583,6.583622536027178e-11,-259.3507186726522
0.2667195244283725,1.367439198667745,0.1950503720298711,0.5039437031962264,25.98224462025405,3.44571843391428e-07,-259.3965126502032
0.06861662682582169,1.207437179395752,0.05682832034388743,0.3395665286492485,42.75881562944863,6.192224510925826e-11,-158.9093461912841
0.1861318808428982,1.440223719264435,0.1292381720653519,0.5991154487097277,42.98644709123198,5.512035272658977e-11,-287.2188329450483
0.3467131763266684,0.840388952302352,0.4125627489233453,0.4549420954745271,6.386681749747481,0.01149797692692989,-253.9230234872567
0.3674453265146573,0.7873409623054175,0.46669148959142,0.4702956991323297,5.090618347275267,0.0240556129154289,-279.7756968637842
0.1489427002106587,1.023045661202986,0.1455875391089768,0.4439781037832327,29.12738578226379,6.777219596632023e-08,-237.4838564617882
0.357606767267417,1.517891540305085,0.2355944135478485,0.6604966914080674,27.6157571404575,1.479684539340553e-07,-349.0231002615404
0.365264845839482,1.159671959484088,0.314972560000485,0.5366291201879656,13.73880296075197,0.0002100693300480794,-305.1836265759997
0.1864364357875206,1.163782808488334,0.1601986508373392,0.510673111422545,30.72745187810278,2.969342860481561e-08,-266.6876734394152
0.3157788549424002,1.239600743851813,0.2547423890382481,0.5248645591903091,19.01074520023496,1.299844085589363e-05,-263.8672108514206
0.4023551651062221,1.090452408394098,0.3689800325158325,0.5482615595963823,9.917773162803087,0.001636903101964293,-301.1917463619744
0.3738806972590196,1.107079825062791,0.3377179213231657,0.5381492139186119,11.59325174340677,0.000661915705496674,-274.7472081814379
0.5719502181546204,1.11621375444463,0.5124020519162953,0.6878001587414737,4.791957429945683,0.02859291513275286,-332.7066408776096
0.4518371885920132,0.8195716754842227,0.5513089362502149,0.500033905884033,2.208161923973535,0.1372821538557646,-282.3582653458737
0.6572680418711621,0.9470531626616409,0.6940138819915308,0.7260941437163281,1.559131510265388,0.2117924292404925,-363.3051841812177
0.2827392564687406,1.20304102744745,0.2350204606642902,0.487809590910884,19.87696957343451,8.258929763860223e-06,-249.5964764110562
0.2049375660115964,1.009242295006229,0.2030608180271829,0.4790730735948428,22.94172755431896,1.669872773280012e-06,-260.1015925807804
0.3818862738344334,0.9599150556366364,0.3978334036871191,0.5145228549554164,8.043226609751287,0.004567410945624406,-270.010032131483
0.2799564478091669,0.9308823268842895,0.3007431119099611,0.4972678502671623,14.0338003024076,0.0001795539202349428,-266.8342997752811
0.1722207910263905,0.5891632276137986,0.2923142228748918,0.2735989038944415,7.574968027492503,0.005918442971734605,-148.9306794553261
0.1203606589495511,0.8363331582727727,0.1439147279513879,0.2889795363929642,19.50464824510641,1.003551818212767e-05,-150.3512686885537
0.08600928413952565,1.156070544336944,0.07439795483142912,0.340587204051609,37.34346203398644,9.90523774113683e-10,-162.0591822812851
0.442596336354645,1.266595457599649,0.3494378048642446,0.6253026266373981,12.71363889286067,0.0003629983958021166,-322.1212761694445
0.2940366832419493,1.361071866775571,0.2160331797457051,0.5509309583357973,23.61090195310692,1.179175540766408e-06,-263.599706063256
0.997522282080609,0.9947740535410072,1.002762666084644,0.9960138272281732,0.0001528180167724713,0.9901368354227348,-475.6378992300464
0.2203845346507121,1.065563242002743,0.2068244529874133,0.4054067440227913,19.48375792958228,1.014587320358196e-05,-213.6807971425277
0.1204530287320661,0.8658517743440686,0.1391150683075242,0.300159044376794,20.99826277846307,4.59700011345987e-06,-150.3960757151879
0.1678037220319917,0.9465555604165181,0.1772782592478271,0.4315486614761183,23.72902619606015,1.108973181840334e-06,-227.6951053302098
0.3039666224089266,0.9255461176730952,0.3284186672114465,0.4394334667382744,10.47777259024258,0.001208193328415708,-244.4646939691036
0.7956454052482873,0.7897420253680209,1.007475073746412,0.7942808980209717,0.0006265753127081553,0.980029848937215,-384.8040611744867
0.6704480059636778,0.777513415961461,0.8622976686963173,0.6947994462315565,0.2243088371307067,0.6357762322140164,-363.8889759769758
0.3369047328596183,1.1355928444798,0.2966774002648369,0.606961651966358,17.52519252498939,2.835258912448069e-05,-310.9986955471918
0.5557103413811653,0.7399860184245713,0.7509741097058447,0.6037813480774744,0.8516236771387184,0.3560934129157967,-347.3879101931535
0.2614988634263842,0.8147786113320362,0.3209446833648152,0.4525631772731258,11.64495140182999,0.0006437701587616029,-252.4101929319846
0.8274271665966337,0.7585625540784636,1.090783037137695,0.8115997446833175,0.08337971597507021,0.7727685181878903,-402.6850618527846
0.2621504570214593,0.8390434310565027,0.3124396751326281,0.4578176456214891,12.19248869493379,0.0004798232689448012,-258.3098997597087
0.4297110333892435,0.7814073794393733,0.5499193438607439,0.5054176206273808,3.065267716638346,0.07998198678226287,-290.7655545568026
0.4109144704270193,1.195471835917071,0.3437257642391871,0.5870603790757448,12.47917017993393,0.000411514959434478,-297.9912178539165
0.1862301813302207,0.9292944261871465,0.2003995462388759,0.4408412277539103,21.46088753804014,3.611197471053984e-06,-227.6028507829911
0.9221169263009578,0.8193402443634212,1.125438342183946,0.8871817140670603,0.2028974824351053,0.6523921769320602,-400.5138980892265
0.5910971052481484,0.8755840598606079,0.675088929031269,0.6547091587816026,1.589155860612891,0.2074467793115639,-333.2025363911214
0.6069721951704989,0.9455084241786688,0.6419532387538008,0.6822762347139539,2.144528250933831,0.1430790110754896,-347.7389282773665
0.7532824572029733,0.9775797914729718,0.7705585403601298,0.8043015679307731,0.8389337347805395,0.3597019013962659,-408.3536407439544
0.4929633913338162,0.8725976829462303,0.5649377725475725,0.5806990046618464,3.150384563337866,0.07590907118391621,-301.5624149593222
0.5236722550789642,0.975076673669364,0.5370575147780992,0.6257282759635974,4.143836442346924,0.0417863642348798,-326.0796668219982
0.6214320870147509,1.166582918658367,0.5326943135164631,0.7423171260394157,4.936211992343488,0.02629961305649609,-371.9506653226973
0.9455913236151363,1.358134203179349,0.6962429201779448,1.03497512599779,1.911386857824482,0.1668092856745443,-458.8889553362545
1.017794550221068,0.7823334726002605,1.300972776785582,0.9367551779537395,1.056254336639086,0.3040710412752196,-437.7785913871542
0.9241752865993362,0.9825659605868078,0.9405732782025142,0.9430986251788861,0.06108675419511655,0.8047864535425056,-446.0443922768544
0.43666859017508,4.058972397293124,0.1075810691558998,0.4915584134911014,12.65212391163561,0.0003751392551982757,-266.4230228341092
0.9466182506282409,0.908501894763923,1.041955174869748,0.9257023396943903,0.03153447916270125,0.8590532245250061,-475.9950626260171
0.6377215310174761,0.9379672018334283,0.6798974737825937,0.7067979554110509,1.450237775969981,0.2284898032418105,-319.1226523396567
0.6250181957858937,1.351844434353109,0.4623447638669907,0.7781147493450763,7.504778982780635,0.006153549134487735,-360.5749091706441
1.187142326080974,1.415969547509734,0.8383953794548765,1.231017396062339,0.4819181043808385,0.4875547764367276,-545.2739225848322
0.6569159365900838,1.418678264911363,0.4630478614057904,0.9117209705408832,10.54512655777933,0.001164948452548886,-446.9498209692022
0.403437486941031,0.9101903077839826,0.4432452021196205,0.5253731347084786,5.809946277610379,0.01593578103139004,-267.0645859261468
0.3109060649768589,0.6648121415451432,0.4676600283717099,0.3949231927746246,3.850456428297889,0.04973245525932002,-202.0820996849868
0.2766418326283924,0.8146511281302005,0.3395831946656047,0.4064276547544171,8.479116430685679,0.003592465446392246,-206.5738580429304
0.5250334550985623,0.9762510762835197,0.5378057631416979,0.6271954843391169,4.123984069659855,0.04227939919505397,-322.0242607445609
1.006230560768927,0.6748239905345147,1.491100753504498,0.9126142499064847,1.745165438604204,0.1864856602852352,-396.2800403083842
0.8487977366526321,1.082158868460957,0.7843559401400924,0.897743625356654,0.7923715682661623,0.3733839774229785,-466.3051946019749
0.5641600691917712,2.755037653636678,0.2047739959005911,0.6116193961921104,3.7667562921024,0.05228092636524995,-195.9855653246587
1.063865739221526,1.03185010044156,1.031027412573072,1.052923434582067,0.01728241947205333,0.8954093577862092,-498.1095178288348
0.6760313962102609,0.8377418373260843,0.8069686460545256,0.710821348461785,0.4908525536825437,0.4835472461373551,-381.3942635934365
1.393369967736046,1.446045265822311,0.9635728567208369,1.409250566701294,0.03254329696778768,0.8568404320814706,-643.7137447723943
1.140802699358633,0.7534167215863514,1.514172259087406,0.9604436490696358,2.884204872382611,0.08945215548713314,-440.6005861815975
1.230196129870773,0.2962117695484526,4.153096724502516,0.9294140943038008,20.78222823109127,5.145826650676533e-06,-456.4269912631972
1.092706077351357,0.896152726202322,1.219330193840932,1.028273350491543,0.6854380363645305,0.4077204217954974,-508.9424254444589
0.9163094049618339,0.9017017283273027,1.016200120478453,0.9131110370969345,0.003237589768900762,0.9546249959351654,-461.9830770902471
1.315093339692311,1.202330188420427,1.093787174569764,1.275787757107292,0.1783573981638256,0.6727886833203465,-578.9410294000546
0.8686954278600283,0.9483014195965043,0.9160541257332001,0.8859533908732176,0.09736082598055873,0.7550200316870492,-448.7577200788785
0.8973247949990435,0.9717693589566547,0.9233927646807685,0.9211611593206749,0.1031777115590558,0.7480490753207168,-444.7925151211751
1.311545892790168,1.190507327623036,1.101669735547783,1.275631084805777,0.1896426810942557,0.6632141774527121,-578.1340594745043
0.7442940886364279,0.7319703029373608,1.016836455863868,0.7414312810316848,0.002994050551706096,0.9563631942409691,-378.6417774745184
1.183576921902825,1.058391697824554,1.118278728315405,1.153214210428507,0.1853931998688267,0.6667787994937954,-480.4390704319056