ObservedSChanges	ObservedNSChanges	E[SSites]	E[NSSites]	ObservedS.Prop.	P{S}	dS	dN	dN-dS	P{Sleq.observed}	P{Sgeq.observed}	ScaleddN-dS	pvalue
3	0	1.000000000000001	2.000000000000003	1	0.3333333333333333	2.999999999999996	0	-2.999999999999996	1	0.03703703703703698	-1.445042751995473	1
4	2	0.6016733876141741	2.398018910381948	0.6666666666666666	0.2005783686600484	6.648125182769458	0.8340217799539565	-5.814103402815501	0.9983776699098557	0.01713831788570064	-2.800542660530255	0.9983776699098557
7	1	0.9996928124426588	2.000153593778673	0.875	0.3332479990873574	7.00215097365373	0.4999616045039864	-6.502189369149744	0.9998478960810545	0.002586701397859104	-3.131980539997289	0.9998478960810545
1	0	1.000000000000001	2.000000000000003	1	0.3333333333333333	0.9999999999999987	0	-0.9999999999999987	1	0.3333333333333333	-0.4816809173318243	1
0	0	0.6006798410165253	2.22094223447326	0	0.2128845837415195	0	0	0	0	0	0	0
0	0	0.6006798410165252	2.22094223447326	0	0.2128845837415195	0	0	0	0	0	0	0
3	1	0.6006798410165252	2.221086029363	0.75	0.2128737353165782	4.994341070149993	0.4502301967505494	-4.544110873399443	0.9979465301849331	0.03242527726740274	-2.188811493956564	0.9979465301849331
4	1	0.9971034785876597	2.002896521412345	0.8	0.3323678261958861	4.011619742482267	0.4992769168598131	-3.512342825622454	0.9959440286064218	0.04479242036602027	-1.691828514229678	0.9959440286064218
5	0	1.000000000000001	2.000000000000003	1	0.3333333333333333	4.999999999999994	0	-4.999999999999994	1	0.004115226337448097	-2.408404586659122	1
2	0	1.000000000000001	2.000000000000002	1	0.3333333333333333	1.999999999999998	0	-1.999999999999998	1	0.1111111111111109	-0.9633618346636489	1
7	1	0.9983860000323302	2.001613999967673	0.875	0.3327953333441097	7.01131626422378	0.4995968253700017	-6.511719438853778	0.9998495411209926	0.002563638540029056	-3.136570992714564	0.9998495411209926
3	0	0.6006798410165253	2.22094223447326	1	0.2128845837415195	4.994341070149992	0	-4.994341070149992	1	0.00964789654983278	-2.405678788137857	1
1	1	0.6013262235660413	2.398673776433963	0.5	0.2004420745220135	1.662990837269172	0.4168970411168918	-1.24609379615228	0.9598229747613116	0.3607071238053385	-0.6002196028121263	0.9598229747613116
4	0	0.6006798410165252	2.22094223447326	1	0.2128845837415195	6.659121426866657	0	-6.659121426866657	1	0.002053888440992191	-3.207571717517143	1
4	0	1.000000000000001	2.000000000000003	1	0.3333333333333333	3.999999999999995	0	-3.999999999999995	1	0.01234567901234551	-1.926723669327297	1
2	8	0.99355556261197	2.005723666387657	0.2	0.3312647762187045	2.012972475079478	3.98858533409447	1.975612859014993	0.3040065954617375	0.8935068317542592	0.9516150142228912	0.3040065954617375
0	2	0.6009809440800707	2.397323177782499	0	0.2004402887945659	0	0.8342638233072858	0.8342638233072858	0.6392957317829172	0.3607042682170828	0.401848963707409	0.6392957317829172
3	0	1.000000000000001	2.000000000000003	1	0.3333333333333333	2.999999999999996	0	-2.999999999999996	1	0.03703703703703698	-1.445042751995473	1
2	1	1.000000000000001	1.997693199841778	0.6666666666666666	0.3335898416998717	1.999999999999998	0.5005773659735149	-1.499422634026483	0.9628773943606973	0.2596013361774312	-0.7222432698259775	0.9628773943606973
1	0	0.6006798410165253	2.220942234473259	1	0.2128845837415196	1.664780356716664	0	-1.664780356716664	1	0.2128845837415195	-0.8018929293792856	1
5	0	1.000000000000001	2.000000000000002	1	0.3333333333333333	4.999999999999995	0	-4.999999999999995	1	0.004115226337448097	-2.408404586659122	1
0	2	0.6087535321670507	2.39093717190375	0	0.2029387667671628	0	0.8364920766226275	0.8364920766226275	0.6353066095226513	0.3646933904773487	0.4029222708083904	0.6353066095226513
4	0	1	2.000000000000001	1	0.3333333333333333	3.999999999999998	0	-3.999999999999998	1	0.01234567901234551	-1.926723669327299	1
2	2	0.6188405305426967	2.190808743852039	0.5	0.2202554376385677	3.231850373869477	0.9129048830083885	-2.318945490861089	0.9643198451852242	0.212654061538476	-1.116991791280469	0.9643198451852242
3	0	1.000000000000001	2.000000000000003	1	0.3333333333333333	2.999999999999996	0	-2.999999999999996	1	0.03703703703703698	-1.445042751995473	1
1	0	1.000000000000001	2.000000000000003	1	0.3333333333333333	0.9999999999999987	0	-0.9999999999999987	1	0.3333333333333333	-0.4816809173318243	1
3	2	0.6019673879041239	2.39803261209588	0.6	0.200655795968041	4.983658683645856	0.8340170145776293	-4.149641669068227	0.9931956789788675	0.05842489001145956	-1.998803205755149	0.9931956789788675
0	5	0.6010009708734808	2.398999029126523	0	0.2003336569578267	0	2.084202594204677	2.084202594204677	0.3269972403067559	0.6730027596932442	1.003920617481878	0.3269972403067559
3	2	0.6235386370781765	2.186879908445592	0.6	0.2218668240968249	4.811249570768577	0.9145449607342985	-3.896704610034278	0.9900349649297789	0.07609297053530661	-1.876968251132462	0.9900349649297789
4	1	0.6205044350769398	2.189606880499043	0.8	0.2208113364184494	6.446368106142574	0.4567029857761891	-5.989665120366385	0.9994750634275813	0.009786794069467808	-2.885107389688516	0.9994750634275813
4	0	0.6006798410165253	2.22094223447326	1	0.2128845837415195	6.659121426866657	0	-6.659121426866657	1	0.002053888440992302	-3.207571717517142	1
3	3	0.6011251094529328	2.398567130283412	0.5	0.2003955944179688	4.990641636530898	1.250746732131497	-3.739894904399401	0.9829181726769479	0.09936670716290874	-1.801436008275721	0.9829181726769479
2	1	0.9993550134782562	2.000644986521748	0.6666666666666666	0.333118337826085	2.001290805595699	0.4998388053537502	-1.501452000241949	0.9630345819189156	0.2589726448258716	-0.7232207768062454	0.9630345819189156
2	0	0.6006798410165253	2.220942234473259	1	0.2128845837415196	3.329560713433328	0	-3.329560713433328	1	0.0453198459948001	-1.603785858758571	1
4	2	0.6021381639228959	2.39397930998459	0.6666666666666666	0.2009728153741573	6.642993651058799	0.8354291082043118	-5.807564542854488	0.9983623017208059	0.0172606695927402	-2.79739301646593	0.9983623017208059
2	13	0.9909893250697938	2.008003553459826	0.1333333333333333	0.3304407063332765	2.018185210884227	6.474092128771768	4.455906917887541	0.08279760648283778	0.9795233249835682	2.146325331753296	0.08279760648283778
4	3	0.6738833340869155	2.13591920621401	0.5714285714285714	0.2398329862762327	5.935745547736149	1.404547508759755	-4.531198038976394	0.9893126894303145	0.0615536828135741	-2.182591628026316	0.9893126894303145
2	4	0.6168308378483452	2.381783880567786	0.3333333333333333	0.2057052658549463	3.242380045356491	1.679413498695126	-1.562966546661364	0.89398498710232	0.3586589096383979	-0.7528511599548007	0.89398498710232
0	0	0.6006798410165252	2.399320158983479	0	0.2002266136721748	0	0	0	0	0	0	0
3	3	1.000287941388554	1.997245400148521	0.5	0.3337036914744128	2.999136424493469	1.502068799245657	-1.497067625247813	0.8994966335176614	0.3203476866765094	-0.7211089070371431	0.8994966335176614
1	1	1.000000000000001	1.999691961237525	0.5	0.3333675633772243	0.9999999999999987	0.5000770215534307	-0.499922978446568	0.8888660676879325	0.5556011944423809	-0.240803358853401	0.8888660676879325
6	3	1.255268000913284	1.370613495722632	0.6666666666666666	0.4780368049820375	4.779855772340754	2.188800861338596	-2.591054911002158	0.929934187038563	0.2126157202068482	-1.248061706388649	0.929934187038563
10	7	1.220685537581359	1.518434695418099	0.5882352941176471	0.4456487608229793	8.192118028869084	4.610010572810678	-3.582107456058406	0.9228572524970058	0.1738139536206931	-1.725432805415383	0.9228572524970058
0	1	0.6006798410165252	2.22108600256347	0	0.2128737373383321	0	0.450230202183008	0.450230202183008	0.7871262626616679	0.2128737373383321	0.2168672967980043	0.7871262626616679
3	3	0.679213315598571	2.130335605309428	0.5	0.2417517312277519	4.416874538680366	1.408228822033069	-3.008645716647298	0.9665863687878147	0.1566029507642609	-1.449207228721136	0.9665863687878147
1	7	0.6762611007160534	1.75787391686337	0.125	0.2778239891509993	1.478718795064744	3.982083090743118	2.503364295678374	0.3016841404155948	0.9260148661353297	1.205822810358097	0.3016841404155948
0	0	0.6770648843956022	2.13227591415867	0	0.2410048950785998	0	0	0	0	0	0	0
5	0	1.000000000000001	2.000000000000003	1	0.3333333333333333	4.999999999999994	0	-4.999999999999994	1	0.004115226337448097	-2.408404586659122	1
3	4	0.9983879939247143	2.001612006075289	0.4285714285714285	0.3327959979749044	3.004843826503608	1.998389292160123	-1.006454534343486	0.8275277836491162	0.4281169791100184	-0.4847899433553449	0.8275277836491162
2	3	0.9996925853716806	2.000153707314163	0.4	0.333247936005624	2.000615018322268	1.499884728373424	-0.5007302899488444	0.7902499551416093	0.5389259533250985	-0.2411922253983901	0.7902499551416093
1	5	0.3263261487404494	2.672724613136265	0.1666666666666667	0.1088098117206407	3.064418845562302	1.870750160875285	-1.193668684687017	0.8679867127346186	0.499017704368981	-0.5749674270303156	0.8679867127346186
2	5	0.6109885504058568	2.389011449594147	0.2857142857142857	0.2036628501352853	3.273383762545918	2.092915879850394	-1.180467882695524	0.845609467401455	0.4333414610474964	-0.5686088526175374	0.845609467401455
6	13	0.6019190108721124	2.397265441112501	0.3157894736842105	0.2006942288840594	9.968118453854249	5.422845454263537	-4.545272999590712	0.9313173915548474	0.1650565111115213	-2.18937126796643	0.9313173915548474
1	2	0.9984628392910532	2.000768580354476	0.3333333333333333	0.3329062348276742	1.001539527209684	0.9996158574449726	-0.001923669764711256	0.7413100228460026	0.7031338741253161	-0.0009265950169096135	0.7413100228460026
3	14	0.6759439042678458	2.155562914404634	0.1764705882352941	0.2387223296833714	4.438238115704993	6.494823188153986	2.056585072448993	0.3940315368425535	0.8091065338466035	0.9906177842681685	0.3940315368425535
7	4	0.9958208476968908	2.003105339610842	0.6363636363636364	0.3320591390049792	7.029376836395244	1.996899474481512	-5.032477361913732	0.9914023062586057	0.03783747036484419	-2.424048312138249	0.9914023062586057
0	0	0.6006798410165253	2.22094223447326	0	0.2128845837415195	0	0	0	0	0	0	0
1	9	0.6107812919027036	2.361365134337702	0.1	0.205501750018187	1.637247265522498	3.811354656307421	2.174107390784924	0.3594244081099491	0.8997857572018333	1.047226042371183	0.3594244081099491
1	4	0.6019690901655985	2.220339181094173	0.2	0.2132896311489398	1.661214863581958	1.801526556869937	0.1403116932879789	0.7098589601804077	0.6986477967298683	0.06758546513533534	0.7098589601804077
2	4	0.6027802188145399	2.395991192667213	0.3333333333333333	0.2010090587453927	3.317958913670571	1.669455218467313	-1.648503695203258	0.8998761620306629	0.3471198496465235	-0.7940527721304085	0.8998761620306629
0	2	0.6029357531985141	2.39706424680149	0	0.2009785843995044	0	0.8343539405206555	0.8343539405206555	0.6384352225882198	0.3615647774117802	0.4018923714494123	0.6384352225882198
3	2	0.6010006820631598	2.213296823111916	0.6	0.2135526471376991	4.991674867491626	0.9036293637235613	-4.088045503768065	0.9913776216705651	0.06885810965186523	-1.969133508349244	0.9913776216705651
3	2	0.6010017385856695	2.22105265968447	0.6	0.2129660360034417	4.991666092447362	0.9004739222545615	-4.091192170192801	0.9914671450943664	0.06836271550447492	-1.970649197519248	0.9914671450943664
0	1	0.6013283706489221	2.220583405641606	0	0.2130925480028234	0	0.4503321052744085	0.4503321052744085	0.7869074519971766	0.2130925480028234	0.2169163815725491	0.7869074519971766
2	1	1.000000000000001	2.000000000000003	0.6666666666666666	0.3333333333333333	1.999999999999997	0.4999999999999993	-1.499999999999998	0.962962962962963	0.2592592592592592	-0.7225213759977365	0.962962962962963
4	4	0.6052862308302689	2.39379110828523	0.5	0.2018241486926051	6.608443734980085	1.670989580567606	-4.93745415441248	0.9891689456392203	0.05797054588533879	-2.378277446381234	0.9891689456392203
0	7	0.0122543295191024	2.986792993835402	0	0.00408607407548196	0	2.343650870498111	2.343650870498111	0.9717457194941322	0.02825428050586776	1.12889190120706	0.9717457194941322
0	2	0.6016448829798973	2.220408280644606	0	0.2131940286366451	0	0.9007352465013239	0.9007352465013239	0.6190636365730325	0.3809363634269675	0.4338669798078651	0.6190636365730325
0	6	0.6045426742245611	2.394811417479924	0	0.2015576206545887	0	2.50541648340471	2.50541648340471	0.2590964610050451	0.7409035389949549	1.206811310024656	0.2590964610050451
4	6	0.6021611034220808	2.396298880995167	0.4	0.2008234582257102	6.642740584318722	2.50386128691436	-4.138879297404362	0.9666594389263444	0.1223289667373026	-1.993619176699432	0.9666594389263444
2	2	0.6013038627816665	2.39285673903047	0.5	0.2008255209883341	3.326105358358891	0.8358210365783759	-2.490284321780515	0.9724818541471092	0.1820693055400382	-1.1995224365323	0.9724818541471092
2	5	0.60135389967071	2.39380714197565	0.2857142857142857	0.2007751474158337	3.325828602916124	2.088722985375261	-1.237105617540863	0.8506319184259608	0.4254157622410807	-0.5958901686934367	0.8506319184259608
4	3	0.6006943590929079	2.398821203957227	0.5714285714285714	0.200263791424398	6.658960483731344	1.250614257974306	-5.408346225757038	0.9952995716127826	0.03349549309291067	-2.605097171270763	0.9952995716127826
3	14	0.981356197922824	2.017488867854786	0.1764705882352941	0.3272447146809685	3.056993990917788	6.939319578445223	3.882325587527435	0.1418092319679108	0.9509007491950969	1.870042150381031	0.1418092319679108
4	6	0.6064759699705821	2.393524030029421	0.4	0.2021586566568604	6.595479784951785	2.506764053639456	-4.088715731312329	0.9657592349836432	0.1247072862560865	-1.969456344167586	0.9657592349836432
2	4	0.6094720079705379	2.390206160745851	0.3333333333333333	0.2031791324571799	3.281528887043949	1.673495812073307	-1.608033074970641	0.8971747759492428	0.3524526270941626	-0.7745588466517738	0.8971747759492428
3	3	0.5931389124376666	2.217070147222842	0.5	0.2110657605343148	5.057837105427259	1.353137158857096	-3.704699946570163	0.9794001192351866	0.1129432616052477	-1.784483268703079	0.9794001192351866
8	6	0.9994558761916591	2.000544123808344	0.5714285714285714	0.3331519587305527	8.004355360321972	2.999184036280127	-5.005171324041845	0.982631762741712	0.05744158078073114	-2.410895514767421	0.982631762741712
4	3	0.7751247550670253	2.224875244932978	0.5714285714285714	0.2583749183556748	5.160459621308467	1.348390210566782	-3.812069410741685	0.9850790030105285	0.07854524779479544	-1.836201090698644	0.9850790030105285
2	5	0.6019678583098962	2.224795897348082	0.2857142857142857	0.2129530128242987	3.322436526121615	2.247397168414376	-1.075039357707239	0.8289830081142262	0.458617849102295	-0.5178259439882387	0.8289830081142262
0	6	0.01010406168375632	2.989895938316248	0	0.003368020561252102	0	2.00675880491643	2.00675880491643	0.9799612678905153	0.0200387321094847	0.9666174220158625	0.9799612678905153
4	7	0.6776744091727129	2.154780678288912	0.3636363636363636	0.2392533643949241	5.902539546805515	3.248590480938702	-2.653949065866813	0.9018877236680919	0.2575629787457662	-1.278356620598666	0.9018877236680919
3	6	1.000000000000001	1.992304407753564	0.3333333333333333	0.3341905981920933	2.999999999999996	3.011587976540864	0.01158797654086818	0.6481987304704191	0.6249263045596517	0.005581707170225055	0.6481987304704191
1	4	0.5968029066215612	2.226515732004689	0.2	0.2113834756221314	1.675595056433112	1.796528963394531	0.1209339069614197	0.7138147521414122	0.6949792641986374	0.05825155524169821	0.7138147521414122
5	2	1.000000000000001	2.000000000000002	0.7142857142857143	0.3333333333333333	4.999999999999995	0.9999999999999989	-3.999999999999996	0.993141289437586	0.04526748971193395	-1.926723669327298	0.993141289437586
3	4	1.000000000000001	2.000000000000003	0.4285714285714285	0.3333333333333333	2.999999999999996	1.999999999999997	-0.9999999999999987	0.8267032464563331	0.4293552812071328	-0.4816809173318243	0.8267032464563331
1	4	0.9893742892994017	2.010625710700601	0.2	0.329791429766467	1.010739829016704	1.989430443822487	0.9786906148057832	0.4679200890281197	0.8647772122220746	0.4714165931236974	0.4679200890281197
2	10	0.9388585656646163	2.058371347400491	0.1666666666666667	0.3132420911629351	2.130246315198928	4.858209871911092	2.727963556712164	0.2223752752606422	0.9287513067525379	1.314007988444903	0.2223752752606422
3	4	0.7787924904706051	2.221207509529399	0.4285714285714285	0.2595974968235346	3.852117267061954	1.800822292757091	-2.051294974304863	0.920244951760866	0.2637648930871013	-0.988069644941329	0.920244951760866
5	4	0.9990981738984179	2.000255525461411	0.5555555555555556	0.3331044865137652	5.00451320063004	1.999744507181049	-3.004768693448991	0.9577180717768495	0.1444944583551051	-1.447339740630459	0.9577180717768495
2	2	0.6006798410165252	2.397699545957001	0.5	0.2003348354201545	3.329560713433329	0.8341328684706965	-2.495427844962632	0.9726712347858399	0.1813145222555076	-1.20199997349698	0.9726712347858399
5	8	0.620041343155449	2.37898645507348	0.3846153846153846	0.2067474477967872	8.063978402721547	3.362776607213976	-4.701201795507571	0.9650424503879692	0.1111779379089874	-2.26447919342211	0.9650424503879692
3	14	0.9938737136673567	2.00451740769324	0.1764705882352941	0.3314690023549566	3.0184921471865	6.984224704793623	3.965732557607123	0.1338330374366427	0.9543813374601408	1.910217696240883	0.1338330374366427
2	5	0.6046867002444616	2.395313299755542	0.2857142857142857	0.2015622334148203	3.307497914525727	2.08740960963657	-1.220088304889157	0.8492699964561716	0.4275790132343447	-0.5876932539248405	0.8492699964561716
1	10	0.6068057830680456	2.390025279016229	0.09090909090909091	0.2024824791578397	1.647973746960587	4.184056163672107	2.53608241671152	0.3148491704182814	0.9169876779209508	1.221582504910717	0.3148491704182814
1	7	0.6751112671736433	2.157683497195668	0.125	0.2383198654788353	1.481237313941604	3.244220020729578	1.762982706787974	0.3968561721808009	0.8867127509935554	0.8491951274457753	0.3968561721808009
5	6	0.9817660844363135	2.007468707283088	0.4545454545454545	0.3284339146446251	5.09286283083488	2.988838619616847	-2.104024211218034	0.8851397065774289	0.2768228017234544	-1.013468312147872	0.8851397065774289
5	7	0.9980379783391836	2.00196202166082	0.4166666666666667	0.3326793261130608	5.009829393787606	3.4965698271303	-1.513259566657306	0.823584912890501	0.3666088649192029	-0.728908256228651	0.823584912890501
1	4	0.6036083189958179	2.393809651220185	0.2	0.201376092688308	1.65670347563074	1.670976636743485	0.01427316111274468	0.7344593633029237	0.675128559097348	0.006875109338011789	0.7344593633029237
2	6	0.7662767094965062	2.23037180105938	0.25	0.2557112410071609	2.610023213825891	2.690134441777879	0.080111227951988	0.6642612303639563	0.6469866700605189	0.03858804976849251	0.6642612303639563
