dN,dS,dN/dS,dS=dN,LRT,p-value,Full Log(L)
0,0,0,0,0,1,0
0,1.96694539520534,0,0.61374285380959,13.94140635079059,0.0001885978507312203,-43.76328491409285
0,1.379869809676832,0,0.4832304185195332,10.47688926463725,0.001208771134426856,-39.34961090439709
0,0.549489954117599,0,0.1929885241099763,4.183125635729162,0.04082833666142405,-19.75519890271394
0,0.7707920012543525,0,0.2826077149553131,6.015613190616406,0.01417985053670401,-25.8142958453318
0.1488709730558021,1.117050799282699,0.1332714440125712,0.5361824881115913,4.772366577668194,0.02892004534747727,-49.80946578949526
0,2.628851827686747,0,0.8188989154535798,18.60006447867967,1.612150968688386e-05,-52.99983690498257
0.1488596470416018,0.8261635886201503,0.1801818055068557,0.3865286097523383,2.645525004720255,0.1038418466054424,-35.75104577386594
0,0.7705712455865718,0,0.2825781070572966,6.014528127321547,0.01418857198843426,-25.81284373307703
0,1.38432758035855,0,0.4837771218875141,10.49781081349788,0.001195160627440739,-38.63749524773251
0,0.5140392033258532,0,0.1884229945531543,4.012421217980553,0.04516624505744204,-20.4437861292363
0.2964317066421754,1.123236286833331,0.2639085917335226,0.6252308985020372,2.870591765651056,0.09021169424727349,-55.65932970393865
0,1.308828704192347,0,0.4089415061705102,9.291289167426598,0.002302460697410025,-31.25813661745976
0,0.4251194363601708,0,0.09837102975609942,2.925679149739359,0.08718053423762862,-11.31386644200426
0.109983226192196,1.280188084256082,0.08591177151606384,0.3496888166399417,5.458872914026188,0.01946920104824779,-32.32058963725204
0.4411507084770865,1.152011982219386,0.3829393402898434,0.5996736592461887,1.454746542810753,0.227767854058664,-55.09420934912929
0.121080773024886,0.6207050688690154,0.1950697345609032,0.2613091196328435,1.920199431891753,0.1658346768303701,-27.33875208263983
0.3385789708843137,0.7681881168098217,0.4407500760235462,0.4361039310037757,0.7432992735545412,0.3886060486430735,-44.84245016391645
0.1489033190509623,1.28757594962019,0.115646241369207,0.566172598515037,5.535625796771726,0.01863310050727207,-44.54354275436157
0,0.8953610226095472,0,0.3574944222660792,7.340149695546884,0.006743122379672783,-28.92521168138209
0,1.15434033571574,0,0.2880930302025559,8.316154837893428,0.003929401324052617,-22.9772299297551
0.3649249206538671,0.9279109164198522,0.3932758136544536,0.5238320631098542,1.258905194732165,0.2618584241099938,-49.44309218993264
0.1488596520210989,0.5498706140189966,0.2707175983329712,0.2897212379657259,1.229897181910964,0.2674270347313366,-29.86141846072351
0.2164742870110273,0.9795608500664675,0.2209911584322082,0.4064105416253487,2.752760145963023,0.09708669791169211,-43.25320975071255
0.219946079455002,0,inf,0.1708100535626905,1.011274590469519,0.3145976801853986,-20.72154162385003
0.1488707622845281,1.115835429541004,0.1334164145923971,0.5359484688470061,4.766727747532983,0.02901492360939784,-46.5714595264651
0.1057936594260026,0.8533026171740409,0.1239814074124945,0.2542729170051258,3.083026234996346,0.07911319690048002,-27.69738175962081
0.3382109729057,1.546670866502741,0.2186702938747702,0.6108898848971736,3.868026582162543,0.04921435547838915,-51.74684967593081
0,1.280217684735096,0,0.2953064893384508,8.785366118078223,0.003036566146881414,-22.87732334634702
0,0.9792076547136648,0,0.3064828705837552,6.960985565005124,0.008330613178993307,-25.25970951389659
0,1.964101183046341,0,0.6134669611240759,13.92955377789212,0.000189790771014553,-42.79004271442162
0.3850563900254996,0.9267741059940626,0.4154803069432827,0.660940696070658,1.213746444442222,0.2705914154804765,-53.68843608941087
0,1.306351418560567,0,0.4086978446072303,9.280875829125414,0.002315586842310702,-29.88443668055125
0.2200874179994612,0.7645609253089504,0.2878611902779708,0.3417652132770251,1.457080406569546,0.227395230522912,-33.06168406727803
0.3643694658113186,0.5527973734560533,0.6591374766007015,0.3982801033927535,0.120788528114474,0.7281808359149684,-36.42996763235647
0.1281236991439877,0,inf,0.09836001486099442,0.5286546450892189,0.4671730244219383,-12.40919163238433
0.2117811444438995,0.4250404365329338,0.4982611682112036,0.2542971147763354,0.2947286661403012,0.5872061033948364,-30.72096270060018
0.1488709754872282,1.633791746401023,0.09111992138237121,0.6135903213078275,6.940978130776799,0.008424303408045009,-45.74955816082169
0,0.8495207435444139,0,0.196672677022856,5.845686133939701,0.01561528400316292,-17.36421502705036
0.6081014519548928,0.621595244219303,0.9782916738988925,0.6119091063307307,0.0006842919334246744,0.979130538488263,-56.18354452765884
0.3635340503359,0.6220486573401459,0.5844141708951779,0.4360094696853135,0.3299042598681012,0.5657154688045284,-43.81537388076026
1.964951470368006,0.5163709446123339,3.805309905349526,1.401598453223835,4.082627859956574,0.04332622678938736,-94.23763187813177
0.1488621704819568,0.4448737418892678,0.334616670900324,0.2675626228173005,0.8608554146753491,0.3534994206175782,-29.69530669609995
0,2.021694394699209,0,0.8057551348449526,16.53451884458651,4.777241457176729e-05,-61.61014572637369
0.3244660718374006,1.073869101374569,0.3021467620421139,0.4983095947230374,2.025104634709933,0.1547182665977275,-50.69556358107219
0.2564179778287788,1.541949103168834,0.1662947092753052,0.5771604414475875,4.600116819915598,0.03196977768645781,-43.89702449864311
0.1099017718790998,2.710962160718631,0.0405397660917431,0.6845333688319457,15.54454377485874,8.058388314946541e-05,-52.48975784245355
0.9757409105981012,1.106263616158053,0.8820148257128401,1.024088253580643,0.03734399082284767,0.8467663669131884,-73.88338012941851
0.2564120552715709,1.153237095464362,0.2223411441411569,0.4806417478278094,2.729662502590202,0.09850009808676619,-39.79179034848601
2.896644102208699,1.293911755051574,2.238672066236266,2.321252882248245,2.985846028989386,0.0839953821933147,-152.054289777741
0,0.274862960151818,0,0.09650920516426451,2.092773286391278,0.1479971963011163,-11.99336333272546
0.2978919956260819,0.5130604898417812,0.5806176884093074,0.3769417795294923,0.291603977106405,0.5891944928873731,-35.35774206696621
1.484688690417839,1.264562858006484,1.174072669474392,1.437864467208728,0.0643907453372492,0.79968614162767,-108.1810221454513
0.4402830751654417,0.7666169817346025,0.5743194915526469,0.5130510278568722,0.3809770747187287,0.5370807859051926,-48.097810807141
0.3640371997093047,0.5567225357333302,0.6538934143015873,0.3984287583450358,0.1248108932160932,0.7238741510716604,-35.32056930879623
0.6065836382156694,1.249909651003563,0.4853019878105898,0.7864752539963075,1.104737589486376,0.2932287473891452,-68.07222570505498
0.1487995814046339,0.8257739179216336,0.1801940920816962,0.3863612384782467,2.645285992489235,0.1038574651859641,-35.82270712814811
0.7453938133947144,1.103392722148519,0.6755471541839507,0.8710112316368207,0.333793849524568,0.5634336256003607,-71.17664904524388
0.2978959240865888,0.5497127278124917,0.5419120006044353,0.3864044880913617,0.3690690731765756,0.5435121407947079,-34.95031658511225
0.384871171054447,0.7658860835659639,0.5025175144356817,0.4804570478502457,0.5323533030962722,0.4656191590012125,-40.46151527270429
0.1488620807312768,0.8902643065423901,0.167211107574814,0.4460981030833336,3.330300287161677,0.06801445563788111,-41.05675167714705
0.3636383637832723,1.116356895024987,0.3257366576977456,0.4977937348156053,1.338661148664698,0.24727021545051,-41.77273377993419
0.6788612739455328,0.8535396088144859,0.7953482965933232,0.7154260308035352,0.07529358075674963,0.7837797342576011,-62.14149162775716
0.606073322407051,0.620369540495804,0.9769553191194279,0.6101026209479489,0.0007720436347966597,0.977833092689452,-55.3971035146961
0.1488597180317985,1.103416192231557,0.134908042024237,0.4834519716554379,4.238465007159988,0.03951788075033169,-41.86979598574034
0.297771662442506,0.3254522900826297,0.914947202758672,0.3064595223168419,0.005207819098785649,0.9424704227368202,-26.40840129011147
0,0.2221214343489594,0,0.08908695873572336,1.827056086891588,0.1764756619947313,-11.91154814620145
0,0.8517905239342752,0,0.1967937030949512,5.853856922256753,0.01554294987403793,-17.35744425566605
0.5522669297725891,1.705680003427211,0.3237810894557729,0.7893418474603129,2.575564221456972,0.108525399864285,-68.11066704579962
0.5985531938657888,0.9014593772004788,0.6639824367068228,0.719482228538829,0.3322936169602997,0.5643116343417776,-61.35673083166531
0.975195077369004,1.279128638207139,0.7623901523586116,1.031662250354611,0.160646280938181,0.6885621975164267,-89.10050234924897
0.1487784594758529,1.80572741109587,0.08239253530828407,0.7550160878369059,8.938796094994501,0.002791766630668713,-54.96275377036979
0.7485435899360259,0.891036945791808,0.8400814281284853,0.8058439414903042,0.06677792640942926,0.796087217401779,-69.12189430181988
0.1210875995173917,1.677540178052368,0.07218163898642055,0.397922256962637,6.228863451566482,0.01256843800224439,-30.78174349163312
0.3382922370196695,2.320501669784746,0.1457840954930449,0.7854698940516672,7.903934408597507,0.004932739059494429,-62.34947645548398
2.730278474566827,1.557642017388892,1.752827956672388,2.351178255603309,1.628771917757717,0.2018729938124221,-172.6668864896515
1.710246566613609,0,inf,1.684039367949919,0.339550398687237,0.560088855365362,-78.77650349241075
0.3848357871884606,1.286242961850889,0.299193697149321,0.5923005916529286,2.056245413642429,0.151583266861064,-48.38931140918933
0.6112126080173328,0,inf,0.6104964451297545,0.01639828497130225,0.898104823574598,-54.49981402578014
0.2199493990512788,1.153346731485795,0.19070535602761,0.4274953117278526,3.287312828304039,0.0698171978947113,-39.61322762983658
0.5845023561704622,0.5634131632452554,1.037431132783148,0.5773109770624675,0.001803977713549898,0.9661214288922721,-53.05154568799544
0.3304574835683272,0.8483549644837765,0.3895273763965187,0.4370689960024364,0.9670560541499214,0.3254154895820702,-41.45623625210461
0.6625544145923304,0.3836255139608164,1.727086417562946,0.6002579433608708,0.2898217790604747,0.5903347610996481,-59.37943771189735
1.048128199820052,0.6663536958959115,1.572930721740569,0.8942936323193126,0.4533527950102609,0.5007470508894674,-72.94045474198153
0.5305198278226928,1.154750099428986,0.459423929112481,0.6653102948250585,1.03847005208884,0.3081775644964435,-62.79391168030893
1.626233306335906,0.2770093121205431,5.870681003056808,1.125844736382096,4.525586997183439,0.03339161867095819,-77.11837725981252
0.2425703355311686,2.230681175708128,0.1087427186694059,0.5972644391310096,6.895446813517495,0.008641556146656959,-42.79064406019593
0.4241227269978619,0.3957403862630138,1.071719596280944,0.4181285202818086,0.003883560909244466,0.9503094168849534,-44.20390627558506
0.7765748106524012,0,inf,0.7706757142687652,0.07617508002103079,0.7825493463360793,-42.73763928392468
0.2613979834611115,3.402277248419154e-13,768303005237.3552,0.2611706787013111,0.005058599800605634,0.9432991992075115,-27.53756240449489
0.6916242198837196,0.7708078729897371,0.8972718677627314,0.699622910760565,0.01006908737087997,0.9200705581403997,-66.13296074229608
0.7454887453870918,1.30536106704716,0.5710977324254446,0.9210303408525286,0.6720568925946111,0.4123353986283133,-65.81951202867859
0.9922935417733468,1.309096588790037,0.7579987223788408,1.088001386467434,0.1891911680154408,0.6635906555677549,-79.89535419859463
0.338361926895604,1.707547876476184,0.1981566265619864,0.624281627829502,4.35332722383427,0.03693671699178291,-51.93159209446542
0.3563668570483505,0.3831932064357507,0.9299926279045394,0.3626962180724825,0.003876700246223663,0.9503532710115999,-33.12647374435543
0.4239918117014311,1.243980027045951,0.3408349028788463,0.6800929629238825,1.988143088360317,0.1585351713454944,-53.13738454889137
1.029404142869215,0.8544598077213372,1.20474261465196,0.9889552553356685,0.05730608079562671,0.8108055985452063,-74.7098011288503
0.729980284583882,0,inf,0.6151840417958767,2.395514604279313,0.1216837016993263,-53.18541387097318
0.4393299949366094,27.36312756245805,0.01605554752225641,0.5236947008122804,4.705071815859313,0.03007374539340313,-46.31300760196681
0.4239998980662361,2.142197470458195,0.197927550523877,0.7644257092471545,5.554962870275403,0.01842836384709046,-65.27604604771412