Codon,alpha,beta,beta-alpha,Prob[alpha<beta],Prob[alpha>beta],BayesFactor,PSRF,Neff
1,1,0.09145387681329482,-0.9085461231867051,1.413940834335123e-26,1,1.19094194779646e-25,0.9982496113400593,766.2706651895531
2,1,0.04578035436179038,-0.9542196456382096,1.391443489021943e-31,1,1.171992758695399e-30,1.001095184333614,411.0183202883939
3,1,0.01451600755181187,-0.9854839924481882,6.811228639641547e-37,1,5.736999530674234e-36,0.9991658207969822,599.0709951262606
4,1,0.1115213950844937,-0.8884786049155062,1.66145748229659e-24,1,1.399421646293811e-23,0.9981852622195135,781.6146167774591
5,1,0.02600923170451618,-0.9739907682954838,1.28281898590104e-34,1,1.080499908228242e-33,0.9985239520486834,707.1194119200261
6,1,0.02581990991467063,-0.9741800900853294,5.223864861607669e-35,1,4.399985941585718e-34,0.9984771339568539,716.5558211683136
7,1,0.02581670437479849,-0.9741832956252016,5.164144723179113e-35,1,4.349684531331715e-34,0.9984765687090374,716.6712967388956
8,1,0.09084022090679708,-0.9091597790932029,9.482861479759907e-27,1,7.987277294173232e-26,0.9982764045967332,760.0588975214667
9,1,0.04510237776467226,-0.9548976222353277,4.386967705931864e-32,1,3.695079551952706e-31,1.000990618875077,418.1121262798695
10,1,0.02581698200313214,-0.9741830179968679,5.115319383618133e-35,1,4.308559652845607e-34,0.9984760195047722,716.7835305838674
11,1,0.1788574515146974,-0.8211425484853027,6.723732788251196e-21,1,5.663303038467095e-20,1.006337652748678,222.9131538135719
12,1,0.05783457248767541,-0.9421654275123246,1.519908806133951e-30,1,1.280197240290704e-29,1.001718731461805,373.2921455635161
13,1,0.05783722171228069,-0.9421627782877193,1.523744103636344e-30,1,1.2834276559962e-29,1.001718730575344,373.2921942283371
14,1,0.3341938198653167,-0.6658061801346833,1.169575792517412e-14,0.999999999999979,9.851168016455742e-14,1.003559962584951,293.9228974219092
15,1,0.3622254939511547,-0.6377745060488453,6.552143802134811e-13,0.9999999999988244,5.518776113168381e-12,1.002635366542411,329.0021109038826
16,1,0.4823670487186743,-0.5176329512813257,5.409124845478885e-09,0.9999999907465776,4.556027775535161e-08,1.006967913800446,211.3843267558007
17,1,0.0902552997050371,-0.9097447002949629,5.279948477127374e-27,1,4.447224361104108e-26,0.9983010206865895,754.4404287270636
18,1,0.6353955328203058,-0.3646044671796942,0.0005857332340322961,0.9991037455163518,0.004936437887518729,1.006184837832192,225.9039597841683
19,1,0.1222026933038219,-0.8777973066961782,1.108682901823152e-23,1,9.338275990924161e-23,0.9990130459901364,621.6636681361604
20,1,0.2653258577553454,-0.7346741422446545,4.391814111843903e-18,1,3.699161609671486e-17,1.007424266739816,203.7660186646376
21,1,0.5558583784899409,-0.4441416215100591,8.469592883418509e-07,0.9999985981304891,7.133821828885239e-06,1.007709938808038,199.2751945468839
22,1,0.09898341661465496,-0.9010165833853451,2.418830548508375e-26,1,2.037346043679917e-25,0.9978040944165668,886.87964462958
23,1,0.2324945443832723,-0.7675054556167278,2.284894890331349e-19,1,1.924533972795951e-18,1.008680518346122,185.417334219858
24,1,0.1976902774264961,-0.8023097225735039,8.009566702779821e-28,1,6.74634237754351e-27,1.008053175678026,194.1391703603281
25,1,0.1007551139399792,-0.8992448860600207,1.147403811550066e-25,1,9.664416622348156e-25,0.9978550651801203,871.1824867193061
26,1,0.03374060386239622,-0.9662593961376038,1.682082948294935e-33,1,1.416794178477472e-32,0.9993839433857602,569.5357739123289
27,1,0.1318022876555202,-0.8681977123444797,2.500938578505784e-23,1,2.10650445172662e-22,1.000005805396176,499.4259306522153
28,1,0.591682737399698,-0.408317262600302,1.089164415743443e-05,0.999982358575991,9.173974520762995e-05,1.006687447152802,216.3612770635235
29,1,0.07020764083875916,-0.9297923591612408,6.36191742108103e-29,1,5.358551179226145e-28,1.001070106055159,412.6974182752627
30,1,0.5584256337613906,-0.4415743662386094,1.630068558015573e-06,0.9999973241081473,1.3729854466808e-05,1.007693452127924,199.5288775854998
31,1,0.2297981203865606,-0.7702018796134393,2.851938169511064e-17,1,2.402146338881081e-16,1.00898379102383,181.4813435380024
32,1,0.158405442341005,-0.8415945576589949,1.798527525702963e-21,1,1.514873764596691e-20,1.003562737245921,293.829011294886
33,1,0.3472226551679037,-0.6527773448320963,5.451950255698794e-14,0.9999999999999007,4.592098975530942e-13,1.002953393203415,316.0173868273533
34,1,0.279723278168764,-0.720276721831236,7.923705708897947e-15,0.9999999999999861,6.674022902208867e-14,1.007216894025184,207.1573942269389
35,1,0.6687167670611653,-0.3312832329388347,0.0008146077093706776,0.9987393937072753,0.00686691695213304,1.005495011092991,240.4875747290182
36,1,0.5545009603132548,-0.4454990396867452,6.228145703482157e-06,0.9999899993227694,5.245909865414884e-05,1.007865685377944,196.9107504759882
37,1,0.6059200280553395,-0.3940799719446605,1.81262405755707e-05,0.9999706673235396,0.0001526774744513216,1.006167550495951,226.2474454987405
38,1,0.6333766951645086,-0.3666233048354914,0.0002816264406960135,0.9995618003082898,0.002372767077751654,1.006029387508161,229.0312833332842
39,1,0.2550212302396447,-0.7449787697603553,4.517984006307934e-16,0.9999999999999997,3.805432689915749e-15,1.008292266970546,190.7181216248938
40,1,0.3378845253416795,-0.6621154746583205,1.71151235516369e-12,0.9999999999969822,1.441582142931967e-11,1.004141618139061,275.4860494797481
41,1,0.9153500007972625,-0.08464999920273752,0.1462695675269975,0.7974760735306601,1.443087184720597,1.004658060824575,260.9750897439226
42,1,0.07007062556152963,-0.9299293744384703,5.440961363143317e-29,1,4.582843190008165e-28,1.001084817547003,411.710746273083
43,1,0.6198069462609052,-0.3801930537390948,8.090480367936366e-05,0.9998716811135406,0.0006815046159302679,1.006088881357531,227.8240503131085
44,1,0.1327995413046526,-0.8672004586953475,4.181207805236596e-23,1,3.521770958720332e-22,1.000145869106574,485.967321900133
45,1,0.7472358243863335,-0.2527641756136665,0.008106996637609063,0.9878366537828859,0.06884216525006261,1.004974168731676,252.8335862633583
46,1,0.305127087072521,-0.694872912927479,1.140891980159138e-13,0.9999999999997977,9.609568406836186e-13,1.005862273565267,232.4929778488128
47,1,0.4678112097705094,-0.5321887902294906,2.636228130906629e-10,0.9999999995370711,2.220456888750767e-09,1.005949550153393,230.6719129500437
48,1,1.238544708522215,0.2385447085222154,0.9648690195046494,0.01949318127820762,231.3329235888565,0.9992441167264908,588.1209586428602
49,1,0.5692998082397562,-0.4307001917602438,1.007429034110268e-05,0.9999838403770465,8.485514769531872e-05,1.007544153706329,201.8564869061575
50,1,0.4164407067428099,-0.58355929325719,1.033294026902557e-10,0.9999999998196218,8.703286384338686e-10,1.002981988933945,314.900472550396
51,1,0.4749552148941323,-0.5250447851058677,3.477674984518032e-08,0.9999999418957088,2.929195524540931e-07,1.006483825638534,220.1267455738631
52,1,0.9158878369752406,-0.08411216302475943,0.151864531158553,0.7910104493012954,1.508170644984839,1.004674107465044,260.5489985607783
53,1,0.3538027159141761,-0.6461972840858239,8.092721917278984e-12,0.9999999999858284,6.816382814030114e-11,1.003590679070502,292.8869202422393
54,1,0.6103049915304191,-0.3896950084695809,3.308834783249902e-05,0.9999468994888975,0.0002787075978896021,1.006175773305242,226.083932402581
55,1,0.4507456679930295,-0.5492543320069705,5.423952999728747e-12,0.9999999999901764,4.568517291125512e-11,1.004234290427285,272.7628163054227
56,1,0.9243208356184084,-0.07567916438159161,0.1753711922649271,0.7612936693394292,1.791261978014234,1.004854696326314,255.8493311251232
57,1,0.4865102777688481,-0.5134897222311519,6.59986870742019e-09,0.9999999887193324,5.558974148439038e-08,1.007215407954314,207.1821125702671
58,1,1.005148142168087,0.005148142168087011,0.4801326607314674,0.4200092781284741,7.779077018062278,1.008112088034496,193.2846474458979
59,1,0.955034037712494,-0.04496596228750604,0.2716019646222426,0.6411685937718604,3.140678610094387,1.005946333416835,230.7385167450418
60,1,0.2697911106948725,-0.7302088893051275,3.541764909028273e-15,0.9999999999999943,2.983177440644994e-14,1.007710807268225,199.2618496472644
61,1,0.4783991150986105,-0.5216008849013896,2.745073751739584e-09,0.9999999952769055,2.312135989235519e-08,1.006736426827961,215.4749952286778
62,1,0.1101500030920463,-0.8898499969079537,6.216299738136958e-25,1,5.235899507566511e-24,0.9980683888770732,811.1221146683217
63,1,0.8448053752892658,-0.1551946247107342,0.03399513589177087,0.9494864275138178,0.2964127111981303,1.00413946926636,275.5498496967948
64,1,0.792885805768494,-0.207114194231506,0.01533967899319108,0.9770001129988378,0.1312167235650921,1.004572846663398,263.2617105542417
65,1,1.108176362260461,0.1081763622604606,0.784580693869364,0.1489328441002239,30.67696211451741,1.006277784073967,224.075222914024
66,1,1.114725771785552,0.1147257717855523,0.783655948182951,0.1528447894833729,30.50983300942028,1.0051739419851,247.9489151588241
67,1,0.4662324358749023,-0.5337675641250976,3.108137987639239e-08,0.9999999481398406,2.617939827596155e-07,1.006003732547282,229.5558907209326
68,1,0.9364409564590084,-0.06355904354099162,0.2196941906246841,0.708585778146205,2.371445171993289,1.005170602441008,248.0289954298834
69,1,0.6483670897892185,-0.3516329102107815,0.0005779917369327099,0.9991085400246169,0.004871156427738474,1.005820436119681,233.3763395131292
70,1,0.8024400250079017,-0.1975599749920983,0.03356398623745985,0.9518059640536878,0.2925228421682873,1.004351363101289,269.399623272319
71,1,0.961945936802014,-0.03805406319798599,0.3045894407091121,0.6059808115468613,3.689206099673863,1.006184509511537,225.9104733755051
72,1,1.247811412840271,0.2478114128402713,0.9676063323744616,0.01808819627711876,251.5926418640022,0.9990226947482594,620.1861786307886
73,1,0.8737123482531558,-0.1262876517468442,0.08098487218480246,0.8855017980188513,0.7422335756478301,1.004254385143489,272.1795062331095
74,1,0.4937827306908084,-0.5062172693091916,1.432283275664382e-07,0.9999997632691622,1.206391694057139e-06,1.007374184652869,204.5746607977917
75,1,0.4032692157370053,-0.5967307842629948,4.529947930625546e-08,0.999999926037644,3.815509903452908e-07,1.004518500931954,264.7413676078252
76,1,0.6576422049970138,-0.3423577950029862,0.0003553828889207761,0.9994418594899933,0.002994402916508267,1.005450324890155,241.4986071982534
77,1,0.5932154851995768,-0.4067845148004232,1.202217902677099e-05,0.9999805430525568,0.0001012622953623318,1.006644341749932,217.1474263999965
78,1,1.20157098739332,0.20157098739332,0.9402990833425147,0.03421121327813482,132.6613366343561,1.000421718566264,461.4898338378405
79,1,0.9940563290055009,-0.005943670994499106,0.4325629251844401,0.4732220156166256,6.42082658940033,1.007306357177849,205.6803085901673
80,1,1.030088284513499,0.03008828451349932,0.5668959719792788,0.3384031260770043,11.02479451736798,1.008535705049038,187.3589398165731
81,1,0.5808340704152143,-0.4191659295847857,6.369829890692074e-06,0.9999896498034389,5.36524991385465e-05,1.007043150312453,210.0886293120839
82,1,0.8976870846370819,-0.1023129153629181,0.1036939635555922,0.853108294875538,0.9744431548577772,1.004375685751112,268.7114205500718
83,1,1.09175286714312,0.09175286714312003,0.7382611178324273,0.1886831195729875,23.75752024645609,1.006814049705469,214.085454153355
84,1,0.9286181847491504,-0.07138181525084963,0.1823952439805353,0.7512406964670342,1.879011577788502,1.004962386365769,253.1277879925727
85,1,0.5930419353063316,-0.4069580646936684,2.671383259243509e-05,0.9999573678978905,0.0002250127654665476,1.006864444315185,213.1930551473952
86,1,0.7788603536720583,-0.2211396463279417,0.01769314289971016,0.9739528205708442,0.151711032779606,1.004616428555168,262.0871857749814
87,1,0.9206083810341598,-0.07939161896584024,0.1774888927429411,0.7611769555544847,1.817560032218878,1.004781452997738,257.7345329093365
88,1,0.4446649676236596,-0.5553350323763404,8.009123494542319e-09,0.9999999865144289,6.745969123674183e-08,1.004818593893688,256.7750569470176
89,1,0.5729861641253062,-0.4270138358746938,1.849972899482698e-06,0.9999969480780948,1.558208342715801e-05,1.007126254824824,208.6761013384357
90,1,0.9983949302969973,-0.001605069703002671,0.4520594042325228,0.4497913639545882,6.948985191052758,1.00773247352347,198.929511144438
91,1,0.6612421811490895,-0.3387578188509105,0.001754780878014212,0.9973575205869608,0.01480624766968069,1.005796472661919,233.8853875154873
92,1,0.7906283506358769,-0.2093716493641231,0.01533590280007971,0.9770428505802051,0.131183918643004,1.004590849240855,262.7752517652966
93,1,0.9675673945193424,-0.03243260548065763,0.3362995677054343,0.5801120742758943,4.267893405078698,1.00605984701598,228.4115864965733
94,1,0.920750070357738,-0.07924992964226196,0.1646093186484744,0.7747257488898839,1.659679180937371,1.004773738336016,257.9347424183434
95,1,0.9397692925206979,-0.06023070747930215,0.2152569239819107,0.7094730869142696,2.310409665950486,1.005313032239921,244.6596218513582
96,1,0.962172309620523,-0.03782769037947697,0.3010675181754381,0.6068171199509536,3.628173390296152,1.006294502918883,223.7494666140513
97,1,0.778350350545792,-0.221649649454208,0.01590165720036976,0.9764545804785556,0.1361016034808085,1.004650701508948,261.1709771599479
98,1,0.9257535576797211,-0.07424644232027888,0.1845273878852463,0.7509278104664427,1.905946956106671,1.004890905760182,254.9276411573592
99,1,0.7199240368562124,-0.2800759631437876,0.004809585690869039,0.9927522006515979,0.04070622586307732,1.005179334296977,247.8197215271386
100,1,0.9610302152644066,-0.03896978473559343,0.2972471445360357,0.6118819172927442,3.562660410685366,1.006216770407182,225.2722658340857