ObservedSChanges	ObservedNSChanges	E[SSites]	E[NSSites]	ObservedS.Prop.	P{S}	dS	dN	dN-dS	P{Sleq.observed}	P{Sgeq.observed}	ScaleddN-dS
55	48	0.717407762502452	2.276350053018979	0.5339805825242718	0.2396345351594511	76.66490784564381	21.0863878059267	-55.57852003971711	0.999999999966672	1.250481940218151e-10	-0.9671576284249656
48	60	0.707263248239696	2.263731734377632	0.4444444444444444	0.238056022436169	67.8672334798492	26.50490740083026	-41.36232607901894	0.9999992387533161	2.031813671421467e-06	-0.7197724798741812
70	52	0.7166867060025834	2.273492307494969	0.5737704918032787	0.2396802006727648	97.67168752220118	22.87230083364382	-74.79938668855736	0.999999999999997	5.440092820663267e-15	-1.301632310209952
56.5	3.5	0.9985551841501578	2.001435470483897	0.9416666666666667	0.3328527649270173	56.58175020951452	1.748744864181801	-54.83300534533272	1.000000000000003	-2.664535259100376e-15	-0.9541844470005318
32	0	1	2	1	0.3333333333333333	31.99999999999999	0	-31.99999999999999	1.000000000000002	-1.110223024625157e-15	-0.5568526129785808
42	5	0.9969054021811804	2.003094597818823	0.8936170212765957	0.3323018007270598	42.13037657144404	2.496137728814465	-39.63423884262957	1.000000000000004	-2.220446049250313e-15	-0.6897009207167326
56	3	0.9944123275395067	2.001663466210353	0.9491525423728814	0.3319049303138322	56.31466791905312	1.498753437149826	-54.8159144819033	1.000000000000004	-4.440892098500626e-15	-0.9538870378768214
62	1	0.6934146697749373	2.192363522598977	0.9841269841269841	0.24028689093548	89.41258773790211	0.4561287348981851	-88.95645900300393	1.000000000000002	-1.554312234475219e-15	-1.547988644910773
112	5	0.9872363179824968	2.006837603359345	0.9572649572649573	0.3297301081798446	113.4480143810772	2.491482116754367	-110.9565322643228	1.000000000000003	-2.886579864025407e-15	-1.93082609120095
96.5	55.5	0.7032051254339354	2.280770140346221	0.6348684210526315	0.2356605074774584	137.2288063748846	24.33388574246026	-112.8949206324244	0.999999999999997	2.997602166487923e-15	-1.964557235817969
46	7	0.6941787117010648	2.193073535466942	0.8679245283018868	0.2404288410830601	66.26535678006941	3.191867434809742	-63.07348934525967	1.000000000000002	-2.220446049250313e-15	-1.097582417237017
60	49	0.7004284290172541	2.285050357111126	0.5504587155963303	0.2346117588480948	85.66185710677655	21.44372873337822	-64.21812837339833	0.9999999999996939	1.275313188386917e-12	-1.117501018291275
88	82	0.830462138832637	2.158891596882596	0.5176470588235295	0.2778065803690979	105.9650956799785	37.98245364353016	-67.9826420364484	0.9999999999872466	3.643352286530899e-11	-1.183009745474494
86	74	0.714730298811699	2.268869368432574	0.5375	0.2395530159955547	120.3251074467984	32.61536385901414	-87.70974358778425	0.9999999999999987	1.77635683940025e-15	-1.526293746891843
65	15	0.9839048015147853	2.014501081336121	0.8125	0.328142633104522	66.06330195759618	7.446012384392085	-58.6172895732041	0.9999999999999979	2.109423746787797e-15	-1.020037214517526
69.5	16.5	0.9895755109123918	2.003753371926946	0.8081395348837209	0.3305936466205227	70.23213411568842	8.234546342463531	-61.99758777322489	1.000000000000006	-5.995204332975845e-15	-1.078859960934037
39.5	135.5	0.636497239886838	2.209632269749177	0.2257142857142857	0.2236360776035938	62.05839951014187	61.32242086389383	-0.7359786462480358	0.5683216532015855	0.5032116739640102	-0.01280723850811429
66	66	0.7044376610209495	2.27737318102225	0.5	0.2362449190567212	93.69175393653066	28.98075754557468	-64.71099639095598	0.9999999999865745	4.459177471716202e-11	-1.12607773214848
58	9	0.9886948025318228	2.011272979363846	0.8656716417910447	0.3295684735344291	58.66319904936809	4.474777960198444	-54.18842108916964	1.000000000000002	-2.442490654175344e-15	-0.9429676211464924
62	18	0.6959386408810633	2.193951578170858	0.775	0.2408183661417347	89.08831376500025	8.20437432580302	-80.88393943919723	0.9999999999999956	4.440892098500626e-15	-1.407513532022446
52	71	0.6929036931013695	2.097756304552449	0.4227642276422764	0.2482938422036049	75.04650432335418	33.84568543348875	-41.20081888986543	0.9999926319938847	1.704582279749012e-05	-0.7169619892399638
61.5	125.5	0.7395915084478533	2.082595384173544	0.3288770053475936	0.2620632639112292	83.15401041997795	60.26134550845715	-22.8926649115208	0.9826731386364473	0.02534331366189246	-0.3983700085632322
60	146	0.5852611551339651	2.24183590756699	0.2912621359223301	0.207018415764904	102.5183364275494	65.12519471527702	-37.39314171227235	0.9984280189515146	0.002597451978663567	-0.6507021459361634
43	13	0.9922859400895746	2.007714059910427	0.7678571428571429	0.3307619800298581	43.33428325722155	6.475025632175923	-36.85925762504563	0.9999999999962617	2.603084414687373e-11	-0.6414116850299169
52	14	0.6943011963974715	2.192479296560414	0.7878787878787878	0.2405105611913252	74.89544922263276	6.385465086016255	-68.50998413661651	1.000000000000003	-3.33066907387547e-15	-1.192186365049876
53	62	0.8092279913857957	2.163591023647269	0.4608695652173913	0.272208966403155	65.49452140086994	28.65606268576749	-36.83845871510245	0.9999950969031579	1.168830535214216e-05	-0.6410497498002616
27	13	0.9957600942883121	2.001952472851497	0.675	0.3321733061413527	27.11496489452853	6.49366065193513	-20.6213042425934	0.9999978204300093	9.728036150180586e-06	-0.3588445984535759
44.5	28.5	0.9837074938641899	2.007283302438205	0.6095890410958904	0.3288901774891103	45.23702449921932	14.19829476256872	-31.03872973665061	0.9999997077264755	9.600049630797969e-07	-0.5401249299184335
88	16	0.9749569594802167	2.024995688701328	0.8461538461538461	0.3249907827949211	90.2603947223638	7.901251389952902	-82.35914333241089	0.9999999999999993	6.661338147750939e-16	-1.433184505229077
123	39	0.9693766120340291	2.014449213256873	0.7592592592592593	0.3248770768781457	126.885669071292	19.3601306716224	-107.5255383996696	0.9999999999999976	2.442490654175344e-15	-1.871121156868273
59	89	0.7017379323023772	2.17384911969571	0.3986486486486486	0.2440329294899204	84.07697130811084	40.94120387364234	-43.13576743446851	0.9999890747226465	2.334502423073648e-05	-0.7506332752725051
61	21	0.6935912914481063	2.203925453722619	0.7439024390243902	0.2393743858785668	87.9480477222283	9.528452954036714	-78.41959476819159	0.9999999999999981	1.887379141862766e-15	-1.364629882980904
77	63	0.6991438883560125	2.290851182730997	0.55	0.2338277728671437	110.1346965659101	27.50069514550294	-82.6340014204072	0.9999999999999939	6.772360450213455e-15	-1.437967487869672
82	123	0.6801741556392402	2.144582726108007	0.4	0.2407903349255742	120.5573592000638	57.35381456849679	-63.20354463156703	0.9999998464824394	3.32059445828925e-07	-1.099845593049889
98.5	64.5	0.9436810011343875	2.05459636932169	0.6042944785276073	0.3147410611283242	104.3784921828397	31.39302734254038	-72.98546484029931	0.9999999999999873	3.519406988061746e-14	-1.270067087680532
72	100	0.6979272917200858	2.111272732262619	0.4186046511627907	0.2484434307851845	103.1626085613466	47.36479492766977	-55.79781363367687	0.9999996623143449	7.592421890079137e-07	-0.9709736975126517
82.5	95.5	0.7078151128834441	2.273462454347008	0.4634831460674158	0.2374200646942748	116.555861125821	42.00641176958863	-74.54944935623234	0.9999999999847206	4.319289370613433e-11	-1.297282989691636
77	81	0.8195738609952528	2.149748494829334	0.4873417721518987	0.2760137710840275	93.95126377809896	37.67882624168578	-56.27243753641319	0.999999994528492	1.403464522375941e-08	-0.9792329337758019
72.5	49.5	0.6904689245924783	2.180346379083868	0.5942622950819673	0.2405131823382259	105.0011049270468	22.70281477973183	-82.298290147315	0.9999999999999994	5.551115123125783e-16	-1.432125559756305
47	22	0.9916806436596561	2.004152812830686	0.6811594202898551	0.3310199508958762	47.3942899868986	10.97720685725904	-36.41708312963956	0.9999999993404373	2.961579537164027e-09	-0.633717121806187
78.5	118.5	0.7387120964142413	2.251389755222826	0.3984771573604061	0.2470524861920004	106.2660275647906	52.63415618068839	-53.63187138410219	0.9999989657924444	2.146116483525695e-06	-0.9332827412240151
30	26	0.9885407929295053	2.011115416106903	0.5357142857142857	0.3295513632367418	30.34776128064081	12.92814912151115	-17.41961215912966	0.9995414403471652	0.001159669916469541	-0.3031298921214002
35	21	0.9923047591732571	2.007695240826745	0.625	0.3307682530577521	35.27142208726319	10.45975483378267	-24.81166725348052	0.9999982597112381	6.204380317731406e-06	-0.4317638044517412
59	35	0.6943634582788843	2.206218600385049	0.6276595744680851	0.2393876278055455	84.9699091974728	15.86424844477854	-69.10566075269426	0.9999999999999997	1.554312234475219e-15	-1.202552117554661
51	83	0.6936194390551863	2.104162551673965	0.3805970149253731	0.2479176152229133	73.52735106367498	39.44562169589484	-34.08172936778015	0.9997650112596489	0.0004601280601872482	-0.5930781266649129
115	164	0.9420642842866747	2.056624218284704	0.4121863799283154	0.3141587675675061	122.0723489024714	79.7423265475215	-42.33002235494995	0.9997795585505117	0.0003484652804265354	-0.7366119861186131
88.5	71.5	0.6994350353561158	2.288453193623635	0.553125	0.2340900936561961	126.5306933830394	31.24381140904342	-95.28688197399595	1.000000000000002	-1.554312234475219e-15	-1.65814841280629
54.5	101.5	0.6998419693041179	2.152757794164893	0.3493589743589743	0.245334791885788	77.87472370968496	47.14882476566497	-30.72589894401999	0.9986088224871568	0.002411998585153952	-0.5346811597841672
60	83	0.7285318586920255	2.259557564452261	0.4195804195804196	0.2438119331533964	82.35741413933688	36.73285483218925	-45.62455930714763	0.9999987505318767	2.906177969941304e-06	-0.7939423458181686
69	109	0.9234112523828485	2.024609052196342	0.3876404494382023	0.3132309675576196	74.72293609369234	53.83755440674055	-20.88538168695179	0.9856506697803623	0.02109530018543937	-0.3634399801698158
77	165	0.7859098900995378	2.061167537422991	0.3181818181818182	0.2760409262151403	97.97560887069092	80.05171680818046	-17.92389206251046	0.9363902819468668	0.08296247265549794	-0.3119051915548436
58	102	0.7513066619800672	2.105360357822549	0.3625	0.2630011327088376	77.19883628762337	48.44776316843576	-28.75107311918761	0.9978784951020401	0.003562017396010919	-0.500315943511183
63.5	116.5	0.7114344756855357	2.275585479397847	0.3527777777777778	0.238175334073279	89.25628736056349	51.19561583370078	-38.06067152686271	0.9997941601893939	0.0003732502397530979	-0.6623182622329055
73.5	68.5	0.6956425135742313	2.19012252534799	0.5176056338028169	0.2410599976753619	105.6577172409358	31.27678895002278	-74.38092829091305	0.9999999999996059	1.367017610220955e-12	-1.294350446080231
105	74	0.9101757399755668	2.087640163828679	0.5865921787709497	0.3036129532906102	115.3623365118682	35.44672174934875	-79.91561476251948	0.9999999999999984	4.773959005888173e-15	-1.390663090571832
82.5	218.5	0.9021473782693534	2.088605445778015	0.2740863787375415	0.3016455826825845	91.44847281855985	104.6152591633255	13.16678634476565	0.1643507248498694	0.8652830779578358	0.2291237306441704
62.5	171.5	0.7225479862151314	2.033946933700093	0.2670940170940171	0.2621256367986897	86.49944528582667	84.3188173488934	-2.180627936933263	0.6015470658918604	0.4562925162442788	-0.03794651139423061
67	149	0.768181603713836	2.222565378685848	0.3101851851851852	0.2568527555940123	87.21895926182439	67.03964771020605	-20.17931155161834	0.9674109925131795	0.0450954742393479	-0.3511531989258604
93.5	117.5	0.7479243878369093	2.163894519039986	0.4431279620853081	0.2568581397938322	125.0126369998626	54.3002438271016	-70.71239317276101	0.9999999983088955	3.973440909632586e-09	-1.230511903381898
55	56	0.7031928244364349	2.193470951243947	0.4954954954954955	0.242759560270769	78.21467752330815	25.53031302659452	-52.68436449671364	0.9999999976216462	7.536370416616478e-09	-0.9167945635347178
68	136	0.6199925759515024	2.19665739646181	0.3333333333333333	0.2201170120617761	109.6787326777912	61.91224913773868	-47.76648354005253	0.9999281771944571	0.000132243686849054	-0.8312153491273946
67	160	0.8933311897705803	2.087229372266306	0.2951541850220264	0.2997191874403943	75.00017996372266	76.65664450968923	1.656464545966571	0.4728857938390587	0.5844347352343913	0.02882520658524574
82	138	0.714925330493173	2.185280436478725	0.3727272727272727	0.2465084852374546	114.6972928535549	63.14978970038635	-51.54750315316858	0.9999883627886885	2.183964756197199e-05	-0.8970113069801112
59.5	67.5	0.7023317177989068	2.286554926486068	0.468503937007874	0.2349810485927358	84.71780284460422	29.52039297990215	-55.19740986470207	0.9999999970899622	8.556949815385906e-09	-0.9605256847752827
56.5	133.5	0.7802312449188646	2.155352304186659	0.2973684210526316	0.2657840364164059	72.41442888624047	61.93883001896406	-10.47559886727641	0.8560558254054064	0.1832915217179596	-0.1822926438049479
116.5	82.5	0.973749715054151	2.018551873016505	0.585427135678392	0.3254183064087449	119.6405998368085	40.87088427245259	-78.76971556435593	0.9999999999999787	5.662137425588298e-14	-1.370722560487225
79.5	68.5	0.7020674288065726	2.184706957742562	0.5371621621621622	0.2432013502952781	113.2369865600233	31.35431951513554	-81.8826670448878	0.9999999999999867	2.808864252301646e-14	-1.424893034425028
114	148	1.178040184280273	1.713219357833907	0.4351145038167939	0.4074487838676887	96.77089247142163	86.38706965529649	-10.38382281612515	0.8350801388057657	0.197794590718727	-0.1806955896208092
37	121	0.8129067772445792	2.185981405219347	0.2341772151898734	0.2710693856470114	45.51567416551113	55.35271238405549	9.837038218544365	0.1703819907938366	0.8722788630844587	0.171180638623956
92	90	0.7010382199237278	2.188171889590489	0.5054945054945055	0.2426400965492947	131.2339290288759	41.13022401400251	-90.10370501487338	0.9999999999999936	1.920685832601521e-14	-1.567952611768235
64.5	205.5	0.8668009436445675	2.119053022972692	0.2388888888888889	0.2903025242813819	74.41154797178933	96.97728078163728	22.56573280984794	0.03489987918808574	0.9745531001824362	0.3926808524668851
63	118	0.7134913059564634	2.26270558956984	0.3480662983425414	0.2397325617229674	88.29820275882129	52.14995735367978	-36.14824540514151	0.9996170189196298	0.000677819549472658	-0.6290389033888759
66	209	0.7306277884450404	2.253940339098649	0.24	0.2448018464387843	90.33327371857098	92.72650050869541	2.39322679012443	0.4588924612057589	0.5963992852448341	0.04164608098534784
59	128	0.7214893355646095	2.261125397941303	0.3155080213903743	0.2418982671343996	81.77529048829099	56.60897892551237	-25.16631156277862	0.9912095674605684	0.01344398058077212	-0.4379351985239485
76	82	0.6868365564100867	2.180745129358556	0.4810126582278481	0.2395176952826658	110.6522349323279	37.60182650235678	-73.05040842997113	0.9999999999877053	3.709477169877573e-11	-1.271197212918187
94.5	97.5	0.7147252940281297	2.247739084808672	0.4921875	0.2412603841362519	132.2186311154684	43.37692068396773	-88.8417104315007	0.9999999999999793	5.739853037312059e-14	-1.545991831102113
64.5	205.5	0.8719174135835956	2.119250993412279	0.2388888888888889	0.2914972662670271	73.97489601096953	96.96822162112917	22.99332561015964	0.03175645152593579	0.9769613953510796	0.4001216702213976
41	200	0.7660576747129421	2.072555697417769	0.1701244813278008	0.2698703818681465	53.52077441866706	96.49921603997581	42.97844162130875	0.0001818048474641613	0.9999028059116228	0.7478955474554116
66	132	0.7212417904478223	2.261882325004941	0.3333333333333333	0.2417739800740258	91.50884054988036	58.35847362205796	-33.1503669278224	0.9986100407802446	0.002283368030846611	-0.5768708889048948
73	180	0.7342319150154604	2.174212666518271	0.2885375494071146	0.252448308514193	99.42362693191139	82.78858953031833	-16.63503740159305	0.9167617725972095	0.1069247931403552	-0.2894770013772973
75	200	0.8102793234211635	2.17609794964064	0.2727272727272727	0.2713251707110733	92.56067362466415	91.90762761070931	-0.6530460139548353	0.5518208495403628	0.5020564412741158	-0.0113640743520624
71.5	134.5	0.8524088613526504	1.969446084071771	0.3470873786407767	0.3020739470449442	83.87993513645526	68.29331408856103	-15.58662104789423	0.928971863170406	0.09331350249978354	-0.271232833063339
72.5	197.5	0.7052247797876976	2.268156858575559	0.2685185185185185	0.2371793686652008	102.8041017245956	87.0751064915472	-15.72899523304841	0.8982836204263897	0.1285922192799051	-0.2737103779703328
52.5	165.5	0.4379748774681912	2.558323436390159	0.2408256880733945	0.1461719867619618	119.8698891212383	64.69080400307926	-55.17908511815901	0.9999181040532087	0.000157853911053274	-0.9602068040566991
56.5	107.5	0.7259550971103266	2.258134998845935	0.3445121951219512	0.243275194034546	77.82850513055003	47.6056569048972	-30.22284822565283	0.9986158033209765	0.002373207931924526	-0.5259272501909327
62	94	0.6970187456092289	2.188249855559518	0.3974358974358974	0.2415784600875235	88.95026194139001	42.95670339526423	-45.99355854612578	0.9999945094167906	1.180482308626996e-05	-0.8003635392685463
69.5	175.5	0.7278355087700427	2.261007420342302	0.2836734693877551	0.2435174835320645	95.48860856960238	77.62026715216638	-17.868341417436	0.9356517023102282	0.08445247202317907	-0.3109385189966449
40.5	50.5	0.6925523286055411	2.189358511433019	0.445054945054945	0.2403101161159707	58.47933553490035	23.06611719199238	-35.41321834290797	0.99999367564512	1.667799993165797e-05	-0.6162482240071661
74	209	0.711135607403069	2.258195626921259	0.2614840989399294	0.2394935260784027	104.0589153877891	92.55176899130876	-11.50714639648038	0.8259022314072848	0.2113943506507902	-0.2002432668377238
61.5	180.5	0.9271051710622716	2.072230178257816	0.2541322314049587	0.3091035389798726	66.33551609849577	87.10422321508297	20.76870711658719	0.03608393410148998	0.9739387778319705	0.3614096508143259
88	166	0.8691078761282874	2.039161966563928	0.3464566929133858	0.2988401775413472	101.2532533844055	81.40599065787642	-19.8472627265291	0.9563759842414102	0.05743254641698592	-0.3453750034293788
68	174	0.7108753365305682	2.123553085896023	0.2809917355371901	0.2508002427953283	95.6567157497325	81.93814468574097	-13.71857106399153	0.8757471277277793	0.1563990504119552	-0.2387256919786261
55	176	0.7188600402913414	2.263957981267441	0.2380952380952381	0.2410003007544102	76.51002548105116	77.73995871666718	1.229933235616016	0.4948159598759202	0.5663839412143192	0.02140286050131186
17	77	0.1800441263178953	1.899048723709211	0.1808510638297872	0.08659744383977269	94.42129742118838	40.54661633410018	-53.87468108708821	0.9989074743001309	0.002798484886500474	-0.9375080292729
73	134	0.6282741154899626	2.142163528864863	0.3526570048309179	0.2267779304725243	116.1913219090215	62.55358108491693	-53.63774082410458	0.9999861763273044	2.658706066893668e-05	-0.9333848791303293
70	216	0.8651743835261904	2.040888200401946	0.2447552447552448	0.2977136102680661	80.90854437310207	105.8362726373055	24.92772826420338	0.02746732700992057	0.9800067617264745	0.4337834568606774
57	121	0.7087908674418265	2.15919948210896	0.3202247191011236	0.2471385120081887	80.41864338027497	56.03928724631564	-24.37935613395933	0.989024472194556	0.01671738431618763	-0.4242408801853328
98	203	1.046946975390066	1.881923905602499	0.3255813953488372	0.3574575383928383	93.60550467561903	107.8683359064985	14.26283123087951	0.1367442206144031	0.8882096622916383	0.2481967137308677
73	128	0.6783161977950359	2.13282613307541	0.3631840796019901	0.2412955723892504	107.619426216412	60.0142683995678	-47.6051578168442	0.9999597814775033	7.481276286747107e-05	-0.8284080162989816
69	115	0.9613922537656983	2.030694523452937	0.375	0.3213116214026998	71.7709132039835	56.63087119792748	-15.14004200605601	0.9478689495033567	0.07069049212011769	-0.2634616234899302