ObservedSChanges	ObservedNSChanges	E[SSites]	E[NSSites]	ObservedS.Prop.	P{S}	dS	dN	dN-dS	P{Sleq.observed}	P{Sgeq.observed}	ScaleddN-dS
0	0	1	2	0	0.3333333333333333	0	0	0	0	0	0
4	0	0.5705346021709875	2.215071275349375	1	0.2048152636290583	7.010968282693592	0	-7.010968282693592	1	0.001759743117376367	-13.7718113657722
2	0	0.5705346021709874	2.215071275349375	1	0.2048152636290583	3.505484141346797	0	-3.505484141346797	0.9999999999999999	0.04194929221544075	-6.885905682886102
0	0	0.5705346021709874	2.429465397829013	0	0.1901782007236624	0	0	0	0	0	0
1	2	0.5790042664859075	2.420995733514093	0.3333333333333333	0.1930014221619691	1.727102990223543	0.8261063711570384	-0.9009966190665044	0.9026297849773812	0.4744448355397842	-1.769849039199356
1	0	1	2	1	0.3333333333333333	0.9999999999999998	0	-0.9999999999999998	1	0.3333333333333333	-1.964323729686182
0	2	0.9956575232723432	1.870425438466274	0	0.3473931273323503	0	1.069275448712875	1.069275448712875	0.4258957302530499	0.5741042697469501	2.10040313747754
2	0	1	2	1	0.3333333333333333	2	0	-2	1	0.1111111111111109	-3.928647459372363
0	0	1	2	0	0.3333333333333333	0	0	0	0	0	0
0	0	1	2	0	0.3333333333333333	0	0	0	0	0	0
0	0	0.5705346021709874	2.429465397829013	0	0.1901782007236624	0	0	0	0	0	0
0	1	0.5716326611716532	2.427483683097614	0	0.1906003620912983	0	0.4119492159568052	0.4119492159568052	0.8093996379087016	0.1906003620912984	0.8092016203295701
0	0	0.5705346021709874	2.215071275349375	0	0.2048152636290583	0	0	0	0	0	0
2	1	1	2.000000000000001	0.6666666666666666	0.3333333333333333	1.999999999999999	0.4999999999999998	-1.499999999999999	0.962962962962963	0.2592592592592592	-2.946485594529272
0	1	0.5721817606307001	2.426492699474386	0	0.1908115629899514	0	0.4121174566964964	0.4121174566964964	0.8091884370100486	0.1908115629899514	0.8095320996068455
1	0	1	2	1	0.3333333333333333	0.9999999999999998	0	-0.9999999999999998	1	0.3333333333333333	-1.964323729686182
0	0	0.5705346021709874	2.429465397829013	0	0.1901782007236624	0	0	0	0	0	0
3	0	1	2	1	0.3333333333333333	3	0	-3	1	0.03703703703703698	-5.892971189058545
0	0	1	2	0	0.3333333333333333	0	0	0	0	0	0
0	0	1	2	0	0.3333333333333333	0	0	0	0	0	0
0	0	1	2	0	0.3333333333333333	0	0	0	0	0	0
0	0	1	2	0	0.3333333333333333	0	0	0	0	0	0
0	0	0.5705346021709874	2.215071275349375	0	0.2048152636290583	0	0	0	0	0	0
0	2	0.2379543629210936	2.762045637078907	0	0.07931812097369785	0	0.7241009971562838	0.7241009971562838	0.8476551223674025	0.1523448776325975	1.422368771403515
1	2	0.9973610776371826	2.001319461181409	0.3333333333333333	0.3325999767985018	1.0026459046999	0.999340704366793	-0.003305200333106884	0.7417180108532264	0.702724818972573	-0.006492483445688525
0	4	0.7369442163351639	2.128706917659445	0	0.2571646658565488	0	1.879075022877305	1.879075022877305	0.3044880226371418	0.6955119773628582	3.691111657298496
0	1	0.730562892012171	2.136848235729829	0	0.2547813548409667	0	0.4679789529640861	0.4679789529640861	0.7452186451590332	0.2547813548409668	0.919262162301048
0	1	0.2677564902148571	2.730910668502772	0	0.08929183401913879	0	0.3661782172275346	0.3661782172275346	0.9107081659808612	0.08929183401913876	0.7192925613942278
2	2	0.9826355876693462	1.884766576996421	0.5	0.3426919320136194	2.035342526870698	1.061139360390832	-0.974203166479866	0.8803949907804349	0.4240416605544841	-1.913650397451819
0	1	0.5731924159422612	2.424605495096127	0	0.1912044884118679	0	0.412438230476069	0.412438230476069	0.8087955115881321	0.1912044884118679	0.8101622031539211
0	0	0.5705346021709874	2.215071275349375	0	0.2048152636290583	0	0	0	0	0	0
2	1	0.7331246922667607	2.133398163328903	0.6666666666666666	0.2557540020431538	2.728048885948946	0.4687357555608016	-2.259313130388144	0.98327110270567	0.1627725340946092	-4.438022394813002
0	0	0.5705346021709874	2.429465397829013	0	0.1901782007236624	0	0	0	0	0	0
0	1	0.008681156026086581	2.991318843973914	0	0.002893718675362193	0	0.3343007055281066	0.3343007055281066	0.9971062813246379	0.002893718675362145	0.6566748087196925
0	1	0.5705346021709874	2.429465397829014	0	0.1901782007236624	0	0.4116131890141784	0.4116131890141784	0.8098217992763376	0.1901782007236624	0.8085415546323543
0	0	1	2	0	0.3333333333333333	0	0	0	0	0	0
0	1	0.573356030528537	2.426643969471464	0	0.1911186768428456	0	0.4120917664810159	0.4120917664810159	0.8088813231571543	0.1911186768428457	0.8094816357069564
0	0	0.7369442163351638	2.129138745403453	0	0.2571259193028105	0	0	0	0	0	0
1	1	0.782088198808724	2.217911801191276	0.5	0.2606960662695746	1.278628166903936	0.4508745566270416	-0.8277536102768945	0.9320375610315695	0.4534296935707188	-1.625976059000312
0	3	0.2655616041545024	2.728783678838859	0	0.08868770267169322	0	1.099390920307962	1.099390920307962	0.7568358439119303	0.2431641560880697	2.15955967296246
0	1	0.7321659234772327	2.133471902035109	0	0.2554984153820381	0	0.4687195547530317	0.4687195547530317	0.7445015846179619	0.2554984153820381	0.9207169439693219
1	0	0.7368656181217305	2.129217343616887	1	0.2570984957374488	1.357099551678091	0	-1.357099551678091	1	0.2570984957374487	-2.665782852907754
0	0	0.5705346021709874	2.215071275349375	0	0.2048152636290583	0	0	0	0	0	0
2	1	0.9973508340861464	2.001324582956928	0.6666666666666666	0.3325971288581849	2.005312405270671	0.499669073430615	-1.505643331840056	0.9632078228566707	0.2582781960874649	-2.957570925177188
0	0	0.5705346021709874	2.215071275349375	0	0.2048152636290583	0	0	0	0	0	0
1	5	0.7193916642179641	1.848610218306902	0.1666666666666667	0.2801367355348885	1.390063368453233	2.704734589522816	1.314671221069583	0.4640716062364506	0.8608445983460208	2.58243987628249
0	3	0.7369442163351638	2.128698026939736	0	0.2571654637157264	0	1.409312153266223	1.409312153266223	0.4098984357851605	0.5901015642148395	2.768345305195972
1	0	0.736896919755916	2.129186041982701	1	0.257109417135958	1.35704190530642	0	-1.35704190530642	1	0.257109417135958	-2.665669616771949
2	0	1.309795279445653	1.480046595613551	1	0.4694872821126672	1.526956182684109	0	-1.526956182684109	1	0.2204183080655391	-2.999436263837425
2	0	0.5705346021709874	2.215071275349376	1	0.2048152636290582	3.505484141346797	0	-3.505484141346797	1	0.04194929221544053	-6.885905682886102
0	1	0.5705346021709874	2.215775848595189	0	0.2047634720725763	0	0.4513091884425062	0.4513091884425062	0.7952365279274236	0.2047634720725764	0.8865173482830276
0	1	0.5719432247460179	2.428056775253983	0	0.1906477415820059	0	0.4118519839369887	0.4118519839369887	0.8093522584179941	0.1906477415820059	0.8090106251657592
6	0	1.542094007670786	1.450150531899794	1	0.5153636299699266	3.890813381126186	0	-3.890813381126186	1	0.01873624681005948	-7.642817052326694
0	2	0.5705346021709875	2.429465397829013	0	0.1901782007236625	0	0.823226378028357	0.823226378028357	0.6558113465831648	0.3441886534168352	1.617083109264709
0	1	0.7369442163351639	2.129128395756818	0	0.2571268478076902	0	0.4696757612142696	0.4696757612142696	0.7428731521923098	0.2571268478076902	0.9225952430116108
1	0	1	2	1	0.3333333333333333	0.9999999999999998	0	-0.9999999999999998	1	0.3333333333333333	-1.964323729686182
0	1	1	1.999116740558164	0	0.3334315021741669	0	0.5002209124219501	0.5002209124219501	0.6665684978258331	0.3334315021741669	0.98259580835571
1	3	0.9985904782485043	2.001409521751497	0.25	0.3328634927495012	1.001411511307386	1.498943603193515	0.4975320918861297	0.5934278643266117	0.8019116987593529	0.9773140943723305
1	3	0.7311481269213688	2.13005251030897	0.25	0.255538922160008	1.367711908407234	1.408415982930318	0.04070407452308422	0.7289006510764378	0.6928376461524018	0.0799559794806091
0	1	0.5705346021709874	2.429465397829013	0	0.1901782007236624	0	0.4116131890141785	0.4116131890141785	0.8098217992763376	0.1901782007236624	0.8085415546323544
0	0	1	2	0	0.3333333333333333	0	0	0	0	0	0
2	0	0.5705346021709875	2.215071275349375	1	0.2048152636290583	3.505484141346796	0	-3.505484141346796	0.9999999999999999	0.04194929221544075	-6.885905682886102
1	2	0.6989025228417721	2.198892201780645	0.3333333333333333	0.2411842760645647	1.430814694921905	0.9095489075728298	-0.5212657873490754	0.8535497436815747	0.5630729175032989	-1.02393475556334
0	0	0.7369442163351638	2.128689160354021	0	0.2571662594140335	0	0	0	0	0	0
2	2	0.7835199131895602	2.216480086810441	0.5	0.26117330439652	2.552583497027384	0.9023315895781586	-1.650251907449226	0.9426983380073611	0.2807072214695959	-3.241628981762399
1	2	0.9547963657941747	2.045203634205826	0.3333333333333333	0.3182654552647248	1.047343743467463	0.9778977342647941	-0.06944600920266875	0.7605973618320414	0.6831556966879013	-0.1364144438088072
0	0	0.5705346021709874	2.429465397829013	0	0.1901782007236624	0	0	0	0	0	0
0	1	1	2	0	0.3333333333333333	0	0.4999999999999999	0.4999999999999999	0.6666666666666667	0.3333333333333333	0.9821618648430908
0	1	0.5733733229864326	2.426626677013568	0	0.1911244409954775	0	0.4120947031006403	0.4120947031006403	0.8088755590045225	0.1911244409954775	0.8094874041785697
1	1	0.5705346021709874	2.429465397829013	0.5	0.1901782007236624	1.752742070673398	0.4116131890141785	-1.34112888165922	0.9638322519695103	0.3441886534168352	-2.634411286810697
1	3	0.9904598408411173	1.878701618540517	0.25	0.3452088196718572	1.009632050453233	1.59684750914867	0.5872154586954372	0.5714872562788654	0.81617215996382	1.153481259954003
0	1	0.5719450572908535	2.214364935832883	0	0.2052697146772405	0	0.4515967462354495	0.4515967462354495	0.7947302853227595	0.2052697146772405	0.8870822048793624
1	0	1	2	1	0.3333333333333333	0.9999999999999998	0	-0.9999999999999998	1	0.3333333333333333	-1.964323729686182
0	0	0.7321659234772325	2.133917038261385	0	0.2554587334879824	0	0	0	0	0	0
0	1	0.5705346021709874	2.425213891925507	0	0.1904480977943572	0	0.4123347649167747	0.4123347649167747	0.8095519022056428	0.1904480977943572	0.8099589633005939
2	0	0.5705346021709875	2.429465397829014	1	0.1901782007236624	3.505484141346796	0	-3.505484141346796	1	0.03616774803048961	-6.885905682886102
1	1	0.5705346021709876	2.429465397829014	0.5	0.1901782007236624	1.752742070673398	0.4116131890141784	-1.341128881659219	0.9638322519695104	0.3441886534168352	-2.634411286810696
1	0	0.269925550655041	2.73007444934496	1	0.08997518355168031	3.704725238397228	0	-3.704725238397228	1	0.08997518355168033	-7.277279697750973
1	3	0.591696017701881	2.40830398229812	0.25	0.1972320059006269	1.690057005764467	1.245689922057619	-0.4443670837068476	0.8234368093575242	0.5847016588821194	-0.8728808072168068
0	2	0.5705346021709875	2.003532897186978	0	0.2216471022276193	0	0.9982366662449423	0.9982366662449423	0.6058332334706621	0.3941667665293379	1.960859971347766
0	0	1	2	0	0.3333333333333333	0	0	0	0	0	0
0	0	0.7321659234772325	2.133917038261385	0	0.2554587334879824	0	0	0	0	0	0
0	3	0.9731190775271074	2.013461653274136	0	0.3258304948837053	0	1.489971261742994	1.489971261742994	0.3064130884195724	0.6935869115804276	2.926785905992225
1	0	0.5705346021709874	2.429465397829013	1	0.1901782007236624	1.752742070673398	0	-1.752742070673398	1	0.1901782007236624	-3.442952841443051
0	0	1	2	0	0.3333333333333333	0	0	0	0	0	0
0	0	1	2	0	0.3333333333333333	0	0	0	0	0	0
0	0	1	2	0	0.3333333333333333	0	0	0	0	0	0
0	2	0.7358483830500538	1.713175111336937	0	0.3004660366617848	0	1.167422983654735	1.167422983654735	0.4893477658636713	0.5106522341363287	2.29319666937404
0	0	0.5705346021709874	2.429465397829013	0	0.1901782007236624	0	0	0	0	0	0
2	0	0.5705346021709875	2.215071275349376	1	0.2048152636290583	3.505484141346796	0	-3.505484141346796	0.9999999999999999	0.04194929221544075	-6.885905682886102
0	0	0.8656333766891846	2.000000000000001	0	0.3020740139791698	0	0	0	0	0	0
0	1	0.2293237852141323	2.770676214785869	0	0.07644126173804407	0	0.3609227215592511	0.3609227215592511	0.9235587382619559	0.07644126173804411	0.7089690665417555
1	0	0.5705346021709874	2.429465397829013	1	0.1901782007236624	1.752742070673398	0	-1.752742070673398	1	0.1901782007236624	-3.442952841443051
1	2	0.5705346021709874	2.009176395978277	0.3333333333333333	0.2211622164576963	1.752742070673398	0.9954327574240643	-0.7573093132493339	0.8748971158197582	0.5275661183002466	-1.487600654728013
0	2	0.7358466497758147	1.701675372300885	0	0.301883077613754	0	1.175312302543194	1.175312302543194	0.4873672373220438	0.5126327626779561	2.308693845677702
2	2	0.7348991282978746	2.132503379791556	0.5	0.2562943731215269	2.721461929928083	0.9378648676259036	-1.78359706230218	0.9456036345762004	0.2723838339881919	-3.503562033678735
2	1	0.7401137551918129	2.125969206546805	0.6666666666666666	0.258231797569058	2.70228729836492	0.470373699167681	-2.231913599197239	0.9827801582802776	0.1656113003877963	-4.384200845512431
0	1	0.5733575026808716	2.426642497319129	0	0.1911191675602905	0	0.4120920164815235	0.4120920164815235	0.8088808324397095	0.1911191675602905	0.809482126788886
1	1	0.7369285352676137	2.129043536674525	0.5	0.2571303965178666	1.356983685856122	0.4696944814768595	-0.8872892043792628	0.9338839591865647	0.4481447522222979	-1.742923239256559
0	2	0.5719451906810425	2.425220968570458	0	0.1908286562343536	0	0.824667123498811	0.824667123498811	0.6547582635715018	0.3452417364284982	1.61991319978076