Codon,alpha,beta,beta-alpha,Prob[alpha<beta],Prob[alpha>beta],BayesFactor,PSRF,Neff
1,0.7764728353506454,0.1366479558917192,-0.6398248794589261,0.02694696713316632,0.9579865301346278,0.04610727529023593,0.997064629086714,1201.266322067378
2,0.904100416966094,0.1303412854334831,-0.7737591315326109,0.009598904451842144,0.9842228406569855,0.01613639933123908,1.00151706938575,384.7048808641123
3,1.005091425069496,0.1289214945484168,-0.8761699305210793,0.007305496020353817,0.9878087966021329,0.01225265393358854,1.001736793686738,372.3032214933046
4,0.9055782644538489,0.1303148249195054,-0.7752634395343436,0.009551071273037618,0.9842972433077518,0.01605521314868767,1.001520058668637,384.5305622558324
5,1.490835406952594,0.1255810856971262,-1.365254321255468,0.001915053654191923,0.9963985703381907,0.003194548728294171,1.000485680486385,456.1649547397983
6,1.028301278413581,0.1345061908243895,-0.893795087589191,0.01066725801785666,0.9827400602091571,0.01795173769560967,1.000940420783913,421.6061409806176
7,2.003747337824261,0.1274427767797586,-1.876304561044502,0.0005284512520323754,0.9988250678440312,0.0008802997360121504,0.9973600150464651,1052.175884228706
8,0.9956605470677087,0.1290278312190159,-0.8666327158486928,0.007460007524091218,0.9875656003008283,0.01251374575215797,1.001711804373821,373.6728197000203
9,0.2537097933772757,0.3325523699305444,0.07884257655326871,0.5913998333146132,0.3207937240678532,2.409787429746926,0.9964364961126917,1720.360504025723
10,0.7741367762712656,0.1098558573251692,-0.6642809189460965,0.01724827553291328,0.9711477283972945,0.02922119301679081,0.9971775901010573,1139.50243777779
11,0.961786503826014,0.1298715495468326,-0.8319149542791815,0.01093110619254939,0.9822382923044239,0.01840067039998225,1.000323816481822,469.8874797001241
12,0.3712038703690302,0.3403335282315809,-0.03087034213744932,0.4637571247551863,0.45619519762421,1.439876143174673,0.9963953526766925,1770.52486199742
13,0.8547957928699732,0.1314403177033724,-0.7233554751666008,0.01458662002719366,0.9765806953466647,0.02464519685452117,0.9992464485839752,587.8010117802326
14,0.8234486468822084,0.1375759463647563,-0.6858727005174521,0.02395665222765069,0.9626257473845172,0.04086515013537236,0.9976321615186093,944.2914678695422
15,0.3751581441275602,0.1390685989732144,-0.2360895451543459,0.2117457118269984,0.6793995177146689,0.4472438303291683,0.9961363756532198,2168.765203679378
16,0.9462126564141565,0.1338588951624962,-0.8123537612516603,0.01218877949632776,0.9803673518341725,0.02054387395103436,1.000307230394921,471.3407854490821
17,0.6437086455752166,0.5386158802429483,-0.1050927653322683,0.3638121043489213,0.5589288591975987,0.9521115176526453,1.001641132464931,377.601848532579
18,0.3446113286473744,0.143260454299154,-0.2013508743482204,0.235413659954701,0.6473054438348838,0.5126266744616504,0.9964640075841542,1688.37663931397
19,1.255008803455242,0.1271323902936906,-1.127876413161551,0.004779218658893908,0.9918385652541767,0.007995277486968344,1.00246745753954,336.303049663722
20,1.329518928403203,0.1321363170469137,-1.19738261135629,0.004873228076754559,0.9916989967496838,0.008153318423085252,1.00236721302791,340.8202176545062
21,0.8240650228472383,0.1375487987932931,-0.6865162240539452,0.02391101596115563,0.9626958363429807,0.04078539701820418,0.9976393815981663,941.7307957769467
22,0.3831106546625582,0.1204761736822485,-0.2626344809803098,0.1838647675436026,0.7067325126877598,0.37508739233129,0.9959327840480255,2635.026460434702
23,0.9858288608961848,0.3296659404605042,-0.6561629204356807,0.03849520699741881,0.9396820315846351,0.0666578469886828,1.002031855922342,356.8663775221104
24,1.320777216785215,0.654669813411681,-0.6661074033735342,0.1223996321059101,0.8074088173642174,0.2322091839006442,1.00398850100751,280.1083597524633
25,0.3586166695018144,0.6376030991506406,0.2789864296488263,0.7471462556439226,0.2007003199101269,4.91962852978844,1.000053335128761,494.7754137257555
26,0.6351919588295351,0.6736863192321861,0.03849436040265108,0.5075460792207693,0.4077052009479726,1.715955234951586,1.001324255920961,396.2961353812024
27,0.8588577550984114,2.323427681951941,1.46456992685353,0.8885663288469491,0.03317257632717163,13.27606866589655,1.02836299894601,78.30025851786473
28,0.6136900649753556,0.08855886186288339,-0.5251312031124722,0.03076687513007199,0.9437301436812824,0.05285075756562801,0.9987284692607705,668.66739843859
29,0.2570267946159082,0.4640008083201958,0.2069740137042876,0.719662282612065,0.2179961957367146,4.274086285185667,0.9983884747980647,735.1373211279972
30,0.5914656482632061,0.3560669428752503,-0.2353987053879559,0.2266224925508858,0.7035814764860705,0.4878738618221217,0.9994252894343757,564.2645806172427
31,0.6321659229276039,0.3414640015208682,-0.2907019214067357,0.1933688106074688,0.7453873860495571,0.3991236767622985,0.9987307147124512,668.268542270182
32,0.9977776640387835,0.5370833679899509,-0.4606942960488326,0.1343680075589347,0.8076572516309858,0.2584393587441162,1.005268956517843,245.692319352968
33,0.8045847401450393,0.5368049237239565,-0.2677798164210828,0.2234106915600757,0.7064259265222406,0.478970341388039,1.004569219236668,263.3599507712006
34,0.7496378468137762,0.8369005925577355,0.08726274574395931,0.5645901749990569,0.3288935203325175,2.158893247371094,1.007487221690557,202.7587195716897
35,0.4591623868843339,0.613326642855571,0.1541642559712372,0.6303152787872517,0.3070391900697592,2.838719028475731,1.000072759602949,492.8998616650693
36,0.5489074213517882,0.4682340793965549,-0.08067334195523324,0.3800399707908874,0.5411171203270688,1.020614331196366,1.000690542951748,439.9139136159096
37,0.9453148497409781,0.4740224815839257,-0.4712923681570524,0.1140460807424478,0.8364010873752006,0.2143212865807332,1.005137751001092,248.8195621478306
38,0.9800790335256515,0.5705496422047784,-0.4095293913208731,0.1942846221869475,0.7379679566887537,0.4014697714901784,1.003657815591723,290.6481571626625
39,0.8000219503067727,0.3402927541671436,-0.4597291961396291,0.09890188017216087,0.8611157670059291,0.1827378624910544,1.001101246125757,410.6145246229295
40,0.9838386089780237,0.4716430576067104,-0.5121955513713132,0.08767497476058399,0.8677413262723727,0.1600007940718791,1.005103380375877,249.6521844374067
41,0.5958606557576667,0.4162499957270539,-0.1796106600306128,0.2835537847090261,0.643631589922926,0.6589431260243289,1.000635217148596,444.1865173386476
42,0.3705886476513635,0.8644630923753468,0.4938744447239833,0.8676805714028329,0.09088672907137368,10.91772956768862,1.002651478219709,328.3183720122755
43,0.8844636075100496,0.3306947450471799,-0.5537688624628697,0.04930483621120717,0.9246917403457662,0.08634641523775835,1.004304309543967,270.7411905828411
44,0.6899760278984821,0.7387475972539492,0.04877156935546711,0.5210011797241535,0.3868146956346319,1.810924478567466,1.002718600960836,325.5005202811039
45,1.188408635369427,0.7293568175463478,-0.4590518178230789,0.1859787971346538,0.7141961488219666,0.3803853598884295,1.005641530742897,237.232039763803
46,0.8021944786709245,0.3400643374182116,-0.4621301412527129,0.09824379024330773,0.8619637856549257,0.1813894582938604,1.001078187516128,412.1548199314443
47,0.8017296965280103,0.6006630474287403,-0.20106664909927,0.2813169360241362,0.6373018841529049,0.6517102390367148,1.003790356720423,286.3286402277676
48,0.9512472515713689,2.678525458331516,1.727278206760147,0.9213789022364137,0.01602136919380845,19.51170568246433,1.018128266040951,111.2570000962676
49,0.3363264101838875,0.5276944947578603,0.1913680845739729,0.6864304946324966,0.2541120184121105,3.64467513698418,0.999271697004566,584.3590566038667
50,0.3813925160039619,0.1444586335798814,-0.2369338824240805,0.2150249061728083,0.6786426790515983,0.456067332834658,0.9961222218419142,2195.768736091333
51,1.322165092593378,0.1321315661019314,-1.190033526491447,0.004918460618061439,0.9916258242895408,0.008229370308501226,1.002362859513755,341.0191757284467
52,0.7582978141578637,0.2829957872871988,-0.4753020268706649,0.07353019036161913,0.891883674449755,0.1321388414834996,0.9987292808403074,668.5231835571716
53,1.792395716484642,0.3404835946674297,-1.451912121817212,0.01172058155414688,0.978977817896787,0.01974537955804412,0.998185308477916,781.6033647335702
54,0.9093617262542784,0.6350105799705902,-0.2743511462836882,0.2251345038135929,0.6904940020318315,0.4837397914940717,1.004909673105349,254.4525763124754
55,0.3237656039937112,0.2839061085126778,-0.03985949548103346,0.4562210707172862,0.4525533134301412,1.396847646798295,0.9957710746709671,3178.009493832781
56,1.264352389339207,0.7930964961560389,-0.4712558931831679,0.2099061647655142,0.6705217420454994,0.4423261310926434,1.009039944914576,180.7711978773285
57,0.9971697292981624,0.6064311520473898,-0.3907385772507725,0.1809481394471793,0.7441801932769238,0.367822927869276,1.00439358815511,268.207150896336
58,0.594082498361421,0.6211334347799076,0.02705093641848655,0.4945536724532706,0.4242121978159648,1.629050179621892,1.00076604130609,434.2154586947422
59,0.9998259405361895,0.3393283430432323,-0.6604975974929572,0.05183498288469039,0.9220471945556513,0.0910196388452829,1.00137861149095,392.9576822031621
60,0.8867719433227979,0.4673943457143717,-0.4193775976084261,0.1054963646528134,0.8455394328913739,0.1963592934470646,1.006798025563599,214.370809057688
61,0.7553203821786812,0.3377718908825003,-0.417548491296181,0.1095993352947301,0.8472308867992773,0.2049361253869043,1.001265290428253,399.9830981172767
62,0.7807257409670723,0.4415402468929842,-0.339185494074088,0.1643184322213183,0.7788910141674112,0.3273720030548005,1.004543001869811,264.0722034307651
63,0.6352427820281805,0.2542792779044163,-0.3809635041237642,0.1164565607422593,0.8310247937846438,0.2194482541302415,0.9971724156425467,1142.192116222622
64,1.191408081192868,0.5303222702346503,-0.6610858109582175,0.3839738775619182,0.553704054080068,1.037764062536622,0.9998317605764062,517.2341456277718
65,0.9032807137294137,0.9651954779435259,0.06191476421411224,0.6925961932886707,0.2117989822763684,3.751171630674706,1.019374820931485,105.7633063733029
66,0.6333140915438442,0.5983086319359738,-0.03500545960787038,0.4322187615501901,0.4869077729353287,1.267414446699909,1.0013309163663,395.8839831265427
67,1.225526926854624,0.816016612170305,-0.4095103146843193,0.2344037869413177,0.6352390182956787,0.5097543299274101,1.010700923069617,162.0613054594197
68,0.973898748982382,0.7770184235159685,-0.1968803254664135,0.5778671721913676,0.345999000174371,2.279160831733227,1.002411343893465,338.8165836118705
69,0.3727394510432933,0.4784708584606095,0.1057314074173162,0.605048646835185,0.3291881933689983,2.550602401014111,0.998674692211338,678.364868389068
70,0.5999779713935537,0.2877736630738016,-0.3122043083197521,0.1618620402701322,0.7768380852481388,0.3215330174012909,0.9976056341634882,953.8209224748695
71,1.853203884574422,0.8837788195022094,-0.9694250650722125,0.09680317600560487,0.7828284584649037,0.1784445468785144,1.014668879431249,130.1487409021248
72,0.6251865780052045,0.4824359415701423,-0.1427506364350622,0.3257947052637685,0.6002736295349343,0.8045405525743695,1.001477101069125,387.051042409625
73,0.5385493952023028,0.7151932297591799,0.176643834556877,0.6491963509017239,0.2751953986714717,3.081115962939937,1.000591505427492,447.6218663504156
74,0.7609613986773198,0.7190505993595271,-0.04191079931779274,0.4197360477959095,0.4799364026910881,1.204333462808815,1.00362983093083,291.5771179857161
75,0.9223125049263345,1.170496458373509,0.2481839534471748,0.596210268269589,0.200212426859931,2.458330429761405,1.028128859906875,78.82665664434288
76,1.192176626131666,0.7228217415440937,-0.4693548845875725,0.2088167805548782,0.6983883135398292,0.4394246388622315,1.003775438493512,286.8083179535282
77,0.9224826816495263,0.7861890307601671,-0.1362936508893592,0.3477521752135375,0.5278192142728249,0.8876735759350345,1.007416501135608,203.8909777979364
78,0.7352759285290613,1.918536154912752,1.183260226383691,0.8811087550448594,0.03980401193426798,12.33887936270954,1.028056671833151,78.99045572375734
79,0.9354818089099307,0.9560566128964864,0.02057480398655565,0.4801999700521294,0.3529380139036889,1.538090553124967,1.018846009484907,108.0237125732714
80,0.4788117687470725,1.664089540460885,1.185277771713813,0.9338351743387623,0.0372370562535377,23.49844543869396,1.009478661340215,175.4124839610444
81,2.118908927534458,1.770679910047036,-0.3482290174874221,0.2332929206926772,0.4217850099885521,0.5066034736175301,1.010026946534376,169.1549700188879
82,0.7793406092651753,0.5882643307908338,-0.1910762784743415,0.2596409993419131,0.6587393487732796,0.5838845555616198,1.005297791597656,245.0157125500826
83,0.450127907831201,0.8940467662582321,0.443918858427031,0.8295784502193205,0.1140114468145764,8.10455227576929,1.005859607193839,232.5490731460989
84,0.7872553745343628,2.794961682347262,2.007706307812899,0.9780461871337099,0.0006592273732694188,74.17293814665032,1.002305554588643,343.6601088524139
85,0.8154768557047255,0.331484332039986,-0.4839925236647395,0.07274565402878999,0.8938467350624713,0.130618367518589,1.003818806651954,285.4183590002846
86,0.8354692060845942,0.5899206874191826,-0.2455485186654116,0.2255066707037033,0.6956480162505569,0.4847722908881851,1.005253489817669,246.0568071776185
87,0.7173936492967025,1.49015978444192,0.7727661351452179,0.8401813545708512,0.05668966934726706,8.752692483802161,1.027815918704612,79.54194792666127
88,0.9311585802604989,0.4799859778935563,-0.4511726023669426,0.1207327675577994,0.827750467750537,0.2286126951942978,1.005254583288931,246.0310023891863
89,1.294542576779322,1.211946715046655,-0.0825958617326672,0.3909096023602928,0.3381256331184221,1.068539699283304,1.030008631180229,74.79913892760923
90,1.061987880845382,1.113552455175054,0.05156457432967176,0.5270667356320343,0.2634963599142729,1.855503689890488,1.029133330483087,76.61933732463385
91,0.5919913884584842,0.5930176127978124,0.001026224339328197,0.4666977194381968,0.4528750153849915,1.456995847829981,1.000966134947989,419.8089888593079
92,0.7633930041820943,0.7770376477523788,0.0136446435702845,0.6030049253934243,0.320843927786574,2.528900936005731,1.002623286837026,329.5166357449855
93,0.8043629490792636,0.5779483936801257,-0.2264145553991379,0.2550920936905326,0.6681723013359666,0.5701517882572857,1.004358000403857,269.211468162468
94,0.8381232510292718,1.157441107641425,0.3193178566121537,0.6689914033118981,0.1628310840775928,3.364940120120068,1.026632613786387,82.37455028186213
95,1.013289273120519,0.8171048989402001,-0.1961843741803189,0.3026712446613445,0.5571204577440894,0.7226527582811425,1.009964188932478,169.847994071081
96,0.425712392111291,1.035146478047463,0.6094340859361717,0.8887842925190761,0.06191626658759006,13.30535045611912,1.013133240945818,140.8435989648486
97,1.152995965981854,0.7313655120455242,-0.4216304539363298,0.1948957330435113,0.7025032672618311,0.4030382634415232,1.005834701030105,233.0743825867112
98,0.8207515381063137,0.5779042879962645,-0.2428472501100493,0.2474575157917082,0.6767540440830605,0.547476777565384,1.004398929976563,268.0570556664943
99,1.934552594997239,1.022043603058914,-0.9125089919383254,0.1272506822846589,0.7047194829462174,0.24275415827424,1.016398337305599,119.9409805018805
100,0.5958153978776118,0.8537327393349073,0.2579173414572955,0.7140716900470079,0.2025200431671077,4.157964092240774,1.005457739377737,241.3302560542519