dN,dS,dN/dS,dS=dN,LRT,p-value,Full Log(L)
0,0.5466985115289302,0,0.1054259144424429,6.571655522424379,0.01036155239752745,-16.29369119971374
0,0.8784167812436524,0,0.2013904743781132,11.75491008403723,0.000606829425500055,-27.44551664307158
0.3865811765558374,1.302889454778701,0.2967106496548466,0.5725053063657898,4.33900792915378,0.03724862150750474,-88.17334517414552
0,0.2723495198185449,0,0.05267739289580659,3.282795069973087,0.07000960521048483,-10.73521038715357
0,1.275934189282079,0,0.41070753906269,20.28495379765441,6.672323900391852e-06,-54.284829560639
0.1351240614888246,0.2792640967918766,0.4838576209441153,0.1820208592632233,0.5125783529416879,0.4740248320130962,-34.33094717709839
0,1.697710712127913,0,0.3182465586993932,19.97907221196434,7.829440372142393e-06,-36.10166196431781
0.06529307793709031,0.831464846329414,0.078527767259594,0.2113228887558579,5.845323726576709,0.01561850033460344,-30.8442803125195
0.06740026049223052,1.678303800215935,0.04015974967318707,0.5921177624357029,20.59797680906829,5.665595687931457e-06,-77.44886736733299
0,1.059514362627691,0,0.326461442213962,16.43033720525429,5.047097712418402e-05,-44.1417358148792
0.06542094866156037,2.291662622849139,0.02854737342629647,0.4790864397639291,20.87157830466748,4.911280731212386e-06,-50.96602746775776
0.2741488055739418,0.4293212614595299,0.638563309541064,0.3057272449867207,0.2671062618906888,0.6052795550232249,-56.58500465934522
0.2206130258040969,3.096468300927957,0.07124666050609435,0.6892076884735782,23.21014063379852,1.452294949300104e-06,-82.37900349144674
0,0.9976878750781962,0,0.3201327373807287,15.84761419511952,6.865303767977782e-05,-44.4476557394098
0,0.4508724072715286,0,0.1012939166628123,5.965163183552768,0.01459125013942775,-16.9802871821134
0.2022495073725363,1.527909423082942,0.1323700896905571,0.6358957963133924,12.35896690496085,0.0004388734760056856,-86.68613881623682
0.1351799801140016,1.367208996368487,0.09887294515546637,0.5431378602746187,12.85238130771529,0.0003370500500322615,-76.20808635312002
0.1351182104097963,1.563733558339681,0.08640743794822704,0.6224679119827696,15.85582519323151,6.835579513053691e-05,-81.23545465219861
0.2751902198807495,1.945958336634916,0.1414162958681978,0.5511370787083507,10.59309739800358,0.001135106495833371,-77.46491430010434
0.3182656141712263,1.963387537303444,0.1621002517966161,0.6219294389217281,9.270573562308641,0.002328647694333164,-78.26835087862098
0.3341278342830032,1.013872988673846,0.3295559088915518,0.4565083642930856,2.615597474456223,0.1058176626596667,-71.14534987932007
0.3078008482704729,1.195592544619269,0.2574462760375365,0.5407964594915746,5.224786314153135,0.02226718215822121,-77.6152575581949
0.06542324857553738,1.680859226333494,0.038922503176097,0.3710606654281755,14.54945624716051,0.0001365280486566034,-43.45925620960795
0.06750141455455763,1.427941461886133,0.04727183596545805,0.5035887163519867,16.68435958567844,4.414344359315869e-05,-71.99299177788647
0.2765543512212997,0.6133476896677564,0.45089327942379,0.3482534014638567,1.085167539686125,0.2975444116236337,-60.6258804180774
0.1351558483872375,0.2461011614877517,0.5491881776184305,0.1744812358461232,0.3532025958626974,0.5523057930465589,-36.18633567595879
0,0.8383697414906923,0,0.2728006151932021,13.4367754563801,0.0002467393582513688,-41.86083685117168
0.434868202504203,0.8657624822600243,0.5022950421332696,0.5213340053277712,1.147158508436803,0.2841447642567155,-84.61236900490086
0.3944556642092561,0.2508422540781595,1.572524795150136,0.3679653227062885,0.2019198403008318,0.6531756486273693,-61.83689628531018
0.3393492982096328,1.636901339250021,0.2073120047449607,0.6205439404479586,8.215930858289425,0.004152420864010353,-89.33456107726769
0,0.8267596889001607,0,0.1583704213765975,9.887825906538119,0.001663758247792968,-20.03089878981768
0.3028337865300281,1.21998312216853,0.2482278492441261,0.5128694499346332,5.056225936538141,0.02453761692219425,-74.02831669181107
0.06749129053270393,1.006906001051002,0.06702839238444996,0.3952155188311955,11.36620827632125,0.0007479240615225757,-61.71502459256403
0.2706400942941793,0.4931868796455412,0.5487576930041029,0.3494538071709388,0.7066828869056536,0.4005472173726985,-63.78015732987406
0.067533309405056,1.136008265294463,0.0594479032135834,0.4115348239577907,12.54471416054686,0.0003973286408940346,-60.8438256517754
1.032068837622569,0.5117568208214307,2.01671730718894,0.8756995590726814,1.383688261601321,0.2394739000088525,-114.7402653791801
0.332318168920874,1.394476372861008,0.2383103617876766,0.5081635622928865,4.945354989627077,0.02616086598687772,-71.0498113084865
1.350851134209345,1.55050913516435,0.8712306838915581,1.41803554495408,0.1289709565015187,0.7195013813350999,-165.6131375364949
0.131046398188844,0.8314829065124136,0.1576056430775075,0.2649066601123895,4.025935169071573,0.04480577291062571,-39.20123050904397
0.06544768642552505,1.406413400450023,0.04653516981890472,0.31844503748411,11.61735276500973,0.0006533933221760657,-39.32445580928105
0.3314792283924282,0.2685521424870401,1.234319805914134,0.3206670691848192,0.04029506273909078,0.8409047729419654,-56.48783480342226
0.2031657808456433,1.501734049017119,0.1352874571756662,0.6587640542341155,12.5994762793168,0.0003858548568865805,-88.513228866859
0.218802964763701,1.120616345933688,0.1952523408726438,0.3660737022122965,4.797748052636408,0.02849696205977459,-54.42154776671238
0.06545253618125309,1.109046797749961,0.05901692905479144,0.2646649377882655,8.622567954006513,0.003320234384226128,-34.976965558397
0.2756346805371025,1.06970471819772,0.2576736138936571,0.4113116893298113,3.615539205469133,0.0572421630139569,-65.25163647464888
0.5132678306089913,0.7249652794350075,0.7079895343525969,0.5574803407459616,0.2425875875649126,0.6223434375660798,-75.45392521004977
0.751372644258297,0.8549278061433838,0.8788726239327405,0.7774773269228977,0.05829549133389378,0.8092105548733125,-111.6736610167408
0.3911951120491601,0.5200536857833807,0.7522206317216749,0.412976719967565,0.1082824686498469,0.742108057708702,-62.01297918162465
0.1969656862418889,0.6611698669179754,0.2979048140231176,0.3035242448799085,2.068620444007806,0.150357475220965,-46.72738505841027
0.2193128150757013,0.5475419622640172,0.4005406529371199,0.2740592114200344,0.9802516514831012,0.3221366854197134,-44.72373245838953
0.2033011149844019,0.8679056283361465,0.23424334207182,0.4380649913471644,4.934320727326707,0.02632840876098785,-64.55558500477201
0.6326733529659911,1.705484807601351,0.3709639336253036,0.8003376845182548,3.380693940273204,0.06596427593264786,-114.9608951524543
0.2658004296832668,1.332687496782835,0.1994469298503366,0.54202405224328,6.856195558072699,0.008833442977686845,-72.80311070700766
0.1354281460244135,0.6230860701070289,0.2173506238089237,0.2832386753017828,3.348188532939602,0.06727901316254159,-46.50493705871651
0.4872706958249113,0.9842923536101829,0.4950467145637189,0.6044555020951285,1.40029980150203,0.2366733806166804,-82.80161583636331
0.2653008374350746,0.6645023547265222,0.3992474000250306,0.3573066675932992,1.335182935087801,0.2478852571556509,-54.64576254742686
0,0.9753312347772828,0,0.2060516053383273,12.40043230747927,0.0004292344650942415,-25.96900597704604
0.6098820680825725,0.849995409067316,0.7175121907444002,0.659587362917725,0.3034355786031142,0.5817365949277893,-93.84119252124165
0.8606233420618159,1.297986602009582,0.6630448578817171,1.002337825050638,0.7483151364693583,0.3870101934062402,-119.1681431685983
0.9107254125507581,1.648027556886703,0.5526154030283413,1.03084197253863,1.384878937744759,0.2392718318695136,-143.5325593361639
0.1356518483027267,0.3674726240844454,0.3691481743455094,0.2182533606181853,1.219810176154795,0.2693979082958059,-38.79810377725239
1.843397333821423,0.6503019629929601,2.83467902409112,1.499266193272321,4.817334530542325,0.02817488243114241,-170.1414370558168
0.610305520992043,1.115692003823026,0.5470197141332663,0.6939461830459713,0.9512289189678711,0.3294066837857461,-93.07172836580861
0.6716585293705706,0.3762489072248582,1.785144133240409,0.5613645567542367,0.8186363808821113,0.365579157922965,-76.45329026541961
0.1074050506203221,1.416223808625788,0.07583903756323726,0.3158081162091285,10.61635469223498,0.001120918028058471,-48.43951771143455
0.7374889411377057,0.6832343817849565,1.079408415031762,0.7231542727211,0.01752746637524183,0.8946747656601498,-100.5115404283206
0.4942510478261061,1.178619341999083,0.419347477352438,0.6777185095878746,2.653160143124211,0.1033442687249515,-90.07986255436735
1.288168760683848,0.9754410881004628,1.320601291455109,1.182101246243291,0.3985941027078184,0.5278162153349586,-142.3024311383782
0.6546676854120255,1.034403059241169,0.6328941891299947,0.7519463936347098,0.7616289153687887,0.38281923808706,-103.6433811749743
1.449790678839276,2.513350470706587,0.5768358594381353,1.659971513519884,1.715217742565187,0.1903097922197704,-167.6830496178435
0.7474186257902664,0.3309088149353518,2.258684544067786,0.633710841799503,1.358422543642888,0.2438110557665287,-95.77625787390801
0.5349964359893398,1.139409287672375,0.4695384194052419,0.6497694840103566,1.363749985151799,0.2428886323309736,-82.89640150221523
0.347400415475196,1.30875801534377,0.265442817848909,0.5749147655166814,5.439713066255706,0.01968390277658671,-84.74774419411541
1.942559505839396,0.9008411256411477,2.156384128729509,1.560251929175027,3.65680324808028,0.0558406768513765,-177.8683990088801
0.7609779900862093,1.429784124943738,0.5322327873210606,0.964404015612191,1.876643694084805,0.1707161046885518,-120.4286054888249
0.4961721999992864,0.4919975126825362,1.008485179719687,0.4950346618800724,0.0001554916384236549,0.9900509336633156,-79.24089925687458
0.7988394807074192,0.8568325975592616,0.9323168644411531,0.8125058568646991,0.01422741760981694,0.9050545269552011,-103.6120709734661
0.9938325065853657,0.4855945725007376,2.04663017847848,0.8313957342447201,1.420103126367962,0.2333864297913003,-105.8394964160431
0.8789587602258289,0.8038761673945435,1.093400695127754,0.8445534401844944,0.03100933575456111,0.8602195616455414,-101.0666510978315
0.6989946777884649,0.6899584507716825,1.013096769822409,0.6967333175855106,0.0005032982152783916,0.9821015126995528,-100.4308119381897
0.5516822066855579,0.6897736573383138,0.7998017912345033,0.5978114516261301,0.1497698491355663,0.698755395794955,-83.94667328302357
0.4472167959899386,1.392119381213789,0.3212488828364779,0.6231501411329531,3.342797218154715,0.06749976808622982,-79.75314015385838
0.7034502817318654,1.206887063698007,0.5828633870483561,0.8166378300817351,1.070920801800611,0.3007375511579232,-109.7923475302468
0.824364598208862,1.23124987383814,0.6695347676577574,0.9147755379311796,0.6272672327293947,0.4283594862858936,-125.1843600527809
0.580621553491444,1.121576296935135,0.517683509430499,0.6662218074508455,1.125042689693203,0.2888352177454778,-99.20030535354071
0.9695459079841059,0.7780800605936991,1.246074738432845,0.9218217497224132,0.1571262347627567,0.691816223142837,-113.7869324710402
0.7073885399809866,0.8194875204089878,0.8632084349837871,0.7286854198819316,0.0490368799722205,0.8247477291780344,-96.40018954126337
0.3902799649976716,0.4089152207288727,0.9544275811059697,0.3942704512115614,0.003333181065812596,0.9539607431864521,-66.42313388837555
1.299416322949042,0.9739239125592806,1.334207227271411,1.208408739718824,0.3306040992027874,0.56530358895474,-126.6414390484813
0.470149112698321,0.6534144715625904,0.7195266299719314,0.5056042737977325,0.2287197402469587,0.6324747509117012,-82.00146464951267
1.961195607933629,0.9215324605290022,2.128189393141737,1.651597424682215,3.259400050088288,0.07101510413410683,-192.4950341766989
1.128035883100521,1.022357134391227,1.103367742205097,1.095104422790211,0.04796090022756516,0.8266502252249895,-140.0893508519366
0.6880844782643369,1.533281050829632,0.4487660483979936,0.9661941151159,3.276688753307837,0.07027057063119391,-128.4444664608837
0.7514749779955125,0.5080264706392223,1.47920437502001,0.6608610814682745,0.4573980229503434,0.498842527838796,-94.90359734095144
0.8521828642502233,1.897752732835879,0.4490484189564444,1.070954241952071,3.143284428937591,0.07624013651018013,-136.5525511168568
1.126537966712221,1.0222191702475,1.102051301228741,1.092585629032522,0.04608449252003766,0.830022282700619,-137.5836070454618
0.7923927567457177,1.295563635490423,0.6116200972604214,0.970449776470422,1.110400270255184,0.29199495528284,-112.1767067753695
0.6182292688274074,0.5862886874617199,1.054479272837365,0.6105690262859392,0.006487524393349986,0.9358036725316675,-85.18536046298361
0.4072623574274641,0.6175840284779769,0.6594444458532287,0.4715210981928015,0.4001503935960216,0.5270115976216678,-74.19104415944835
1.213538099914937,0.7909655146872886,1.534249063177822,1.127592655969653,0.5130061791439289,0.473840391934029,-123.4013021813745