Codon,alpha,beta,beta-alpha,Prob[alpha<beta],Prob[alpha>beta],BayesFactor,PSRF,Neff
1,1.226537702259722,0.07541877380094142,-1.151118928458781,3.143518478996155e-26,1,8.583749495780678e-26,1.103223446104663,26.79637611969334
2,0.3473046419099501,0.07236183160361834,-0.2749428103063318,1.034969708990858e-06,0.999875049701334,2.826110287455312e-06,1.02631175203378,83.17952285992129
3,0.9509371065048695,0.0009543316881109683,-0.9499827748167585,7.254390889404713e-21,1,1.980897346562085e-20,1.026115784048629,83.6793288113245
4,0.6781382082825299,0.1040359580645145,-0.5741022502180154,4.375119714422292e-09,0.9999998338141758,1.194678258069362e-08,1.056408167118374,44.28627066835485
5,0.5564465698558232,0.07160817427378492,-0.4848383955820383,3.637300947582465e-12,0.9999999989841728,9.932081005261786e-12,1.072716465935768,35.79878682817442
6,0.7121464881305384,0.07163314429942272,-0.6405133438311157,1.915003430203333e-13,0.9999999999422398,5.22914366123864e-13,1.051702990861669,47.6433056978422
7,0.9893171598574965,0.07160715955126946,-0.917710000306227,2.1896103566771e-16,0.9999999999999355,5.978990395846246e-16,1.056717335641791,44.08361864893401
8,1.226596905692875,0.07528076136672816,-1.151316144326147,6.189325484303589e-27,1,1.690068624062267e-26,1.099096301426933,27.70510139275259
9,1.224528727646311,0.07167829852831736,-1.152850429117993,1.23171002046583e-26,1,3.363330083078704e-26,1.137136100926987,21.33240168305515
10,0.5332445387112277,0.07159571285215581,-0.4616488258590719,5.767764904735006e-10,0.9999998262272559,1.574956516150857e-09,0.9972815778717554,1088.02169455334
11,1.197337159835026,0.1768412583112531,-1.020495901523773,1.791437286664502e-15,0.9999999999998435,4.891731672288337e-15,1.059072704791659,42.60398240831268
12,1.020072992677177,0.07277755054573333,-0.9472954421314439,6.703688162482596e-15,0.9999999999991334,1.830521444968787e-14,1.046105094891073,52.44293617347834
13,1.165701334811923,0.07226365658556336,-1.09343767822636,9.003185138909649e-18,0.9999999999999997,2.458426327470312e-17,1.090594322940098,29.82497424865713
14,1.214159069704332,0.3240122631494576,-0.8901468065548744,1.480391260630379e-11,0.9999999995065796,4.042383660884407e-11,1.213246301015639,15.27042150691276
15,1.219628561580142,0.3428303608478689,-0.8767982007322732,4.208029491457788e-11,0.9999999989683885,1.149052288650318e-10,1.185844928490798,16.89251489032428
16,1.198549039911682,0.4695235714728304,-0.7290254684388517,9.030389411062087e-08,0.9999989924478196,2.46585499883976e-07,1.333212705344545,11.28606456764534
17,1.219925559735732,0.07542765998648986,-1.144497899749242,8.892399728426914e-20,1,2.428175059099378e-19,1.208962260561155,15.49641139708603
18,1.020227234106348,0.6162211165894504,-0.4040061175168979,0.00375007232034062,0.9870498474883418,0.01027856194476879,1.206462560258361,15.63254150839572
19,1.020980346216429,0.1131295999063469,-0.9078507463100819,1.310101761261506e-13,0.9999999999903688,3.577388015305209e-13,1.231750918383122,14.38904222064555
20,1.00998699457602,0.2572182107393778,-0.752768783836642,2.997672532179122e-08,0.9999993362894823,8.185500110743529e-08,1.083837897408918,31.79955087936254
21,0.9408794139596042,0.5482032395968416,-0.3926761743627626,0.005065356693367318,0.9816282076841467,0.01390197480576982,1.06314959112222,40.28479564221443
22,1.21915057487707,0.07833585666713602,-1.140814718209934,2.412369016799414e-19,1,6.587259298759234e-19,1.199619450555071,16.02236741708849
23,0.9084585481320762,0.2240172344301539,-0.6844413137019222,9.296625854581409e-08,0.9999981597161721,2.538554026121311e-07,1.06258263844844,40.59054986964151
24,0.4081903761226147,0.1930496379205525,-0.2151407382020621,0.0330892088309057,0.8911915278930334,0.09344605967161751,1.034015755450415,67.50901130562686
25,0.7851395984855742,0.09327290126845046,-0.6918666972171238,4.139972445027258e-11,0.9999999978066993,1.130468506117005e-10,1.106594761908899,26.10406517385016
26,1.167321606762589,0.07163094952035216,-1.095690657242237,7.740853461948477e-19,1,2.113731713202174e-18,1.031131916274793,72.59245225520607
27,0.4679173730320892,0.129492930043093,-0.3384244429889963,0.000202687987414537,0.9972318283480609,0.0005535757572580588,1.021645613809445,97.07630354198861
28,1.165924502463279,0.5794916949311192,-0.5864328075321593,3.642029442776143e-05,0.999804260752256,9.945354934105563e-05,1.283437044625976,12.53183171741366
29,0.7725601006870735,0.07541281516178337,-0.6971472855252902,1.295099712547918e-13,0.9999999999876998,3.536423144590627e-13,1.164149045210539,18.55262115155105
30,0.8516366166424234,0.5480824732605215,-0.3035541433819019,0.01677601368049935,0.9467575520005876,0.04659049492882127,1.080216800075781,32.98692030065921
31,0.6147352900808022,0.2200005337680985,-0.3947347563127037,0.0003952820434579467,0.9973816292690418,0.001079791255258224,1.019616261996982,104.7635468328176
32,1.478807422428683,0.1442748249559017,-1.334532597472781,4.854262224016803e-20,1,1.325513789602329e-19,1.029971306608161,74.87489611968684
33,1.222428262552503,0.3326048538105616,-0.8898234087419411,4.066887304374083e-12,0.9999999998716023,1.110511742867428e-11,1.192916600203617,16.43055034769428
34,1.217792242479048,0.2855294692564921,-0.9322627732225562,4.510493954719284e-14,0.9999999999982556,1.231643792401341e-13,1.18879150770892,16.69589955709203
35,1.111160781427983,0.6512491975152168,-0.4599115839127663,0.003368568216858323,0.9897857605912168,0.009229364200704424,1.161314666705632,18.80168904664184
36,1.112401821175944,0.5477355392015957,-0.5646662819743482,4.274250467033363e-05,0.9997538495248648,0.0001167184598635236,1.249334049803533,13.6714989000353
37,0.8998219783863437,0.5941798109084504,-0.3056421674778933,0.02546337107123384,0.9333938759096257,0.07134749817415777,1.04157605170667,57.17079434963163
38,1.2233065519736,0.6242640373962891,-0.5990425145773113,5.126491752361484e-07,0.9999877112841791,1.399850003980316e-06,1.357055376135314,10.81259288901464
39,1.052613976800811,0.2507330910738201,-0.8018808857269908,1.348350849645866e-08,0.9999997102020529,3.681831730645973e-08,1.061500969464018,41.18836156072532
40,1.179835343385664,0.3260807665049651,-0.8537545768806988,7.261587432185593e-09,0.9999998645221814,1.982862462196245e-08,1.163060399901353,18.64728545670307
41,0.9765110289423692,0.8730054198623522,-0.1035056090800169,0.257455926825313,0.5399880372063265,0.9467638679803714,1.233884082169082,14.29629963602308
42,0.4681988432766623,0.07431894391198501,-0.3938798993646773,1.035016801213819e-07,0.9999922503843335,2.826236245928926e-07,1.025513876735608,85.25459497232774
43,1.181555898858552,0.6059663148805468,-0.5755895839780052,3.433034896838124e-05,0.999800337526232,9.374630196636751e-05,1.396374458875353,10.15699330860543
44,0.8434893820310864,0.132687534145237,-0.7108018478858493,1.403604533606382e-09,0.9999999512525084,3.832708414164499e-09,1.05289676361826,46.73988895899353
45,0.5493653354089651,0.7322627905256169,0.1828974551166518,0.8303107166421292,0.07959969050771701,13.36125476606001,1.186135494699041,16.87285505493202
46,0.9470378094740344,0.290362548404563,-0.6566752610694714,1.151811733256293e-07,0.9999974604479294,3.145158709711445e-07,1.127136432555919,22.65105232881856
47,1.122756755440326,0.4582718391847884,-0.6644849162555377,4.54605902853294e-06,0.9999543671280584,1.241360900305451e-05,1.056337782169168,44.33269186747216
48,1.185747184452351,1.16884130701579,-0.01690587743656136,0.1341054890095736,0.2244206438119241,0.4229047710669361,1.230936803748268,14.42488378890308
49,0.7326393187206455,0.5566787918074182,-0.1759605269132273,0.0766658226412391,0.8112884732174421,0.2267273468665585,1.081810364870801,32.45216223697623
50,1.193268036483869,0.3940165086622357,-0.7992515278216329,3.674715300982701e-08,0.9999994723467494,1.00342456969205e-07,1.161048207178577,18.82554356143268
51,0.3265054115410119,0.4517087871125146,0.1252033755715027,0.8145659498268903,0.06935312020380233,11.99493185575421,1.064769988747158,39.43834528567219
52,1.135838602804085,0.8794995039360952,-0.2563390988679902,0.05588449240979446,0.8290374216685897,0.1616319441147889,1.188380038539905,16.722993035194
53,0.4481289813546707,0.339832101198638,-0.1082968801560326,0.110316449876994,0.744434070288615,0.3385834561001112,1.104841227792513,26.45884245801098
54,1.044119003513318,0.5961232684194706,-0.4479957350938477,0.002727753535331228,0.99087653912757,0.00746882719759136,1.032223560913722,70.57552550925314
55,0.9478589017107275,0.4388591388625865,-0.508999762848141,0.02160737573992969,0.9599602754084285,0.06030452087440276,1.283140148158622,12.5405746920025
56,1.237972430499413,0.8873183069669206,-0.3506541235324925,0.000106674808877552,0.9913514504663489,0.0002913192756332911,1.385645766116501,10.32249943894843
57,1.070738997286256,0.4796278088786032,-0.591111188407653,4.197310462616334e-05,0.9996902605879633,0.0001146173439288357,1.036368455037436,63.88680764505585
58,1.084830949772314,0.9867319839573592,-0.0980989658149547,0.1675757452566847,0.5129089227731946,0.5497021691973364,1.092583274642256,29.2958841678644
59,1.19445684966134,0.9190596017474004,-0.2753972479139395,0.009265559632059552,0.9012936511931009,0.02553732551381769,1.079535099998925,33.22184709594757
60,0.5248105651693449,0.2580268711171698,-0.2667836940521751,0.003957365659396903,0.9807230574973917,0.01084898902289963,1.056025856999686,44.53970648615895
61,0.620699150732393,0.4600709668767311,-0.1606281838556619,0.07660682488439965,0.8013748372388827,0.2265383951049764,1.126506930040292,22.74079960032054
62,1.211951678962807,0.08498907709682413,-1.126962601865983,1.671480276692459e-17,0.9999999999999993,4.564174849975105e-17,1.222849991759602,14.79495687748755
63,0.8974649075278449,0.8015555831579799,-0.09590932436986499,0.3205078548039947,0.5503093938711663,1.287998193471114,1.266504506779094,13.06144724072001
64,1.21303216828925,0.7910549697918532,-0.4219771984973966,0.0002282069130129593,0.9975648495879392,0.0006232882413564068,1.265002045886849,13.11169324934491
65,0.9651712546785719,1.115924944086411,0.1507536894078386,0.5545119433847221,0.1259226679564522,3.398880194715928,1.471838119235926,9.208083527155415
66,0.6114631861221002,1.163413581351751,0.5519503952296513,0.9955368057186224,0.0002962460393833149,609.0774854705993,1.981883491529206,6.684898646306184
67,0.5810937974092003,0.4481732292362949,-0.1329205681729054,0.1067871821091743,0.7491641880317774,0.3264564074563682,1.134099800469202,21.7126767544398
68,1.221517489063874,0.8996698121172674,-0.3218476769466069,0.0002688802126824405,0.9807227254938862,0.0007344067318213003,1.356476466062724,10.82333482344204
69,0.4465543051220881,0.6379097703041781,0.19135546518209,0.866015091504506,0.04884179382954472,17.64942631690198,1.053995009318998,45.94107242729617
70,1.088714651726662,0.7699498109422307,-0.3187648407844315,0.01688872478565543,0.9330651597785931,0.04690889458015381,1.276878510094312,12.72931797848935
71,1.131991694705254,0.9303573137752501,-0.2016343809300041,0.07647272605417468,0.7337023647705287,0.2261090073843204,1.01500016528778,128.0567734056324
72,0.6596607737615772,1.214670574732321,0.5550098009707443,0.9887422390710829,0.0007261542253283289,239.8236912472824,1.599626570509789,8.155267531098874
73,1.221495327090953,0.8468103963773009,-0.3746849307136521,0.0001175771868498791,0.9941515318113752,0.0003210961870205766,1.284686780395615,12.49522890382772
74,1.108518601493369,0.4884503258470202,-0.6200682756463493,8.353047442915173e-06,0.9999376187587957,2.280917582569948e-05,1.116420948666583,24.30609340013228
75,0.3043729455618248,0.394218632210715,0.0898456866488902,0.7246420378058863,0.1255773592141995,7.185994871101387,1.104541457211371,26.52063215602994
76,1.061980947420679,0.6368000591263892,-0.4251808882942898,0.00519772885193062,0.9843672351301673,0.01426717108730788,1.096211307424832,28.38443874582488
77,0.930581539210207,0.5830636606173172,-0.3475178785928899,0.01254528646764605,0.9632895463215192,0.03469160658879788,1.040039431203565,58.99095791346413
78,1.192096302617395,1.150954566267772,-0.04114173634962315,0.1046223191557824,0.292286649314398,0.3190649477357228,1.203977003476528,15.77115777939781
79,0.4755250352865525,1.009296183602789,0.5337711483162368,0.9992229328562632,0.0001227899020029704,3511.275156541747,1.174308517970605,17.724919527894
80,1.151582338900217,1.012864699750736,-0.1387176391494807,0.07983563402973833,0.6022806045202234,0.2369149053853694,1.03359233191643,68.20780886770798
81,0.9461204580235094,0.5718000433386908,-0.3743204146848186,0.008446661030466592,0.973542108823926,0.02326108680251833,1.044976510098869,53.5408775680803
82,1.221893405608468,0.8621234985111366,-0.3597699070973319,0.002620182294350121,0.9750507927446813,0.007173513978885082,1.288165511759237,12.39500896043899
83,1.117219811112482,1.082572184761236,-0.03464762635124541,0.2028650711285148,0.3735920396584713,0.694922631152698,1.139917519145675,20.99808925517319
84,1.145739345398074,0.8930606234845866,-0.2526787219134869,0.04299673646393157,0.8262702572725246,0.1226826339250348,1.122786815318625,23.28928780689489
85,0.9719638528908174,0.5825454809191137,-0.3894183719717037,0.006843768063478866,0.9789383657151749,0.01881649493622046,1.031950828117124,71.06826027158525
86,1.16919428374415,0.7696651803374379,-0.3995291034067117,0.004322382320229121,0.9829847906857634,0.01185401441016786,1.282407829395297,12.56221825502483
87,1.222927893778108,0.8856270585699203,-0.337300835208188,0.0001467260839673967,0.9881972331534226,0.0004007117440008991,1.40416928974491,10.04231780876268
88,0.3429005815276418,0.4287540536501765,0.08585347212253469,0.6970732472131347,0.1420288409882705,6.283502658083975,1.076469375073359,34.32702207635739
89,0.9507062061457588,0.5647922225475142,-0.3859139835982447,0.00536095458941942,0.9811503033950636,0.01471762191037822,1.048025861421851,50.68181933956979
90,1.219583617515304,0.9675324628906404,-0.2520511546246637,0.00218481431604221,0.892618738919172,0.00597895715007103,1.075496329871955,34.69542294325167
91,0.5826082035421459,0.6544846074106525,0.07187640386850658,0.59749571845768,0.2208387049522523,4.053454573931019,1.127862046087399,22.54866150747302
92,1.084971389238109,0.7670062186222606,-0.3179651706158486,0.03423801886826937,0.9195321095040416,0.09680539012364232,1.309101099322236,11.83941898430047
93,0.6511176810267334,0.9659854529644505,0.3148677719377171,0.954775801189756,0.0119910390937221,57.64896821699104,1.195749265187285,16.25469870380283
94,0.7556743379271306,0.8725382800622711,0.1168639421351405,0.6811464150221938,0.1418227735560807,5.833244606449393,1.232334300614388,14.36351145964058
95,1.165296418986433,0.9044434600188744,-0.260852958967559,0.03010071972657729,0.850086288941597,0.08474444896744691,1.083327113053432,31.96113177212717
96,0.6314683053389305,0.9430754949215021,0.3116071895825716,0.9238980097139267,0.02225082219048068,33.15041990184569,1.247126634540638,13.7560277333713
97,1.001792211313634,0.7395577259026402,-0.2622344854109937,0.04658403015055167,0.8815430351737671,0.1334183769989943,1.372699174863526,10.5350366301411
98,1.202221869253365,0.8905901801555147,-0.3116316890978506,0.00346614141081593,0.942953329270799,0.009497629747324239,1.210267152418524,15.42661539062026
99,1.087274127415192,0.7010442999940363,-0.3862298274211562,0.01191920937839735,0.9676858976705033,0.03293942470710726,1.245601294655319,13.81531772728709
100,1.152820677786463,0.9281345525037512,-0.2246861252827121,0.0471603875797133,0.7845623748410606,0.1351507870184285,1.0154272780538,125.4597708072264