Codon,alpha,beta,beta-alpha,Prob[alpha<beta],Prob[alpha>beta],BayesFactor,PSRF,Neff
1,1,0.0374937397944804,-0.9625062602055197,1.306454397446767e-147,1,1.23982294254334e-146,0.9959289711108243,2645.682355327141
2,1,0.06064679443228475,-0.9393532055677153,1.321009087228494e-130,1,1.253635317738564e-129,0.9982936876827916,756.1053918693275
3,1,0.05624488914975253,-0.9437551108502474,3.305745745167412e-135,1,3.137146941434352e-134,0.9970196131257918,1227.793173791612
4,1,0.03332659908758116,-0.9666734009124188,9.230211765164522e-160,1,8.759454852269896e-159,0.9957956856619858,3081.354019746122
5,1,0.02552796451096564,-0.9744720354890344,6.694870415943174e-158,1,6.353420337719234e-157,0.9957594998528786,3225.598216148473
6,1,0.0526562459308413,-0.9473437540691587,4.057812272801043e-140,1,3.850856763301344e-139,0.9974633916195268,1008.401913347305
7,1,0.03511395823816753,-0.9648860417618325,3.273409851128118e-149,1,3.106460234438749e-148,0.9957956179766405,3081.611769749882
8,1,0.05517730755539707,-0.9448226924446029,7.886971227707572e-137,1,7.484721927073226e-136,0.9970628961510841,1202.266204090572
9,1,0.05685984681658446,-0.9431401531834156,1.047912514586505e-136,1,9.944671470368479e-136,0.9970953771677025,1183.798440114748
10,1,0.03171806458749239,-0.9682819354125076,8.997845217932525e-152,1,8.538939404581224e-151,0.9957596293897816,3225.057725311374
11,1,0.368323410591148,-0.631676589408852,4.292748352869426e-50,1,4.0738106931662e-49,0.9999295014107673,507.0789215953909
12,1,0.02766878277544839,-0.9723312172245516,3.916223229222784e-166,1,3.716489008112823e-165,-nan,-nan
13,1,0.1396889752410327,-0.8603110247589673,6.62603042910389e-104,1,6.28809131038041e-103,0.996144328445362,2153.882298246082
14,1,0.03735120892075293,-0.9626487910792471,4.211771225370448e-157,1,3.996963540528728e-156,0.9959280577154991,2648.247816272462
15,1,0.2429872430409594,-0.7570127569590406,1.05124688454714e-85,1,9.976314583087932e-85,0.9959363134602629,2625.239247266864
16,1,0.05662726844214475,-0.9433727315578553,2.03171738907396e-144,1,1.928096255530255e-143,0.9970569983478801,1205.681709384942
17,1,0.1332855482946416,-0.8667144517053584,7.442336631949688e-106,1,7.062764471882702e-105,0.9964181020958729,1742.430890512269
18,1,0.3046484066328017,-0.6953515933671983,4.815587748719189e-68,1,4.56998436712442e-67,0.9958677195536959,2829.512444275296
19,1,0.05515211224208718,-0.9448478877579128,5.15527872740203e-137,1,4.892350512907283e-136,0.9970659907016813,1200.481857041858
20,1,0.07781381022690256,-0.9221861897730974,5.230575600019766e-123,1,4.963807113578289e-122,0.9999967503557333,500.3219234866893
21,1,0.05563825127402884,-0.9443617487259711,4.426229785937187e-146,1,4.200484340133444e-145,0.9970098354560063,1233.711031218443
22,1,0.5402959414148814,-0.4597040585851186,1.35773183292917e-23,1,1.28848513930284e-22,0.9970544882902086,1207.141233667467
23,1,0.6522387540535505,-0.3477612459464495,7.933851455517623e-16,0.9999999999999991,7.529211181427727e-15,0.9973168700040839,1071.59445260724
24,1,0.542274632789539,-0.457725367210461,3.859432406977413e-26,1,3.6625946169398e-25,0.9970132129196078,1231.66038967551
25,1,0.1504465615288147,-0.8495534384711854,2.116075708105947e-96,1,2.008152153030122e-95,0.9969834182774174,1249.989758750977
26,1,0.05583153365742741,-0.9441684663425726,1.737161199400513e-144,1,1.648562945727019e-143,0.9970025556060275,1238.154399365234
27,1,0.2498760449396511,-0.7501239550603489,3.330633337270921e-96,1,3.160765222895147e-95,0.9960858263809536,2268.401893740662
28,1,0.3318096063783749,-0.6681903936216251,6.067724133618308e-66,1,5.758259610581176e-65,0.9982504217050605,766.0812935490089
29,1,0.1383120614404565,-0.8616879385595435,8.27957306424924e-103,1,7.857300384599404e-102,0.9961636930557624,2118.484861200362
30,1,0.1321331286299345,-0.8678668713700655,8.570893641883778e-108,1,8.133763104226015e-107,0.9965320429131699,1614.173889187509
31,1,0.4749599185123642,-0.5250400814876358,7.24747969786198e-37,1,6.877845581588683e-36,0.9990531281160653,615.5719385132115
32,1,0.2793801617479936,-0.7206198382520064,5.629476719890744e-72,1,5.342363579987535e-71,0.9964337191345226,1723.656531188777
33,1,0.05377966937456754,-0.9462203306254324,3.689269297106606e-147,1,3.50111012272044e-146,0.9973310611732482,1065.128432778885
34,1,0.4620450377569618,-0.5379549622430382,6.571011568065726e-42,1,6.235878507299773e-41,1.000154324134829,485.1782381763679
35,1,0.5078643752097038,-0.4921356247902962,2.735796015240492e-33,1,2.596265642675841e-32,0.9977170760383107,915.0328945128447
36,1,1.044748479207482,0.04474847920748193,0.8411197393600981,0.06802214131037099,50.24042389679551,1.00631366669231,223.3772553892739
37,1,0.3441643446192119,-0.6558356553807881,1.367024752035459e-61,1,1.297304103312371e-60,0.9996462326291339,537.6824686984385
38,1,0.7949173361342898,-0.2050826638657102,0.0001103784450238108,0.9998124473193004,0.001047605149463851,0.9977224851747059,913.2306465015095
39,1,0.1578688974775495,-0.8421311025224505,6.306687857311453e-100,1,5.985035767215009e-99,0.9981356607464927,793.8701100218956
40,1,0.5361868242126189,-0.4638131757873811,7.314223910152287e-25,1,6.941185722539052e-24,0.9971483732524092,1154.858295200129
41,1,0.2668997141059652,-0.7331002858940348,2.41277811005128e-65,1,2.289722214532807e-64,0.9962869983503729,1917.834207178543
42,1,0.5319847669560179,-0.4680152330439821,4.098238521760082e-28,1,3.889221202992724e-27,0.9972537047997414,1101.357234484513
43,1,0.5149550204209091,-0.4850449795790909,2.221182472290499e-31,1,2.107898288759907e-30,0.9976419985868344,940.8060944935029
44,1,0.2125244216991828,-0.7874755783008172,1.594797496806145e-89,1,1.513460040484507e-88,0.9969091424392276,1298.158080179292
45,1,0.610151131161495,-0.389848868838505,4.471724017131169e-20,1,4.243658286118779e-19,0.9965451725414655,1600.600184029218
46,1,0.7136021537491738,-0.2863978462508262,2.706718931241179e-09,0.9999999949420575,2.568671547672056e-08,0.9974275923252587,1023.141024557452
47,1,0.7003458766195146,-0.2996541233804854,1.034914423051896e-12,0.9999999999979,9.82131980861853e-12,0.9973866191496444,1040.550109151844
48,1,0.5656313037408494,-0.4343686962591506,1.917950769243703e-23,1,1.820131931909916e-22,0.9966143646008204,1532.687376077209
49,1,0.5375122164747103,-0.4624877835252897,8.922042688093956e-26,1,8.467002936090356e-25,0.9971190775714647,1170.678234369293
50,1,0.2440462425351345,-0.7559537574648655,2.130605182262273e-77,1,2.02194059864086e-76,0.995980815815674,2507.799250948763
51,1,0.2479800349485037,-0.7520199650514963,2.362753124574383e-71,1,2.242248590642171e-70,0.9960370319242366,2373.682894723599
52,1,0.3091652377445092,-0.6908347622554908,4.064629135087555e-56,1,3.857325953711276e-55,0.9961872050598309,2077.042164329539
53,1,0.2365204550548826,-0.7634795449451174,2.108558496642168e-80,1,2.001018332473539e-79,0.9960001405078867,2460.016300218469
54,1,0.471941115787979,-0.528058884212021,3.644436650446249e-33,1,3.45856401930261e-32,0.9994674848281229,558.9854185806548
55,1,0.3782072056768334,-0.6217927943231667,2.068793358088593e-54,1,1.963281285402866e-53,1.000334671969689,468.9411817859605
56,1,0.9840744880932668,-0.01592551190673319,0.4299171539914051,0.4529567219175681,7.15669014604466,0.999830979272314,517.3169739615136
57,1,0.6774945645026476,-0.3225054354973524,5.715565140215012e-13,0.9999999999988691,5.424061340596697e-12,0.9975421947714271,977.4128728305673
58,1,0.4969095836119776,-0.5030904163880223,1.313177093936868e-30,1,1.246202769776859e-29,0.9979249283681081,850.5521803478182
59,1,0.4858875203268642,-0.5141124796731358,1.519824093798414e-30,1,1.442310411908727e-29,0.9984630462268514,719.4450282481426
60,1,1.002293538668346,0.002293538668345807,0.5663249433813604,0.3020306565815926,12.39272064307477,1.001961670346806,360.4198952414444
61,1,0.7485732003979101,-0.2514267996020899,5.798936536899049e-08,0.9999998917217034,5.503180969634067e-07,0.9981852663288961,781.6136171847464
62,1,0.5266283094315437,-0.4733716905684563,4.42487114816868e-34,1,4.199194995262859e-33,0.9973692734610983,1048.100569008372
63,1,0.6904999559526271,-0.3095000440473729,2.627259191311762e-12,0.9999999999947976,2.493264386243122e-11,0.9974746434163493,1003.85701325241
64,1,0.6177227142130041,-0.3822772857869959,1.467680981088026e-18,1,1.392826688971052e-17,0.9966401533839057,1508.83005596561
65,1,0.6060260637823431,-0.3939739362176569,2.019244776208389e-19,1,1.916259767693851e-18,0.9965831441182661,1562.601451283581
66,1,0.2759210726729676,-0.7240789273270325,7.446683583233308e-67,1,7.066889721062529e-66,0.9963882732986671,1779.453568100181
67,1,0.75834263480044,-0.24165736519956,1.058467455804994e-07,0.9999998017027567,1.004483874149136e-06,0.9984172790531235,728.995072010661
68,1,0.6885620244030209,-0.3114379755969791,2.751433634583233e-13,0.9999999999994433,2.611105716134752e-12,0.9974715653353062,1005.096241086517
69,1,0.73462384893202,-0.26537615106798,3.155685890467283e-09,0.999999993949805,2.994740410728848e-08,0.9977542422349608,902.791775375006
70,1,0.7004001026874968,-0.2995998973125032,2.881924256253216e-10,0.999999999454061,2.734941089093935e-09,0.9974410316226072,1017.557437796139
71,1,0.6092157089594654,-0.3907842910405346,2.019867607167964e-16,1,1.916850833187233e-15,0.99676175176541,1405.683166822802
72,1,0.6692895534697152,-0.3307104465302848,1.152142237982862e-13,0.9999999999997706,1.093380972589783e-12,0.9975330632685185,980.905520843475
73,1,0.5007220921722706,-0.4992779078277294,6.468371370101686e-34,1,6.138473138607453e-33,0.9977689850085529,898.0266882589698
74,1,0.7702718649819242,-0.2297281350180758,7.656913357703301e-07,0.9999985918470164,7.266402973865283e-06,0.9984437719685738,723.4360787876363
75,1,1.420385509137825,0.4203855091378248,0.9999999999910436,1.736825561867934e-13,1059576602675.882,0.9963018564423762,1896.197569534735
76,1,0.9714289207546549,-0.02857107924534508,0.3277643680348309,0.5621625892505705,4.62706524776869,0.9983310847878668,747.6907021340072
77,1,0.8830536500772308,-0.1169463499227692,0.007902161672941579,0.987034882227577,0.07558869038287991,0.9958639665130812,2841.61152161814
78,1,1.084706581217092,0.0847065812170924,0.965643601390742,0.00713415783805659,266.7317091207612,1.008186513476466,192.2160134770073
79,1,0.7459914805270295,-0.2540085194729705,1.700323929329464e-09,0.9999999966610528,1.613604443478832e-08,0.9981747036205468,784.1914700956519
80,1,0.7899922954270737,-0.2100077045729263,7.397440953094018e-06,0.9999866260194403,7.020210482614074e-05,0.9982487240307277,766.4781256462419
81,1,1.036206269256647,0.03620626925664694,0.7990718124987715,0.09604289228508034,37.74073536316668,1.005559164241426,239.051043324869
82,1,0.7771856745999841,-0.2228143254000159,1.679458929246678e-06,0.9999969272424115,1.593806268812119e-05,0.9984117699392105,730.1618493812505
83,1,0.9533234197311795,-0.04667658026882049,0.2195824232915869,0.6977087066229986,2.670151757280312,0.9968690600127562,1325.731575860353
84,1,0.9123546377617915,-0.08764536223820851,0.06079133923370374,0.9097073055897702,0.6142498171206413,0.9958381107404618,2927.866780127947
85,1,1.00841579913796,0.008415799137959867,0.607697738465421,0.2680980311828337,14.70050391017903,1.002672526696346,327.429447043492
86,1,0.7646276570449771,-0.2353723429550229,1.327717219338696e-06,0.9999976038074919,1.26000299632866e-05,0.9983215104534434,749.8270369631507
87,1,0.6726447246082243,-0.3273552753917757,2.740151328566541e-14,0.9999999999999446,2.600398827419409e-13,0.9975232953635387,984.6694264692101
88,1,0.8660171647685617,-0.1339828352314383,0.008115732354101679,0.9870915145172294,0.07764833144253624,0.9961110008030425,2217.660429120393
89,1,0.750340763811973,-0.249659236188027,8.669744452201754e-09,0.9999999832782963,8.227572421988179e-08,0.9983040371393767,753.7576784158358
90,1,0.7914954162873697,-0.2085045837126303,6.769320456731539e-06,0.9999877071236807,6.424116783367609e-05,0.9982604756167816,763.7396253016357
91,1,0.88971760428933,-0.11028239571067,0.01516831730935587,0.9758272056739896,0.1461641303865057,0.9958002986938772,3063.888462239003
92,1,0.7829136214289851,-0.2170863785710149,9.869526502901024e-06,0.99998246796999,9.366255862862006e-05,0.9981967545646128,778.8291514589436
93,1,0.9557905421689675,-0.04420945783103247,0.2145972683899861,0.6984443144036719,2.592968230061643,0.9968092295567835,1369.147400464709
94,1,1.02578844591426,0.02578844591426011,0.7346608757347031,0.1472072775667841,26.27550273748137,1.004560923790059,263.5848929954121
95,1,1.052304883690192,0.05230488369019182,0.8695602515655907,0.05238511392571728,63.26378045634748,1.006882223290298,212.8800255823764
96,1,1.115265911748915,0.115265911748915,0.9881337694022774,0.001999356859332721,790.2570361229441,1.00708112063824,209.4408387386272
97,1,0.883362170629821,-0.116637829370179,0.01207658862062969,0.9806922710079288,0.1160075911479812,0.99588437558191,2777.038432162828
98,1,0.8893108847088552,-0.1106891152911448,0.01088594307273898,0.9822780043953738,0.104444385361345,0.9957633093320575,3209.7791491269
99,1,1.067518514220539,0.06751851422053856,0.9300180766567971,0.01933444808615762,126.116215314286,1.007842589034962,197.2577659931776
100,1,0.7183930812611121,-0.2816069187388879,1.197941044939942e-11,0.9999999999757936,1.136843960456103e-10,0.997331257635788,1065.039466698689