dN,dS,dN/dS,dS=dN,LRT,p-value,Full Log(L)
0,1.678606499978273,0,0.5569880456328241,13.21333174243109,0.0002779648044411998,-43.07031857024327
0.2782788469058628,0.6296796288730425,0.4419371917810129,0.3859856850908628,0.6483385097932484,0.4207073327252422,-37.0998889146176
0.1390815106644211,0.6292517667759422,0.2210268099476689,0.289347475721541,1.641194654435616,0.2001616356409963,-28.05168056217685
0.1391291109614132,0,inf,0.0964304760067743,0.7330316745056429,0.3919022664536804,-13.29985438949387
0,1.117610346433539,0,0.3712042292144423,8.806820831141721,0.003001064944207377,-32.81836028974912
0.1154842739380846,1.742688468611948,0.06626788207881346,0.3852963393869164,6.629652928933154,0.01002948046490515,-33.2638022364731
0,0.9452131182879364,0,0.2893292715802868,7.097934278377252,0.007717284394000878,-26.01681867779153
0.1390815024350651,1.119414816321484,0.1242448290010148,0.4645981860705101,4.618451643122427,0.03162977755157681,-42.69071854801214
0,0.3145403513013553,0,0.0963909344348557,2.364842204907877,0.1240964608614945,-13.17654476764738
0,0.8364284838257086,0,0.2782093232200216,6.598451034665572,0.01020675245632274,-27.02577978605156
0.115482367685702,0,inf,0.09630583232755489,0.3631318117724973,0.5467720312660364,-14.1833252320748
0.5190632629635622,0.409060687330813,1.268915051090668,0.4925808870889458,0.04743717650826795,0.8275843426473928,-42.28782012222024
0.3839287600197954,0.9429996140661238,0.4071356491487111,0.503265928764975,0.8855286585706494,0.3466918823428036,-42.98184326386497
0,1.11536173563604,0,0.3709560710722305,8.796095674308937,0.003018758889636208,-31.26634228822175
0,0.5560098138526181,0,0.1853080286895463,4.392428842623431,0.03609885230560494,-18.40565463473329
0.3467119454268016,0.5841653678504337,0.5935167753997558,0.3859249066766387,0.1856889415492446,0.6665291602373646,-34.53767655587732
0.1390959740532439,1.396212727311259,0.09962376888019524,0.5569865551289257,6.400617296322778,0.01140806909518766,-44.98330199073492
0,0.5565291253232213,0,0.1853656311794885,4.394914899020094,0.03604625862640365,-19.96538627775166
0.2311153750723332,0,inf,0.1926763320837939,0.7274353184019802,0.3937157669125715,-21.51625082999549
0.5574096096092765,1.263864820876503,0.4410357819934471,0.7736493456922277,1.301511902345823,0.2539372419081454,-64.54981700931357
0.2309902524222617,1.168209723722004,0.197730123052143,0.3856571655973126,2.376884420469395,0.1231429221322251,-35.88136497149659
0.2664278048834913,0,inf,0.2167579404834723,0.8250815078314346,0.3636986291768775,-22.3601930137414
0.1390815540582221,0,inf,0.0963969198771914,0.7330440668670128,0.3918982640233786,-13.99426919619589
0.2310784004648637,0.9421719860473965,0.2452613789062915,0.3711487964094894,1.828194071811694,0.1763410017831702,-35.75935901140998
0.1390482630487952,1.119282971597294,0.1242297672503351,0.4643867141360574,4.617204277680969,0.03165278859485476,-41.8520692987874
0.4643373010501352,0.9371181335806231,0.4954949481939428,0.5582155289804808,0.5979060369168536,0.4393780850329136,-49.53648942917543
0.3469571085414915,2.339614322412322,0.1482967107945177,0.6758464678657516,5.909404089954677,0.01506026554964079,-54.15965815745203
0,1.890648412131743,0,0.4152385634409493,12.10763270909011,0.0005021584647636468,-28.51153311115456
0.1390959740110068,0.2778667256525071,0.5005852128727233,0.1853664185606061,0.2344311901570393,0.6282574569867854,-21.69525242473752
0.2558452485749932,0.57973313259337,0.4413155539868813,0.3143750911038168,0.3989387950645238,0.527637816755063,-29.90554941043593
0.2784613991357264,1.114600724284196,0.2498306281960801,0.5569850727274098,2.769839391899808,0.0960557988408598,-48.01101907298896
0.6504554784212553,1.227740323802735,0.5297989043860436,0.7896167102664829,0.7050016151606826,0.401108165345945,-60.20311724738676
0.3890887633433501,0.8211645793078258,0.473825555982115,0.4927380993263727,0.6224256700334223,0.4301473176398257,-44.04557388897891
0.5195366703384476,0.8163929961015599,0.6363806069127728,0.5911606713395378,0.2566007152295384,0.6124651864769682,-47.70601626610905
0,0.6291031162311457,0,0.1927854329206376,4.728544002368587,0.02966598824828626,-19.85830573326616
0.9225385514001696,1.447219319837383,0.6374559396455755,1.178764630817382,0.4947581272387538,0.4818124555142033,-73.94421740510518
0.1330965914879488,1.753222265498459,0.07591541249911522,0.4335433183004442,6.005983550583913,0.014257444216908,-31.67711918307907
0.5194152468306175,0.4077700839415695,1.273794393668776,0.4924589499635703,0.04901445268257021,0.8247871594089149,-40.93835735640099
0.6956805244194761,0.6321089045152083,1.100570676113199,0.6762242411073143,0.01329299523644067,0.9082111012769052,-55.61838237384465
0.2309445764093117,1.165156273420827,0.1982091000817191,0.3854679196297414,2.369997139720439,0.123687278171065,-32.78488757308144
0.139064150504897,1.966069618304499,0.07073205811746545,0.7439254507887725,10.22260059473291,0.001387301006702701,-59.74244884405361
0.1391037462424849,0.5577289876163927,0.2494110030697575,0.2784419609154539,1.38999077174747,0.2384066581275142,-28.77318071452166
4.481508907916068,1.137887996220128,3.938444664855315,3.329943440157694,9.161989580331863,0.002470937780869265,-196.858816514429
1.042583679019748,0.4065419507174672,2.564516840586294,0.8883611465598165,0.9971207173537664,0.3180082144740084,-69.19584397178849
0.2595524867263794,1.226015850287585,0.2117040221506896,0.4924230254292099,2.902516541696002,0.08844138040381821,-40.21055875789941
0.6982301648323529,0.5734470629431797,1.217601780448106,0.6771872431619501,0.03471206258886639,0.8522003054164865,-60.84609666253276
0.4178233162293055,0.8386617236879773,0.4982024389904742,0.5577344378014218,0.712537266908555,0.3986027854929536,-51.10876180552779
0.2312929294863789,2.366444194091501,0.09773859449712244,0.6505506331025155,8.750559754667975,0.00309507038764345,-50.74958781033416
0.1331516930263558,0,inf,0.1082634546084008,0.4137908358068536,0.5200516708530132,-13.82534025685559
0.2783274903488281,1.582535949312435,0.1758743556313859,0.676682274487965,4.933075784976381,0.02634738167599271,-54.8794013493499
0.231095014415024,2.329183328335999,0.09921718552747909,0.5784179146093829,7.447357155544964,0.0063529663296783,-44.23329599061789
1.376281658044229,0.5585682838341376,2.463945229036501,1.086540200418674,1.579503322632064,0.2088322504263848,-77.51645058731063
0.2557554579111938,0.471626463453253,0.5422839423355299,0.3017950898136161,0.2303605791801928,0.6312565933154507,-30.10885329496055
0,0.9407978767996417,0,0.2074112930813789,6.043576677097995,0.01395698012562085,-17.77418206033053
0.1331101955306937,1.419725505823465,0.09375769822032433,0.4155488913507496,5.085970259049688,0.02412017676183653,-33.08557219182963
0.1391132602470657,1.898986986475795,0.07325656322966008,0.6765183253666858,9.204849383887051,0.002413748551652994,-54.20478612806394
0,2.365629087367819,0,0.5191806974540287,15.13608894026659,0.0001000326478354241,-32.35203954606011
0.3996035327778251,0.8170882556553745,0.4890579812058478,0.5022497808481754,0.5737405979024146,0.4487763193862997,-42.78161388997475
0.3840997908320011,1.755900629844694,0.2187480226976022,0.6301653242327545,3.16481342228127,0.07524103270485227,-48.72024556661958
1.221134954068547,0.8376253176475899,1.457853443945577,1.085562010717892,0.325672890354042,0.5682182251113206,-75.72684273851991
0.4179271332180272,0.9457982845074677,0.4418776604523724,0.5797097730788423,0.9722241451276119,0.3241261093264769,-52.79781969999831
0.1391039274417805,1.119430985722845,0.1242630668758534,0.4646548884961866,4.617835068571509,0.03164114976157339,-42.1378203127948
0.5189452812517535,1.229522848144565,0.4220704658192225,0.6897120857202587,1.186819580153198,0.2759720246746771,-52.54435769921389
0.9311145431297514,4.095923600289098e-17,22732712667395252,0.6772682746682643,4.450955573590406,0.03488172305900561,-58.57415116737375
0.2665165518915511,2.928787422943707,0.09099894031355708,0.759741283216935,9.262114173822823,0.002339428078302452,-47.58994184204773
0.2310025110041285,1.163841121322629,0.1984828571288229,0.3854680261653407,2.366475295832402,0.1239666687969632,-33.47933197249822
0.7870848956158508,0,inf,0.7750469431055323,0.2462329569782611,0.6197401482345835,-63.93221531339126
1.278922319266562,0.5761476575624719,2.219782207702351,1.16107871614237,0.7247614050942275,0.394586509346766,-80.41582565752353
0.8109409653996817,0,inf,0.6764325904651802,2.536804845062591,0.1112196478124172,-53.88365524670727
0.7744195691384032,0,inf,0.7728904719005439,0.0315370753715456,0.8590474833601972,-61.36317786581673
0.9090739085099595,1.649731899544564,0.5510434203041866,1.086296127191168,0.8415728823871689,0.3589473128936124,-77.02023636532785
0.2311729263547121,0.4696162034630084,0.4922592633090898,0.2782650440491957,0.3046216846352223,0.5809994419670128,-28.24981180952371
0.6975858460256268,1.115583557165593,0.625310261651768,0.8369182635557433,0.4758884962092225,0.4902905850597605,-63.762983486012
1.043116283842711,0.5806356389228042,1.796507506459475,0.9662295035588695,0.3594979807127174,0.5487851764447033,-72.43088793323831
0.3839074450346543,0,inf,0.3145964678167948,1.194432121364748,0.2744373645547954,-30.36402510974435
0.5421252082284389,0,inf,0.4819845642866485,1.174261022411585,0.2785274418686792,-41.33781260084181
0.3857450506752272,0,inf,0.385620220613355,0.002589368067987152,0.959416493984576,-34.6033307135425
0.9106746655444053,1.644407708714171,0.5538010194907799,1.086909596641427,0.8280728511693667,0.3628303767907276,-81.98618014910305
0.5207539789467686,0.4030867632510525,1.291915355261691,0.4920386609970154,0.0550310462514858,0.8145293242239395,-44.07360869753554
0.6495660082502985,1.64394117293766,0.3951272824985269,0.888266657139142,1.783824611946855,0.1816803866526338,-63.80230987977769
1.232773545588904,0.3294423473895632,3.742000854951285,0.967357653998026,2.201932011205173,0.1378378836578082,-71.28581252947322
0.5187916853168828,1.233636128392577,0.4205386607741996,0.690111063775803,1.196378820159126,0.2740466385756281,-53.67468503148472
0.1155283908736855,2.342078676148734,0.0493272886390213,0.4823263196358902,9.753091342259467,0.00179021415093128,-37.744956657795
0.7698062569918914,1.402136285015388,0.5490238468391418,0.9059563596054087,0.6628427160856489,0.4155581479541918,-63.91206624017061
0.4636936972495938,0.9427492021598387,0.491852654117629,0.5582404522448089,0.6098068743785916,0.4348605346596118,-50.54385768641333
0.4842816231458882,1.724210996009392e-14,28087143874313.3,0.4826841750945681,0.03301938771818413,0.8558084527689478,-43.76106790088956
0.2782138912784915,2.82198139659613,0.0985881379707438,1.118504240035253,12.91374117043432,0.0003261786947010847,-79.81267316393819
0.8107841266655206,1.422061655531955,0.5701469577718331,0.9308385936407186,0.6073528239269308,0.4357862632375447,-74.06775981682723
0.5902417201341439,0.5596617512105799,1.05464009083597,0.5796950583270313,0.003790560865681414,0.9509072344327049,-49.51143253269073
0.482420286515137,0.8184676013067991,0.5894189162098596,0.57714652135254,0.3195469218742204,0.5718800556251515,-42.92913181268323
0.5781579172530952,1.725191506250496,0.3351268048552213,0.7701255668059015,1.963095146994377,0.1611826846204762,-59.54635388575257
1.292453293527325,1.154316545298223,1.119669729063282,1.269121041106831,0.02205354786093494,0.8819447375725301,-94.04475515466594
1.203877036586259,0.4069506543265911,2.958287506819214,1.007503066487382,1.3892377148116,0.2385338735783982,-74.72353633170421
1.196832303601262,0.7140299633611976,1.67616537822494,1.065783255649389,0.4833001745516299,0.4869312637406752,-85.15194270727932
0.8370089214983909,0.8379667534634812,0.9988569570795842,0.8373278451563434,2.60848810285097e-06,0.9987113520038069,-68.31899727644651
1.396299241855889,1.398606647932572,0.998350210847279,1.397067087684825,9.044462956353527e-06,0.9976004445018775,-98.39262739998171
0.9101310161621319,0.818287260868011,1.112239013957881,0.8880008781124313,0.01786464135463461,0.8936724845940093,-65.38345881865268
1.768515714359679,1.750803081507792,1.010116861821281,1.764975818231618,0.0002437798185042084,0.9875427755051371,-99.85655503308112
0.6488221922197448,1.231520348829257,0.5268465054893708,0.7886685401605443,0.7166735462251097,0.3972372187495046,-58.6494722981346
0.778808947289204,0.4089249025348664,1.904528050166375,0.689771173553031,0.41122256761399,0.5213496297602763,-53.58293376691502