dN,dS,dN/dS,dS=dN,LRT,p-value,Full Log(L)
0.03730137019082286,0.8284794027767136,0.04502389566452032,0.2300312464903523,127.1595500304879,0,-306.208237091134
0.1838281463058163,0.968716592899845,0.1897646304947955,0.2972085297697563,47.47449045377857,5.572431405198586e-12,-411.465858511699
0.008203561534437812,0.979890875048382,0.008371913386817446,0.1488812082573453,134.7937132323982,0,-149.2669120694189
0.03342245042375535,0.9211143905368455,0.03628479889916389,0.2543904404013388,147.9796778073999,0,-321.4104203881547
0.01662201651012802,1.076875697893733,0.01543540869446595,0.2720261159776184,194.6538059613782,0,-319.8842919016902
0.1395210162718411,0.7558053215024372,0.1845991451799948,0.2319986600929812,39.76138458333503,2.869630089108455e-10,-319.7195024338129
0.02915331808227796,1.071552176693491,0.02720662485352501,0.2725033238179652,174.4349461799311,0,-331.7681047873277
0.02470741349925134,0.9900872371548919,0.02495478435844745,0.1772025969177086,125.9369082753884,0,-186.6152730506529
0.03352747235589118,0.9130685257543191,0.03671955763472727,0.2591115751863523,149.2468348505867,0,-320.8675384699151
0.2393095923602911,1.094625807677345,0.2186222823195401,0.3841143808854449,50.52063449208492,1.179167874454379e-12,-498.4165384945809
0.02917339584432031,0.97416202214607,0.02994717016380046,0.257005491839072,159.4666920650808,0,-327.3513944946822
0.04631601336209465,1.020202296164368,0.04539885230235997,0.2814694193154187,149.3697203174381,0,-347.4673745643606
0.09583025079465608,1.044563571967177,0.09174190385960287,0.3167805179206584,118.5548698615705,0,-396.6155344474502
0.1967034051301919,0.9645784502673059,0.2039268087273576,0.3438963385833133,54.95939623026084,1.230127111284673e-13,-438.9587234333188
0.05843658458527906,0.8391950513477939,0.06963409101546375,0.2521734425893257,112.7654704072658,0,-334.0509529487584
0.1632049560648739,1.047806621830637,0.1557586606770401,0.3710719125513854,84.95794471535487,0,-462.3091175253231
0.04974997725946419,1.065724584222396,0.04668183318278631,0.1932682754785967,105.2663867698128,0,-219.9789541575276
0.06243430649118949,1.312437784020974,0.04757125042522529,0.2331586789761161,123.0512544786249,0,-245.5820806189893
0.07108917892900561,0.9053980203666221,0.07851704701123549,0.276026906826894,114.9780548943253,0,-371.5830219859624
0.2032509145188647,0.9895112396576088,0.2054053621353444,0.3097118904014466,44.36729351356064,2.721967096164235e-11,-421.3761225067059
0.08788948286028053,0.9372221648690087,0.0937765731058702,0.2096595022492058,71.2801980674642,0,-258.8961920839852
0.2002050553074316,1.015637250240055,0.1971225998850588,0.3418332691440208,56.79630829020948,4.829470157119431e-14,-452.2896400023247
0.1151691502829101,0.8904532614861411,0.1293376702227988,0.3101596167097682,88.89629875982632,0,-409.1104651752104
0.2388016340910581,0.992412211265422,0.2406274644550804,0.3715931734866753,45.01997411551315,1.950350991819505e-11,-477.0780643171219
0.2196105977099851,1.598114433010851,0.1374185685165475,0.4326093913347555,92.2848140402424,0,-452.5766732005101
0.1398759813555859,1.032647264969129,0.1354537857220466,0.3481831047785842,93.27737434203004,0,-446.0127695387503
0.3916568309566,0.8069833805968024,0.4853344447650845,0.4736193573934497,12.21171682996032,0.0004749031123916225,-553.0352141086512
0.3783877326504024,0.9309655946800368,0.4064465269314816,0.4753614866785154,18.33391295389538,1.853776743832025e-05,-545.0260455849544
0.1010783464664952,1.06977070185185,0.09448599245756253,0.2422699853879303,80.49750779020235,0,-292.2189736820941
0.1013935172287512,1.087252358584437,0.09325665419642029,0.2776372075764575,97.3427143863122,0,-318.8163561251912
0.07069241628990482,1.215031980712481,0.05818152724544057,0.2543135005780178,122.6588914304247,0,-264.9280090641424
0.4231874677278646,1.081047480333899,0.391460574513486,0.5366590391811811,20.72888988292789,5.291166339627118e-06,-573.0002260462867
0.2449564611352216,0.9728872334310812,0.2517829946964497,0.4105189464401964,50.61005516566684,1.126654325389609e-12,-520.3967309606545
0.1179174527878356,1.460609215905591,0.0807316916145334,0.2885437565408455,100.5624746343678,0,-315.5314170697974
0.3897636499692526,0.9883580345406785,0.3943547139275174,0.4907605385785818,18.58038526825771,1.628879635429126e-05,-554.8585753686416
0.2784680830226305,0.8396277625552966,0.3316565928872451,0.4201354980671047,32.75883114695876,1.043312292114962e-08,-538.3528250393216
0.3897220074134443,1.139631226392871,0.3419720330470247,0.5074074744845333,26.84634542019967,2.202905328152482e-07,-565.9547045325277
0.3930199072966979,1.07782820651724,0.364640584575768,0.5104648327595337,24.62856199887869,6.951376143593535e-07,-557.7912561066233
0.1528167369523174,1.193774558794426,0.1280113869294086,0.2982241674359708,71.02592898739488,0,-343.8323914538642
0.3799092627139001,0.9049907479564461,0.4197935322231425,0.4633907305341024,15.59743389981259,7.836086128509834e-05,-568.9234519022625
0.195251326413513,1.066645708222186,0.1830517152119281,0.3209169031200683,50.84959705025562,9.972023207183156e-13,-394.1178462356066
0.3568140205561788,0.8533138446657862,0.4181509801893941,0.4577634213302873,18.55159768079807,1.653665645640068e-05,-523.852139600274
0.1355283606743455,0.988282638404278,0.1371352236776872,0.26669320990814,63.13665616610956,1.887379141862766e-15,-321.3956569108482
0.2475203090682045,0.9900817683895632,0.249999865638182,0.3749482513363067,40.08715454374283,2.428808265619864e-10,-444.8785129028352
0.4271079556476972,0.8745637745800012,0.488366849922192,0.5071478927296976,11.86343296881932,0.0005724691915591773,-583.9451661341617
0.404384626180419,0.7831590832979042,0.5163505535523439,0.4914123750200776,11.40394577741495,0.0007328827787211889,-593.00230620819
0.4718460751393209,0.6559505022622687,0.7193318299353366,0.5065853755282099,2.261849844506969,0.1325955905029286,-554.4680794486517
0.2767869602090273,0.9942186400761099,0.2783964704059849,0.4015721565361585,33.76381096209093,6.222570569924812e-09,-453.8194802530673
0.2080635881910704,1.50768297922678,0.1380022133683412,0.3781617608224156,75.13465032103375,0,-394.811360184083
0.3799476627805173,1.312775365761049,0.2894232118381138,0.5486305793206476,42.30172469378795,7.822353875752697e-11,-584.8685422101855
0.3511549543621309,1.009670903439672,0.3477914963834672,0.4897785158414176,29.34049672091919,6.07135296482042e-08,-556.6379159108772
0.4327512309600681,0.8197612052665981,0.5278991347478211,0.4904107024804022,7.606550961774019,0.005815661843162623,-590.785467482267
0.4479091052935172,0.9305768361193359,0.4813241506863362,0.5389704494938643,13.28299800467835,0.0002678238715244641,-583.7429030738787
0.4839155631184512,0.9616746513352121,0.5032009135798383,0.5553339991242595,8.785803344349688,0.003035838424895632,-609.0072282855186
0.3100485540803281,0.9049375749684349,0.3426187205135591,0.4414032550111646,30.87807724311392,2.747580618578382e-08,-552.3371375312962
0.5514666498504424,1.007107888149573,0.5475745511870521,0.6522549366911539,10.93101121951463,0.0009456786523355243,-677.1642746720975
0.453507137228252,0.9966455323912538,0.4550335324738289,0.5509045111383467,14.80937265264174,0.0001189428813309634,-602.5080003680152
0.3188983192744977,0.9045974227349507,0.3525306520444684,0.4522261803147396,29.19828054664731,6.533716212508978e-08,-542.8668401808385
0.5253697351587976,0.6409598884497221,0.8196608627561699,0.5539381005894732,1.008278292587875,0.3153156604523559,-604.534120551741
0.4970865521001426,1.256427120986314,0.3956350064378762,0.6189403839142272,20.83125600983499,5.015769093952294e-06,-603.884799238513
0.3737619923197395,0.9845239584152076,0.3796372745680925,0.4759364699987271,18.81205363750155,1.442525831751862e-05,-536.7526331903446
0.6610491965356134,1.073676892624584,0.615687271540035,0.7395920155275463,6.417850856634914,0.0112978805694991,-700.8553595514571
0.4372931045963561,0.6859026883179976,0.6375439432504726,0.4782063211547752,3.874384860361033,0.04902827314692659,-575.0512429467905
0.5727907428362116,1.043711611839257,0.5488017344435059,0.6418149065268084,6.729946666815977,0.009480743455451024,-677.7930886112725
0.5388619730191015,0.9565041179104961,0.5633660774992346,0.6183908618671439,8.718580423605772,0.003149832065452829,-656.9457047714179
0.4009512658900342,1.06105655127131,0.3778792613924608,0.5091070040309374,23.30822533500418,1.380085471347492e-06,-591.3166500368773
0.522072308795472,1.036953556781764,0.5034673977258429,0.6247346505486715,12.30968807699355,0.0004506132706018073,-609.9260086504823
0.6513479374790037,0.881549266430393,0.7388673126760908,0.6969420566933849,2.287677516593931,0.13040492559976,-664.6655072366218
0.4858634908561626,1.021786059452658,0.4755041296183135,0.5743877791575296,12.20781452882011,0.0004758975106008423,-573.0491706028927
0.7183800854217336,0.8174876771118414,0.8787656444678752,0.7380836278747224,0.3717696140931821,0.542041253513407,-709.4982844940512
0.5280494367561126,1.022614049033965,0.5163721711577755,0.6223870393052076,11.43290502379136,0.0007215478397520902,-657.8909222014253
0.5721975959422786,1.019273042527422,0.5613781313429412,0.6653729998027239,8.894871461757702,0.002859727360877029,-679.4557399421751
0.5452944742843,0.9905181402005464,0.5505143743999442,0.615895772272512,7.3677823060425,0.006640277581446141,-642.1410097062791
0.4475955753243112,0.8131954484625084,0.550415740976626,0.5341212260064446,10.1919746440874,0.00141053186846396,-590.9577801408321
0.6006002972384299,1.224566277359154,0.490459608714408,0.6973857438312622,11.90831895155247,0.0005588380923814418,-672.7665968899997
0.5685046078958684,1.015965159085211,0.5595709683664331,0.6605221142449856,9.259699050866857,0.002342515118415656,-661.9020374543366
0.3451202573185512,1.198369700714937,0.2879914746781861,0.4913138879491028,37.58500069736374,8.751486202385195e-10,-522.5098278086434
0.534221471465514,1.199865585836855,0.4452344310658076,0.598154250832851,9.31536513975675,0.002272400888980619,-637.299089057485
0.5567555139453085,0.8236087731068817,0.675995123078973,0.6043797056413834,3.345706301057135,0.06738055560965073,-610.4773752677146
0.5894828276010327,1.496129124819121,0.3940053153315226,0.7241184544551628,20.84342983332317,4.983989736473404e-06,-650.3060731551253
0.6213342990036305,0.9234645023085242,0.6728296512214459,0.673897101753521,3.649645642211226,0.05608114218218285,-655.3624550398727
0.6081662647039222,0.7673740583148084,0.7925290907533226,0.6403221199339766,1.283009481584259,0.2573402222144002,-634.0678463778822
0.6094134685226616,1.103953143736929,0.5520283827081381,0.691325166797446,8.073914078155894,0.004490701061688918,-681.875819846906
0.6050424347139604,0.9125640416223093,0.6630136704031721,0.6626767878441621,4.458075886295319,0.03473660433505354,-671.4489310373873
0.5980312529333116,1.035433153372755,0.5775662590919771,0.6693755262665924,7.016737684177542,0.008075122444550553,-663.0776030316341
0.5107611778229332,0.8422528846043186,0.6064225925006874,0.5693802405342814,5.424602457392666,0.01985495522325231,-594.389449451272
0.6684544979318877,0.9130396652675916,0.7321198885001109,0.7141855419126619,2.341451611914408,0.125972117499093,-696.2662419018023
0.5687244523543189,0.7989881907215599,0.7118058301221053,0.6137002780564758,2.561859525165801,0.1094697542167161,-640.5388668466946
0.7518743678588863,1.11789409610349,0.6725810347148311,0.8179270038134357,3.966853694580095,0.04640440252554379,-750.3012325756376
0.7530632063970105,1.071698919752835,0.7026816884080549,0.8063388882440317,2.999719541205877,0.08327893182893042,-710.3477018605582
0.5444523308973356,0.825218373664882,0.6597675818575939,0.5878403820568298,2.84282158759288,0.09178291478060285,-625.7289719074245
0.6988400931075606,1.294727270891799,0.5397585335683895,0.7931717151030382,8.915407442053493,0.002827747167272521,-703.4073169470397
0.919046436378647,0.9112082861332442,1.00860193038703,0.9172881628811829,0.00187902948368901,0.9654243090948532,-770.2035467884917
0.6652511616035016,0.8737947933292052,0.761335689663312,0.6985561669467941,1.227523175381293,0.2678892628266323,-564.6562699704942
0.7546441442239002,0.8889749089486338,0.8488925127441416,0.7780591642620344,0.6283782382220124,0.4279508115003048,-721.5213351772456
0.844319862510811,1.405042792371596,0.6009211015457182,0.9431350250955837,6.92741844158877,0.00848841266894107,-776.7924839375144
0.7474805156565298,1.003821891973262,0.7446346026456654,0.8029718892123645,2.433424560813592,0.1187731701732668,-722.179275558944
0.8061965268209745,0.9042289631140601,0.8915844987363896,0.8258373023693661,0.3066940242197234,0.5797159852742608,-690.205028340906
0.6693506664721736,1.110605731295462,0.6026897283263721,0.7467443051846167,6.419520863509661,0.01128726103802113,-698.2605257456214
0.7641105414761976,1.050252601295585,0.7275492967440366,0.820836947539017,2.534631722332733,0.1113728692871773,-711.3576043692184