dN/dS,LRT,p-value,Log(L)
1,0,1,0
5.840566125974614e-16,3.449857638977328,0.03162860899711517,-9.938247574608983
2.804502661847769e-15,3.648258286196558,0.02806393922767569,-16.10673681843801
6.728744545674702e-16,3.772740788907374,0.02604710308305214,-8.964508531840989
1,0,1,0
1,0,1,0
1.028145822447522e-15,3.648258649976761,0.02806393309758259,-21.4866022231054
6.728744545674702e-16,3.773310507789734,0.02603823369415226,-9.370429849732362
0.549367129718728,0.4411641377064335,0.2532805551337589,-13.33770826172224
1,0,1,0
0.472482166932581,0.7309038850074359,0.1962951805286849,-19.41304470383144
5.840566125974614e-16,3.648258712802452,0.02806393203890134,-12.20187868570727
0.5487458224814179,0.4430096833359691,0.252836687581832,-13.49487188791123
9.682324783204268e-17,3.449638256677645,0.03163280740591717,-9.520231093128649
9.682324783204268e-17,3.449856607963184,0.03162862872666528,-9.935441783666851
1,0,1,0
9.682324783204268e-17,3.648258713697402,0.0280639320238204,-26.08656129621316
1,0,1,0
0.5684126649257336,0.3874781748120704,0.2668139837869775,-12.18086287740093
6.728744545674702e-16,3.648258712241855,0.02806393204834801,-17.81472236528281
0.4960207006792385,0.6273087603455672,0.2141721000397097,-15.58583311129432
1,0,1,0
9.682324783204268e-17,3.648258711748085,0.02806393205666857,-10.58439817617548
5.840566125974614e-16,3.450009553077447,0.0316257021029116,-10.21684920387909
1,0,1,0
1,0,1,0
1.072979102065593,0.009651340143122411,0.4608703702354108,-24.55147003580927
1.0728209499948,0.009607850664806961,0.4609583473038914,-23.15949218531019
0.5313039006156801,0.4976532463193095,0.2402665421340467,-13.18536706410808
6.728744545674702e-16,3.648258696979287,0.02806393230553883,-9.485952097743569
0.4362987817828159,0.9227738150208395,0.1683738557833926,-13.22911533819503
0.4709663857763907,0.7381925440733745,0.19512024329877,-11.53637543595284
0.5813261390316291,0.3541863686818374,0.2758764207381171,-12.15471901626174
1,0,1,0
0.5298453896673545,0.5023866240509278,0.2392266666312229,-16.48901444121934
1,0,1,0
1,0,1,0
1,0,1,0
1.369556106233088,0.1775165402208678,0.3367581154687065,-15.95810199691735
2.287852447174094e-16,3.448896701738654,0.03164700324452335,-14.51175219038231
9.682324783204268e-17,3.449247786127032,0.03164028147028136,-14.87810881419038
1,0,1,0
1,0,1,0
1,0,1,0
0.4967956455305572,0.6245731265350791,0.2146764713849589,-11.98599552265299
0.5487025974521464,0.4431483536732941,0.252803390232301,-17.84735146667074
0.5516114478776216,0.4345429466797057,0.2548840858129074,-25.31032867532605
1,0,1,0
1.222192961184825,0.1125432677923115,0.3686335169690788,-21.290098893698
9.682324783204268e-17,4.241553446578433,0.0197230292079163,-14.72535201366384
2.912678068724885,4.093829461152168,0.02152001130994374,-41.03092177815238
9.682324783204268e-17,3.524618030998656,0.0302318778910714,-9.241987345537829
1,0,1,0
0.5299765640383342,0.5017106583392419,0.2393747183306047,-17.25112216526438
1,0,1,0
2.287852447174094e-16,4.242607203229174,0.01971079220891181,-9.450191404043547
3.17603086687411e-16,4.24194355885675,0.01971849800773662,-9.042545091556969
0.891108445064127,0.02753467996905101,0.4341037484202023,-19.52135325954046
1,0,1,0
1,0,1,0
1,0,1,0
0.5487520996197194,0.4429984948641739,0.252839374471655,-13.33598158249896
1,0,1,0
0.9917405647885277,0.0001379249067881005,0.4953148723066096,-17.90598462314901
9.682324783204268e-17,3.449488855526262,0.03163566689689473,-15.90924102483343
0.9468291881587542,0.006053837714738108,0.4689910230263135,-24.30082077156834
1,0,1,0
0.8082444473237689,0.09702270576850935,0.3777160938848622,-18.71468125670535
0.4719866707558054,0.7333584285628341,0.1958983762357518,-11.53439932474621
0.8386332591177936,0.06545365498813283,0.3990375330044723,-20.70751285305682
6.728744545674702e-16,3.523948695467357,0.0302440874544937,-8.834273808128998
0.9440121956026012,0.006739226648001306,0.467286462104927,-22.09003546064512
9.682324783204268e-17,4.59135559311197,0.01606679500171293,-10.31372448063054
2.731941657024047e-16,4.591357205049697,0.01606677989195687,-10.31493036007616
1.097666217972289,0.01677393538541594,0.448475383530836,-24.69228495429188
0.9521822342591219,0.004861190259262571,0.4722073713523624,-18.32464672339173
1.061254772606701,0.006895733202831877,0.4669096477352612,-28.31725578597803
0.9555902777058323,0.004170690874659044,0.474253851733453,-30.69840423375899
6.728744545674702e-16,3.773289716309524,0.02603855731992205,-9.339277908552237
0.5692751597390928,0.3852133910133766,0.2674131197937756,-12.3828053190911
0.5103832184414239,0.5713140106726726,0.224868617788348,-17.35108773460625
1.00642690740475,8.125716106377467e-05,0.496403873116262,-30.13917977179958
0.5135316822418607,0.5603852738752444,0.2270525257839633,-13.71935666207522
1.062838937481698,0.007246723136212552,0.4660799394799616,-17.21520675002308
1,0,1,0
2.900847798735073,4.075518460522119,0.02175445594597841,-45.71812511306224
1.498527126426862,0.4287802786782322,0.2562940273084519,-23.65644817516919
1,0,1,0
1.106083496435966,0.01958683126593996,0.4443485781363683,-20.83110831639015
5.840566125974614e-16,3.072436841019439,0.03981501236475488,-10.1386067457472
1.082609489498042,0.01233526630288395,0.4557827012055248,-21.71692266604646
1.063859752387396,0.007474954322589156,0.4655512433471697,-18.47568398945907
2.168949946960268,1.872050699221333,0.08562019757794953,-30.73760961119939
0.8960120060504098,0.02492968679987939,0.4372711966638092,-19.0354283018218
0.9925219134188442,0.0001129968659654423,0.495759324062333,-18.25785252604924
1,0,1,0
0.7570102812002434,0.08495751299038901,0.3853441373465768,-12.12319267067011
2.622201411766507,2.744137366454297,0.04880587124311014,-32.86606481773539
6.728744545674702e-16,2.384608055183978,0.06126781098246553,-10.46507036450974
0.9483364746775301,0.005705322148955361,0.4698950892718429,-17.8567838860636