dN/dS,LRT,p-value,Log(L)
0.01945571506723334,92.38751790925971,0,-246.180189185885
5.114956077737342e-17,114.9380316291271,0,-72.4310300888522
3.17603086687411e-16,114.9339075615428,0,-95.90576807330748
0.03885055102945095,85.45563975881959,0,-125.9049854536181
5.840566125974614e-16,102.2877754375982,0,-150.6426624955738
0.01945289300719478,92.40202181765594,0,-121.6225402521202
0.01945674840991081,92.38199291554781,0,-197.7088860451368
9.555848176237971e-17,114.9376241404901,0,-76.7909216385971
0.03888308226234068,85.37344983666628,0,-203.0674384953074
2.731941657024047e-16,102.2877285745742,0,-150.7757479834325
3.17603086687411e-16,102.2877341732754,0,-173.4748575817282
0.1356520014591722,60.82554666626868,3.108624468950438e-15,-273.7737846725768
0.05825850617030775,79.44123557411973,0,-194.5543996882763
0.01732120446994929,104.7778719399856,0,-134.5753715041881
0.09738560522440221,68.94318435476691,5.551115123125783e-17,-189.0805900478674
0.03465394621739276,97.42820482982694,0,-134.5122273098441
0.2639367942521594,49.16084245340915,1.179056852151916e-12,-251.35623967234
0.1557255452392971,56.59819047268712,2.675637489346627e-14,-216.8012576507632
0.07792551538808529,73.77532087540351,0,-216.8185483131856
0.05201540769401816,91.07113388032928,0,-150.9348575249642
0.09742783386606063,68.90020179234205,5.551115123125783e-17,-221.305210832822
0.07774698802208181,73.99158060500105,0,-195.8933877458043
0.4570265051634386,22.48385583751769,1.059585932272622e-06,-258.9145833240849
0.09534964573444885,70.91722731475357,0,-200.4378148060141
0.03465956075995811,97.40021630834025,0,-142.5255703098436
0.1943314205037864,59.82080652130128,5.218048215738236e-15,-213.9690580581381
0.5704968663278615,13.28672244294603,0.0001336461744955719,-376.6349728663155
1.382689388961332,7.020779065539955,0.004028458404645552,-575.1357432000907
0.1872801265463932,58.21207654152482,1.176836406102666e-14,-187.5194563698524
0.05842337357326984,79.16686573864524,0,-175.9126197061047
0.08643839923713445,80.71473395534156,0,-128.8306604630798
0.06942559689472733,85.36425574118778,0,-199.8972390651671
0.1557083191758202,56.60630974426334,2.664535259100376e-14,-226.1633779629424
0.2197813916423917,56.65881595291427,2.592370762499741e-14,-236.6319758710844
0.3109452489123505,43.67568106890417,1.937788818295871e-11,-250.5167714110203
0.1390165893167134,67.09042404375577,1.110223024625157e-16,-134.6649427800668
0.2737792333137529,37.70705060243426,4.110344842267466e-10,-260.1926397746951
0.1215273349058461,71.22896100708306,0,-202.5234904716531
0.1364347353947994,60.31662806853507,4.052314039881821e-15,-215.9928043989327
0.0974922517906044,68.84107012740202,5.551115123125783e-17,-225.0164760466651
0.2122085765909091,47.21765412340289,3.176292562301342e-12,-223.9542465818261
0.1566764594535875,63.10424598475265,9.992007221626409e-16,-183.4092702362303
0.6361664881157267,10.1979059786006,0.0007030010960448752,-380.8857604799838
0.4773009741773071,22.55916514760474,1.018850324219223e-06,-336.0011459994056
1.079495224979195,0.3153442460707083,0.2872095545272111,-478.6972231443376
0.2537961747648454,40.48444782178319,9.909362219673312e-11,-355.575649263793
0.3376928169555652,48.66449360751471,1.518563053082289e-12,-228.097813946593
0.7692838108861425,3.952193732676164,0.02340515331031745,-464.9345657791744
0.8121784243002639,1.744032941012279,0.09331431838863369,-342.9344454467779
0.5289478516373025,13.5887984733954,0.0001137696117034515,-352.9887402295142
0.7347404789726605,4.068062521189745,0.02185068629778092,-398.5469252987186
0.253455555193455,40.8450126060502,8.239664506248801e-11,-259.2651979270304
0.4228588146282914,27.99588546903544,6.078683584265221e-08,-295.4179429190156
0.7020322745857801,5.87656633975439,0.007671858035355361,-386.7395811533553
0.2141232175489699,46.49286111021286,4.597655589577698e-12,-277.2303417697197
0.9184921779241689,0.347017357210234,0.2779032036875161,-418.1833056373596
1.034666968402202,0.05145670315391726,0.4102738072760423,-549.6321235125047
0.156460891307551,63.23907961851501,8.881784197001252e-16,-191.1221899438819
0.5935708418286159,12.61081933438629,0.0001917601787815304,-330.0980638532003
0.4874279734553781,16.50137221126693,2.430743875486696e-05,-295.9973454186036
0.7999034727284947,2.929806484747019,0.04347895762420811,-460.3345002753429
0.5406513115775073,15.34201975563565,4.48495045722308e-05,-325.6370728172511
0.5069142824668863,18.64691911139482,7.86506275152199e-06,-321.4867597517145
0.5255173869040759,18.00921889013205,1.099188847369925e-05,-317.3965129783681
0.4073318392579443,23.19246240730456,7.328535051032148e-07,-382.1024634620061
0.5551005040530977,14.34163513914393,7.622777367655154e-05,-304.5815393544573
0.8201228398507142,2.5008136723917,0.05689374764874844,-468.5881700494668
0.3654079618412161,33.369761916073,3.809978166291472e-09,-274.9516364004928
0.6747344383769266,7.213049744085652,0.00361877058061727,-378.4692486335014
0.4530299756475246,30.7785804487072,1.446063202514836e-08,-265.7966853380644
0.6652632240391381,10.02112561548256,0.0007737743129582197,-412.6647299725039
0.1737008910862318,59.7300184195314,5.440092820663267e-15,-177.4357282583379
0.4300866357200987,27.68708550067265,7.130580803593745e-08,-296.3438382540036
1.183854095679468,1.618624609037852,0.101641836481718,-522.8887182146239
0.366637926693435,30.17594160081887,1.972869267952149e-08,-257.4874068341115
0.809744118141865,1.956846798321408,0.08092547480424717,-370.5959029753901
0.6655901683831044,8.123091799494773,0.002185248011912388,-362.625875330365
1.422095541432031,9.196676990235574,0.001212274321825635,-571.3036846044487
0.686298886609654,6.709098499027732,0.004796110275282872,-377.1012365339743
0.9841259211990756,0.01785292520889925,0.4468535747855611,-477.1938691357027
0.5819270725363026,13.33238692799102,0.0001304306279193979,-385.6119168022224
0.5499559948258858,15.2883140438322,4.614283162596156e-05,-338.1308832786029
0.7932484920695215,3.621695036649498,0.02851536981210362,-433.1392764713165
0.4548655299061768,30.25651370666378,1.892589596153016e-08,-263.2220653952069
0.9347742733235234,0.3134670508874251,0.2877802081956407,-505.6074066485453
0.7870169223452469,3.267236621531765,0.03533829126277066,-433.4938259301838
1.046248903226706,0.08781969334472706,0.3834837405286423,-505.2867569109166
1.93246447247276,29.86597303561553,2.314834823824441e-08,-691.8973635517477
0.6965255744916884,4.560504532917946,0.01635871691096608,-231.0073247947362
1.209135770600499,2.042053040620317,0.07650151131240684,-507.3256212540475
0.7277828128231596,5.804296351934568,0.007993531942703691,-457.04118194964
0.8936217220846149,0.7020433163185089,0.2010489805128265,-429.2295466354175
0.6769330082634549,7.07054614453898,0.003918068294388566,-364.066772619268
0.4776321412053487,23.24811229243062,7.119507029473837e-07,-326.3807332566366
0.9107668224762135,0.4640271595267222,0.2478739323024471,-414.3846231700488
0.7000222607500296,4.425615507804991,0.01770167101655012,-234.2762212536104
0.7767523825034373,2.897006184565271,0.0443721173660232,-434.5771737413384
0.8319312237269275,2.034334193459017,0.0768907557377268,-436.9903787926645
0.3668429160958037,30.13724387697539,2.012630578862584e-08,-254.3808454057387
1.171963532299561,1.417633262446088,0.1168966748129092,-507.6311679317065