dN/dS,LRT,p-value,Log(L)
1,0,1,0
9.682324783204268e-17,2.865242563375944,0.04525603184617427,-10.37846949188317
9.682324783204268e-17,3.118354403237284,0.03870746354158688,-9.397368529705176
1,0,1,0
5.840566125974614e-16,2.865242563374601,0.04525603184621207,-14.68974060387199
9.682324783204268e-17,2.865242558075067,0.04525603199527084,-11.4365765697522
1,0,1,0
9.682324783204268e-17,3.118354403237284,0.03870746354158688,-9.397368529705176
1,0,1,0
1.028145822447522e-15,2.865242548275393,0.04525603227090402,-15.4514009913563
1.028145822447522e-15,2.865242109537455,0.04525604461118693,-10.64710201547841
1,0,1,0
1,0,1,0
1,0,1,0
6.728744545674702e-16,3.118599796902767,0.03870163441561886,-10.05873267141797
5.840566125974614e-16,3.583133559358444,0.02918447530610357,-14.73822707066469
2.804502661847769e-15,2.86524256337594,0.04525603184617438,-10.37939221273667
9.682324783204268e-17,3.583527176798146,0.02917756176298847,-15.46896895036293
5.840566125974614e-16,3.118612286411892,0.03870133776279677,-10.08665455365339
1,0,1,0
0.7823557255534458,0.06521013268833542,0.399221470275735,-18.45830843924696
9.682324783204268e-17,2.865242121536401,0.04525604427369528,-11.12427318005906
0.6025271577396276,0.3051921768696602,0.2903227767071486,-12.18430637599769
1,0,1,0
5.840566125974614e-16,3.548527626737204,0.02979915622844154,-9.117000126014855
1,0,1,0
0.6943112067272363,0.1503065687532228,0.3491212811345428,-26.05132045862368
1,0,1,0
0.621436301183957,0.2659365951172816,0.3030353281395147,-16.05056143128727
0.6041705232769095,0.3014831571831849,0.2914770525366597,-18.60188659186415
0.7006963516554908,0.1423873925250376,0.3529595311799418,-12.5953888104651
1,0,1,0
1,0,1,0
0.4421996437371241,0.8882245544104279,0.1729794453704446,-13.13633311456789
0.7857443257606248,0.06283500958427624,0.4010349671764681,-23.54770414412494
1.901246845194797,1.005682067500281,0.1579697544941388,-25.13066664940902
1,0,1,0
0.4744232436352019,0.7221548213486386,0.1977189985553658,-18.43895324058853
1.406142128434885,0.2070260861113198,0.3245541901060102,-23.25815063308785
5.840566125974614e-16,3.634335877719991,0.0282995907920961,-10.67680615401125
3.115896881642696,3.63177779002902,0.02834311703557574,-34.10074930440362
1,0,1,0
0.5512385539220057,0.4357591730978427,0.254588228184677,-13.93708367324673
1,0,1,0
1.206136652441165,0.0658188106091373,0.3987624055378026,-16.95461501397315
9.682324783204268e-17,2.865242388560024,0.04525603676318168,-10.39767342562118
1,0,1,0
1.55869604586433,0.3397848381400763,0.2799767218913904,-35.23316995605325
1.187958297026753,0.05582690859382211,0.4066087944060969,-22.25110335749521
1,0,1,0
1,0,1,0
0.7015556784523519,0.1413504649998316,0.3534710706866975,-20.30704253669656
5.840566125974614e-16,3.118599844806837,0.03870163327778897,-10.05891772006888
1,0,1,0
1,0,1,0
0.5591787527770153,0.4129180062688178,0.260246072039928,-11.07834292619515
0.6946301385646794,0.1499180601798358,0.3493068376218037,-12.03988237340663
1,0,1,0
2.473502284565551,3.086133714375194,0.03948110967784935,-34.87567720601042
1.136470110765309,0.03121969537856728,0.4298755709833204,-33.53881297797403
1,0,1,0
0.6434381933177092,0.2255878854748374,0.3174074104765625,-18.5797033707167
0.878442737742375,0.03496900196376629,0.4258303144202535,-16.67647456472563
1.293671772172862,0.1212094778257864,0.3638631987875727,-28.4557308345966
3.599696516612892,4.432527845133549,0.0176301245332191,-29.0139702399711
1.028145822447522e-15,3.54851555239712,0.02979937308276026,-9.106783403599875
1.201357399018751,0.06310050238946019,0.4008304636999088,-23.82667724843268
1,0,1,0
1.966139986058384,1.471916376763389,0.1125217879703821,-30.53827580364474
0.6426916678939347,0.2269250746980411,0.3169066362049104,-11.63179780394552
1,0,1,0
1.028145822447522e-15,2.865242561612511,0.04525603189577393,-18.31748797536531
0.6980138613405313,0.1456794034088489,0.3513494747627479,-23.15144025017409
0.570634623468478,0.3814866406177941,0.2684043417391486,-23.80421603323906
1,0,1,0
0.5657864000482735,0.394531231632417,0.264963579347169,-11.89325487664168
0.5712901891137302,0.3798781740556407,0.2688342213871604,-11.80493318046533
1,0,1,0
2.16117947000814,1.391537554578179,0.1190728075477347,-35.37887183886932
2.80581279157089,3.084448297804379,0.03952203356315265,-30.05669248238446
2.340922187676966,1.655934486218989,0.09907656831038508,-28.04661830086511
0.9792933624913017,0.0008792460246240807,0.4881722636749046,-16.47048455534838
1.123302580903072,0.02592743506395578,0.4360388307604365,-20.63887263762323
0.7085332285592739,0.1332783325555269,0.3575284384228692,-19.04456475081081
1,0,1,0
1,0,1,0
2.50375871777507,1.261993756941198,0.1306370184077735,-15.66657210296175
1,0,1,0
0.5583489642445311,0.4151818376099641,0.2596755288480631,-18.73968523144486
0.7766368638476427,0.06943466955224764,0.3960808426790829,-10.65752431130195
0.5648358538970299,0.3972513921508813,0.2642560886158353,-13.46677662027835
0.9608003228112451,0.001614264932769061,0.4839756419529318,-17.28944120088035
1.789366909047975,0.8404327779383536,0.1796365127538434,-23.14507799632177
1.441189555873203,0.2361801108863588,0.3134893781162231,-18.11894055226854
1.3990251760797,0.2012405041277177,0.3268607023010857,-22.93974903606273
3.621793372457442,6.715831625371663,0.004778035919515422,-36.58161201565885
0.7848112868241782,0.06348596491702807,0.4005343625002046,-25.90577027468787
1.279574922476367,0.1115746671069715,0.3691792362928394,-21.84744370346893
1.198040808189343,0.06127967397459599,0.4022423386477317,-21.27471193961976
1.032959580332669,0.002073767033863305,0.4818389913431256,-18.9194091090353