ObservedSChanges	ObservedNSChanges	E[SSites]	E[NSSites]	ObservedS.Prop.	P{S}	dS	dN	dN-dS	P{Sleq.observed}	P{Sgeq.observed}	ScaleddN-dS
6	0	1	2.000000000000001	1	0.3333333333333333	5.999999999999997	0	-5.999999999999997	1	0.001371742112482699	-3.504031589961731
2	0	0.6174045852231242	2.219589048776704	1	0.2176263555278607	3.23936693679918	0	-3.23936693679918	1	0.04736123062033881	-1.891807346336983
0	2	0.6196857637884734	2.377228443748931	0	0.2067746091062365	0	0.8413158631258697	0.8413158631258697	0.6292065207585638	0.3707934792414362	0.4913328935881615
5	0	1	2.000000000000001	1	0.3333333333333333	4.999999999999998	0	-4.999999999999998	1	0.004115226337448097	-2.920026324968109
1	0	1.000000000000001	2.000000000000001	1	0.3333333333333334	0.9999999999999993	0	-0.9999999999999993	1	0.3333333333333334	-0.5840052649936217
7	0	1	2.000000000000001	1	0.3333333333333333	6.999999999999997	0	-6.999999999999997	1	0.0004572473708274183	-4.088036854955353
3	0	1	2.000000000000001	1	0.3333333333333333	2.999999999999999	0	-2.999999999999999	1	0.03703703703703698	-1.752015794980865
1	0	1	2.000000000000001	1	0.3333333333333333	0.9999999999999996	0	-0.9999999999999996	1	0.3333333333333333	-0.5840052649936218
2	0	1	2.000000000000001	1	0.3333333333333333	1.999999999999999	0	-1.999999999999999	1	0.1111111111111109	-1.168010529987244
2	0	0.617404585223124	2.219589048776704	1	0.2176263555278607	3.239366936799181	0	-3.239366936799181	1	0.04736123062033881	-1.891807346336984
0	0	1.000000000000001	2.000000000000001	0	0.3333333333333334	0	0	0	0	0	0
0	0	1.000000000000001	2.000000000000001	0	0.3333333333333334	0	0	0	0	0	0
1	0	0.6174045852231242	2.219589048776704	1	0.2176263555278607	1.61968346839959	0	-1.61968346839959	1	0.2176263555278608	-0.9459036731684913
2	1	0.617404585223124	2.364659776937337	0.6666666666666666	0.2070393225100694	3.239366936799181	0.4228938174332974	-2.816473119365884	0.9911252012490099	0.1108462456943056	-1.644835130422686
2	0	0.6174045852231242	2.382595414776878	1	0.205801528407708	3.23936693679918	0	-3.23936693679918	1	0.04235426909494855	-1.891807346336983
3	1	0.9766109302577713	2.00962116370588	0.75	0.3270378522258487	3.071847659137059	0.4976062245263835	-2.574241434610675	0.9885608939088271	0.105594389356864	-1.503370551177369
0	0	0.6174045852231244	2.219589048776704	0	0.2176263555278607	0	0	0	0	0	0
3	2	0.9977413985528759	2.002258601447126	0.6	0.3325804661842918	3.006791142826387	0.9988719731579661	-2.007919169668421	0.9551032478371412	0.2087624454668183	-1.17263536676798
4	0	1	2.000000000000001	1	0.3333333333333333	3.999999999999998	0	-3.999999999999998	1	0.01234567901234551	-2.336021059974487
6	4	0.7362911234835368	2.118310439569504	0.6	0.257931310979898	8.148950610205418	1.888297354949025	-6.260653255256393	0.9957514862137623	0.02299932740352628	-3.656254463369193
3	0	0.6174045852231241	2.382595414776877	1	0.205801528407708	4.85905040519877	0	-4.85905040519877	0.9999999999999999	0.008716573314331844	-2.837711019505475
0	1	0.9894790891033648	2.00432780812521	0	0.3305086543889469	0	0.4989203841538131	0.4989203841538131	0.6694913456110531	0.3305086543889469	0.2913721311584673
4	1	0.9682427692187919	2.031757230781209	0.8	0.3227475897395972	4.13119532328377	0.4921847870650869	-3.639010536218684	0.996498008897628	0.04024482033163546	-2.125201312518975
1	1	0.6174045852231244	2.382595414776877	0.5	0.205801528407708	1.61968346839959	0.419710368700448	-1.199973099699142	0.9576457309050512	0.3692487877204674	-0.7007906080750153
3	1	0.6242314549040344	2.215670795286322	0.75	0.2198073736031557	4.80590969332233	0.4513305867132549	-4.354579106609075	0.9976656335745113	0.03547712124066948	-2.543097125090923
2	0	1	2.000000000000001	1	0.3333333333333333	1.999999999999999	0	-1.999999999999999	1	0.1111111111111109	-1.168010529987244
0	0	1.000000000000001	2.000000000000001	0	0.3333333333333334	0	0	0	0	0	0
2	0	0.6174045852231242	2.219589048776704	1	0.2176263555278607	3.23936693679918	0	-3.23936693679918	1	0.04736123062033881	-1.891807346336983
2	0	1.000000000000001	2.000000000000001	1	0.3333333333333334	1.999999999999999	0	-1.999999999999999	1	0.111111111111111	-1.168010529987243
5	4	0.6249142571544075	2.375085742845593	0.5555555555555556	0.2083047523848025	8.001097659009835	1.684149724720083	-6.316947934289751	0.996184774326593	0.02322849092417689	-3.6891308523158
2	2	0.6312979347263051	2.368702065273696	0.5	0.2104326449087683	3.168076260010396	0.8443442631814931	-2.323731996828903	0.9686092317756234	0.1970271923280945	-1.357071720582222
1	0	1	2.000000000000001	1	0.3333333333333333	0.9999999999999996	0	-0.9999999999999996	1	0.3333333333333333	-0.5840052649936218
1	2	0.6219679461489698	2.216969926732297	0.3333333333333333	0.2190847330934115	1.607799897392922	0.9021322192439029	-0.7056676781490191	0.8770369499148634	0.5237754938257491	-0.412113639374852
3	3	0.6317505869127005	2.357403749875894	0.5	0.2113475972576991	4.74870947830961	1.272586420615448	-3.476123057694162	0.979300990784606	0.113313476404403	-2.030074167459119
0	1	0.6174045852231244	2.380672004721569	0	0.2059335599676971	0	0.4200494641919203	0.4200494641919203	0.794066440032303	0.205933559967697	0.2453110986458314
2	0	1	2.000000000000001	1	0.3333333333333333	1.999999999999999	0	-1.999999999999999	1	0.1111111111111109	-1.168010529987244
5	4	0.6635412581677167	2.318523103992744	0.5555555555555556	0.222510709891919	7.535326460040862	1.725236204509489	-5.810090255531373	0.9945774637472212	0.03053577948410735	-3.393123299318461
2	0	1	2.000000000000001	1	0.3333333333333333	1.999999999999999	0	-1.999999999999999	1	0.1111111111111109	-1.168010529987244
1	0	0.617404585223124	2.219589048776704	1	0.2176263555278607	1.61968346839959	0	-1.61968346839959	1	0.2176263555278607	-0.9459036731684918
4	4	0.9435667774649654	2.056433222535036	0.5	0.3145222591549883	4.239233613911888	1.945115433930338	-2.29411817998155	0.9299810522136118	0.2212625501008169	-1.339777095626811
4	5	0.9856198350389123	1.846521215936743	0.4444444444444444	0.348012269621731	4.058359884612184	2.707794503982177	-1.350565380630007	0.8316175657484471	0.3861262769489366	-0.7887372930060391
2	0	0.6652812597202391	1.717314155056638	1	0.27922544280668	3.006247313866966	0	-3.006247313866966	0.9999999999999999	0.07796684791058661	-1.755664259171242
5	11	1.011716506890362	1.959602603646508	0.3125	0.3404940597940559	4.942095899342521	5.613383029564643	0.6712871302221215	0.522396728152194	0.6828310558932783	0.3920352183721782
1	0	0.6174045852231242	2.382595414776878	1	0.205801528407708	1.61968346839959	0	-1.61968346839959	1	0.2058015284077079	-0.9459036731684913
5	5	0.6106493992852735	2.204252206461017	0.5	0.2169345450791972	8.188004452067231	2.268342971527576	-5.919661480539656	0.9903236000716521	0.04532434048102496	-3.457113471615099
2	3	0.7171935867399847	2.282806413260016	0.4	0.2390645289133282	2.788647356832948	1.314171881844233	-1.474475474988715	0.9076800217273451	0.3441304421552773	-0.8611014404973812
2	2	0.6354309718832211	2.209242879045736	0.5	0.2233756856434402	3.147470124209744	0.9052875168093258	-2.242182607400418	0.9628862055372794	0.2176835515990482	-1.309446447798972
4	4	1.018097620376427	1.93257393199875	0.5	0.3450392909901807	3.928896325797381	2.069778513395879	-1.859117812401503	0.8995367173388126	0.2830348908021536	-1.085734590685903
1	2	0.6173729752796701	2.380808128307068	0.3333333333333333	0.2059158382864544	1.619766397366195	0.8400508954168218	-0.7797155019493731	0.8902582144631399	0.4992746234051131	-0.4553579583355787
3	1	0.6181541764885847	2.219158823984152	0.75	0.2178660501628095	4.853158183030411	0.4506211944779403	-4.402536988552471	0.9977470153154411	0.03460563088969182	-2.571104780643809
4	2	0.6622719628664073	2.143309707096476	0.6666666666666666	0.2360551360727877	6.039814795552314	0.9331362580862772	-5.106678537466038	0.9964674406335227	0.03071378945207159	-2.982327152510096
1	1	0.6174045852231244	2.224568075548972	0.5	0.2172450825249636	1.61968346839959	0.4495254656359407	-1.170158002763649	0.9528045741187217	0.3872947391686491	-0.6833784344883924
0	3	0.6196764789238581	2.217537059999737	0	0.2184102361075564	0	1.352852249513411	1.352852249513411	0.4774595550715836	0.5225404449284164	0.7900728364742974
0	11	0.0675609899693986	1.810355668983953	0	0.03597656458676575	0	6.076154088645828	6.076154088645828	0.668287763317278	0.331712236682722	3.548505978681687
5	1	1	2	0.8333333333333334	0.3333333333333333	4.999999999999999	0.4999999999999999	-4.499999999999999	0.9986282578875173	0.01783264746227697	-2.628023692471299
1	2	1.000000000000001	1.998873149719564	0.3333333333333333	0.333458585967037	0.9999999999999993	1.000563742767065	0.0005637427670659445	0.7405737215448438	0.703870675840829	0.0003292287440685847
1	1	0.6219190584056987	2.216997985649438	0.5	0.2190691199336151	1.607926283146104	0.4510604008090988	-1.156865882337005	0.9520087206915114	0.3901469605587415	-0.6756157661763033
2	3	0.6189132092345723	2.38108679076543	0.4	0.2063044030781906	3.231470859175	1.259928874342129	-1.971541984832871	0.9371236653301438	0.2756799035909557	-1.151390899298373
4	3	0.6106816593781245	2.203648840995823	0.5714285714285714	0.2169900298834772	6.550057527637756	1.36137843026038	-5.188679097377376	0.993211469992031	0.04403876688782127	-3.030215911230743
10	5	1.53343163705003	1.442010389955959	0.6666666666666666	0.5153626328902234	6.521321041241658	3.467381396712895	-3.053939644528763	0.9253404391267296	0.1807726792135815	-1.783516831377548
0	4	0.6666907264402738	2.191301472789783	0	0.2332724094278075	0	1.825399220358088	1.825399220358088	0.3455925456080141	0.654407454391986	1.066042755404376
0	0	1.000000000000001	2.000000000000001	0	0.3333333333333334	0	0	0	0	0	0
2	5	0.6272269482547748	2.370307669847063	0.2857142857142857	0.2092476078397923	3.188638507265819	2.109430798206298	-1.079207709059521	0.8356985635103643	0.4485791870321021	-0.6302629841124652
1	0	0.6174045852231242	2.219589048776704	1	0.2176263555278607	1.61968346839959	0	-1.61968346839959	1	0.2176263555278607	-0.9459036731684913
0	8	0.6831625515118565	2.122947344016974	0	0.2434553802045981	0	3.768345937804868	3.768345937804868	0.1073189406016064	0.8926810593983936	2.200733867995372
1	8	0.6261388970355777	2.371472110423985	0.1111111111111111	0.208879302710535	1.597089726791369	3.373432040307535	1.776342313516166	0.4098467147023058	0.8786094944771887	1.037393263524392
2	5	0.994275444760797	1.812473913629029	0.2857142857142857	0.3542444720932233	2.01151502889741	2.758660393621192	0.747145364723782	0.522547697888698	0.7733667169847517	0.4363368267142688
2	3	0.9992300939315264	1.998459809580254	0.4	0.3333333753971459	2.001540998561091	1.501156033070339	-0.5003849654907517	0.7901233944733601	0.5390947332947712	-0.2922274543702509
2	3	0.6194405543575175	2.37686715563265	0.4	0.2067346261841546	3.22871982780397	1.262165616993218	-1.966554210810752	0.9367770803944465	0.2765676593183634	-1.148478013008856
2	1	0.6174045852231242	2.381091545294155	0.6666666666666666	0.2059047463625087	3.23936693679918	0.4199754528448684	-2.819391483954311	0.991270304943674	0.1097309036111755	-1.646539470707499
5	3	0.621169562588225	2.378830437411775	0.625	0.2070565208627416	8.049331939521503	1.261123934190144	-6.788208005331358	0.9985058003658546	0.01211994207495126	-3.964349214985367
2	2	1.001699604310612	1.995858759814486	0.5	0.334171843423966	1.996606558885921	1.002074916456463	-0.9945316424294588	0.8881421403892431	0.4088980896562366	-0.5808117153815583
1	6	0.652577449378822	2.196131205052625	0.1428571428571428	0.2290783398869777	1.532385161258459	2.732077202944814	1.199692041686355	0.4984575537423171	0.838165267001369	0.7006264687157792
0	2	0.9951160824300731	2.004883917569928	0	0.3317053608100242	0	0.9975639898514184	0.9975639898514184	0.44661772477006	0.55338227522994	0.5825826222412726
0	0	0.6659075325437308	2.173851561183672	0	0.2344943745455802	0	0	0	0	0	0
3	0	1.000000000000001	2.000000000000001	1	0.3333333333333334	2.999999999999998	0	-2.999999999999998	0.9999999999999999	0.0370370370370372	-1.752015794980865
2	4	0.6296883299024683	2.350964187327441	0.3333333333333333	0.2112585503551664	3.176174473981085	1.701429575814666	-1.474744898166419	0.8868035576200383	0.3722911291243726	-0.8612587850516715
0	5	0.03560427165817516	1.802018795760222	0	0.01937517671031098	0	2.774665842422935	2.774665842422935	0.906806059136228	0.09319394086377197	1.620419460572958
2	1	1.000000000000001	2.000000000000001	0.6666666666666666	0.3333333333333334	1.999999999999999	0.4999999999999997	-1.499999999999999	0.9629629629629628	0.2592592592592594	-0.8760078974904326
2	3	1.136882648238888	1.572374349762875	0.4	0.419628942207183	1.759196521380762	1.907942596782007	0.1487460754012448	0.6481200673424437	0.696109450584498	0.08686849118146529
6	11	0.9962909117667831	1.749251827163839	0.3529411764705883	0.3628757613712597	6.022337380715274	6.288402749782987	0.2660653690677135	0.5749954227379381	0.6234282412188177	0.1553835763680159
1	5	0.6116874043844562	1.778456173278971	0.1666666666666667	0.2559207781912556	1.634821957804255	2.811427166507799	1.176605208703543	0.5199424489521864	0.830287018575239	0.6871436367017889
8	2	0.6174045852231242	2.382221560056136	0.8	0.2058271782284539	12.95746774719672	0.8395524721692432	-12.11791527502747	0.9999945980345348	9.682682802369946e-05	-7.076926321362682
4	12	0.6397782129045886	2.026023654128582	0.25	0.2399946600744982	6.252166640436267	5.922931835246193	-0.3292348051900733	0.6659474656190646	0.5582741240871621	-0.1922748596501523
0	11	0.6329064121184389	2.082716531500076	0	0.2330612258250784	0	5.281563685518574	5.281563685518574	0.05399675296357199	0.946003247036428	3.084460999741966
0	3	0.02489516814252464	1.787734673247674	0	0.01373428130446713	0	1.67810136755365	1.67810136755365	0.9593604568313338	0.04063954316866625	0.980020033844329
3	5	0.9168494492842731	2.083150550715727	0.375	0.3056164830947577	3.272074823562267	2.400210584051213	-0.8718642395110545	0.7955794181975582	0.4624774152396222	-0.5091733062341162
2	0	0.6174045852231244	2.219589048776704	1	0.2176263555278607	3.239366936799179	0	-3.239366936799179	0.9999999999999998	0.04736123062033903	-1.891807346336982
2	0	0.6174045852231242	2.219589048776704	1	0.2176263555278607	3.23936693679918	0	-3.23936693679918	0.9999999999999998	0.04736123062033903	-1.891807346336983
0	6	0.6189041725198288	2.041739521902375	0	0.2326144510883981	0	2.938670646101588	2.938670646101588	0.2042122069859912	0.7957877930140088	1.716199129405537
3	7	0.6100768664940582	1.95169263819807	0.3	0.2381466659575124	4.91741314047878	3.586630324364422	-1.330782816114358	0.8028805954251366	0.4385622666582976	-0.7771841711738241
1	6	0.6181967359069828	2.362747662260799	0.1428571428571428	0.2073828469551305	1.617608023330724	2.539416331178967	0.9218083078482435	0.5564948438881847	0.8034630252664059	0.5383409050982358
2	2	0.7692162597997204	2.23078374020028	0.5	0.2564054199332401	2.600049042802003	0.8965458927992901	-1.703503150002713	0.9455385133937458	0.2725727452148372	-0.9948548085348043
3	7	0.6851572687165183	2.154744255559176	0.3	0.2412609250214283	4.378556773716781	3.248645393503293	-1.129911380213488	0.7959215694545523	0.4480219960512523	-0.6598741950208872
2	7	0.6707000524689309	2.161182711620719	0.2222222222222222	0.23683891896017	2.981958913880727	3.238967238799789	0.2570083249190613	0.6375239097598806	0.6669304115466659	0.1500942148999234
1	10	0.9405606600524068	2.059439339947593	0.09090909090909091	0.3135202200174689	1.063195647523979	4.855690481397948	3.792494833873969	0.09611125494185019	0.9840446899685972	2.21483695044351
5	9	0.9073116685948981	2.076417344822553	0.3571428571428572	0.3040864852387172	5.510785514026526	4.334388759774652	-1.176396754251874	0.7700922625788154	0.4291801153832339	-0.6870218982045025
3	2	0.9864397943938786	2.013560205606122	0.6	0.3288132647979595	3.041239837493945	0.9932655574100204	-2.047974280083924	0.9569270135862276	0.2032258533789674	-1.196027762140535
2	8	0.6176427299192282	2.193458467528076	0.2	0.2197155799585213	3.238117933099526	3.647208332608924	0.4090903995093984	0.6177507822170505	0.6807584068342424	0.2389109471718329
1	5	0.08877541571331046	2.911224584286691	0.1666666666666667	0.02959180523777014	11.26437980565903	1.717490305278217	-9.546889500380816	0.9878674229637341	0.1649225967887913	-5.575433732534727