ObservedSChanges	ObservedNSChanges	E[SSites]	E[NSSites]	ObservedS.Prop.	P{S}	dS	dN	dN-dS	P{Sleq.observed}	P{Sgeq.observed}	ScaleddN-dS	pvalue
427	56	0.6336402439458958	2.226063674603579	0.8840579710144928	0.2215754714450637	673.8839650413049	25.1565131037739	-648.727451937531	0.9999999999999601	3.985700658404312e-14	-1.48174249457173	0.9999999999999601
548	125	0.9430531259239235	2.05128607912429	0.8142644873699851	0.3149453222714422	581.091335085832	60.9373803449997	-520.1539547408323	0.9999999999999657	3.430589146091734e-14	-1.188070916618539	0.9999999999999657
541.25	307.75	0.8519209262996829	2.112156977716508	0.6375147232037691	0.2874151604265761	635.3289176155332	145.7041324327675	-489.6247851827658	1.00000000000008	-7.993605777301127e-14	-1.118339987669768	1.00000000000008
539.5	244.5	0.87854354943204	2.094146708810561	0.6881377551020408	0.2955382071832195	614.0845269978653	116.7539976885725	-497.3305293092927	0.9999999999999581	4.18554080283684e-14	-1.135940489221645	0.9999999999999581
401	7	0.6334707532157277	2.218545459478384	0.9828431372549019	0.2221133072091935	633.020542723367	3.155220448647382	-629.8653222747197	1.00000000000003	-2.97539770599542e-14	-1.438659965882624	1.00000000000003
405	72	0.6341660280161919	2.230303744618961	0.8490566037735849	0.2213903718148837	638.6340202847625	32.28259835626153	-606.3514219285009	0.9999999999999799	2.009503674571533e-14	-1.38495244163333	0.9999999999999799
390	58	0.6335724728209777	2.232216165397167	0.8705357142857143	0.2210813680993979	615.5570463210424	25.98314665895288	-589.5738996620895	0.9999999999999818	1.820765760385257e-14	-1.346631313675022	0.9999999999999818
591.5	94.5	0.9771212374263391	2.019118966029557	0.8622448979591837	0.3261157888140332	605.3496509378557	46.80259142225136	-558.5470595156044	0.9999999999999867	1.332267629550188e-14	-1.275763667516342	0.9999999999999867
624.5	26.5	0.9928378536124153	2.005449317108754	0.9592933947772657	0.3311350104511874	629.0050260752777	13.21399637174821	-615.7910297035295	0.9999999999999483	5.173639294753229e-14	-1.406513218706313	0.9999999999999483
630.5	51.5	0.9790901894142047	2.018839741111638	0.9244868035190615	0.3265887502722488	643.9651901498796	25.50970191008943	-618.4554882397902	0.9999999999999508	4.918287999089443e-14	-1.412599043233101	0.9999999999999508
593.5	113.5	0.9720924402213784	2.023873980891596	0.8394625176803394	0.3244670679120145	610.5386436961077	56.08056680979654	-554.4580768863111	1.000000000000012	-1.199040866595169e-14	-1.266424122375631	1.000000000000012
409.5	114.5	0.6349802119260417	2.240174071481189	0.7814885496183206	0.2208508307156136	644.9019864066187	51.11209948265017	-593.7898869239685	0.9999999999999981	1.887379141862766e-15	-1.356260946988429	0.9999999999999981
420.3333333333334	114.6666666666667	0.6454276414607764	2.217398030310676	0.7856697819314642	0.2254512553191547	651.2478027467278	51.71226144302152	-599.5355413037063	0.9999999999999782	2.176037128265307e-14	-1.369384455525261	0.9999999999999782
573	225	0.9210992695721993	2.067826000106887	0.7180451127819549	0.3081707257508969	622.082786219261	108.8099288762061	-513.272857343055	0.9999999999999492	5.084821452783217e-14	-1.172353970475561	0.9999999999999492
468.1666666666667	369.8333333333333	0.7928951000872375	2.157900928666682	0.5586714399363564	0.2687054924708117	590.4522131807311	171.3856870907623	-419.0665260899688	1.000000000000036	-3.641531520770513e-14	-0.9571795950757042	1.000000000000036
436.1666666666666	457.8333333333334	0.6636845314546695	2.282273560695011	0.4878821774794929	0.2252864808984351	657.1897430103919	200.6040560685071	-456.5856869418848	0.9999999999999553	4.474198789239381e-14	-1.04287619205016	0.9999999999999553
593	203	0.9385172593335213	2.046946760126461	0.7449748743718593	0.314362274412298	631.8477301324358	99.17209570582997	-532.6756344266058	1.000000000000033	-3.33066907387547e-14	-1.21667137870537	1.000000000000033
465	426	0.7857337270254755	2.149104872592495	0.5218855218855218	0.2677263843837119	591.803538535038	198.2220623259349	-393.5814762091031	1.000000000000007	-7.327471962526033e-15	-0.8989698164206223	1.000000000000007
600	115	0.9680953387963683	2.029409358603024	0.8391608391608392	0.3229670797968321	619.7736689301481	56.66673385164741	-563.1069350785007	1.000000000000077	-7.682743330406083e-14	-1.286178767681015	1.000000000000077
569.5	200.5	0.9260156458877615	2.05324605692654	0.7396103896103896	0.3108205113411215	615.0004079618183	97.65025449513058	-517.3501534666877	0.9999999999999635	3.652633751016765e-14	-1.181666822754735	0.9999999999999635
483	458	0.7782755655574332	2.162736939554614	0.5132837407013815	0.2646284448653789	620.6028062233399	211.7687045629871	-408.8341016603528	1.000000000000054	-5.373479439185758e-14	-0.9338079648871364	1.000000000000054
615	226	0.9577251337821796	2.026025556003256	0.7312722948870393	0.3209802806450463	642.1466643266278	111.5484448507306	-530.5982194758973	0.9999999999999437	5.628830734849544e-14	-1.211926406063732	0.9999999999999437
579.6666666666667	355.3333333333334	0.8747462804990569	2.083708914096785	0.6199643493761141	0.2956767038746913	662.6683411971269	170.529257195868	-492.1390840012589	1.000000000000015	-1.509903313490213e-14	-1.124082836060546	1.000000000000015
402.4999999999999	677.5	0.5996530971921955	2.3611085925998	0.3726851851851851	0.2025333883708565	671.2214143221447	286.9414825406271	-384.2799317815176	1.000000000000058	-5.81756864903582e-14	-0.8777243864602645	1.000000000000058
406.3333333333333	412.6666666666666	0.6497797467930722	2.279351373693017	0.4961334961334961	0.2218336155211929	625.3401023019783	181.0456568607331	-444.2944454412452	1.000000000000027	-2.664535259100376e-14	-1.014802068181736	1.000000000000027
404	141	0.6388118402868107	2.231506950290678	0.7412844036697248	0.2225578017270639	632.4240950490429	63.18600082407685	-569.2380942249661	0.9999999999999968	3.219646771412954e-15	-1.300182798219829	0.9999999999999968
551.5	239.5	0.9187895899457394	2.066108327667174	0.6972187104930467	0.3078127344068488	600.2462435741895	115.9184137602395	-484.32782981395	0.9999999999999922	7.771561172376096e-15	-1.106241341561325	0.9999999999999922
446.8333333333333	614.1666666666666	0.7393183951446192	2.158532735117065	0.4211435752434809	0.2551264236537426	604.3855208633454	284.5296977316205	-319.8558231317249	1.000000000000045	-4.485301019485632e-14	-0.7305748567522226	1.000000000000045
407.25	168.75	0.6451387537611737	2.221672119515184	0.70703125	0.2250370820673886	631.2595509504323	75.95630269547821	-555.303248254954	0.9999999999999715	2.853273173286652e-14	-1.268354557612144	0.9999999999999715
415.75	175.25	0.6418556384961428	2.229640390493354	0.7034686971235194	0.2235265631629716	647.7313200427676	78.60011899103708	-569.1312010517305	1.000000000000002	-1.554312234475219e-15	-1.299938646139183	1.000000000000002
422.5	164.5	0.6404559815512832	2.223301609699433	0.7197614991482112	0.2236418276141769	659.6862425683648	73.98906171000284	-585.697180858362	0.9999999999999838	1.620925615952729e-14	-1.337776595142868	0.9999999999999838
465.5	582.5	0.7221258468854043	2.214200060466209	0.4441793893129771	0.2459283709200787	644.6244820175662	263.0746924816505	-381.5497895359156	1.000000000000016	-1.598721155460225e-14	-0.8714885353806596	1.000000000000016
573.5	243.5	0.955818643942802	2.031487508223221	0.7019583843329253	0.3199600560691649	600.0092210320175	119.8629078516805	-480.146313180337	1.000000000000026	-2.642330798607873e-14	-1.09669044176623	1.000000000000026
402.6666666666667	371.3333333333334	0.6566547125703889	2.268755187093969	0.5202411714039621	0.2244658817370273	613.2091325294549	163.6727203735769	-449.536412155878	1.000000000000032	-3.175237850427948e-14	-1.026775116051074	1.000000000000032
553.6666666666667	482.3333333333334	0.8970982534044333	2.050767150567367	0.5344272844272845	0.3043213072739785	617.1750581004204	235.1965376468462	-381.9785204535742	0.9999999999999797	2.031708135064036e-14	-0.8724677891759693	0.9999999999999797
445.8333333333334	578.1666666666666	0.7127083885172441	2.236523175848973	0.4353841145833334	0.2416590128521846	625.5480369199364	258.5113684087792	-367.0366685111572	0.9999999999999928	7.216449660063518e-15	-0.8383394708744181	0.9999999999999928
404.0833333333334	564.9166666666667	0.6660405334144351	2.273946399001134	0.4170106639146887	0.226545406059747	606.694807689576	248.4300715772434	-358.2647361123326	0.9999999999999869	1.310063169057685e-14	-0.8183037147860498	0.9999999999999869
416	619	0.6898209089470621	2.263844758032757	0.4019323671497584	0.2335473905049035	603.0550750266175	273.4286429330519	-329.6264320935655	1.000000000000036	-3.597122599785507e-14	-0.7528916655343438	1.000000000000036
420.4166666666667	622.5833333333334	0.7515530758999086	2.181884512463176	0.4030840524129115	0.2562021700687656	559.3971738632836	285.3420196060175	-274.0551542572661	1.000000000000017	-1.731947918415244e-14	-0.6259626700035271	1.000000000000017
441.1666666666667	455.8333333333333	0.6934584762095249	2.220855676190931	0.4918246005202527	0.2379491159655312	636.1832493246076	205.2512183570385	-430.9320309675691	1.00000000000003	-2.997602166487923e-14	-0.9842813043438692	1.00000000000003
457.8333333333333	692.1666666666667	0.6886460893625088	2.292685265848375	0.3981159420289855	0.2309860955773557	664.8310945280431	301.902174265747	-362.9289202622961	1.000000000000072	-7.172040739078511e-14	-0.8289570636413628	1.000000000000072
440.0000000000001	535	0.6881575469725589	2.258038945845491	0.4512820512820513	0.2335748985684024	639.3884684338797	236.9312544340004	-402.4572139998793	1.000000000000031	-3.130828929442941e-14	-0.9192426718639831	1.000000000000031
450.5	703.5	0.70909540783271	2.221406932691048	0.3903812824956672	0.2419705993839868	635.3164821316713	316.6911877544961	-318.6252943771752	0.9999999999999993	6.661338147750939e-16	-0.7277642361426537	0.9999999999999993
456.5	564.5	0.7031207205439046	2.254542126151508	0.4471106758080313	0.2377284893474249	649.2483959893414	250.383434158136	-398.8649618312054	1.000000000000011	-1.06581410364015e-14	-0.9110376966102858	1.000000000000011
440.8333333333333	452.1666666666667	0.681865806491688	2.212342528406121	0.4936543486375513	0.2355966563532697	646.5103971139035	204.383661598925	-442.1267355149786	1.000000000000076	-7.571721027943568e-14	-1.009850854996505	1.000000000000076
432	646	0.7335861933823037	2.17570056091857	0.4007421150278293	0.2521532785648662	588.8878551655974	296.9158585532846	-291.9719966123129	1.000000000000027	-2.686739719592879e-14	-0.6668860910900327	1.000000000000027
494.5	582.5	0.8208202760482275	2.126394654858025	0.4591457753017641	0.2785070974772206	602.4461315462747	273.9378594040401	-328.5082721422346	0.9999999999999872	1.27675647831893e-14	-0.7503377037578429	0.9999999999999872
428.1666666666667	817.8333333333334	0.7285861222887398	2.183557919850591	0.3436329588014982	0.2501889026593282	587.6678865658982	374.5416258018442	-213.126260764054	0.9999999999999076	1.364464097264317e-13	-0.48679647568496	0.9999999999999076
444.5	740.5	0.7342264818931583	2.188727611720345	0.3751054852320675	0.2511932991001821	605.3990300838561	338.3244201035894	-267.0746099802667	0.9999999999999593	4.074518500374325e-14	-0.6100185796778019	0.9999999999999593
463.25	718.75	0.748624152459177	2.163263375919714	0.3919204737732657	0.2570923997452442	618.8018359790514	332.2526549474923	-286.549181031559	1.000000000000049	-4.862776847858186e-14	-0.6544999707520848	1.000000000000049
407.9999999999999	367	0.6536889319680734	2.222075648253797	0.5264516129032257	0.2273096123597295	624.1500812498489	165.1608937294302	-458.9891875204187	0.9999999999999941	5.88418203051333e-15	-1.048365968892969	0.9999999999999941
458.8333333333333	683.1666666666667	0.7939225732048133	2.148877687952658	0.401780502043199	0.2697847297636657	577.932091641089	317.917892906019	-260.01419873507	0.9999999999999782	2.176037128265307e-14	-0.5938920671648591	0.9999999999999782
425.6666666666666	666.3333333333333	0.6764678002156044	2.208970729725042	0.3898046398046398	0.2344419377492402	629.2489702111435	301.6487834658968	-327.6001867452467	0.9999999999999557	4.429789868254375e-14	-0.7482635681290849	0.9999999999999557
410	802	0.699276326705618	2.21297198251821	0.3382838283828383	0.2401156262983595	586.3204349152837	362.4085647425952	-223.9118701726886	0.9999999999999769	2.653433028854124e-14	-0.5114316221442244	0.9999999999999769
401.1666666666667	788.8333333333334	0.697613578271823	2.221492487846894	0.3371148459383754	0.2389819220236075	575.0557029874113	355.0916051478001	-219.9640978396113	0.9999999999999499	5.573319583618286e-14	-0.5024146119848046	0.9999999999999499
554.8333333333334	638.1666666666666	0.8780003559926793	2.090778066328637	0.465074043028779	0.2957446569239621	631.9283694435763	305.2292717931913	-326.699097650385	0.9999999999999722	2.775557561562891e-14	-0.7462054125827704	0.9999999999999722
429.8333333333333	808.1666666666666	0.6946776544116344	2.230016656826483	0.3471997845988152	0.2375214571117195	618.7522091773425	362.4038700306219	-256.3483391467206	0.9999999999999993	6.661338147750939e-16	-0.5855189670055129	0.9999999999999993
514	662	0.8306325285395165	2.123776633865133	0.4370748299319728	0.2811501328622502	618.8055275222068	311.708863090373	-307.0966644318339	1.000000000000095	-9.459100169806334e-14	-0.7014319746618348	1.000000000000095
527.4166666666667	743.5833333333334	0.8636159390380701	2.092803024544995	0.4149619722003672	0.2921155457585757	610.7074254026905	355.3049783531342	-255.4024470495563	0.9999999999999786	2.142730437526552e-14	-0.5833584780182473	0.9999999999999786
434.6666666666666	714.3333333333333	0.6851089264255086	2.203359848440396	0.378299970989266	0.2371875827036816	634.4489903736901	324.2018473918183	-310.2471429818718	1.000000000000058	-5.795364188543317e-14	-0.7086279056061561	1.000000000000058
398.5000000000001	880.5000000000001	0.708886963538397	2.197361868978755	0.3115715402658327	0.2439181929664357	562.1488622260653	400.7077816496475	-161.4410805764178	0.9999999823862749	2.497322593164597e-08	-0.3687436206764563	0.9999999823862749
413.6666666666667	910.3333333333334	0.6872087690030487	2.184117119543692	0.3124370594159114	0.2393349956353664	601.9519617987172	416.7969405979113	-185.1550212008059	0.9999999993957016	8.811188445534412e-10	-0.4229080520288855	0.9999999993957016
419.3333333333334	551.6666666666666	0.6652672519700474	2.216021081222287	0.4318571918983866	0.2308922867268067	630.3231251674675	248.9446834875708	-381.3784416798967	0.999999999999966	3.397282455352979e-14	-0.8710971639366754	0.999999999999966
435.25	868.75	0.7176335025435119	2.223899429575491	0.3337806748466258	0.2439658229583538	606.5073585017161	390.6426650623457	-215.8646934393704	0.9999999999998377	2.315925229368077e-13	-0.4930512627321571	0.9999999999998377
402.9999999999999	553	0.6604434107506847	2.215919352557509	0.4215481171548117	0.2296106107252926	610.1961098255716	249.5578186822339	-360.6382911433378	0.999999999999983	1.69864122767649e-14	-0.8237250937367029	0.999999999999983
407.1666666666666	450.8333333333334	0.6652650418256902	2.221573320582787	0.4745532245532245	0.2304476241166002	612.0367689083392	202.9342579677118	-409.1025109406274	1.000000000000024	-2.442490654175344e-14	-0.9344210319545658	1.000000000000024
425.0000000000001	992	0.6720193595939402	2.303533987362098	0.2999294283697954	0.2258468530841194	632.4222567885564	430.6426583859495	-201.779598402607	0.9999999999548567	6.689482301425187e-11	-0.4608798419086346	0.9999999999548567
472.6666666666666	970.3333333333334	0.7562927193456559	2.209176946855536	0.3275583275583275	0.2550330316865043	624.9784700765301	439.2284351484255	-185.7500349281046	0.9999999996805743	4.585322121997137e-10	-0.4242671083197188	0.9999999996805743
398.1666666666667	909.8333333333334	0.689465313009853	2.179511469877823	0.3044087665647299	0.2403174947675575	577.5006503640838	417.4482887141384	-160.0523616499454	0.9999999465582343	7.475371643916873e-08	-0.365571681767097	0.9999999465582343
426.9999999999999	929	0.6848566026212892	2.20908195520154	0.3148967551622419	0.2366520881274415	623.4881847756991	420.5366839435547	-202.9515008321444	0.9999999999786385	3.200040232798074e-11	-0.4635565555641941	0.9999999999786385
456	841.0000000000001	0.7013219679731766	2.156809770273923	0.3515805705474171	0.2453777614895034	650.200650804996	389.927758855242	-260.272891949754	1.000000000000087	-8.659739592076221e-14	-0.5944829420046858	1.000000000000087
434.5833333333334	1016.416666666667	0.7133722494345157	2.203456554197721	0.2995060877555709	0.2445711755678548	609.1957371173661	461.2828261716031	-147.912910945763	0.9999991664406189	1.113473541369814e-06	-0.3378442595415954	0.9999991664406189
401.4166666666666	896.5833333333334	0.6582421996693473	2.246767394063514	0.3092578325629173	0.2265886491698375	609.8312549215304	399.0548090124135	-210.7764459091169	0.9999999999972069	4.311551116131795e-12	-0.4814293210893943	0.9999999999972069
386	995	0.621153644717833	2.321632801291048	0.279507603186097	0.2110766975837697	621.4243501305469	428.5776800907903	-192.8466700397566	0.9999999992986691	1.027216534055242e-09	-0.4404763588794087	0.9999999992986691
446.3333333333334	907.6666666666667	0.7402420836081142	2.1845829581709	0.3296405711472181	0.2530893551013447	602.9559021527115	415.4873877742939	-187.4685143784176	0.9999999998732771	1.85570669941626e-10	-0.4281922451702898	0.9999999998732771
480	1045	0.745632617946476	2.137130129824244	0.3147540983606558	0.2586520928658052	643.748661803387	488.9735002172938	-154.7751615860932	0.9999995893471225	5.465503508661484e-07	-0.3535181582671859	0.9999995893471225
424.75	773.25	0.6775586580668873	2.225493389851968	0.3545492487479132	0.2333952843017805	626.8829937349417	347.4510432275127	-279.431950507429	1.00000000000003	-2.953193245502916e-14	-0.6382436787148519	1.00000000000003
447.5833333333334	1030.416666666667	0.7080638448485387	2.194787759932848	0.302830401443392	0.2439200969426967	632.1228468162719	469.4835124732942	-162.6393343429777	0.9999998876170422	1.529148234702404e-07	-0.3714805227759275	0.9999998876170422
404.0833333333333	1088.916666666667	0.6451942142725752	2.273854453483162	0.2706519312346506	0.2210289336383769	626.297205390965	478.8858253432315	-147.4113800477335	0.999997240438074	3.653907192147088e-06	-0.336698725092989	0.999997240438074
413.4999999999999	1090.5	0.6877194107801872	2.177468689885561	0.2749335106382978	0.2400259203297649	601.2626567147531	500.8108750612219	-100.4517816535312	0.9991939127496069	0.0009835765168334509	-0.2294394557944666	0.9991939127496069
443.6666666666667	968.3333333333334	0.7432770471754423	2.19924355588453	0.3142115203021719	0.2525987571344435	596.9061850526161	440.3029081260043	-156.6032769266118	0.9999999167696647	1.140290029066904e-07	-0.3576937117711029	0.9999999167696647
418.0833333333334	1014.916666666667	0.7134199673791538	2.22291190986869	0.291753896254943	0.2429629882463511	586.0269581032612	456.5707989421043	-129.456159161157	0.9999894040429829	1.377793525925153e-05	-0.2956876445419778	0.9999894040429829
428.1666666666666	1117.833333333333	0.698851992088655	2.24485118619504	0.2769512721000431	0.2374057266521402	612.6714547768653	497.9543143917838	-114.7171403850815	0.9998543931309247	0.0001817486023522052	-0.262022612511077	0.9998543931309247
448.1666666666667	1094.833333333333	0.7174372109174415	2.108697810333456	0.290451501404191	0.2538580802129868	624.6771980136937	519.1987813370961	-105.4784166765976	0.99949267538785	0.0006197872321705988	-0.2409206698176049	0.99949267538785
449.4999999999999	1113.5	0.7088849688914504	2.087589284004251	0.2875879718490083	0.2534923996376552	634.0944154915925	533.3903601306916	-100.7040553609008	0.9989907387375448	0.001219028765410912	-0.2300156679947616	0.9989907387375448
451.3333333333333	942.6666666666666	0.7085056990138229	2.220995945016187	0.3237685318029651	0.2418519547369692	637.0214579241201	424.4342133005544	-212.5872446235657	0.9999999999980363	2.96440649805163e-12	-0.4855653221115508	0.9999999999980363
431.2500000000001	1062.75	0.7224644797284603	2.18536759682778	0.2886546184738956	0.2484546771298013	596.9151592921028	486.3026254908596	-110.6125338012432	0.9998205893817406	0.0002234520367099257	-0.2526473810782043	0.9998205893817406
464.5	1011.5	0.7454903959321565	2.199505156127451	0.3147018970189702	0.253138037988136	623.0797908793877	459.8761667742089	-163.2036241051788	0.9999999539381197	6.304236344067959e-08	-0.3727694032100881	0.9999999539381197
405.6666666666667	1173.333333333333	0.687609114863345	2.204529597597527	0.2569136584336078	0.2377510843102923	589.9669709109203	532.2375052764179	-57.72946563450239	0.9645561566880538	0.04022027273166773	-0.131858459456403	0.9645561566880538
463.5	1203.5	0.7738429363511329	2.13961667944305	0.2780443911217756	0.2656096319839292	598.958752774201	562.4839306792445	-36.47482209495649	0.8800455247749718	0.1312899089458608	-0.08331124838115415	0.8800455247749718
471.2499999999999	1175.75	0.731239900665497	2.170980853099497	0.2861262902246509	0.2519587456319006	644.4533450255083	541.5754811109405	-102.8778639145678	0.9992649585749175	0.0008880622513490755	-0.234980810905566	0.9992649585749175
462.5	1224.5	0.700333906554647	2.217765223461202	0.2741553052756373	0.2399966126410665	660.3992690791006	552.1323840081494	-108.2668850709512	0.9994556695115907	0.0006608348532906039	-0.2472897422259693	0.9994556695115907
456.0833333333334	1173.916666666667	0.7231938973789133	2.167123878510502	0.2798057259713702	0.2502125902596888	630.651523728734	541.6933837088806	-88.95814001985343	0.9970786473499611	0.003459921697253621	-0.2031871102599366	0.9970786473499611
422.0833333333334	1270.916666666667	0.7053056305315745	2.207915862748851	0.2493108879700729	0.2421050483660159	598.4403286490394	575.6182507264464	-22.82207792259305	0.7650906041973334	0.2525706593520898	-0.05212734958469088	0.7650906041973334
441.75	1252.25	0.7185810370715362	2.162031053179717	0.2607733175914994	0.2494542876853857	614.7532111343802	579.2007465194848	-35.55246461489537	0.8650837340676597	0.1473505520939034	-0.08120451423677534	0.8650837340676597
425.4166666666667	1201.583333333333	0.7107219155552612	2.207797899928086	0.2614730587994263	0.2435213603089948	598.5697884865476	544.2451654530844	-54.32462303346324	0.9560048999178496	0.04954619273884331	-0.1240815418090615	0.9560048999178496
450.1666666666666	1096.833333333333	0.6746126519130682	2.190514260719017	0.2909933204050851	0.2354564640535684	667.296507692352	500.7195584169843	-166.5769492753676	0.9999997856629976	2.887299752618588e-07	-0.380474332665052	0.9999997856629976
431.1666666666667	1257.833333333333	0.6842724846441386	2.259785280759834	0.2552792579435563	0.2324249519439186	630.1096074188902	556.616305116563	-73.49330230232715	0.9871992246375481	0.01478382074278062	-0.1678642529501755	0.9871992246375481
528.5	1175.5	0.8270644254345554	2.141688702785868	0.3101525821596244	0.2785898286969813	639.0070516239603	548.8659479180759	-90.14110370588435	0.9981571581821342	0.002179067806620472	-0.205889088660715	0.9981571581821342
380.1666666666666	1158.833333333333	0.621690838258755	2.102521151059981	0.2470218756768464	0.2282094200804931	611.5043736713984	551.1636982815181	-60.34067538988029	0.9622092940011754	0.04296162635605105	-0.1378226597461053	0.9622092940011754
