Codon,alpha,beta,beta-alpha,Prob[alpha<beta],Prob[alpha>beta],BayesFactor,PSRF,Neff
1,0.9787703120866015,0.04545677058156657,-0.9333135415050349,0.0001086060758952259,0.9997298017862549,0.0002278578115223012,1.0029502509057,316.1406103345258
2,0.7688342748408283,0.4050429019737489,-0.3637913728670794,0.07968262427239826,0.8764997581814477,0.1816304408694577,1.00715159483856,208.2492368555767
3,2.006726170883669,0.03913970877933776,-1.967586462104331,7.674432176253119e-07,0.9999976468952454,1.60993823836573e-06,1.000674691162899,441.12959085869
4,0.8077513762395835,0.1664295463850109,-0.6413218298545725,0.003619539752124786,0.9923216064591692,0.007620628289232738,1.009101665981201,179.9971664580404
5,1.020273656655949,0.044197338029115,-0.9760763186268342,3.149930512988268e-05,0.9999200597926319,6.608110302775349e-05,1.001425572945211,390.118757614205
6,0.9728978577730963,0.04025978147956742,-0.9326380762935289,6.803546011164991e-05,0.9998173930173744,0.0001427340223281117,1.002919490197077,317.3520307746288
7,0.9229073905512039,0.1628331431455725,-0.7600742474056315,0.000902998290853942,0.9979886504415607,0.00189601558415815,1.00671584784342,215.8464679440801
8,0.7671018723105364,0.05129096143412452,-0.7158109108764119,0.0009204814323573041,0.9977137911673071,0.001932758565403149,1.005912933300915,231.432397119572
9,0.9708006886726803,0.04565107668073206,-0.9251496119919482,0.0001154864597588986,0.999712774123406,0.0002422946675766541,1.003074402764726,311.3449140832185
10,1.3560564857908,0.03537451287714952,-1.32068197291365,4.309823867675994e-06,0.999988044748003,9.041157267315297e-06,0.999959160376966,504.0763346346465
11,0.9687160869808775,0.4582237804019852,-0.5104923065788923,0.02695343725331805,0.9509956585993533,0.05810896817765258,1.002173758858997,349.893827311309
12,0.8633590150306057,0.2290410221241758,-0.63431799290643,0.005871140071575914,0.9884783110913615,0.01238917507282581,1.002384435053697,340.0354569917475
13,0.5612149162393907,0.1724762984451992,-0.3887386177941915,0.03968746204013553,0.9225091724130486,0.08669685795243169,1.006994129856115,210.9309994562261
14,0.6899835844489756,0.2199768083004916,-0.470006776148484,0.02801808441095355,0.9465882853011529,0.06047040603573873,1.007802265380242,197.8666150710225
15,1.057399839365408,0.04368307238904005,-1.013716766976368,4.51555849882974e-05,0.9998866739806438,9.473134733675232e-05,1.001602747448095,379.7710575971504
16,1.893133204020422,0.03805554880838495,-1.855077655212037,4.127421740273893e-07,0.9999985374031045,8.6584799708548e-07,1.000708132465828,438.5728553808502
17,0.8350535737352945,0.3923225653039361,-0.4427310084313584,0.04162985722737107,0.929988835897106,0.0911243149229224,1.006878502753114,212.9454546166704
18,0.7271659624907097,0.3044356110413731,-0.4227303514493366,0.03747051907256792,0.9358870570507019,0.08166543865147037,1.009546684456253,174.6105339042723
19,0.9764616185025389,0.1616518457017797,-0.8148097728007593,0.000465389710407404,0.9989308800058175,0.0009767458399819796,1.006446956882144,220.8228493028657
20,0.7238364193462072,0.04535697469282601,-0.6784794446533813,0.001778341105184964,0.9951139963955729,0.003737237589067815,1.004564690837582,263.4826961207397
21,0.9191839384886628,0.2287249273879836,-0.6904590111006792,0.003347233450925577,0.9931890730375581,0.007045385421935647,0.999930769208431,506.9498363196011
22,2.239543475167874,0.4778530256177669,-1.761690449550107,0.001917691425175232,0.995272913620466,0.004030649171749771,1.001902125493225,363.4912324761534
23,0.5725029631179388,0.329025420741626,-0.2434775423763128,0.1712271782050876,0.7545576187283205,0.4334108996336764,1.008751083461357,184.4860278281882
24,0.7826167460727296,0.1556792425309547,-0.6269375035417748,0.005064906331069739,0.988832061137396,0.01067921422047668,1.009477771944143,175.4230192540176
25,0.6798679863151232,0.3828566344746289,-0.2970113518404944,0.123845510465972,0.8175626340863726,0.2965256092508568,1.007204532045925,207.3631984630806
26,0.4378819042861714,0.2338514339848757,-0.2040304703012957,0.1996186902213719,0.699148729319037,0.5231989853811334,1.010552322120307,163.5725485354855
27,0.9828478430752456,1.18120087816453,0.1983530350892839,0.5666591751803161,0.09754387088069313,2.743184066267855,1.004441841669205,266.8574710575301
28,0.5575821687414344,0.2357588078172236,-0.3218233609242108,0.08459522701376274,0.8599097384501706,0.193863173459427,1.010191435284,167.3656928312343
29,0.6004863709969434,0.04705765535760607,-0.5534287156393373,0.006179307408703162,0.9828243473336492,0.01304350761367704,1.002466639425493,336.3394250237094
30,0.4351203976883274,0.2769185491827449,-0.1582018485055824,0.2625799253322584,0.634905592695743,0.7469803790666969,1.011262544466289,156.5989841272586
31,0.5855637025207387,0.05435632944730884,-0.5312073730734299,0.006127476585466252,0.9844803467664308,0.01293342670203321,1.004067429489369,277.706193043563
32,0.6496635644031648,0.2349108787690751,-0.4147526856340896,0.04276969809799783,0.9255840410062198,0.0937308113978188,1.010236749693594,166.8795534397944
33,1.323818009417098,0.04005872698070098,-1.283759282436397,8.830346599675715e-06,0.9999768160774165,1.852440278070074e-05,1.000250615435872,476.3704949993217
34,0.7700805080541359,0.05180926704388679,-0.7182712410102491,0.0005510193950511842,0.9986408524525514,0.001156561912820537,1.007258934825088,206.4605951349427
35,0.7260778294831454,0.7318042602293525,0.005726430746207156,0.4504472911948257,0.4335736679281095,1.719480506759713,1.000329260088773,469.4124671685856
36,0.9012249738198908,0.04188774950486983,-0.8593372243150209,0.0001868327042612354,0.9994974171457626,0.0003920095776750835,1.004243875899089,272.4842530063655
37,0.7960654732595731,0.3057771119878893,-0.4902883612716838,0.02679669165706185,0.9536222064334774,0.05776173534855635,1.005993316644247,229.7695791732225
38,1.109235004309481,0.1509748329957349,-0.9582601713137464,0.0001766399737761085,0.9995681770231062,0.0003706195651262697,1.007622497360688,200.62822540423
39,0.8474518363688055,0.5888123878260839,-0.2586394485427216,0.1541802126445022,0.7720628133203993,0.3823960780447379,0.9997189079837876,529.4813605506297
40,0.804083673126075,1.245153266176132,0.4410695930500574,0.8114823843902655,0.03574911030544633,9.030042379260683,0.9974744679403403,1003.927577009606
41,0.9204348604913644,0.2279629519852064,-0.692471908506158,0.004538192440806983,0.9910610841200074,0.009563589704072412,1.000244922297397,476.8822713242795
42,1.007919132331339,0.9717112683578136,-0.03620786397352582,0.3316587684394905,0.3992018222342525,1.041012295725572,1.008428715871033,188.8202869353479
43,0.6973317390826995,0.1696014880345916,-0.5277302510481079,0.01331656454285378,0.9704333144713478,0.02831241992787778,1.007429661771328,203.6792970995982
44,0.8552996107078246,0.5935597697076129,-0.2617398410002116,0.1484743816696623,0.7751325215393037,0.3657770365170686,0.9993585199379391,572.8265112654202
45,0.9139568712564191,0.2096737565774963,-0.7042831146789228,0.003103066227640707,0.9935791556350644,0.006529853149347266,1.001262622368913,400.1515636581364
46,0.8210479355186637,0.6341854319666258,-0.1868625035520379,0.2108416896980935,0.6964018796798519,0.5604733715138343,0.999302081035548,580.2704040361818
47,0.5561763564348091,0.3097721212490701,-0.246404235185739,0.1530615085278563,0.7748342945064205,0.3791200459014371,1.009994651814941,169.5108724640084
48,0.9118547320901829,0.8935568362231979,-0.01829789586698494,0.3838868507211768,0.4272693263184829,1.307089689085374,0.9989175597472757,636.6763749199588
49,0.7634521798002075,0.5973974672357893,-0.1660547125644182,0.2461290540518198,0.6656893719397455,0.684902113837783,1.000358487858827,466.8784975133365
50,0.8480197738205675,0.281347058772874,-0.5666727150476936,0.01549693426839846,0.9719296782946187,0.03302108568260369,1.003112712904084,309.8946720790887
51,0.7206066821581846,0.30690120791089,-0.4137054742472946,0.04910737487569974,0.919275437624117,0.1083372655257335,1.009404155257866,176.2995485976178
52,0.7885937645682994,0.8517656215657519,0.06317185699745242,0.5177154484888963,0.3399150836766025,2.251906754436279,1.00271114451389,325.8111280747947
53,0.9857074984608623,0.4086007817305635,-0.5771067167302988,0.01559638317634148,0.9704937461885436,0.03323635016286547,1.002621428669347,329.5959273327979
54,0.6643892639236277,0.683743992292681,0.01935472836905328,0.5415499397645336,0.3866893707674992,2.478044538294426,0.9986429871575798,684.2158496472517
55,0.6802044087009446,0.4553447834124763,-0.2248596252884683,0.1905010949514155,0.737460333691809,0.4936780757217439,1.004002037566496,279.6933897156006
56,0.6858332914642908,0.2427748163981746,-0.4430584750661162,0.0347143730304197,0.9355209462112091,0.07544250778340571,1.008111912210168,193.2871863612691
57,1.251578708831349,1.174092467124574,-0.07748624170677498,0.3282495131918977,0.203202006554752,1.025082291051716,1.016079052807746,121.6994796987415
58,1.11948064386004,0.5313143806771778,-0.5881662631828619,0.03213755764951522,0.9370553027424562,0.06965653406003981,0.9977854524681433,892.7635264353562
59,0.9140807946520784,1.639039047321476,0.7249582526693978,0.775232933426777,0.005828994655406168,7.23539368481716,1.001018168498746,416.2192690805909
60,0.8483400780619016,0.7502142564177453,-0.09812582164415629,0.313475431485179,0.5621679528792234,0.9578776829560438,1.000469106152154,457.5328525034761
61,0.7536132747193809,0.5067956936955083,-0.2468175810238726,0.1651587516715821,0.7654319057653842,0.4150116831579262,1.00333034281888,301.9089649610507
62,0.9861720716446524,0.04029632293289785,-0.9458757487117545,6.334473268741083e-05,0.9998307990909542,0.0001328925542838787,1.002747640805256,324.2965178512503
63,0.7186491695375054,0.3795606580287365,-0.3390885115087689,0.08905501620948904,0.863762795882576,0.2050826253296095,1.007805898128903,197.8116069901155
64,0.4138467582759892,0.730678392964635,0.3168316346886458,0.8183130311418474,0.1296553126174207,9.448401015550683,0.998007442983704,827.4153881866763
65,0.8499451086776812,0.2823061247153525,-0.5676389839623287,0.0155210052656948,0.9719173941525293,0.03307318513840739,1.003006878004847,313.9348195316302
66,1.070271308405511,2.22745278035793,1.157181471952419,0.7735709099670626,0.009696524437233504,7.166886695690279,1.001477936784035,387.0016897200666
67,0.8590179825239449,0.2122049542389817,-0.6468130282849632,0.006014623201770315,0.988046724872216,0.01269378271547141,1.003389999329724,299.7921701683655
68,0.3253508742211207,0.5879783664014556,0.2626274921803349,0.8086972889057288,0.1370057604781303,8.868036917525419,0.9954218550465912,5729.730633876698
69,0.918622005220854,0.7676598595883398,-0.1509621456325142,0.2501590940419889,0.6191781703260113,0.6998577830515288,1.000252883212337,476.1669447824685
70,1.027018948988676,1.107853022406361,0.08083407341768512,0.4377141534254618,0.1979745393755634,1.633037161893676,1.010446686740854,164.6645084419617
71,0.9810172036540866,0.350189685231146,-0.6308275184229406,0.008371358810557289,0.9834448957825668,0.01770963151672266,1.001296430555474,398.0273972370657
72,0.9258020545157969,0.5271381752315485,-0.3986638792842484,0.09208399425596078,0.858725573501764,0.2127654502177168,1.001031068044333,415.3389094422623
73,0.4435183424118492,0.3844567481619862,-0.05906159424986301,0.3808898779266323,0.517613520235579,1.290607418166776,1.005254198658952,246.0400786313249
74,0.6774574351876732,0.6332519383909352,-0.04420549679673802,0.3915452444955368,0.50616666235751,1.349945681388404,0.999950962824961,504.9026424674123
75,0.8697727378322926,0.6955606946161929,-0.1742120432160997,0.2247438305366959,0.6693321203607281,0.6081422515719491,0.9985778626625594,696.5583139419666
76,1.616798343643294,0.3603786978419986,-1.256419645801296,0.001587471741707601,0.9961179785006667,0.003335482076509027,0.9992726370144444,584.2316942364548
77,0.8321381405445323,0.9289331172474311,0.09679497670289883,0.5431077358099228,0.2878859264006413,2.493646075387467,1.000882094297107,425.7406729417499
78,0.6820199425234631,0.3536976817060203,-0.3283222608174428,0.1076351263179168,0.8403471950845403,0.2530312658207564,1.008020407768064,194.6178120606446
79,1.850583921486364,1.513313700082802,-0.3372702214035619,0.1647738179595559,0.3184133099221577,0.4138535977774974,1.013190015790093,140.4160667388705
80,0.9311688432873432,0.1705554896689609,-0.7606133536183823,0.0008648311983441964,0.9978803599544529,0.001815807192887758,1.003798462964125,286.0686747864273
81,0.9907388469370041,0.5834677348146255,-0.4072711121223785,0.06367092195808358,0.889183783980612,0.1426511436402151,0.9979828696615491,834.1723763405076
82,0.9115005422317953,1.506066521525341,0.5945659792935459,0.740240022195036,0.01994704098266336,5.978096946452755,1.000661003703718,442.1847504189506
83,0.9252417932383814,0.5272561160341896,-0.3979856772041918,0.09228591333717658,0.8584439136270156,0.2132794290623508,1.001031057519191,415.3396262231837
84,0.8447560131620172,0.5972337929169786,-0.2475222202450386,0.1576119089579059,0.7667220882231565,0.3924998007526763,0.9993475584923404,574.257168980473
85,0.899190385543114,1.001529875822332,0.1023394902792176,0.5276794622791123,0.2513844179381665,2.343667465191567,1.000920786326459,422.988873122881
86,1.071190864842241,0.890538922053293,-0.1806519427889476,0.2862553118596255,0.5211668331985857,0.8413434058397985,1.00522467887287,246.7387017732373
87,0.8461911907360207,1.086090153665337,0.2398989629293167,0.6918825906404097,0.1163174339429863,4.710627848556727,0.9980731115546617,809.8864237344009
88,0.9905094513403123,0.7468281516790116,-0.2436812996613007,0.1555476493710303,0.7287293779954209,0.3864122923628689,1.000777660296875,433.3516767702987
89,0.8070247809409402,0.5582316849018149,-0.2487930960391254,0.1651777763266493,0.7635654313508755,0.4150689471367943,1.001260833437287,400.2645999181698
90,0.6172118927576131,0.611618167826396,-0.005593724931217126,0.4610512863161862,0.4560916783463439,1.794586631921695,0.9973181561085906,1071.005211345751
91,2.315782913972248,0.4780649856214598,-1.837717928350788,0.2862645189852772,0.6610154259771106,0.8413813204437824,0.997914593716568,853.541896524918
92,1.113685012386137,1.140996301381835,0.02731128899569812,0.3109224846548763,0.2110551859429434,0.9465568016509833,1.019160087160639,106.669258755635
93,0.8079365809837602,0.9501656827040958,0.1422291017203356,0.5946150589682648,0.2416932222858862,3.077024271790042,0.9992936794387235,581.3952006159664
94,0.7830602484391378,0.8716057300140621,0.08854548157492426,0.5445825424929105,0.3120430654875625,2.5085148181373,1.001094907632805,411.0367713574249
95,0.7725175350867673,1.27933886410767,0.506821329020903,0.8287403387491921,0.06294554613902317,10.15140203587134,0.9959423853359947,2608.570961808599
96,0.5234706247527348,1.464416563718159,0.9409459389654242,0.9081936427224798,0.011426050387752,20.75240010124751,1.000274634036838,474.2235115065949
97,0.6682903823530626,0.3486523880450715,-0.3196379943079911,0.1058461922640021,0.839923685990812,0.2483279703349144,1.008489256245491,187.9905313249066
98,0.9109811430690957,0.9962050736512549,0.08522393058215916,0.50296579795275,0.272475648636651,2.122828009118027,1.000759295974287,434.7185173604682
99,1.056255079442657,0.9767957357002979,-0.07945934374235897,0.2730599516498061,0.4357402766358929,0.7879924265555074,1.012920084512124,142.4728964240004
100,1.32348785174702,0.5150854861778955,-0.8084023655691246,0.01284852015027402,0.9722182552575778,0.02730435608370298,0.9984022209059326,732.1931609997944