ObservedSChanges	ObservedNSChanges	E[SSites]	E[NSSites]	ObservedS.Prop.	P{S}	dS	dN	dN-dS	P{Sleq.observed}	P{Sgeq.observed}	ScaleddN-dS
0	0	0.9999999999999997	1.999999999999999	0	0.3333333333333333	0	0	0	0	0	0
2	0	0.9999999999999997	1.999999999999999	1	0.3333333333333333	2.000000000000001	0	-2.000000000000001	1	0.1111111111111109	-4.601650886261685
1	0	0.9999999999999997	1.999999999999999	1	0.3333333333333333	1	0	-1	1	0.3333333333333333	-2.300825443130842
3	0	0.9999999999999997	1.999999999999999	1	0.3333333333333333	3.000000000000001	0	-3.000000000000001	1	0.03703703703703698	-6.902476329392526
2	0	0.9999999999999998	2	1	0.3333333333333334	2	0	-2	1	0.111111111111111	-4.601650886261683
2	0	0.9999999999999998	2	1	0.3333333333333334	2	0	-2	1	0.111111111111111	-4.601650886261683
0	0	0.9999999999999997	1.999999999999999	0	0.3333333333333333	0	0	0	0	0	0
0	0	0.6657586038714836	2.238358419465484	0	0.2292464795741927	0	0	0	0	0	0
1	0	0.6657586038714836	2.238358419465484	1	0.2292464795741927	1.502045928035858	0	-1.502045928035858	1	0.2292464795741926	-3.455945487975979
0	0	0.6657586038714836	2.238358419465484	0	0.2292464795741927	0	0	0	0	0	0
0	0	0.6657586038714836	2.334241396128515	0	0.2219195346238279	0	0	0	0	0	0
0	0	0.9999999999999997	1.999999999999999	0	0.3333333333333333	0	0	0	0	0	0
0	0	0.9999999999999997	1.999999999999999	0	0.3333333333333333	0	0	0	0	0	0
0	0	0.9999999999999997	1.999999999999999	0	0.3333333333333333	0	0	0	0	0	0
1	0	0.6657586038714836	2.238358419465484	1	0.2292464795741927	1.502045928035858	0	-1.502045928035858	1	0.2292464795741926	-3.455945487975979
1	3	0.9979374298343332	1.999387342288852	0.25	0.3329427091504115	1.002066833154068	1.500459634082543	0.4983928009284755	0.5932870353459665	0.8020057667495878	1.146714837049481
0	0	0.9999999999999997	1.999999999999999	0	0.3333333333333333	0	0	0	0	0	0
0	1	0.6670460966359315	2.332953903364067	0	0.2223486988786439	0	0.4286411311248038	0.4286411311248038	0.7776513011213562	0.2223486988786438	0.9862284204643317
0	0	0.6657586038714836	2.238358419465484	0	0.2292464795741927	0	0	0	0	0	0
0	0	0.9999999999999997	1.999999999999999	0	0.3333333333333333	0	0	0	0	0	0
0	0	0.9999999999999997	1.999999999999999	0	0.3333333333333333	0	0	0	0	0	0
1	0	0.6657586038714836	2.238358419465485	1	0.2292464795741927	1.502045928035858	0	-1.502045928035858	1	0.2292464795741926	-3.455945487975979
0	0	0.9999999999999997	1.999999999999999	0	0.3333333333333333	0	0	0	0	0	0
0	0	0.9999999999999997	1.999999999999999	0	0.3333333333333333	0	0	0	0	0	0
0	0	0.7321468530046378	1.602094543123878	0	0.3136551576109262	0	0	0	0	0	0
0	0	0.9999999999999997	1.999999999999999	0	0.3333333333333333	0	0	0	0	0	0
0	0	0.6657586038714836	2.238358419465484	0	0.2292464795741927	0	0	0	0	0	0
1	0	0.6657586038714836	2.334241396128515	1	0.2219195346238279	1.502045928035858	0	-1.502045928035858	1	0.2219195346238279	-3.455945487975979
1	0	0.5627753303501098	2.310005766298354	1	0.1958991344682242	1.776908023629762	0	-1.776908023629762	1	0.1958991344682242	-4.088355190870694
2	0	0.6657586038714836	2.238358419465485	1	0.2292464795741927	3.004091856071717	0	-3.004091856071717	1	0.05255394839716065	-6.911890975951959
0	0	0.6657586038714836	2.238358419465484	0	0.2292464795741927	0	0	0	0	0	0
0	1	0.9987125431716136	2.001287456828385	0	0.3329041810572047	0	0.499678342852749	0.499678342852749	0.6670958189427953	0.3329041810572047	1.149672644617061
0	0	0.6657586038714836	2.238358419465484	0	0.2292464795741927	0	0	0	0	0	0
0	1	0.6657586038714836	2.334241396128516	0	0.2219195346238279	0	0.4284047064106403	0.4284047064106403	0.7780804653761721	0.2219195346238279	0.9856844484665994
0	0	0.6657586038714836	2.334241396128515	0	0.2219195346238279	0	0	0	0	0	0
3	0	0.9999999999999997	1.999999999999999	1	0.3333333333333333	3.000000000000001	0	-3.000000000000001	1	0.03703703703703698	-6.902476329392526
2	0	0.6657586038714836	2.334241396128515	1	0.2219195346238279	3.004091856071717	0	-3.004091856071717	1	0.04924827984765634	-6.911890975951959
1	0	0.9999999999999997	1.999999999999999	1	0.3333333333333333	1	0	-1	1	0.3333333333333333	-2.300825443130842
1	1	0.6657586038714836	2.333872262929066	0.5	0.2219468439400316	1.502045928035858	0.4284724643605712	-1.073573463675287	0.9507395984650593	0.3946332863451225	-2.470105140294204
0	0	0.6657586038714836	2.334241396128515	0	0.2219195346238279	0	0	0	0	0	0
1	1	0.9979343389134032	2.000278441188261	0.5	0.3328430675555872	1.00206993687465	0.4999303993927726	-0.5021395374818778	0.8892154923801869	0.5549016274913612	-1.155335423840257
1	0	0.6657586038714836	2.334241396128515	1	0.2219195346238279	1.502045928035858	0	-1.502045928035858	1	0.2219195346238279	-3.455945487975979
0	2	0.6670443811623175	2.332955618837682	0	0.2223481270541059	0	0.8572816318710915	0.8572816318710915	0.6047424354962571	0.3952575645037429	1.972455390537735
1	1	0.9961396998956668	2.003860300104332	0.5	0.332046566631889	1.003875259770028	0.4990367841250881	-0.5048384756449397	0.8897450775879745	0.5538382108517526	-1.161545209435267
1	0	0.6657586038714834	2.238358419465484	1	0.2292464795741927	1.502045928035859	0	-1.502045928035859	1	0.2292464795741926	-3.45594548797598
0	2	0.9999999999999997	1.999999999999999	0	0.3333333333333333	0	1	1	0.4444444444444445	0.5555555555555555	2.300825443130842
0	0	0.9999999999999997	1.768252170093226	0	0.361238766758132	0	0	0	0	0	0
2	3	0.9895613171387976	2.009550697940999	0.4	0.3299514363462242	2.021097596845003	1.492871019911975	-0.5282265769330283	0.7951081302132468	0.5323975888213628	-1.215357147945422
3	1	0.9982146716929939	2.000892664153502	0.75	0.3328372611950043	3.005365564214694	0.4997769335233482	-2.505588630691346	0.9877276492606271	0.1106706502742143	-5.764922071514013
0	1	0.9999999999999997	1.999999999999999	0	0.3333333333333333	0	0.5000000000000002	0.5000000000000002	0.6666666666666667	0.3333333333333333	1.150412721565421
0	0	0.6657586038714836	2.334241396128515	0	0.2219195346238279	0	0	0	0	0	0
0	1	0.6572975908206823	2.29912170185529	0	0.222328947875907	0	0.4349487020165326	0.4349487020165326	0.7776710521240929	0.2223289478759071	1.000741040056373
0	0	0.6657586038714836	2.238358419465484	0	0.2292464795741927	0	0	0	0	0	0
1	3	0.9871918112266105	2.012808188773389	0.25	0.3290639370755369	1.01297436691404	1.490454985593142	0.4774806186791025	0.6001823181016237	0.7973602954334735	1.098599556058734
0	2	0.6786263909361459	2.321373609063853	0	0.2262087969787153	0	0.8615588598883683	0.8615588598883683	0.5987528258731269	0.4012471741268731	1.982296545585957
0	1	0.6631969777769945	2.237160378488961	0	0.2286604360473782	0	0.4469952219855723	0.4469952219855723	0.7713395639526217	0.2286604360473783	1.028457979702323
1	0	0.6657586038714837	2.334241396128515	1	0.221919534623828	1.502045928035858	0	-1.502045928035858	1	0.221919534623828	-3.455945487975979
1	0	0.6657586038714836	2.238358419465485	1	0.2292464795741927	1.502045928035858	0	-1.502045928035858	1	0.2292464795741926	-3.455945487975979
1	1	0.7625557922827788	2.23744420771722	0.5	0.2541852640942597	1.311379455929921	0.4469385187576418	-0.8644409371722788	0.9353898515173316	0.4437603797058508	-1.988927702329848
0	1	0.666525427006005	2.325784671450856	0	0.2227461075473873	0	0.4299624175337722	0.4299624175337722	0.7772538924526127	0.2227461075473873	0.9892684698517491
0	0	0.6657586038714836	2.238358419465484	0	0.2292464795741927	0	0	0	0	0	0
0	2	0.9987136691979359	2.001286330802063	0	0.332904556399312	0	0.9993572479948197	0.9993572479948197	0.4450163308727986	0.5549836691272014	2.299346582963699
0	1	0.7625588886149582	2.237441111385041	0	0.2541862962049862	0	0.4469391372633584	0.4469391372633584	0.7458137037950139	0.2541862962049861	1.028328938546482
1	2	0.8449952320289515	2.153218082081198	0.3333333333333333	0.2818329263138973	1.183438630297192	0.9288422833914229	-0.2545963469057686	0.806482469949666	0.6295953163845431	-0.5857817526889584
2	0	0.9999999999999997	1.999999999999999	1	0.3333333333333333	2.000000000000001	0	-2.000000000000001	1	0.1111111111111109	-4.601650886261685
1	0	0.9999999999999997	1.999999999999999	1	0.3333333333333333	1	0	-1	1	0.3333333333333333	-2.300825443130842
1	1	0.9999999999999997	1.999999999999999	0.5	0.3333333333333333	1	0.5000000000000002	-0.5000000000000002	0.8888888888888891	0.5555555555555555	-1.150412721565421
1	2	0.9999999999999998	2	0.3333333333333333	0.3333333333333334	1	1	0	0.7407407407407406	0.7037037037037037	0
0	0	0.9999999999999997	1.999999999999999	0	0.3333333333333333	0	0	0	0	0	0
0	4	0.08002412540879725	2.919975874591202	0	0.02667470846959909	0	1.369874331773375	1.369874331773375	0.8974949923465727	0.1025050076534273	3.151841716436041
1	2	0.9999999999999997	1.999999999999999	0.3333333333333333	0.3333333333333333	1	1	0	0.7407407407407408	0.7037037037037037	0
0	0	0.9999999999999997	1.999999999999999	0	0.3333333333333333	0	0	0	0	0	0
0	0	0.6657586038714836	2.334241396128515	0	0.2219195346238279	0	0	0	0	0	0
0	1	0.9990197735474804	1.770037795870559	0	0.3607797051895313	0	0.5649596874897066	0.5649596874897066	0.6392202948104686	0.3607797051895314	1.299873623319566
0	0	0.9999999999999997	1.999999999999999	0	0.3333333333333333	0	0	0	0	0	0
1	1	0.9999999999999997	1.999999999999999	0.5	0.3333333333333333	1	0.5000000000000002	-0.5000000000000002	0.8888888888888891	0.5555555555555555	-1.150412721565421
0	0	0.9999999999999997	1.999999999999999	0	0.3333333333333333	0	0	0	0	0	0
0	4	0.672196700171506	2.327803299828493	0	0.2240655667238354	0	1.718358248007772	1.718358248007772	0.3624933961835797	0.6375066038164203	3.953642377430018
0	3	0.9955948248127886	2.00440517518721	0	0.3318649416042629	0	1.496703379704556	1.496703379704556	0.2982584674497053	0.7017415325502947	3.443653216844162
1	1	0.5390423817440159	2.230103248462128	0.5	0.194660178166176	1.855141699182546	0.448409732011106	-1.40673196717144	0.9621074150363125	0.3514277713686648	-3.236644701733547
0	0	0.9999999999999997	1.999999999999999	0	0.3333333333333333	0	0	0	0	0	0
2	0	0.9999999999999998	1.771821906633081	1	0.3607735394568315	2	0	-2	1	0.13015754677221	-4.601650886261683
0	4	0.02623001230660934	1.93114200434113	0	0.01340062700576038	0	2.071313239009954	2.071313239009954	0.947465359282587	0.05253464071741298	4.765730201007855
0	1	0.9999999999999997	1.999631084742265	0	0.33337432895883	0	0.5000922458298809	0.5000922458298809	0.66662567104117	0.33337432895883	1.150624963117833
1	1	0.9866204220739662	2.001803502810961	0.5	0.3301474111013072	1.013561018631571	0.4995495305087567	-0.5140114881228146	0.8910026869431046	0.5512975091457188	-1.182650709934518
2	0	0.9999999999999997	1.999999999999999	1	0.3333333333333333	2.000000000000001	0	-2.000000000000001	1	0.1111111111111109	-4.601650886261685
1	1	0.6657586038714836	2.33166148209407	0.5	0.22211054332647	1.502045928035858	0.4288787234679958	-1.073167204567863	0.9506669065432202	0.3948879931961604	-2.469170409003339
1	2	0.9984826804464437	1.771068532207598	0.3333333333333333	0.3605214721736829	1.001519625310754	1.129261778202927	0.1277421528921729	0.7037908887268005	0.7384962630370295	0.2939123955346215
1	1	0.538748510367201	2.232181722550479	0.5	0.1944287531916385	1.856153624106392	0.4479921996930453	-1.408161424413346	0.962197459932345	0.3510549663156218	-3.239933633325594
0	0	0.9999999999999997	1.999999999999999	0	0.3333333333333333	0	0	0	0	0	0
1	1	0.9987191483835854	2.001280851616413	0.5	0.3329063827945286	1.001282494301313	0.4996799920372548	-0.5016025022640587	0.8891733402946628	0.55498610588372	-1.154099799547242
1	1	0.6657586038714834	2.236520768493921	0.5	0.2293916327320617	1.502045928035859	0.4471230556349372	-1.054922872400921	0.9473794788325189	0.4061627442966423	-2.42719338536071
1	0	0.9999999999999997	1.999999999999999	1	0.3333333333333333	1	0	-1	1	0.3333333333333333	-2.300825443130842
0	0	0.9999999999999997	1.999999999999999	0	0.3333333333333333	0	0	0	0	0	0
0	0	0.7616415805345145	2.238358419465484	0	0.2538805268448383	0	0	0	0	0	0
0	2	0.6683304845754313	2.331669515424568	0	0.2227768281918105	0	0.8577544916934016	0.8577544916934016	0.6040758587955823	0.3959241412044177	1.97354335844794
0	1	0.002067555953135064	2.99744217364032	0	0.0006892979651762272	0	0.3336177787828762	0.3336177787828762	0.9993107020348238	0.0006892979651762499	0.7675962737044382
0	0	0.9999999999999997	1.999999999999999	0	0.3333333333333333	0	0	0	0	0	0
1	4	0.9921879397891669	2.005143335806627	0.2	0.3310237836796818	1.007873569005982	1.994869857216907	0.9869962882109253	0.465475270446145	0.8660158611573252	2.270906172191398
0	1	0.9987137273265876	2.00091728291285	0	0.332945526938951	0	0.4997707843995642	0.4997707843995642	0.667054473061049	0.332945526938951	1.149885336479975