Codon,alpha,beta,beta-alpha,Prob[alpha<beta],Prob[alpha>beta],BayesFactor,PSRF,Neff
1,0.4482050320845491,0.07142857100000011,-0.376776461084549,4.297895028279873e-105,1,2.60725984116536e-104,1.020372397098973,101.7556014128947
2,0.6753415043439904,0.07142857100000009,-0.6039129333439903,3.668114329647932e-131,1,2.225211905261888e-130,1.120520269533498,23.63945711554556
3,1.226642636627858,0.1418514132771563,-1.084791223350702,1.946113557649626e-161,1,1.180583446505922e-160,1.244660728017419,14
4,1.22685181015457,0.07142857100000011,-1.15542323915457,5.429182644865241e-222,1,3.293540160280366e-221,-nan,-nan
5,0.7547760486020506,0.07142857100000012,-0.6833474776020505,4.678204861636527e-148,1,2.837969653570422e-147,1.046046459253216,52.49878366152087
6,0.6711367519402425,0.07871537905997765,-0.5924213728802649,4.047418690427433e-91,1,2.455311761338431e-90,1.135186736705144,21.57464517469944
7,1.000859874530882,0.07142857100000011,-0.9294313035308822,5.488483119496429e-201,1,3.329513990504373e-200,-nan,-nan
8,0.997806829944157,0.07142857131475042,-0.9263782586294066,7.14663144829052e-146,1,4.33540722891847e-145,1.124225041819209,23.0734805511339
9,1.22685189481877,0.1428644294660379,-1.083987465352732,2.405685795611594e-162,1,1.459376723742451e-161,1,inf
10,0.8948351465389136,0.07142857100000014,-0.8234065755389135,1.685339059745473e-169,1,1.02238812728295e-168,-nan,-nan
11,1.22684954956967,0.2858867820390336,-0.9409627675306367,8.3623808993555e-90,1,5.072925176616969e-89,1.032291401094017,70.45408087325221
12,0.6723866369044182,0.1428620856093301,-0.5295245512950881,2.509466258774377e-76,1,1.522333736913189e-75,1.140437856399974,20.93697307394904
13,0.8228687382823867,0.1428569342846985,-0.6800118039976881,1.179142780442992e-112,1,7.153110064857733e-112,1.138181230346677,21.2052527528235
14,1.226843130233844,0.1428569786357607,-1.083986151598084,2.537261307025911e-150,1,1.539195226691938e-149,1.243801730810721,13.88621212534579
15,1.06984078859559,0.0714285711378265,-0.9984122174577631,7.44241790582595e-190,1,4.514842079518192e-189,-nan,-nan
16,0.6668617178325684,0.07142857105836921,-0.5954331467741992,7.793893215905872e-99,1,4.728059818691149e-98,1.184059588677504,17.01464739773797
17,1.19060804103476,0.310911731084797,-0.879696309949963,2.056194556391923e-63,1,1.247362594299821e-62,1.024587716119854,87.80362983742461
18,1.226319350437987,0.2857982554002112,-0.9405210950377756,2.907299642428308e-87,1,1.763673973901471e-86,1.400305018837386,10.09860314395332
19,1.226850762803919,0.2142845461677834,-1.012566216636136,1.848472829527954e-133,1,1.121351020488372e-132,1.378978141207996,10.43012804501154
20,0.968847175533272,0.1428571404266774,-0.8259900351065946,1.050737063710102e-109,1,6.37415416572376e-109,1.050958768889604,48.22602971314735
21,0.8984801599742436,0.28909477295081,-0.6093853870234336,5.886173690434311e-51,1,3.570767592091624e-50,1.066998088487886,38.33671844995268
22,1.226851899903011,0.2142858110393057,-1.012566088863706,9.905632060542969e-138,1,6.009117603588893e-137,1.146353092808567,20.27186636864225
23,0.9781629168783027,0.4957421290457573,-0.4824207878325454,1.472613472861015e-26,1,8.933410295239899e-26,1.029685419190573,75.46056477624907
24,0.7157626959095611,0.285719453792254,-0.4300432421173071,2.550023245476306e-35,1,1.546937083903015e-34,1.094247335517869,28.86954425641182
25,1.226851899999936,0.356975379877409,-0.8698765201225269,5.262044418110855e-105,1,3.192148017458602e-104,1.005525026018001,239.8132964899059
26,1.226851898142317,0.3571468654903714,-0.8697050326519454,1.097599974691049e-86,1,6.658441671669738e-86,1.496675885331832,8.959877384032005
27,0.9521602201573444,0.3572153318646475,-0.5949448882926969,9.147292063800586e-42,1,5.549080909708259e-41,1.037886512269853,61.76057924364544
28,1.226851899043438,0.5005009979335183,-0.72635090110992,3.490569366365801e-56,1,2.117506656594624e-55,1.111230218147455,25.21789600737452
29,1.226851898937058,0.1428571402671057,-1.083994758669952,1.588791120530935e-169,1,9.63818626863558e-169,-nan,-nan
30,1.226851899930798,0.2171903584461732,-1.009661541484625,2.143759573504365e-126,1,1.300482726621806e-125,1.13544968248595,21.54157551553934
31,0.8487796949952973,0.3579208615047725,-0.4908588334905247,1.296364181587182e-30,1,7.86421782741912e-30,1.0548693957262,45.32604888254147
32,1.22588922254111,0.5100313617282585,-0.7158578608128513,2.99372174218026e-34,1,1.816100770877625e-33,1.085687550154369,31.22968796965045
33,1.226851899997864,0.2142830161579541,-1.01256888383991,8.793685973784095e-145,1,5.334570561729731e-144,1.142366120811228,20.7142680555744
34,1.226851878669084,0.2142617938252112,-1.012590084843873,1.628314983123895e-126,1,9.877952430973904e-126,1.190801658500376,16.56518844938137
35,0.9015510631912349,0.2144177181121348,-0.6871333450791002,2.54102568651777e-64,1,1.541478836554778e-63,1.039311226844998,59.89763040856977
36,1.22685186951633,0.3570374319106263,-0.8698144376057034,1.001653791847793e-82,1,6.076397141046448e-82,1.495156282437597,8.974332048924198
37,1.183380866635597,0.3571963933387206,-0.8261844732968762,1.403445606952443e-54,1,8.513812799498582e-54,1.486690371816557,9.056551568693374
38,1.226848969192472,0.3572330959272965,-0.869615873265176,2.815207015189957e-76,1,1.707807228183844e-75,1.02662856159073,82.38461454920544
39,0.9626933409565055,0.3179297489917901,-0.6447635919647154,1.182872052600614e-54,1,7.175733189595227e-54,1.386159329326813,10.31436517215737
40,1.226851899957591,0.2854452272504601,-0.9414066727071307,2.378030017376728e-117,1,1.442599720234108e-116,1.449132312057198,9.459521901410957
41,1.22685168894489,0.4761848017233585,-0.7506668872215319,8.489374273226633e-57,1,5.149963987851226e-56,1.144634835242314,20.45962369859227
42,0.9674544776273046,0.2857952217497824,-0.6816592558775222,1.409293212587218e-55,1,8.549286507530538e-55,1.204601190169205,15.73603600865296
43,0.5626885527519532,0.2172791316520454,-0.3454094210999077,7.384301143750172e-30,1,4.479586332492798e-29,1.08130571994364,32.61936784162691
44,1.029372746086188,0.5745391093290421,-0.4548336367571458,5.750703699740708e-20,0.9999999999999926,3.488586556004329e-19,1.044833351778035,53.68370427084466
45,0.784653670031517,0.5792490449363135,-0.2054046250952035,1.547541345869353e-06,0.9993769186803888,9.387964622621584e-06,1.027384235119983,80.55133405957633
46,1.215679481835954,0.5635639682171916,-0.6521155136187626,4.183407461054903e-31,1,2.537807508250229e-30,1.085653541268049,31.23995562974816
47,1.226851078099477,0.5901194461236547,-0.6367316319758225,4.543841708018817e-36,1,2.756460065212701e-35,1.858858102453137,7.007825697336559
48,1.016738647786214,0.6758446365556454,-0.3408940112305687,9.683511464792478e-10,0.9999996511689713,5.874371156563782e-09,1.460041141432453,9.335563374650842
49,1.226851899997992,0.357148195636241,-0.8697037043617513,1.072294617304758e-93,1,6.504930146503379e-93,1.026681296917993,82.25383927650152
50,1.226851899738933,0.424470871731441,-0.8023810280074917,2.702356297457734e-74,1,1.639347867856547e-73,1.020974307011259,99.48632120501068
51,0.4202227794143236,0.3591146054010029,-0.06110817401332069,0.01586473618501385,0.859090545054819,0.0977927304318954,1.096904894314175,28.21759821546593
52,1.226851899975834,0.6422116850238654,-0.5846402149519688,3.689408203854404e-41,1,2.23812954580826e-40,1.565758508124066,8.386700189171345
53,1.226850761825082,0.2994059393218165,-0.9274448225032654,6.786239431219192e-84,1,4.116780290148697e-83,1.458992466741935,9.347218896709046
54,1.226851899642839,0.4116723026155437,-0.815179597027295,8.608983515434009e-73,1,5.222523315565732e-72,1.009864365557645,170.9623780843276
55,1.226851899418435,0.3797544603775324,-0.8470974390409021,3.085550109547135e-77,1,1.871807206921331e-76,1.010634249865433,162.7358085756408
56,0.8636030791337974,0.6352177228737613,-0.2283853562600361,2.184100424752721e-09,0.9999964328635148,1.324954960858238e-08,1.098906215875869,27.74869793869696
57,1.226844948532242,0.3578607620453432,-0.8689841864868985,1.315192988976133e-63,1,7.978440238714023e-63,1.495284803917333,8.973106021817223
58,1.22685189993052,0.6254387668411647,-0.6014131330893551,1.187242660866307e-41,1,7.202246893018943e-41,1.499427383844553,8.933933819272596
59,1.226310229244784,0.7721468955782822,-0.4541633336665016,2.168414974969372e-13,0.9999999991911738,1.3154395921771e-12,1.262652724389511,13.19140547849973
60,1.226788813152376,0.7765493904898753,-0.4502394226625008,1.048387667327165e-14,0.99999999993252,6.359901870588869e-14,1.248342638337632,13.70927884559215
61,1.225759160132148,0.5432554969460177,-0.6825036631861308,3.534289501036289e-33,1,2.144028884482151e-32,1.03426532660352,67.10419100325427
62,1.226850869170943,0.6058205299265162,-0.6210303392444263,5.340709059067693e-33,1,3.239868857064251e-32,2.024636612454535,6.592073257020004
63,0.9747680762462216,0.8733275129916078,-0.1014405632546138,0.005855421466232713,0.714525191626465,0.0357303379030743,1.080536901237004,32.87790122327832
64,1.031100399120412,0.622194180861077,-0.4089062182593352,2.58193508222457e-16,0.999999999993028,1.566295967697083e-15,1.088082512122087,30.52552239621188
65,1.226833404811456,0.8014644492442956,-0.4253689555671599,4.757687307233073e-15,0.9999999998187323,2.886186603290685e-14,1.32909494052227,11.37481303655074
66,1.226851899986723,0.3924724075712336,-0.8343794924154897,1.190028696067838e-78,1,7.219147998442011e-78,0.9992011658836422,594.0774401199986
67,1.223013823643699,0.8478591127055075,-0.3751547109381919,7.880563492767858e-10,0.9999930586686056,4.780637172719109e-09,1.204567771614584,15.73791106138025
68,1.226851848297245,0.9596310560293476,-0.2672207922678972,1.544205790574698e-16,0.9999997866271444,9.367715399675044e-16,1.178568612085005,17.40526968322642
69,0.5365068043707656,0.7280881531669292,0.1915813487961636,0.999734132429283,1.074189309517117e-06,22811.17539337291,1.1497946483698,19.90839319058022
70,1.226851899977088,0.6456414312505119,-0.581210468726576,5.875568494867489e-38,1,3.564334093756477e-37,1.515661959726783,8.786629396745212
71,1.226718890789573,0.77364704455156,-0.453071846238013,9.464828707926484e-16,0.9999999999794194,5.741710216585315e-15,1.269969993404197,12.94767336443149
72,0.8099846701304567,0.8269594296178301,0.01697475948737337,0.3547308276122477,0.1397995957593101,3.334928492242581,1.44315420146796,9.530087816949145
73,1.226851670589336,0.8369510626901728,-0.3899006078991629,2.637646480964128e-19,0.9999999999547071,1.60009253361436e-18,1.271027160197908,12.91354201841982
74,1.226571096995756,0.5130067875894861,-0.7135643094062694,5.41436337070578e-35,1,3.284550248210167e-34,1.075145852834438,34.83030985444708
75,0.7053019368028839,0.7769933167718476,0.07169137996896369,0.8373199839950463,0.02673854016287199,31.22380034881137,1.260949665898122,13.25008167679057
76,1.016913941910179,0.9999998507201739,-0.01691409119000475,0.0004527498668797668,0.07484575069241443,0.002747789843179734,1.150663652327908,19.81916838872472
77,0.4525413620281452,0.3535063279504928,-0.09903503407765241,8.212187289044356e-08,0.999080947825466,4.981812665108304e-07,1.144630969646379,20.46005098326911
78,1.000019260749722,0.988512808337112,-0.01150645241261028,0.001608680568619912,0.08057271136310942,0.009774567069276343,1.159214138079181,18.99184840306043
79,1.001856691246579,0.8567484088036142,-0.1451082824429643,4.79487737385549e-06,0.9934603471241017,2.908761400944242e-05,1.123189975534777,23.22830312389176
80,0.9963923404322774,0.9990372453440441,0.002644904911766721,0.02428092107032605,0.005958359159965117,0.1509624277186926,1.145697838952115,20.34295987184053
81,1.226570431390726,0.6459562644535017,-0.5806141669372238,8.003310718235579e-21,1,4.855100111734305e-20,2.295363122525449,6.156895648728359
82,1.226851822725916,0.8099191318737006,-0.4169326908522156,9.742737169406061e-20,0.9999999999998987,5.910299622880265e-19,1.400204236855138,10.10008581020477
83,1.226851885563999,0.8244413519468059,-0.4024105336171935,3.981050929810855e-21,0.9999999999987889,2.415050657736528e-20,1.304075679690046,11.96581312813236
84,1.226851896837311,0.9999922090957926,-0.226859687741518,4.278224505122625e-18,0.9999999860068789,2.595326984558778e-17,1.454896670224894,9.393266309782348
85,1.062087778370248,1.000000132519112,-0.06208764585113591,4.422874712625204e-05,0.2737204873938049,0.0002683195749293048,1.157307817860902,19.16870956131842
86,1.226687526628519,0.7977365235081295,-0.4289510031203896,4.904663125978796e-13,0.9999999927082197,2.97534749422052e-12,1.296655251709904,12.16026866601837
87,1.226846596690117,1.00000705525457,-0.2268395414355464,5.386577770439957e-09,0.9999455218809968,3.267694507525749e-08,1.494134959575911,8.984098128522982
88,0.8245713198966065,0.6017147705933625,-0.2228565493032439,2.359964087499974e-08,0.9999278851485807,1.431640302207025e-07,1.022302397823256,94.83308588763948
89,0.8343760263313129,0.6508832162308709,-0.183492810100442,3.961212496053714e-05,0.9965331790793914,0.0002403111132775901,1.10190875950735,27.07821435291247
90,1.00390767324828,1.018087165079702,0.01417949183142198,0.08022386742687919,0.01788528395832563,0.5291148738698103,1.936546067012391,6.793341375862319
91,1.000479712573616,1.000007289452701,-0.0004724231209152219,0.002199174288519784,0.003484129851131377,0.01337039696697551,1.139567387666202,21.03946259777578
92,0.497282775050537,0.9998693429978512,0.5025865679473143,1,1.129561897749665e-25,inf,-nan,-nan
93,1.223752389726118,0.9999955906813373,-0.2237567990447805,1.532293296327277e-08,0.9863369286857393,9.295450008271576e-08,1.107821548252329,25.86243337472419
94,1.22685187187699,0.9999991802189431,-0.226852691658047,1.043655784997001e-16,0.9999998760056318,6.331196546956236e-16,1.091041330686822,29.70415091574758
95,0.9117305954299356,0.8745162050430327,-0.03721439038690288,0.09018497295669731,0.3226127002676269,0.6013254501643029,1.207044298645504,15.60057189065609
96,1.226845786352848,1.000000021980571,-0.226845764372277,1.981465656845411e-11,0.9999729378819847,1.202029318969057e-10,1.491274296081605,9.011673479822857
97,0.9609523270080114,1.000000051940361,0.03904772493234954,0.2578166466125123,1.39615534192964e-06,2.107309171803859,1.161744570159437,18.76336398576498
98,1.023933057848641,1.011507670525668,-0.01242538732297227,0.05025107869200025,0.1050402864632685,0.3209704795574507,2.023717019254798,6.593981859201498
99,1.226845704310752,0.8388978205171977,-0.3879478837935544,3.515134973123735e-16,0.9999999981541986,2.132409049406079e-15,1.300262089573241,12.06455071074137
100,1.00228492913674,1.06715041387007,0.06486548473333054,0.2962810070726371,0.01538709207196602,2.554071499966379,1.590300817529187,8.216255795780588