Codon,alpha,beta,beta-alpha,Prob[alpha<beta],Prob[alpha>beta],BayesFactor,PSRF,Neff
1,1,0.0443287936410431,-0.9556712063589569,1.809520770810252e-41,1,1.457284359663754e-40,0.9970303979297002,1221.331455147227
2,1,0.03893826623980348,-0.9610617337601965,1.099857065801381e-47,1,8.857618689507119e-47,0.9967418369381247,1421.596992336134
3,1,0.02431737988480965,-0.9756826201151904,4.336663131158512e-52,1,3.492500034325629e-51,0.9976716563473413,930.4526607830645
4,1,0.02156583886621764,-0.9784341611337823,8.782915384385706e-54,1,7.073256869101503e-53,0.9987235337797736,669.5457654499455
5,1,0.03014739258239157,-0.9698526074176084,9.219767527180228e-45,1,7.425072557238088e-44,0.9967088301611312,1448.783396623305
6,1,0.05388150587797687,-0.9461184941220231,3.796196968267923e-40,1,3.057239550548331e-39,0.9972765686816744,1090.394344810845
7,1,0.03051562430793026,-0.9694843756920697,5.011433390204453e-44,1,4.035921342738465e-43,0.9967120603691456,1446.076862635779
8,1,0.2672298822143749,-0.7327701177856251,4.113281307436048e-20,1,3.312601111254329e-19,0.9969551654143245,1267.883372878475
9,1,0.0242743292171419,-0.9757256707828581,2.692479934793552e-52,1,2.168369084774972e-51,0.9976742889819056,929.5446611222638
10,1,0.02575252624489414,-0.9742474737551059,5.497432115013114e-46,1,4.427316872375332e-45,0.9976047022351063,954.1592126194394
11,1,0.1346226696523603,-0.8653773303476398,1.096569647491449e-30,1,8.83114370583179e-30,0.9962330116284203,2000.795960049581
12,1,0.3313406527854356,-0.6686593472145644,2.27643361739618e-19,1,1.833309216427946e-18,0.9980123685831229,826.0741918229087
13,1,0.4606996372368357,-0.5393003627631643,4.301512713255665e-12,0.9999999999926377,3.464191901562079e-11,0.9978263930634316,879.9431097441687
14,1,0.1807135107940428,-0.8192864892059573,1.036856534113162e-26,1,8.350248500887325e-26,0.9961117382758129,2216.20824027478
15,1,0.1339081976156563,-0.8660918023843437,6.239483770563422e-31,1,5.024922762918299e-30,0.9962548155938603,1966.438830629701
16,1,0.1505796467812335,-0.8494203532187665,2.420213054341676e-29,1,1.949100937684681e-28,0.9960508713545421,2342.840834826869
17,1,0.4361539994494684,-0.5638460005505317,8.783982655901502e-13,0.9999999999984872,7.074116388441549e-12,0.9974690931471717,1006.093763933474
18,1,0.5002159424087479,-0.4997840575912521,3.536972178880328e-10,0.9999999994076296,2.848474757415046e-09,0.9980092115139674,826.9333302058217
19,1,0.1697606763707352,-0.8302393236292649,1.078832363296888e-26,1,8.688297780785733e-26,0.9961490660260808,2145.11321695485
20,1,0.2141420899973893,-0.7858579100026107,3.258867981127542e-23,1,2.624505568388502e-22,0.996106344072678,2226.87440103977
21,1,0.1155960694628651,-0.884403930537135,1.605771206212072e-33,1,1.293196133340563e-32,0.9972756241447661,1090.842897731386
22,1,0.5408005751242302,-0.4591994248757698,2.391308191329632e-08,0.9999999605522534,1.925822663053923e-07,0.998098143942877,803.3993377535126
23,1,0.1136845208103227,-0.8863154791896772,3.505553119538677e-37,1,2.823171646041242e-36,0.9972393120190278,1108.372535099317
24,1,0.375610147484368,-0.6243898525156319,1.747961490298597e-17,1,1.407708041928745e-16,0.9975060037899708,991.4040449106768
25,1,0.4713996171216565,-0.5286003828783435,4.631930444464135e-12,0.9999999999920457,3.730291412337176e-11,0.9978933672007885,859.7492184191402
26,1,0.05537988439921086,-0.9446201156007892,7.93924922351851e-45,1,6.393816477566891e-44,0.9973580535965187,1053.043350168306
27,1,0.1179705425709471,-0.8820294574290529,1.551434844094739e-32,1,1.249436740272553e-31,0.9971683763447554,1144.300609474385
28,1,0.5296274467603656,-0.4703725532396344,5.565666148847312e-08,0.9999999099684562,4.482268903501546e-07,0.9981252108442296,796.5014778170598
29,1,0.1485551362224073,-0.8514448637775928,2.052420077082412e-28,1,1.652901545005648e-27,0.9960859781088499,2268.089105544486
30,1,0.1228460573217457,-0.8771539426782543,2.479852131654924e-32,1,1.997130833773941e-31,0.9968561751397799,1334.846569010052
31,1,0.1114104199738114,-0.8885895800261886,7.605665982530054e-34,1,6.125167646572401e-33,0.9975042762627289,992.0819562544759
32,1,0.3824045257211545,-0.6175954742788455,3.677378289800423e-19,1,2.961549794144446e-18,0.9972320632467381,1111.939782508859
33,1,0.4346426947651346,-0.5653573052348654,5.300615989300054e-12,0.9999999999910116,4.268812440529609e-11,0.997536780451673,979.4807405466507
34,1,0.6325763512167742,-0.3674236487832258,4.094863449868188e-06,0.9999933249839673,3.297781927912239e-05,0.9979270730553145,849.9343766693108
35,1,0.6711068449743227,-0.3288931550256773,0.0001480155630549735,0.999771499339962,0.001192209010824605,0.9979862936809131,833.2242251492409
36,1,0.5369035662201218,-0.4630964337798782,1.462011459258601e-08,0.9999999758204329,1.177420286489367e-07,0.9980804141774896,807.9831176836383
37,1,0.6390706458825975,-0.3609293541174025,3.242524582271771e-05,0.9999490754502414,0.0002611428207480332,0.9980398874977553,818.6606841415614
38,1,0.3776112428782002,-0.6223887571217998,2.283511205497943e-16,0.9999999999999998,1.839009100403427e-15,0.9975566387432689,971.9389884463835
39,1,0.3412247447787849,-0.6587752552212151,1.187139239310662e-16,1,9.560539310172773e-16,0.9981548293404496,789.0884427751155
40,1,0.155126271965781,-0.844873728034219,3.813780541199219e-32,1,3.071400352807767e-31,0.9959992496374878,2462.178967451482
41,1,0.2628242005809719,-0.737175799419028,1.678762252133059e-20,1,1.351978939999657e-19,0.9968216522401042,1359.899918687044
42,1,0.3251314805824151,-0.674868519417585,4.128486642678986e-17,1,3.324846617131035e-16,0.9981405254948088,792.6510778249866
43,1,0.1228204881328041,-0.8771795118671959,3.116933736256052e-32,1,2.510199859115382e-31,0.9968631654690888,1329.885942979715
44,1,0.3730096473112273,-0.6269903526887727,1.058025211941036e-15,0.9999999999999991,8.520728904378412e-15,0.9977239012231606,912.7600158802668
45,1,0.5047628739122404,-0.4952371260877596,2.880658914889368e-11,0.9999999999504776,2.319917654460219e-10,0.9978562277231851,870.8309715422239
46,1,0.8703736037719342,-0.1296263962280658,0.06974921754622973,0.9035597386260867,0.6038374261324769,0.9973184697288597,1070.861621785216
47,1,0.2874851195204081,-0.7125148804795919,1.689385213137644e-21,1,1.360534064193323e-20,0.9973341690730804,1063.722797725635
48,1,0.4403577396675192,-0.5596422603324809,1.464566185289125e-11,0.9999999999753386,1.179477699274949e-10,0.9976419093429655,940.8375983883847
49,1,0.4556787006826922,-0.5443212993173078,1.242317883730005e-11,0.9999999999789682,1.000491650008611e-10,0.9978119245181117,884.4314244393653
50,1,0.2246613002544477,-0.7753386997455523,1.736996767346967e-22,1,1.398877682242792e-21,0.9961322243380554,2176.616142459129
51,1,0.3806028698612609,-0.6193971301387391,4.828713985393514e-15,0.999999999999992,3.888769602270303e-14,0.9976186006234191,949.1389580898401
52,1,0.610620261026074,-0.389379738973926,1.096802167769214e-06,0.9999981931061839,8.833025979017897e-06,0.9980774707004457,808.7492033077909
53,1,0.8421373477923566,-0.1578626522076434,0.04714098420350782,0.9348310056321137,0.398428805277655,0.9976514434511004,937.4839041580282
54,1,0.3929774074612221,-0.607022592538778,1.195111987791121e-14,0.9999999999999793,9.62474725877191e-14,0.9973984190395508,1035.475790100769
55,1,0.6940716924210797,-0.3059283075789203,0.0002862166152573615,0.9995598637649676,0.002305684568325026,0.9979756551049744,836.1772843366964
56,1,0.7101462481132526,-0.2898537518867474,0.0003410542485384806,0.9994727994245842,0.002747592602672698,0.9979588627020074,840.8815554781366
57,1,0.2789861264520419,-0.7210138735479581,4.615886600919786e-22,1,3.717370619896165e-21,0.9971054309099311,1178.196971323697
58,1,0.7701238646796018,-0.2298761353203982,0.00382742849430126,0.9942914930872278,0.03094234593985153,0.9978811117763293,863.3745704046147
59,1,0.9466956079675913,-0.05330439203240867,0.2730485974463857,0.6504127337666437,3.024929815114427,0.9972629338372802,1096.905533038979
60,1,0.7900233019852952,-0.2099766980147048,0.006207741980763512,0.9907715050367638,0.05030588338346336,0.9977375653205802,908.2435884807138
61,1,0.9653005197273465,-0.03469948027265346,0.3520761819770731,0.5610677694658845,4.376162417580808,0.9972370271475901,1109.494479090959
62,1,0.8969218693278223,-0.1030781306721777,0.1184884643145962,0.8398273798996343,1.082502235994236,0.9972342477740063,1110.862315377076
63,1,0.6742063770993318,-0.3257936229006682,3.08423333648597e-05,0.9999506183143607,0.0002483941441127203,0.9977777242395111,895.2258080540789
64,1,0.864889398373216,-0.135110601626784,0.06751281286338839,0.9070898037148378,0.5830745168154516,0.9973977745770481,1035.751646342742
65,1,0.9037207878824353,-0.09627921211756474,0.1259864457140443,0.8289185428201844,1.160877482947244,0.9972356753756517,1110.159315450099
66,1,0.4303051908156142,-0.5696948091843858,2.568666385707216e-12,0.9999999999956231,2.068656745740825e-11,0.9974627704949172,1008.654005490597
67,1,0.8779807784447595,-0.1220192215552405,0.09183080332438021,0.8756314403062186,0.8143335866827623,0.9973525093943493,1055.503096551322
68,1,1.046974617118033,0.04697461711803297,0.6880390049131118,0.2250599107029904,17.76206656864245,0.9975808594545356,962.8968254655209
69,1,0.533829972787224,-0.466170027212776,1.835123757244194e-10,0.9999999996821739,1.477903538389692e-09,0.9979293899751174,849.2679714324435
70,1,0.7744823032326807,-0.2255176967673193,0.003598941036107184,0.9945993877667828,0.02908849702325513,0.9978108591797668,884.7637232935165
71,1,0.6804879582837005,-0.3195120417162995,0.0003220181141025563,0.9995100681403007,0.002594184778265754,0.9980419606054094,818.1076061760621
72,1,0.8249019666936496,-0.1750980333063504,0.01963295759728478,0.971586269989025,0.1612789758772059,0.9975617495961608,970.0168228075762
73,1,0.8992295282140684,-0.1007704717859316,0.1235777097555111,0.8332298227863166,1.135553130741441,0.9972343510522923,1110.811427637678
74,1,0.5045828151732916,-0.4954171848267084,1.975291775157317e-09,0.9999999967392108,1.590786832530401e-08,0.9980711902941345,810.3886658297076
75,1,0.4062251936320972,-0.5937748063679027,8.414485537244772e-13,0.9999999999985653,6.776544577912349e-12,0.9974323884295939,1021.141356516593
76,1,0.9286221183111827,-0.07137788168881731,0.2012396570267519,0.7348685620568133,2.028980181425406,0.9972694702557161,1093.774420196917
77,1,0.7780857747602133,-0.2219142252397867,0.003745313765146184,0.994371090104752,0.03027600447532151,0.9977721695446042,897.0040243924352
78,1,0.867639327821637,-0.132360672178363,0.05920777529142422,0.9170360031388425,0.5068340160374072,0.9972892786525411,1084.394287422122
79,1,0.8312066694069145,-0.1687933305930855,0.03503299912527851,0.9509858361376965,0.2923786035839125,0.9977022122142363,920.0222941354408
80,1,0.5624312904400254,-0.4375687095599746,7.140738162802589e-08,0.9999998817419808,5.750741827361375e-07,0.9981764683364364,783.7595989998003
81,1,0.6826283772182016,-0.3173716227817984,8.98260011275242e-05,0.9998588563567153,0.0007234721375292575,0.9978734472528606,865.657509339235
82,1,0.7861958064335735,-0.2138041935664265,0.007971064932569627,0.9883325714161477,0.06471019947062756,0.9978664797440927,867.7433843010913
83,1,0.9607767730057921,-0.03922322699420788,0.3353995200900669,0.5814380492308999,4.064269682188534,0.9971786860860613,1138.934376074001
84,1,1.03893750895913,0.03893750895912973,0.6636385437015164,0.2456401164282798,15.8893491692641,0.9975434935545686,976.9181369790754
85,1,0.5757635546614934,-0.4242364453385066,8.573952266472717e-07,0.9999986163929524,6.904975865921284e-06,0.9981951499224991,779.2168788730633
86,1,0.9779134909707592,-0.02208650902924081,0.4074771385890598,0.5001752644071394,5.538330485505647,0.9972359777956397,1110.010508074352
87,1,1.025462762451304,0.02546276245130352,0.612400671656639,0.2931550637267598,12.72428458660563,0.9973609047879183,1051.782862099391
88,1,0.8817732720772868,-0.1182267279227132,0.09699036690572342,0.8687254310103778,0.8650016785410612,0.9973225016256532,1069.019072213559
89,1,0.7662128975931614,-0.2337871024068386,0.004331925050462726,0.9935928422939678,0.03503862726299783,0.9979597193708618,840.6402791538474
90,1,1.05246854228597,0.05246854228596964,0.7106473210739643,0.2038436828313762,19.77913737877901,0.9978347821062465,877.361620106443
91,1,0.9952192558942219,-0.004780744105778112,0.4812133054840618,0.4281415248713037,7.47015355580024,0.9969036435611084,1301.872595917035
92,1,0.9893128330467696,-0.01068716695323035,0.459565173137619,0.4431911748767291,6.848327367664114,0.9973341188672391,1063.745475141527
93,1,1.119636583889547,0.1196365838895468,0.8743123715396891,0.07462045080268319,56.02151162254998,1.000851398776401,427.9495887647229
94,1,1.293979294080688,0.2939792940806876,0.9960778618648749,0.001445789834936653,2045.27228789932,1.006910099817341,212.3910907184631
95,1,1.18075616835196,0.1807561683519596,0.943569916815831,0.03010237324428609,134.6617105836,1.00416909337773,274.6729392611122
96,1,1.211243319697144,0.2112433196971444,0.9717432701786551,0.01320045240731388,276.9557421060285,1.005914199080121,231.4060234864941
97,1,0.531211625352473,-0.468788374647527,1.034239192779023e-10,0.9999999998202507,8.329169934143074e-10,0.9978935535848891,859.6943190485869
98,1,1.068655629752348,0.06865562975234751,0.7416041125788529,0.1825435300400874,23.11358245808668,0.997852267482685,872.0295887367333
99,1,0.7916470674040947,-0.2083529325959053,0.005935089742131859,0.9911467350670081,0.04808319056549114,0.9977038209155084,919.4796598717157
100,1,0.9601480886780326,-0.03985191132196741,0.3233612949887751,0.5895376303418342,3.848681126021701,0.9973605797752207,1051.926394565744