Codon,alpha,beta,beta-alpha,Prob[alpha<beta],Prob[alpha>beta],BayesFactor,PSRF,Neff
1,1,0.05942810477701557,-0.9405718952229845,2.277029855001228e-17,1,2.046532748357656e-16,0.997943921335629,845.1121999858103
2,1,0.08117205723594181,-0.9188279427640582,4.456671072960952e-16,0.9999999999999997,4.005535228025337e-15,0.9981438035520338,791.8317655043998
3,1,0.0420225581049193,-0.9579774418950807,1.007615823299306e-18,1,9.056178054126911e-18,0.9981678556513237,785.8718815784193
4,1,0.04171623110133262,-0.9582837688986674,6.762650406070857e-19,1,6.078086983058351e-18,0.9981887676690259,780.7628612240646
5,1,0.02143592805709382,-0.9785640719429062,2.185907260879537e-20,1,1.964634229295313e-19,0.9993923035585839,568.4619568430037
6,1,0.1305027092743826,-0.8694972907256173,5.207954381563476e-14,0.9999999999999142,4.68076831334177e-13,0.9976003401088538,955.7458733836424
7,1,0.02143592843769043,-0.9785640715623096,2.186297129155972e-20,1,1.964984632340542e-19,0.9993922805027822,568.4649126256754
8,1,0.2963876581767651,-0.703612341823235,4.309048606523544e-10,0.9999999992977612,3.872856155990358e-09,0.9974298492975577,1022.199033519454
9,1,0.02143592785681742,-0.9785640721431825,2.185903775705362e-20,1,1.964631096915179e-19,0.9993923034195702,568.461974664645
10,1,0.04175487730757287,-0.9582451226924271,7.187660104836656e-19,1,6.460074186688302e-18,0.9981858777466568,781.4649206060636
11,1,0.2454344470318011,-0.7545655529681988,4.401509737641201e-11,0.9999999999284475,3.955957714348657e-10,0.9980250288996765,822.6468595199982
12,1,0.6743644641467065,-0.3256355358532935,0.003666572192574075,0.9946064363156986,0.03307543103883513,0.9977604537821563,900.7779328699245
13,1,0.2074549216088195,-0.7925450783911805,2.403037564853764e-11,0.9999999999612422,2.159785064444132e-10,0.9980957090076896,804.0257581190107
14,1,0.04193836036782406,-0.9580616396321759,9.032507253864048e-19,1,8.118172826856012e-18,0.9981734954758221,784.4874098778738
15,1,0.2781439508699961,-0.7218560491300039,3.343648851136221e-10,0.9999999994579521,3.005181008108943e-09,0.9976935733182845,922.947332284611
16,1,0.5393076321663153,-0.4606923678336847,0.0001130674246865663,0.9998264199475553,0.001016334297131763,0.9976465516314367,939.2016344424026
17,1,0.1273199602695869,-0.8726800397304131,2.262644521360878e-14,0.9999999999999625,2.0336036001841e-13,0.9975537486360955,973.0293317673194
18,1,0.2049819111743388,-0.7950180888256613,1.534519547234206e-11,0.9999999999751896,1.379184598550756e-10,0.9981075480458942,800.9891836993928
19,1,0.3581001913391636,-0.6418998086608364,1.743571189380898e-07,0.9999997239228208,1.567074824459578e-06,0.9971229183894069,1168.579434132686
20,1,0.3270676808720053,-0.6729323191279948,1.796800659733369e-08,0.9999999712726169,1.614915786198665e-07,0.9970897237412234,1186.971795289269
21,1,0.1049914639401775,-0.8950085360598226,5.302659342606214e-15,0.9999999999999917,4.765886566745301e-14,0.9976012734392682,955.4059425189397
22,1,0.2222852338072843,-0.7777147661927157,6.27774893877016e-13,0.9999999999989584,5.642270680356007e-12,0.9982124240106038,775.063245399109
23,1,0.4546582579996644,-0.5453417420003357,2.374362788379376e-05,0.9999634321177112,0.0002134063622516567,0.9976338100254608,943.7055778104504
24,1,0.2921649494471662,-0.7078350505528338,7.69412981233256e-10,0.9999999987542116,6.915275444713233e-09,0.9974773581899068,1002.766594917041
25,1,0.6755380129210838,-0.3244619870789162,0.0027147608898784,0.9959640022852725,0.02446595465944581,0.9976284956283251,945.596970815865
26,1,0.4050911424160811,-0.594908857583919,7.644477679600393e-07,0.9999987852645473,6.870654699838404e-06,0.9973545842127952,1054.581231339363
27,1,0.3601596797004053,-0.6398403202995947,5.024965627800412e-08,0.9999999192743895,4.516303205613812e-07,0.9970459781318453,1212.116129881163
28,1,0.4148291302528257,-0.5851708697471742,5.787539036376561e-07,0.9999990726721097,5.201686310488192e-06,0.9973641497280034,1050.351980574558
29,1,0.4173000422223671,-0.5826999577776329,1.886463252465893e-06,0.9999970228987166,1.695505265055793e-05,0.9974498927669476,1013.909263791747
30,1,0.299902545310909,-0.700097454689091,2.033178541048165e-09,0.9999999967234519,1.82736579708607e-08,0.9973497752223853,1056.720392968663
31,1,0.04210347218516365,-0.9578965278148364,1.119922411724046e-18,1,1.006555924674826e-17,0.9981625050841434,787.1898925283115
32,1,0.2714878892387729,-0.7285121107612271,2.018201416496967e-09,0.999999996783836,1.813904763219028e-08,0.9976700322344358,931.0137086546639
33,1,0.2873194715257665,-0.7126805284742335,4.273770798614394e-09,0.9999999931915943,3.841149432673754e-08,0.9974845821043461,999.8765793895739
34,1,0.2250214585525263,-0.7749785414474737,5.492345956232486e-11,0.9999999999114617,4.936371756685123e-10,0.9980412003679344,818.3103403787524
35,1,0.7791930790482107,-0.2208069209517893,0.02611539468157907,0.9628489351882698,0.2410122219711046,0.9988730287254624,643.930003966172
36,1,0.7055656864119011,-0.2944343135880989,0.007752035451253944,0.9887537534435731,0.07021752331984063,0.9980561171967569,814.3507878769751
37,1,0.5563643691581361,-0.4436356308418639,0.000178887503263139,0.9997266684743977,0.001608080083681058,0.9976648743904929,932.7999929501491
38,1,0.4411878598125105,-0.5588121401874895,5.270196628141233e-06,0.9999917233336987,4.736734921931749e-05,0.9975385932129256,978.7874230823334
39,1,0.106064769890233,-0.8939352301097669,7.693995093230617e-15,0.9999999999999873,6.915154357513334e-14,0.997605601714727,953.8326973334471
40,1,0.4872535500031704,-0.5127464499968296,2.469248318581376e-05,0.9999615801701968,0.0002219348297396982,0.9975807376519296,962.9418746932388
41,1,0.2045850211020228,-0.7954149788979772,1.447814400920562e-11,0.9999999999765861,1.301256361906178e-10,0.99810914073492,800.5824353273102
42,1,0.105890249243226,-0.894109750756774,7.316428084799367e-15,0.9999999999999879,6.575807358721532e-14,0.9976054794688305,953.8770599883384
43,1,0.3659092826267418,-0.6340907173732582,1.801858820814487e-07,0.9999997138303446,1.619462187138911e-06,0.997136691180796,1161.115023115055
44,1,0.08168408003466977,-0.9183159199653302,5.79772307990915e-16,0.9999999999999997,5.2108364424307e-15,0.9981443951978556,791.684071765849
45,1,0.878127918325428,-0.121872081674572,0.1263556192235306,0.8319998043281591,1.299899708063591,0.9991332700376405,603.7450813944175
46,1,0.7189225924832281,-0.2810774075167719,0.01098748674480811,0.9841989876784867,0.09984965104154563,0.9982383682097599,768.9077783849743
47,1,0.3741672925831302,-0.6258327074168698,6.904680703235084e-07,0.9999989166491599,6.205744251380971e-06,0.9972469811695035,1104.623329724883
48,1,0.3530892029221344,-0.6469107970778656,4.956873988990519e-08,0.9999999206073552,4.455104279162501e-07,0.9970450676026287,1212.650847031249
49,1,0.2290007560709857,-0.7709992439290143,1.064584034395609e-10,0.9999999998289975,9.568192903645937e-10,0.9980098224999785,826.7669215188246
50,1,0.7097439818620472,-0.2902560181379528,0.006499482348127031,0.9904781623320948,0.05879774150168002,0.9979636075232396,839.5469471271954
51,1,0.5771569593492536,-0.4228430406507464,0.0004451551684321875,0.99932924035935,0.004002715889868213,0.9976854805858623,925.7044378296538
52,1,0.968557339971919,-0.03144266002808105,0.3424653465590329,0.5763346212151841,4.681100446999051,0.9974423932161474,1016.995150974635
53,1,0.678621388245693,-0.321378611754307,0.00626022264713932,0.9909536634567383,0.05661963677467321,0.9979841314250603,833.8227270925586
54,1,0.4331445551352934,-0.5668554448647065,3.387287139465866e-06,0.9999946629917231,3.044412230780877e-05,0.9975103292270197,989.7107415422953
55,1,0.7641973527845959,-0.2358026472154041,0.017088941391402,0.9752961805565125,0.1562611127864317,0.9985970906660807,692.8678672680343
56,1,0.1055723933690516,-0.8944276066309484,6.431603568309256e-15,0.9999999999999897,5.780551053421228e-14,0.9976029542054239,954.7943978302577
57,1,0.5504476402433542,-0.4495523597566458,0.0002167053504175484,0.999670713062307,0.001948111149632104,0.9976758231808089,929.016333737334
58,1,0.7791017810751394,-0.2208982189248606,0.0248174856158989,0.9645735138980008,0.2287293243118186,0.998854203708281,647.0466410460501
59,1,0.9422732927713688,-0.05772670722863116,0.2654965723930701,0.6650177916857468,3.248740821737475,0.9978815697380309,863.2385457230893
60,1,0.6163700312717373,-0.3836299687282627,0.000958785113078188,0.9985650342693191,0.008625570928020587,0.9976340139409368,943.6331556498803
61,1,0.4401249574213368,-0.5598750425786632,1.206304474993652e-05,0.9999813154910546,0.0001084206861865394,0.9975976690521764,956.7200497178835
62,1,0.8883347762584318,-0.1116652237415682,0.1373467184063181,0.8171584384592576,1.430974788828722,0.9991579483239854,600.1947440044667
63,1,1.127364316517132,0.1273643165171323,0.6936728981264658,0.2401480691082576,20.35257100164648,0.9973238061632236,1068.424269049972
64,1,0.7618918557464722,-0.2381081442535278,0.01760933576140153,0.9746308789855368,0.1611048895017066,0.9986019694330677,691.9377266251141
65,1,0.898273090753084,-0.101726909246916,0.1463314201735702,0.8041317269579983,1.540629694059784,0.9992204918214027,591.3823345945386
66,1,0.6983515648101097,-0.3016484351898903,0.004212569334197932,0.9937604378296003,0.03802160060879443,0.9977577526303892,901.6525621961914
67,1,0.8435629835337091,-0.1564370164662909,0.07890072429284495,0.8924962899110774,0.7698826328931133,0.9993530714083857,573.5367403346224
68,1,0.9075103506562525,-0.09248964934374748,0.1797382480944025,0.7659210344381933,1.969418516188744,0.998692854991737,675.0581434850636
69,1,0.4173206253926088,-0.5826793746073913,2.959804440140407e-06,0.9999953584579083,2.660199922615263e-05,0.9974779478056519,1002.530083556878
70,1,0.6352201068039638,-0.3647798931960362,0.0007127251976031616,0.9989181550059104,0.006410349814828372,0.9974544055173632,1012.061415772986
71,1,0.7967680571602477,-0.2032319428397523,0.03161295902980889,0.955019037503878,0.2934040829835177,0.9990730529677987,612.5882121622932
72,1,0.9162673968907982,-0.08373260310920183,0.1937797301234827,0.7474954253263235,2.160252953197594,0.9986625008032194,680.6027748956375
73,1,0.8543650194954703,-0.1456349805045297,0.08740870000915391,0.880956393093695,0.8608516391194895,0.999418427098973,565.1326486911039
74,1,0.8281122196874294,-0.1718877803125706,0.05432356231933357,0.9241052647820055,0.516292298592673,0.9994194606282948,565.0017379027287
75,1,0.2504440861970199,-0.7495559138029801,4.805219707259875e-10,0.9999999992312715,4.318801300337405e-09,0.9978769458847477,864.6139117375833
76,1,0.2506994920872484,-0.7493005079127516,5.028781255297979e-10,0.9999999991957441,4.519732363572496e-09,0.9978736069138092,865.6098294028228
77,1,0.9068663702816731,-0.09313362971832695,0.1765534993800581,0.7693466603827133,1.927040824682163,0.9987580550822738,663.4502196134866
78,1,1.024525795798675,0.02452579579867487,0.4835723091880116,0.4381257514809745,8.415925387697012,0.9964830815195144,1666.892639657182
79,1,0.8200525604126263,-0.1799474395873737,0.05585006819251566,0.9228040443832317,0.5316584433024931,0.9992841540037082,582.6757761446091
80,1,0.9309130813064164,-0.06908691869358363,0.2342619807956113,0.7007110370556773,2.749613011787811,0.9981924844044906,779.8618023413775
81,1,0.5117295677618984,-0.4882704322381016,9.760679885596335e-05,0.9998508498993873,0.0008773491014248035,0.9976509147201532,937.6692604167484
82,1,0.9401540994454594,-0.05984590055454064,0.2614144150720573,0.6707289383373506,3.181109938758798,0.9978501867827422,872.6606679525883
83,1,0.4885118842971689,-0.511488115702831,6.401805235253813e-05,0.9999020600141451,0.0005754137487590297,0.9976561106802667,935.850907694293
84,1,0.9056336877070426,-0.09436631229295744,0.1662312567012356,0.7802633371014972,1.791913542896453,0.9989800525641771,626.7698255912179
85,1,0.9055292313075636,-0.09447076869243642,0.1687330893557978,0.7777826548389728,1.824356626600158,0.9989154448089206,637.0171557836973
86,1,0.8145400261956025,-0.1854599738043975,0.04508140825532377,0.9367332330264254,0.4243078815655956,0.9992865761895682,582.3496055403173
87,1,0.8603023137417567,-0.1396976862582433,0.08873911123362446,0.878485479421616,0.8752302462983687,0.9995186976920868,552.7101434077581
88,1,0.3549893653706345,-0.6450106346293656,6.320226477150725e-08,0.9999998989615075,5.68044870013883e-07,0.9970599771026634,1203.954238698177
89,1,0.7067354540101357,-0.2932645459898643,0.006029726015921626,0.9911534734919341,0.05452229848462272,0.9979266801440946,850.0474921496373
90,1,1.584815236952042,0.5848152369520416,0.9965022981947559,0.002080115404376399,2560.622145587488,0.9991417085464813,602.5263310037609
91,1,0.7056926433635559,-0.2943073566364441,0.005091893948951832,0.9924823327499463,0.04599878433779672,0.9978408376999541,875.5076163595227
92,1,1.757460181551873,0.7574601815518729,0.9999499622536587,2.57453490583333e-05,179609.9950316405,1.000471048604076,457.3721120771575
93,1,0.6047662221339498,-0.3952337778660502,0.0005812931323493422,0.9991225225949281,0.005227543935157619,0.997618226404254,949.2734353862263
94,1,1.324525452241422,0.3245254522414223,0.9220262466243581,0.05269544349509264,106.2783535054893,0.9993200259900199,577.8825626034243
95,1,0.4516716372455248,-0.5483283627544753,6.81705801155372e-06,0.9999892942527339,6.127028833261484e-05,0.9975498440566546,974.5063085592253
96,1,0.8837972447052838,-0.1162027552947162,0.1244739080371901,0.83257302130663,1.277789177741336,0.9993318623902384,576.318351449496
97,1,0.9893836021287864,-0.0106163978712136,0.4005885604086662,0.5191536175008939,6.006527774893156,0.9968426380131745,1344.559366741826
98,1,0.7183890879462826,-0.2816109120537174,0.01101793795217275,0.984160844495196,0.1001294617231874,0.9982393215546721,768.6834606387284
99,1,0.9153539588695411,-0.08464604113045893,0.1841249465739402,0.757286195583976,2.028331584525639,0.9988695301837203,644.5069297125007
100,1,0.8473092176622339,-0.1526907823377661,0.07361280785969732,0.8984188641993883,0.7141851493193263,0.9995124967925471,553.46240123013