Codon,alpha,beta,beta-alpha,Prob[alpha<beta],Prob[alpha>beta],BayesFactor,PSRF,Neff
1,0.369595,0.0784912,-0.291104,0.000361338,0.995557,0.000780592,1.00052,453.194
2,0.788373,0.00834651,-0.780026,3.87436e-08,0.999999,8.36669e-08,1.00006,493.969
3,0.847582,0.0805307,-0.767052,1.26421e-08,1,2.73006e-08,1.01326,139.871
4,0.376113,0.0843614,-0.291751,0.00249317,0.981918,0.00539747,1.00341,298.967
5,0.272768,0.00651714,-0.266251,0.000111578,0.998065,0.000240979,1.00927,177.878
6,0.952164,0.0079016,-0.944262,3.17089e-11,1,6.84755e-11,1.00274,324.511
7,0.94424,0.0767367,-0.867503,7.0824e-09,1,1.52945e-08,1.00054,451.575
8,2.76578,0.0916305,-2.67415,3.20241e-17,1,6.91561e-17,0.996241,1988.6
9,0.886017,0.00806088,-0.877956,1.99975e-09,1,4.31847e-09,0.99913,604.289
10,1.75448,0.0768558,-1.67762,7.9546e-13,1,1.7178e-12,0.998013,825.825
11,0.874195,0.00807554,-0.86612,2.48898e-09,1,5.37496e-09,0.999377,570.41
12,0.587676,0.107113,-0.480563,6.55299e-05,0.999393,0.000141521,1.00305,312.121
13,0.740231,0.0809356,-0.659295,5.78002e-08,0.999999,1.2482e-07,1.01486,128.903
14,1.11067,0.532204,-0.578466,0.0020684,0.994023,0.00447598,0.999618,540.9
15,1.03424,0.418606,-0.615635,0.000771623,0.997369,0.00166761,0.996823,1358.67
16,0.643585,0.0827461,-0.560839,2.42459e-05,0.999757,5.23603e-05,1.00768,199.698
17,0.6466,0.0815767,-0.565024,4.84921e-06,0.999937,1.04719e-05,1.00651,219.657
18,1.12463,0.477034,-0.647594,0.000283568,0.998928,0.00061254,0.997806,886.222
19,0.85718,0.0916113,-0.765569,1.41161e-06,0.999986,3.04838e-06,1.00269,326.707
20,1.16076,0.23401,-0.926753,7.24207e-09,1,1.56393e-08,0.999558,548.008
21,0.665604,0.105288,-0.560317,4.08665e-05,0.999645,8.8255e-05,1.00323,305.708
22,0.58014,0.129385,-0.450755,0.000224478,0.998289,0.000484869,1.00229,344.455
23,1.06363,0.541044,-0.522587,0.00431986,0.987939,0.00936922,0.998667,679.718
24,2.80141,0.469229,-2.33218,1.48298e-09,1,3.20251e-09,1.01217,148.499
25,0.447529,0.132855,-0.314674,0.00665719,0.96918,0.0144726,0.999511,553.677
26,0.694958,0.126376,-0.568582,5.64977e-05,0.999567,0.000122014,1.00441,267.703
27,0.480465,0.289228,-0.191238,0.0788404,0.815258,0.184828,0.996664,1487.44
28,1.32391,0.618701,-0.705214,0.000144546,0.999362,0.000312192,1.00964,173.499
29,0.751843,0.0761935,-0.67565,5.1338e-08,0.999999,1.10865e-07,1.00607,228.192
30,2.02114,0.0818336,-1.93931,1.05396e-13,1,2.27604e-13,1.0021,353.515
31,0.803764,0.398668,-0.405096,0.0271342,0.943093,0.0602307,0.998695,674.641
32,0.835439,0.424133,-0.411306,0.0176174,0.958722,0.0387272,0.995825,2972.63
33,1.05691,0.403066,-0.653845,0.000849936,0.997413,0.001837,0.99668,1473.07
34,1.24411,0.711275,-0.532839,0.00132501,0.994207,0.00286516,1.02653,82.6352
35,1.0696,0.680853,-0.388743,0.0388834,0.921191,0.0873658,1.01426,132.844
36,0.910055,0.135018,-0.775037,6.00672e-06,0.999957,1.29716e-05,1.00421,273.477
37,1.15753,0.352715,-0.804813,1.36662e-05,0.999933,2.95125e-05,0.998869,644.616
38,0.699042,0.286953,-0.412089,0.00340266,0.987944,0.00737314,0.999922,507.881
39,1.2232,0.815934,-0.407269,0.00860416,0.944444,0.018742,1.03714,62.7813
40,0.901789,0.0912359,-0.810553,1.1784e-07,0.999999,2.54477e-07,1.00746,203.2
41,0.90584,0.167733,-0.738107,2.08273e-05,0.999874,4.49775e-05,1.00246,336.553
42,0.304828,0.235045,-0.0697833,0.245287,0.556641,0.701853,0.996966,1260.92
43,0.66661,0.839925,0.173315,0.737955,0.159039,6.08146,1.01001,169.361
44,1.05637,0.333406,-0.722962,0.000100003,0.99957,0.000215979,0.998773,660.841
45,1.21379,0.473513,-0.74028,0.0531349,0.919903,0.121184,1.005,252.23
46,2.55803,0.544932,-2.0131,7.82787e-07,0.999995,1.69043e-06,1.01444,131.659
47,0.706104,0.334516,-0.371588,0.00900401,0.973555,0.0196209,0.998299,754.793
48,0.455917,0.186161,-0.269757,0.0150774,0.940977,0.0330581,0.997598,956.431
49,0.979263,0.501039,-0.478224,0.00572835,0.984053,0.0124417,1.00116,406.599
50,1.22314,0.441138,-0.782006,6.75276e-05,0.999743,0.000145836,0.99809,805.62
51,0.783286,0.319098,-0.464189,0.00440262,0.986103,0.00954953,0.998437,724.757
52,0.883248,0.525119,-0.358129,0.056366,0.897495,0.128993,0.996348,1832.46
53,1.2255,0.759563,-0.465937,0.1502,0.788128,0.381687,1.03,74.8191
54,1.20756,0.803823,-0.403737,0.020562,0.939996,0.0453358,1.0435,55.0583
55,1.14709,1.2057,0.0586096,0.250806,0.0545791,0.722932,1.02122,98.5831
56,0.751791,0.882442,0.130651,0.657418,0.207647,4.1441,1.01023,166.994
57,1.32381,0.333535,-0.990277,8.80588e-07,0.999994,1.90163e-06,0.997972,837.201
58,0.361483,2.79816,2.43668,0.999993,1.13056e-09,300612,1.01671,118.296
59,0.878145,1.04066,0.162519,0.652005,0.151597,4.04605,1.01148,154.594
60,1.38401,0.81506,-0.56895,0.00573185,0.956655,0.0124493,1.03128,72.3079
61,1.37886,1.13309,-0.245773,0.0319069,0.367045,0.0711741,1.02638,83.0133
62,1.20024,0.723313,-0.476932,0.00342544,0.987789,0.00742269,1.03064,73.5506
63,1.07154,1.41028,0.338736,0.4697,0.000275366,1.91273,1.02184,96.4088
64,0.759151,0.233585,-0.525566,0.0018789,0.992714,0.00406513,0.999278,583.515
65,1.19738,0.365172,-0.832213,4.9061e-06,0.999977,1.05948e-05,0.997613,951.209
66,0.991175,0.34657,-0.644605,0.000200047,0.9992,0.000432089,0.997969,837.912
67,1.20442,0.76991,-0.434508,0.00395846,0.97941,0.00858227,1.03702,62.9531
68,1.13648,0.848157,-0.288319,0.0707532,0.827766,0.164425,1.03765,62.0867
69,0.657944,0.448529,-0.209415,0.106433,0.804199,0.257219,1.00127,399.581
70,0.998051,0.580841,-0.41721,0.0195713,0.954338,0.043108,1.0019,363.357
71,1.02437,1.65226,0.627885,0.610975,0.000203588,3.39156,1.01791,112.296
72,2.81473,0.807725,-2.00701,2.67196e-09,0.999999,5.77011e-09,1.03397,67.5769
73,1.13615,0.919405,-0.216746,0.102335,0.706233,0.246188,1.02854,77.9081
74,1.18288,1.22255,0.039671,0.163192,0.0146481,0.421141,1.03024,74.3294
75,0.480288,0.760928,0.28064,0.856308,0.0862946,12.8692,1.00697,211.4
76,1.12215,0.64489,-0.477257,0.00824529,0.978318,0.0179538,1.00931,177.491
77,0.926586,0.825433,-0.101153,0.305097,0.540471,0.948132,1.02302,92.4917
78,1.30996,0.747918,-0.562045,0.0873955,0.864901,0.206805,1.02891,77.1045
79,0.960563,0.817502,-0.143061,0.252166,0.606698,0.728173,1.02912,76.6569
80,0.647274,1.20084,0.553565,0.978249,0.00086644,97.1246,1.02962,75.6018
81,1.13776,1.08504,-0.0527173,0.339396,0.283158,1.10948,1.02082,100.058
82,1.06826,0.695985,-0.372271,0.0395635,0.916349,0.088957,1.01584,123.057
83,0.799471,0.696548,-0.102923,0.326342,0.558307,1.04614,1.00587,232.263
84,1.00879,0.728671,-0.28012,0.115197,0.803149,0.281157,1.02203,95.7415
85,1.01562,0.856986,-0.158629,0.371225,0.526617,1.27496,1.03257,69.9614
86,1.70891,0.640595,-1.06831,0.00033479,0.998634,0.000723223,1.01391,135.188
87,1.15445,1.10424,-0.0502099,0.156488,0.323764,0.400629,1.01165,153.001
88,0.301522,0.346431,0.0449085,0.552787,0.301685,2.6693,0.999533,550.971
89,0.320128,0.377314,0.0571863,0.561545,0.262546,2.76575,0.999458,560.204
90,0.765387,1.09046,0.325073,0.870696,0.0376725,14.5415,1.00597,230.183
91,1.16618,0.702844,-0.463334,0.0145111,0.965715,0.0317981,1.02811,78.8763
92,0.401393,0.845008,0.443615,0.978165,0.00868206,96.7434,1.00511,249.405
93,1.14918,1.18842,0.0392482,0.222244,0.102621,0.617079,1.01886,107.95
94,1.01539,1.10594,0.0905504,0.440115,0.181884,1.69755,1.01626,120.686
95,1.31024,1.19109,-0.119155,0.0420953,0.178253,0.0948998,1.03039,74.0439
96,1.01149,1.15233,0.14084,0.50186,0.0981134,2.17563,1.01712,116.149
97,0.538711,0.917195,0.378484,0.949108,0.0198406,40.2737,1.00469,260.163
98,1.37739,1.15436,-0.223026,0.055211,0.300188,0.126196,1.02538,85.6004
99,0.824497,0.756274,-0.0682224,0.352387,0.501993,1.17506,1.01358,137.547
100,0.710988,1.12404,0.413055,0.926117,0.0143846,27.0693,1.0105,164.092