ObservedSChanges	ObservedNSChanges	E[SSites]	E[NSSites]	ObservedS.Prop.	P{S}	dS	dN	dN-dS	P{Sleq.observed}	P{Sgeq.observed}	ScaleddN-dS
0	0	0.9999999999999998	2	0	0.3333333333333334	0	0	0	0	0	0
0	2	0.7063212485818272	2.083773976571485	0	0.2531530975051275	0	0.9597969945332929	0.9597969945332929	0.5577802957661856	0.4422197042338144	1.966641155148334
2	0	0.9999999999999998	2	1	0.3333333333333334	2	0	-2	1	0.111111111111111	-4.098035660352584
1	0	0.9999999999999998	2	1	0.3333333333333334	1	0	-1	1	0.3333333333333334	-2.049017830176292
0	0	0.7290895505364579	2.155408938992718	0	0.2527612869908155	0	0	0	0	0	0
1	0	0.7290895505364577	2.155408938992717	1	0.2527612869908155	1.371573628046388	0	-1.371573628046388	1	0.2527612869908156	-2.810378819266635
3	0	0.9999999999999997	1.999999999999999	1	0.3333333333333333	3.000000000000001	0	-3.000000000000001	1	0.03703703703703698	-6.147053490528878
0	0	0.729089550536458	2.155408938992718	0	0.2527612869908156	0	0	0	0	0	0
1	0	0.7290895505364577	2.155408938992717	1	0.2527612869908155	1.371573628046388	0	-1.371573628046388	1	0.2527612869908156	-2.810378819266635
2	0	0.9999999999999997	1.999999999999999	1	0.3333333333333333	2.000000000000001	0	-2.000000000000001	1	0.1111111111111109	-4.098035660352585
0	0	0.7290895505364579	2.155408938992718	0	0.2527612869908155	0	0	0	0	0	0
2	0	0.7290895505364579	2.155408938992717	1	0.2527612869908156	2.743147256092776	0	-2.743147256092776	0.9999999999999998	0.0638882682012536	-5.620757638533269
0	0	0.7290895505364579	2.155408938992718	0	0.2527612869908155	0	0	0	0	0	0
0	0	0.9999999999999998	2	0	0.3333333333333334	0	0	0	0	0	0
0	0	0.9999999999999998	2	0	0.3333333333333334	0	0	0	0	0	0
1	0	0.7290895505364579	2.155408938992717	1	0.2527612869908156	1.371573628046388	0	-1.371573628046388	1	0.2527612869908156	-2.810378819266635
2	0	0.5722813399310994	2.2134086014517	1	0.2054361224591357	3.494784576133118	0	-3.494784576133118	1	0.04220400041104488	-7.160875909121853
1	1	0.7274677466687043	2.270328400600664	0.5	0.2426675167126824	1.374631390297788	0.4404649123604447	-0.9341664779373433	0.9411124763324999	0.4264475097578648	-1.914123769646604
1	0	0.9999999999999997	1.999999999999999	1	0.3333333333333333	1	0	-1	1	0.3333333333333333	-2.049017830176293
2	0	0.9999999999999997	1.999999999999999	1	0.3333333333333333	2.000000000000001	0	-2.000000000000001	1	0.1111111111111109	-4.098035660352585
1	1	0.571830703323383	2.213921926127518	0.5	0.2052697347488806	1.748769337127527	0.4516871115455955	-1.297082225581931	0.9578643359961243	0.3684038054938853	-2.657744607422125
0	0	0.7029999688566454	2.082689972526155	0	0.2523611685612364	0	0	0	0	0	0
2	1	0.7290895505364579	2.270514557115503	0.6666666666666666	0.2430619256309716	2.743147256092776	0.4404287992191584	-2.302718456873618	0.9856401202644555	0.1485175396032188	-4.71831117601008
0	0	0.729089550536458	2.155408938992718	0	0.2527612869908156	0	0	0	0	0	0
0	1	0.7294858799452579	2.270514120054741	0	0.2431619599817527	0	0.4404288839991404	0.4404288839991404	0.7568380400182473	0.2431619599817527	0.9024466362388845
0	2	0.9981462720125828	2.001458422866298	0	0.3327592711521897	0	0.9992713199286901	0.9992713199286901	0.4452101902333571	0.5547898097666429	2.047524751717684
0	0	0.7290895505364579	2.155408938992718	0	0.2527612869908155	0	0	0	0	0	0
0	1	0.5713798827656007	2.214436030025034	0	0.2051032446696137	0	0.4515822477783181	0.4515822477783181	0.7948967553303863	0.2051032446696137	0.925300077488862
4	0	1.722520084345313	1.273771135633471	1	0.5748840676299515	2.322179019189956	0	-2.322179019189956	0.9999999999999998	0.1092247579619916	-4.758186215181514
1	0	0.7290895505364579	2.270910449463541	1	0.2430298501788194	1.371573628046388	0	-1.371573628046388	1	0.2430298501788194	-2.810378819266635
2	2	0.7300183918425822	2.269981608157417	0.5	0.2433394639475275	2.739657003643369	0.8810644072237369	-1.858592596419633	0.9528824227748571	0.2505304867968432	-3.808289369097476
1	0	0.9999999999999997	1.999999999999999	1	0.3333333333333333	1	0	-1	1	0.3333333333333333	-2.049017830176293
2	0	0.7290895505364579	2.270910449463542	1	0.2430298501788193	2.743147256092776	0	-2.743147256092776	1	0.05906350807793936	-5.620757638533269
0	2	0.7302839089860629	2.268922849549948	0	0.243492352405385	0	0.8814755426332409	0.8814755426332409	0.5723038208691381	0.4276961791308619	1.806159103719833
1	0	0.8427177053230563	2.157282294676943	1	0.2809059017743522	1.186636988499784	0	-1.186636988499784	1	0.2809059017743523	-2.431440347382757
0	0	0.7290895505364579	2.270910449463542	0	0.2430298501788193	0	0	0	0	0	0
3	0	0.9999999999999996	1.999999999999999	1	0.3333333333333333	3.000000000000001	0	-3.000000000000001	1	0.03703703703703698	-6.147053490528879
0	0	0.7290895505364579	2.270910449463542	0	0.2430298501788193	0	0	0	0	0	0
0	3	0.7305005164388079	2.265831966955175	0	0.2437982168158324	0	1.324016980849378	1.324016980849378	0.4324272874149716	0.5675727125850285	2.712934401216558
3	0	0.9999999999999998	2	1	0.3333333333333334	3.000000000000001	0	-3.000000000000001	0.9999999999999999	0.0370370370370372	-6.147053490528878
1	0	0.7290895505364576	2.270910449463541	1	0.2430298501788193	1.371573628046389	0	-1.371573628046389	1	0.2430298501788193	-2.810378819266636
1	0	0.7290895505364577	2.270910449463542	1	0.2430298501788193	1.371573628046388	0	-1.371573628046388	1	0.2430298501788193	-2.810378819266635
0	0	0.7290895505364579	2.155408938992718	0	0.2527612869908155	0	0	0	0	0	0
1	0	0.5722815708515137	2.213408370531285	1	0.2054362053543679	1.747391582979113	0	-1.747391582979113	1	0.2054362053543679	-3.580436509824179
1	0	0.9999999999999997	1.999999999999999	1	0.3333333333333333	1	0	-1	1	0.3333333333333333	-2.049017830176293
0	0	0.7290895505364579	2.270910449463542	0	0.2430298501788193	0	0	0	0	0	0
1	1	0.8441953252260336	2.155804674773966	0.5	0.2813984417420112	1.184559982883404	0.4638639166625098	-0.7206960662208941	0.9208149169851678	0.4836118004691904	-1.476719089824526
3	0	0.9999999999999996	1.999999999999999	1	0.3333333333333333	3.000000000000001	0	-3.000000000000001	1	0.03703703703703698	-6.147053490528879
0	1	0.9999999999999997	1.999266826984757	0	0.3334148169155481	0	0.5001833604712855	0.5001833604712855	0.6665851830844518	0.3334148169155482	1.024884623963159
0	0	0.729089550536458	2.270910449463542	0	0.2430298501788194	0	0	0	0	0	0
0	0	0.7290895505364579	2.270910449463542	0	0.2430298501788193	0	0	0	0	0	0
0	1	0.7524062859174308	2.247593714082569	0	0.2508020953058103	0	0.4449202690568049	0.4449202690568049	0.7491979046941897	0.2508020953058103	0.9116495643042264
0	2	0.7569386063358799	2.242665221088222	0	0.2523461929923919	0	0.891796056403607	0.891796056403607	0.5589862151329696	0.4410137848670304	1.827306020451893
1	0	0.729089550536458	2.155408938992718	1	0.2527612869908155	1.371573628046388	0	-1.371573628046388	1	0.2527612869908156	-2.810378819266634
0	0	0.7290895505364579	2.270910449463542	0	0.2430298501788193	0	0	0	0	0	0
2	0	0.7290895505364579	2.155408938992718	1	0.2527612869908155	2.743147256092776	0	-2.743147256092776	0.9999999999999998	0.0638882682012536	-5.620757638533269
0	1	0.7290895505364577	2.270514281999672	0	0.2430619479239767	0	0.4404288525854533	0.4404288525854533	0.7569380520760234	0.2430619479239766	0.9024465718716794
1	5	0.998539484939293	2.001460515060706	0.1666666666666667	0.3328464949797644	1.001462651284937	2.498175688391407	1.49671303710647	0.3521283387165658	0.9118231394575914	3.066791699688467
0	0	0.9999999999999998	2	0	0.3333333333333334	0	0	0	0	0	0
1	0	0.9999999999999998	2	1	0.3333333333333334	1	0	-1	1	0.3333333333333334	-2.049017830176292
1	1	0.7290895505364579	2.270910449463541	0.5	0.2430298501788194	1.371573628046388	0.440352018388145	-0.9312216096582431	0.9409364919220604	0.4269961922796994	-1.908089682035207
1	0	0.7290895505364577	2.270910449463541	1	0.2430298501788193	1.371573628046388	0	-1.371573628046388	1	0.2430298501788193	-2.810378819266635
0	0	0.5713798827656008	2.214310058617199	0	0.2051125196230458	0	0	0	0	0	0
0	1	0.7300167271468989	2.269983272853101	0	0.2433389090489663	0	0.4405318805469073	0.4405318805469073	0.7566610909510337	0.2433389090489663	0.9026576780017055
0	1	0.7318744875360317	2.268125512463968	0	0.2439581625120106	0	0.4408927083200322	0.4408927083200322	0.7560418374879895	0.2439581625120105	0.9033970205424613
0	1	0.7300187595224311	2.269981240477568	0	0.2433395865074771	0	0.4405322749670019	0.4405322749670019	0.7566604134925229	0.2433395865074771	0.9026584861755118
0	0	0.729089550536458	2.270910449463542	0	0.2430298501788194	0	0	0	0	0	0
0	4	0.7320676121097254	2.262566837599747	0	0.2444597577446382	0	1.767903574615907	1.767903574615907	0.3258595131187113	0.6741404868812887	3.622465946420395
1	1	0.7290895505364576	2.270910449463541	0.5	0.2430298501788194	1.371573628046389	0.4403520183881451	-0.9312216096582435	0.9409364919220604	0.4269961922796994	-1.908089682035208
2	0	0.7011979962300293	2.08449194515277	1	0.2517143009397374	2.852261430798351	0	-2.852261430798351	1	0.06336008929758064	-5.844334528029963
0	1	1.429680873474705	1.300336881012335	0	0.5236892218465944	0	0.7690314829965316	0.7690314829965316	0.4763107781534056	0.5236892218465944	1.575759220626809
0	0	0.9999999999999998	2	0	0.3333333333333334	0	0	0	0	0	0
1	1	0.7290895505364579	2.270910449463542	0.5	0.2430298501788193	1.371573628046388	0.4403520183881449	-0.9312216096582433	0.9409364919220606	0.4269961922796992	-1.908089682035208
1	2	0.9972123047173092	2.00278769528269	0.3333333333333333	0.3324041015724365	1.002795488252104	0.9986080924656888	-0.004187395786415138	0.7419788513455405	0.7024630002768117	-0.008580048628369693
0	0	0	2.999999999999999	0	0	0	0	0	0	0	0
1	0	0.7290895505364577	2.155408938992717	1	0.2527612869908155	1.371573628046388	0	-1.371573628046388	1	0.2527612869908156	-2.810378819266635
0	0	0.9999999999999998	2	0	0.3333333333333334	0	0	0	0	0	0
0	1	1.298510949873337	1.586383437028273	0	0.4501069279239522	0	0.6303646247550792	0.6303646247550792	0.5498930720760478	0.4501069279239522	1.291628355635545
0	2	0.7300173703073393	2.269054436003118	0	0.2434144353500583	0	0.8814244243178887	0.8814244243178887	0.5724217166366712	0.4275782833633288	1.806054361380228
1	3	0.9882236803250555	2.00785507829518	0.25	0.3298390195790967	1.011916654001927	1.494131739103016	0.4822150851010893	0.5988045348207096	0.7982950523728485	0.98806730735211
0	2	0.7265952729118103	2.154785050882885	0	0.2521691659068822	0	0.9281668253548241	0.9281668253548241	0.5592509564204085	0.4407490435795915	1.901830374530159
0	1	0.9999999999999998	2	0	0.3333333333333334	0	0.5000000000000001	0.5000000000000001	0.6666666666666666	0.3333333333333334	1.024508915088146
0	3	0.7033461201639214	2.100497687074995	0	0.2508506780399231	0	1.428232946153627	1.428232946153627	0.4204411084115711	0.5795588915884289	2.926474772313998
1	4	0.7290895505364577	2.005166848097109	0.2	0.2666500299316543	1.371573628046388	1.994846465667421	0.6232728376210328	0.5977251980490421	0.7878923203796447	1.277097157350069
1	2	0.8335838181909209	2.166416181809078	0.3333333333333333	0.277861272730307	1.199639410191818	0.9231836508578367	-0.2764557593339813	0.8112849470559624	0.6234159613939432	-0.5664627801302534
0	1	0.9999999999999998	2	0	0.3333333333333334	0	0.5000000000000001	0.5000000000000001	0.6666666666666666	0.3333333333333334	1.024508915088146
1	1	0.8441940172340473	2.155805982765952	0.5	0.2813980057446825	1.184561818237521	0.463863635222394	-0.7206981830151269	0.9208151623629156	0.4836111738522807	-1.476723427173651
0	0	0.729089550536458	2.270910449463542	0	0.2430298501788194	0	0	0	0	0	0
0	0	0	2.999999999999999	0	0	0	0	0	0	0	0
0	1	0.9999999999999998	2	0	0.3333333333333334	0	0.5000000000000001	0.5000000000000001	0.6666666666666666	0.3333333333333334	1.024508915088146
0	0	0.5713798827656008	2.232652377496988	0	0.203770794959432	0	0	0	0	0	0
0	4	0.7040164263535313	2.082112596113797	0	0.2526862254677895	0	1.921125691024532	1.921125691024532	0.3118975397748327	0.6881024602251673	3.936420794919016
0	2	0.7290895505364577	2.270910449463541	0	0.2430298501788193	0	0.8807040367762901	0.8807040367762901	0.5730038077203008	0.4269961922796992	1.804578274462855
0	4	1.002591351950044	1.997408648049956	0	0.3341971173166814	0	2.002594713858453	2.002594713858453	0.1965091081599059	0.803490891840094	4.103352275312759
0	0	0.7029999688566454	1.567910480606896	0	0.3095674552128269	0	0	0	0	0	0
1	2	0.7300167324281435	2.154345183176624	0.3333333333333333	0.2530947064855695	1.369831615604004	0.9283563356597113	-0.4414752799442931	0.8402541486686834	0.5833257981145253	-0.9045907201879266
0	2	0.9882703072484195	2.010994911073567	0	0.3295041402845101	0	0.9945326012447755	0.9945326012447755	0.449564697895614	0.550435302104386	2.037815032642153
0	3	0.9978109136494924	2.001456644414707	0	0.3326848619979419	0	1.498908311789737	1.498908311789737	0.2971617660463225	0.7028382339536775	3.071289856656616
0	2	0.7318733810832531	2.268126618916746	0	0.2439577936944177	0	0.8817849864815734	0.8817849864815734	0.5715998177154126	0.4284001822845874	1.806793159682505
1	0	1.436160732282251	1.29664240073908	1	0.5255265975542341	0.6963008927356388	0	-0.6963008927356388	1	0.5255265975542341	-1.426732944382993