dN/dS,LRT,p-value,Log(L)
0.05019153304199704,63.43390201311416,8.326672684688674e-16,-125.9187295825619
0.02509184317192469,70.03015134821942,5.551115123125783e-17,-210.994840125671
0.07528940085962085,57.89768398463701,1.38222766565832e-14,-193.2304459944199
9.555848176237971e-17,79.37623783985205,0,-74.12220934581821
5.840566125974614e-16,79.37623789994083,0,-79.23789226985306
0.02170363669669006,82.16636690225775,0,-71.95235205616731
0.2737335437210281,37.78459868750895,3.950151872267327e-10,-268.3889709088498
0.02510165841930884,69.99980603950618,5.551115123125783e-17,-88.44830763299075
5.840566125974614e-16,79.37623761630834,0,-150.2240070561051
9.555848176237971e-17,91.84528312182601,0,-63.1967713746086
0.07527267121957959,57.91411840024728,1.371125435412068e-14,-134.8363449299763
0.05023394335502297,63.37148179726589,8.326672684688674e-16,-78.1964723064121
0.7046007159241436,4.528014075637088,0.01667214545293044,-292.2720382268103
0.02509700157397652,70.01440032281796,5.551115123125783e-17,-61.32847516203017
0.02170089808317069,82.16470930579106,0,-157.3975784123205
0.04342793952668429,75.2428657746693,0,-114.7811053622418
0.6673413362509494,5.785177434034381,0.008080933216317754,-336.6575953082984
0.1511015730258629,44.50886749040421,1.266037275016174e-11,-260.8703920068582
0.02170477047557482,82.14517612269282,0,-164.9739823673255
0.02170404558990304,82.16712869382914,0,-73.55023240147722
0.2180149118498875,41.05785375461119,7.389455713990856e-11,-228.9766461186131
0.1509208816615734,44.58955185919461,1.214922606962432e-11,-128.9878747606527
0.2941270197944196,35.08540856801,1.577782404726946e-09,-172.3718926191777
0.02510771842590696,69.98123084948166,5.551115123125783e-17,-63.7201331712342
0.4416220504434387,19.5703954467341,4.848003005708534e-06,-259.7795083967785
0.06521851924565378,69.32360283846907,5.551115123125783e-17,-84.44759940537159
0.3525986497458171,28.38797443878229,4.964004968188718e-08,-300.2891871277932
0.1507503170238396,44.66465024233551,1.169209173923491e-11,-111.7967017440045
0.08687289430593653,64.25190878252289,5.551115123125783e-16,-154.381088738425
0.1304431720938782,55.28793192339845,5.206945985491984e-14,-147.5193506396141
0.4933276302472867,14.64353834884503,6.493957489261959e-05,-214.8879258996778
0.02509858492700338,70.00950527159506,5.551115123125783e-17,-77.3943991836996
0.7528111923923789,3.086132726321011,0.03948113365558581,-335.7797432551963
0.8511532704094977,0.8967348176179257,0.17182936898286,-342.7640055975859
0.2516101173401576,31.70929374508705,8.953162877745058e-09,-121.5342188165952
0.08696912668423526,64.15768315830741,5.551115123125783e-16,-138.4035146082815
0.5063349467120553,14.05005246866557,8.900443289583393e-05,-247.7389148485961
0.4541175921616478,18.85890189162103,7.037634739415211e-06,-276.9643388921829
0.2555976360785066,40.05583071266705,1.234034541219842e-10,-192.7145405792334
0.2960859489678797,34.62347274000354,2.000265786339384e-09,-209.1039048175965
0.1004283096322827,53.01077499660965,1.658673198789984e-13,-133.4591672597226
0.06512180679333526,69.44929255870096,5.551115123125783e-17,-75.02155722305132
0.05024313597551677,63.35838078362366,8.881784197001252e-16,-99.15274452309419
0.1761554973103388,40.94922286723772,7.811806757018758e-11,-144.3749295267822
0.5997898070060637,8.679320727140805,0.0016092045978644,-240.9914500870317
1.124901264560275,0.7266205579073812,0.1969903976506627,-415.5292382485991
0.3855921568074458,24.21117972851135,4.316484935595888e-07,-189.1027938391503
0.1510202678042564,44.54575831014569,1.242406177937028e-11,-103.2813037948357
1.24526807189944,1.820477064688589,0.08862825049941386,-320.7416276109254
1.344677352367744,4.434492304970718,0.01760984654240716,-496.360790235755
0.3507037165190671,22.36431203262794,1.127630370301169e-06,-274.9189285455906
0.2765625125869118,29.09992455910481,3.436983053717313e-08,-236.2301056861291
0.9732698022661705,0.03304405789947396,0.4278775937542889,-409.2353792275731
0.3169604763131866,32.01635493997316,7.644002208984091e-09,-237.0917508242982
0.7890628114165629,1.873258200192595,0.08555118996455885,-304.310618614933
1.236319345560802,2.663063652469873,0.05135137314191623,-498.9974667723756
0.6978362513876279,3.774401347293349,0.02602126041022973,-246.5713536805809
0.4021186937082353,18.31024190058486,9.384768010434197e-06,-312.975280992446
0.5694298962269038,6.531213163993243,0.0052998819220611,-191.1955228577542
0.3463049100848163,27.97393514521337,6.148028613983669e-08,-177.8728049843682
1.184381487182267,1.454586331220867,0.1138967301396669,-442.6778026515233
0.8032022121402861,2.055296559697922,0.07583886007445984,-391.2972379351218
1.192393523532011,1.592484867493908,0.103485737306517,-447.5395952599715
0.5198056594993835,13.92250536527592,9.52518851468076e-05,-250.3148932380283
1.389383835025166,6.261719462259748,0.00616872017767689,-478.2729664820694
2.580891687017401,63.69521657294263,7.216449660063518e-16,-622.789115394294
0.7765617445767008,2.490054891912791,0.05728386437773686,-306.2994114153088
2.056393465501725,34.08960566101496,2.631583062573384e-09,-655.5586120349772
0.694440834855055,4.185604578001175,0.02038433454230204,-255.3837843237987
1.674960177385314,14.9455518649138,5.532931869395297e-05,-550.7412372168997
0.8814397571041042,0.729600003365249,0.1965064368714594,-384.1541079883232
0.3944017635710759,21.65213615159257,1.634229080671457e-06,-286.1105381530618
1.341419653902282,4.195510013513058,0.02026557991793798,-478.1154471609768
0.7838530434484789,2.506808563590539,0.05667764241351259,-386.5616093636237
0.8406576099741535,1.045893471521254,0.1532273783013381,-444.9567130681706
1.244475119353925,1.988325061930709,0.07925805957383442,-353.724951395682
0.396004253211305,23.84200818956697,5.228757187780708e-07,-213.6114048545754
0.8643865503288661,1.018581448323289,0.1564278650525659,-412.5755117710535
1.943645511824298,31.09947703092621,1.225687146222398e-08,-643.182499769648
0.3455013846190351,28.1194460146358,5.702704519716661e-08,-225.9999210103342
0.5369453520602456,12.92142716728381,0.0001624210462541353,-269.67794005744
0.3060481661844904,30.16879297434303,1.980154645808696e-08,-219.4087083690534
1.787567409966817,18.34888018398829,9.196352867446578e-06,-522.8336144016848
0.8498107591057183,0.9716961752392308,0.1621287608907493,-344.4115109058953
0.859455218601435,0.9579499921610477,0.1638519584159287,-310.027399287686
0.8968332444090457,0.5122635386200045,0.2370803129661636,-386.3137646608316
2.100075256740693,37.08731282634449,5.647813883236097e-10,-653.8383441064102
0.5515345465321468,12.13146269124223,0.0002478910931340006,-246.5451403355405
0.7148363421840371,4.01659405376779,0.02252730686465992,-347.1465457722181
1.136829812511,0.8639074782598755,0.1763237584643058,-452.4621296621723
0.887690049289958,0.4991912892991195,0.2399278391787372,-297.564790444865
1.16717424682499,1.267718797546308,0.1300975342931912,-407.888686092708
0.9493583929669467,0.1283522647451036,0.3600733110014903,-449.1672771182328
0.7670619052752359,2.753958611159533,0.04850698344709309,-339.0315088994234
0.7082157514265524,4.123574821250372,0.02114481349513181,-257.2531296437888
1.390336928474897,6.001281892303041,0.007147743922589156,-446.8609810708841
1.232293861884384,2.100472277710537,0.07362682450138286,-415.2677496420994
1.101749659550613,0.5230547777155152,0.2347707509061195,-483.7817351932287
0.9006437889439295,0.4048065382568211,0.2623086709896514,-304.5324654000868
0.6872102064058054,4.929569601360527,0.01320044614771892,-280.7505451126646