Codon,alpha,beta,beta-alpha,Prob[alpha<beta],Prob[alpha>beta],BayesFactor,PSRF,Neff
1,0.428247,0.0747515,-0.353495,3.22667e-05,0.999395,7.33899e-05,1.00472,259.425
2,1.07374,0.0781075,-0.995632,1.24772e-09,1,2.83781e-09,1.00882,183.536
3,1.01478,0.0740639,-0.940719,6.78947e-11,1,1.5442e-10,1.00975,172.283
4,2.57683,0.0871719,-2.48965,8.46608e-19,1,1.92553e-18,1.00605,228.584
5,0.33297,0.0762191,-0.25675,0.00654155,0.929056,0.0149761,1.00082,429.89
6,1.37736,0.194293,-1.18307,5.53121e-11,1,1.25802e-10,1.01362,137.261
7,0.795231,0.00626164,-0.78897,2.85609e-10,1,6.4959e-10,0.998828,651.382
8,0.82862,0.00625163,-0.822369,9.61898e-11,1,2.18775e-10,0.997249,1103.66
9,1.07848,0.0102933,-1.06819,7.21912e-15,1,1.64192e-14,1.02388,89.8549
10,0.529028,0.0780096,-0.451018,1.92616e-05,0.999748,4.38096e-05,1.00048,456.424
11,0.242447,0.00542193,-0.237025,7.73907e-05,0.997799,0.000176031,0.997325,1067.83
12,1.08093,0.0747049,-1.00622,3.12316e-10,1,7.10334e-10,1.00699,210.926
13,1.04318,0.506583,-0.536597,0.00581618,0.985731,0.0133057,1.02728,80.7965
14,1.14459,0.493713,-0.650875,0.000431492,0.998556,0.000981811,1.01585,123.017
15,1.05899,0.0747089,-0.984277,9.22787e-10,1,2.09879e-09,1.00522,246.745
16,0.361831,0.0850412,-0.27679,0.00360228,0.97618,0.00822267,1.0058,233.843
17,0.997852,0.00982893,-0.988023,2.75457e-11,1,6.265e-11,0.998333,747.369
18,2.28951,0.153554,-2.13595,7.04485e-11,1,1.60228e-10,1.00865,185.782
19,0.620906,0.114535,-0.506371,0.000104204,0.999262,0.000237028,0.99868,677.351
20,0.992027,0.123686,-0.868341,3.08287e-06,0.999979,7.01173e-06,1.00681,214.213
21,0.996085,0.601737,-0.394348,0.0341755,0.930027,0.0804793,1.01128,156.447
22,1.14881,0.0787334,-1.07007,7.84366e-12,1,1.78397e-11,1.0187,108.655
23,1.03418,0.238474,-0.795709,1.58881e-05,0.999915,3.61365e-05,1.02291,92.8396
24,1.02064,0.0785241,-0.942112,3.25216e-09,1,7.39672e-09,1.00952,174.906
25,1.15336,0.634943,-0.518418,0.00449205,0.986745,0.0102628,1.00359,293.06
26,0.993134,0.0769297,-0.916205,5.60252e-10,1,1.27424e-09,1.01137,155.576
27,0.531544,0.27055,-0.260994,0.066818,0.856054,0.162853,0.998324,749.164
28,0.57907,0.0844454,-0.494625,2.12786e-05,0.99978,4.83972e-05,1,499.593
29,0.711265,0.0781781,-0.633087,3.05751e-07,0.999996,6.95402e-07,1.00503,251.483
30,1.1029,1.17734,0.0744343,0.321282,0.0987692,1.07663,1.0282,78.6681
31,1.17148,0.244828,-0.92665,4.11489e-08,1,9.35892e-08,1.0186,109.114
32,0.568633,0.078109,-0.490524,6.94112e-06,0.999906,1.5787e-05,1.00006,493.743
33,1.14522,0.0821495,-1.06307,4.1271e-12,1,9.38669e-12,1.01928,106.158
34,1.16427,0.652203,-0.512065,0.00371417,0.988038,0.00847902,1.00172,373.2
35,0.63959,0.69657,0.0569804,0.553248,0.315257,2.81657,1.00892,182.318
36,0.632364,0.242216,-0.390147,0.00512956,0.981114,0.0117268,1.0048,257.358
37,1.06947,0.670396,-0.399075,0.0275189,0.93596,0.0643601,0.998957,630.358
38,0.72336,0.117513,-0.605847,7.52832e-06,0.999935,1.71226e-05,1.00737,204.657
39,1.08327,0.421299,-0.661972,0.000335471,0.99883,0.000763252,1.02266,93.6503
40,1.0639,0.746317,-0.317578,0.0609803,0.863144,0.147701,0.998329,748.235
41,1.66004,0.180213,-1.47983,5.24236e-09,1,1.19233e-08,1.013,141.83
42,0.267955,0.489335,0.22138,0.877498,0.0579543,16.2919,1.00576,234.644
43,1.09417,0.469781,-0.624387,0.00139921,0.996067,0.00318682,1.02694,81.614
44,0.964339,0.334317,-0.630022,0.000756598,0.997386,0.00172211,1.02304,92.4531
45,0.440316,0.0881639,-0.352152,0.00123455,0.991896,0.00281134,1.00461,262.314
46,1.41862,0.629055,-0.789561,0.000417095,0.998158,0.000949039,1.00228,344.931
47,1.03578,0.827235,-0.208545,0.130183,0.719781,0.340404,0.99902,620.602
48,1.08249,0.465033,-0.617455,0.00171995,0.99528,0.00391859,1.02621,83.4395
49,1.08283,0.470343,-0.612486,0.00125753,0.99628,0.00286375,1.02404,89.4013
50,0.570939,0.165126,-0.405814,0.00182506,0.991316,0.00415851,0.996646,1503.35
51,0.622052,0.371604,-0.250447,0.0963203,0.822366,0.242421,1.005,252.131
52,0.75982,0.322984,-0.436836,0.0134237,0.965909,0.0309465,1.0102,167.227
53,0.83715,0.375161,-0.461988,0.0122582,0.970147,0.0282262,1.01623,120.856
54,1.04315,0.264247,-0.778907,6.10731e-05,0.999728,0.000138914,1.02707,81.3047
55,0.835306,0.514167,-0.321139,0.0470868,0.905882,0.112386,1.01285,143.003
56,1.17289,0.923694,-0.249192,0.0443665,0.734898,0.105592,1.01539,125.653
57,1.06724,0.729375,-0.337865,0.0500872,0.887363,0.119925,0.998125,796.558
58,1.07721,0.667857,-0.409355,0.0211445,0.945657,0.0491301,0.996635,1513.87
59,0.97052,0.590303,-0.380217,0.0524333,0.904765,0.125854,1.01446,131.477
60,0.715558,0.383074,-0.332484,0.0339359,0.924149,0.0798952,1.01055,163.609
61,0.575817,0.594359,0.018542,0.485596,0.380427,2.14704,0.999597,543.397
62,1.177,1.1857,0.00869891,0.146443,0.12332,0.390216,1.015,128.083
63,1.08725,0.434119,-0.653131,0.000606198,0.998082,0.00137958,1.02153,97.4754
64,0.559683,1.11235,0.552662,0.975736,0.00457076,91.4606,1.02817,78.7413
65,1.17413,1.20011,0.0259882,0.166832,0.0808072,0.455423,1.01863,108.973
66,0.805,0.688062,-0.116938,0.348082,0.572141,1.21439,1.01684,117.603
67,1.22865,0.642207,-0.586443,0.00127123,0.995119,0.00289498,1.00375,287.537
68,0.901071,0.660553,-0.240518,0.153044,0.759903,0.410984,1.00666,216.884
69,1.11741,1.22622,0.108817,0.348809,0.00799718,1.21828,1.04104,57.7867
70,0.975355,0.994787,0.0194316,0.377482,0.325648,1.37915,0.997879,864.061
71,1.13294,0.821342,-0.311595,0.0399898,0.858229,0.0947416,1.00466,260.812
72,0.935703,1.17344,0.237739,0.640517,0.042671,4.05247,1.04477,53.7507
73,1.11407,0.669611,-0.444455,0.0148071,0.962808,0.0341835,1.00013,487.852
74,1.17339,0.740923,-0.432466,0.00811861,0.967961,0.0186161,1.00096,420.241
75,0.770555,0.773008,0.00245294,0.454743,0.399095,1.89685,1.00623,225.041
76,1.12821,0.756458,-0.371751,0.0238999,0.927584,0.055689,0.998636,685.427
77,0.584634,0.776844,0.192209,0.757061,0.151082,7.08765,1.01531,126.149
78,0.991716,0.827728,-0.163987,0.187346,0.652169,0.524334,0.999641,538.266
79,0.853814,0.868951,0.0151373,0.446744,0.373269,1.83654,1.00225,346.16
80,1.00802,0.999625,-0.00839712,0.324128,0.3629,1.09074,1.00001,499.236
81,0.41305,0.957709,0.544659,0.991687,0.00268065,271.314,1.03184,71.2759
82,1.00197,0.710413,-0.291558,0.101233,0.822573,0.256178,1.00359,292.884
83,1.03828,1.22132,0.18304,0.487757,0.00756353,2.16568,1.05982,42.1555
84,2.75943,0.739187,-2.02024,6.26811e-06,0.99976,1.42563e-05,0.998923,635.876
85,1.20563,0.701355,-0.504277,0.0132043,0.966142,0.0304337,1.0028,322.273
86,1.18314,0.996682,-0.186456,0.0421494,0.61225,0.100083,1.01425,132.915
87,1.09929,1.1003,0.00100719,0.246184,0.263462,0.742784,1.0136,137.4
88,0.927944,0.544941,-0.383003,0.046657,0.913921,0.11131,1.01839,110.046
89,1.00615,0.702153,-0.303997,0.0812785,0.843214,0.201215,0.998771,661.22
90,1.05611,0.883454,-0.172652,0.148218,0.653973,0.395769,1.00056,449.754
91,1.02026,0.735013,-0.285247,0.0988894,0.818483,0.249597,1.00175,371.66
92,0.744771,0.853849,0.109078,0.610203,0.24126,3.56044,1.01195,150.429
93,0.78399,0.605117,-0.178873,0.188422,0.710006,0.528042,1.00581,233.535
94,1.16388,1.17847,0.0145924,0.173266,0.134196,0.476666,1.01718,115.856
95,0.300399,0.815602,0.515203,0.990967,0.0037915,249.524,1.00687,213.13
96,0.770448,0.843731,0.0732832,0.55316,0.293741,2.81558,1.00926,177.997
97,0.920497,0.485698,-0.434798,0.0993593,0.857189,0.250914,1.02884,77.247
98,0.698972,0.863688,0.164716,0.649733,0.23467,4.21895,1.0214,97.9295
99,0.91133,0.885281,-0.0260487,0.370334,0.429274,1.33768,0.998725,669.276
100,1.00787,0.750516,-0.257358,0.099525,0.797381,0.251379,0.998258,764.407