Codon,alpha,beta,beta-alpha,Prob[alpha<beta],Prob[alpha>beta],BayesFactor,PSRF,Neff
1,1,0.044301,-0.955699,4.97321e-21,1,4.8647e-20,1.00554,239.458
2,1,0.0660356,-0.933964,8.18015e-17,1,8.00166e-16,1.00367,290.365
3,1,0.0355708,-0.964429,1.67043e-22,1,1.63398e-21,1.00816,192.603
4,1,0.0265012,-0.973499,5.77115e-21,1,5.64523e-20,1.00867,185.522
5,1,0.0566794,-0.943321,6.88301e-20,1,6.73283e-19,1.00367,290.262
6,1,0.0757821,-0.924218,2.28006e-18,1,2.23031e-17,1.0037,289.348
7,1,0.0571313,-0.942869,1.03905e-19,1,1.01637e-18,1.00366,290.537
8,1,0.0383339,-0.961666,3.10373e-19,1,3.03601e-18,1.00734,205.066
9,1,0.0355753,-0.964425,1.69172e-22,1,1.65481e-21,1.00816,192.622
10,1,0.0355266,-0.964473,1.45065e-22,1,1.419e-21,1.00817,192.4
11,1,0.0442988,-0.955701,4.9514e-21,1,4.84336e-20,1.00554,239.448
12,1,0.0265803,-0.97342,7.55344e-21,1,7.38863e-20,1.00866,185.666
13,1,0.0494929,-0.950507,6.63758e-18,1,6.49275e-17,1.00481,256.994
14,1,0.352628,-0.647372,8.11223e-09,1,7.93522e-08,1.00402,279.074
15,1,0.0382082,-0.961792,2.337e-19,1,2.28601e-18,1.00738,204.53
16,1,0.118598,-0.881402,2.49823e-14,1,2.44372e-13,1.00518,247.702
17,1,0.0383165,-0.961684,2.9957e-19,1,2.93033e-18,1.00735,204.996
18,1,0.0443117,-0.955688,5.06401e-21,1,4.95351e-20,1.00554,239.503
19,1,0.0383183,-0.961682,3.02275e-19,1,2.9568e-18,1.00735,205.01
20,1,0.337893,-0.662107,1.25753e-09,1,1.23009e-08,1.00382,285.534
21,1,0.846957,-0.153043,0.123978,0.842871,1.38436,1.0038,285.956
22,1,0.348525,-0.651475,5.62936e-08,1,5.50653e-07,1.00382,285.429
23,1,0.488043,-0.511957,7.98219e-06,0.999988,7.80809e-05,1.00436,269.106
24,1,0.0496382,-0.950362,7.8865e-18,1,7.71442e-17,1.00479,257.393
25,1,0.664621,-0.335379,0.00254865,0.996358,0.0249941,1.00331,302.645
26,1,0.372623,-0.627377,1.93216e-08,1,1.89e-07,1.00444,266.792
27,1,0.375249,-0.624751,2.55191e-08,1,2.49623e-07,1.00448,265.89
28,1,0.441712,-0.558288,9.77655e-06,0.999986,9.56332e-05,1.00403,278.977
29,1,0.314367,-0.685633,7.26835e-09,1,7.10976e-08,1.00384,284.716
30,1,0.649114,-0.350886,0.00129694,0.998121,0.0127029,1.00326,304.314
31,1,0.373474,-0.626526,1.96431e-08,1,1.92145e-07,1.00447,266.091
32,1,0.166955,-0.833045,2.07179e-14,1,2.02658e-13,1.00582,233.478
33,1,0.144552,-0.855448,2.48184e-15,1,2.42769e-14,1.00569,236.179
34,1,0.0916918,-0.908308,2.7635e-15,1,2.7032e-14,1.00434,269.705
35,1,0.312448,-0.687552,5.66702e-09,1,5.54336e-08,1.00386,284.079
36,1,0.198522,-0.801478,1.15832e-11,1,1.13304e-10,1.00563,237.562
37,1,0.39499,-0.60501,2.84139e-07,1,2.77939e-06,1.00448,265.73
38,1,0.0382765,-0.961724,2.72882e-19,1,2.66928e-18,1.00736,204.822
39,1,0.167025,-0.832975,2.1116e-14,1,2.06552e-13,1.00582,233.486
40,1,0.2739,-0.7261,9.53095e-11,1,9.32299e-10,1.00471,259.595
41,1,0.173499,-0.826501,2.02879e-12,1,1.98452e-11,1.00563,237.518
42,1,0.170119,-0.829881,1.05646e-12,1,1.03341e-11,1.00565,237.046
43,1,0.233361,-0.766639,3.57089e-11,1,3.49297e-10,1.00559,238.474
44,1,0.79882,-0.20118,0.0386935,0.947039,0.393726,1.00577,234.379
45,1,0.689026,-0.310974,0.0036203,0.994817,0.0355418,1.00384,284.779
46,1,0.329161,-0.670839,3.79638e-08,1,3.71354e-07,1.00376,287.384
47,1,0.724543,-0.275457,0.0105463,0.985253,0.104262,1.00429,271.256
48,1,0.729967,-0.270033,0.00945538,0.986651,0.0933735,1.00473,259.013
49,1,0.409469,-0.590531,2.38288e-06,0.999996,2.33089e-05,1.00412,276.033
50,1,0.334857,-0.665143,6.75592e-08,1,6.60851e-07,1.00374,287.805
51,1,0.378012,-0.621988,3.40938e-08,1,3.33499e-07,1.00451,265.068
52,1,0.532786,-0.467214,1.84464e-05,0.999972,0.000180442,1.00393,281.812
53,1,0.593249,-0.406751,0.000209792,0.99969,0.00205257,1.00321,306.41
54,1,0.565781,-0.434219,9.95832e-05,0.999852,0.0009742,1.0034,299.405
55,1,0.711519,-0.288481,0.00576224,0.991784,0.0566917,1.00439,268.226
56,1,0.230622,-0.769378,3.63819e-12,1,3.55881e-11,1.00583,233.196
57,1,0.896665,-0.103335,0.193961,0.75643,2.35385,1.00381,285.619
58,1,0.271005,-0.728995,6.96563e-11,1,6.81364e-10,1.00479,257.408
59,1,0.673332,-0.326668,0.00283235,0.995947,0.0277842,1.00348,296.732
60,1,0.712286,-0.287714,0.0105355,0.985398,0.104153,1.00372,288.707
61,1,0.582255,-0.417745,0.000194118,0.999714,0.00189919,1.00323,305.467
62,1,0.388069,-0.611931,9.1517e-07,0.999999,8.95202e-06,1.00404,278.666
63,1,0.719459,-0.280541,0.00580629,0.991677,0.0571277,1.0048,257.339
64,1,0.552583,-0.447417,2.26929e-05,0.999965,0.000221982,1.00374,288.006
65,1,0.392466,-0.607534,1.26663e-06,0.999998,1.23899e-05,1.00403,278.92
66,1,0.391668,-0.608332,8.11232e-09,1,7.93531e-08,1.00518,247.733
67,1,0.850919,-0.149081,0.103546,0.864556,1.12986,1.0049,254.7
68,1,0.687705,-0.312295,0.00318479,0.995421,0.0312525,1.00388,283.328
69,1,1.023,0.0230044,0.539792,0.380083,11.4734,1.00109,411.194
70,1,0.593454,-0.406546,7.33172e-05,0.999889,0.000717227,1.00334,301.57
71,1,0.6796,-0.3204,0.00222411,0.996776,0.0218043,1.00382,285.283
72,1,1.34078,0.340783,0.931836,0.0488354,133.723,0.99861,690.361
73,1,0.69937,-0.30063,0.0079659,0.988903,0.0785466,1.00353,294.864
74,1,0.490668,-0.509332,1.77117e-05,0.999974,0.000173255,1.00409,277.115
75,1,0.867119,-0.132881,0.133718,0.827918,1.50991,1.00447,266.03
76,1,0.83592,-0.16408,0.073923,0.901021,0.780821,1.00557,238.81
77,1,0.710929,-0.289071,0.00728506,0.989728,0.071784,1.0041,276.653
78,1,0.785688,-0.214312,0.0438849,0.941323,0.448976,1.00455,263.84
79,1,0.666944,-0.333056,0.00185146,0.997321,0.0181442,1.00352,295.132
80,1,0.698332,-0.301668,0.00462251,0.993407,0.0454265,1.00401,279.496
81,1,1.08058,0.0805839,0.639734,0.295547,17.3698,1.00059,447.743
82,1,0.800963,-0.199037,0.0410336,0.943994,0.418558,1.00572,235.627
83,1,0.783081,-0.216919,0.0417892,0.944024,0.426601,1.00455,263.836
84,1,0.675693,-0.324307,0.00530909,0.992579,0.0522097,1.00315,308.362
85,1,0.717842,-0.282158,0.00626416,0.991062,0.061661,1.00462,262.024
86,1,0.86814,-0.13186,0.130932,0.830683,1.4737,1.00462,262.097
87,1,0.733451,-0.266549,0.0184526,0.974836,0.183893,1.00382,285.331
88,1,0.616194,-0.383806,0.000213403,0.999681,0.00208791,1.00327,304.243
89,1,1.02282,0.0228232,0.537232,0.383498,11.3558,1.0011,410.548
90,1,0.897857,-0.102143,0.188884,0.760858,2.27787,1.00399,280.063
91,1,1.62868,0.628682,0.997771,0.00131133,4379.19,1.00135,394.573
92,1,0.582547,-0.417453,6.48676e-05,0.999902,0.000634563,1.00338,300.063
93,1,0.997025,-0.00297497,0.45952,0.463603,8.31654,1.00162,378.796
94,1,0.959574,-0.0404265,0.34796,0.578815,5.22005,1.00254,333.255
95,1,0.982868,-0.0171324,0.418567,0.505372,7.04181,1.00194,361.77
96,1,0.832254,-0.167746,0.0787518,0.895774,0.836185,1.00512,249.339
97,1,0.785592,-0.214408,0.0434747,0.941826,0.444589,1.00458,263.136
98,1,1.04669,0.0466931,0.577574,0.351668,13.3745,1.00089,425.227
99,1,1.35241,0.352411,0.970982,0.0181364,327.313,0.997862,869.035
100,1,1.03015,0.0301523,0.54706,0.377882,11.8144,1.00103,415.088