Codon,alpha,beta,beta-alpha,Prob[alpha<beta],Prob[alpha>beta],BayesFactor,PSRF,Neff
1,1,0.3701149700580657,-0.6298850299419343,4.234102974860399e-18,1,5.458283194398562e-17,0.9993950796275221,568.1062873442463
2,1,0.2064314624365343,-0.7935685375634658,8.545893558852857e-33,1,1.101671533979246e-31,0.9997643533089863,524.4798572429664
3,1,0.02206790837483476,-0.9779320916251653,1.057647401250074e-52,1,1.363438506365786e-51,1.000311208063027,470.9914288591531
4,1,0.1925239070964239,-0.8074760929035761,7.942744337821701e-33,1,1.023918128442918e-31,0.9990550616109902,615.2811189540456
5,1,0.01820567507991052,-0.9817943249200894,1.08891652111472e-61,1,1.403748275040332e-60,1.001669495127667,376.0150323961062
6,1,0.2945381547207799,-0.7054618452792201,1.10706694546425e-24,1,1.427146420240498e-23,0.9974446243805203,1016.075111369066
7,1,0.0341031610242162,-0.9658968389757838,7.028619540834767e-50,1,9.060761192475398e-49,0.9981879371993313,780.9644804345913
8,1,0.1126676848628802,-0.8873323151371199,8.054255374855278e-42,1,1.038293282354955e-40,0.9990120227281657,621.820773105109
9,1,0.01905425943585846,-0.9809457405641415,1.891044216868796e-54,1,2.437790230914225e-53,1.001550921170934,382.7401125151816
10,1,0.02431698371262079,-0.9756830162873792,3.673922096012699e-58,1,4.736140654410236e-57,0.999405078594144,566.8289260079735
11,1,0.05265426115244961,-0.9473457388475504,4.907710304498168e-52,1,6.326646479093296e-51,0.9976279231859091,945.8011571830796
12,1,0.05894053310927277,-0.9410594668907273,2.303005007946638e-45,1,2.968858718393667e-44,0.9968197836680783,1361.282877324169
13,1,0.1595437186912423,-0.8404562813087577,4.525692083211858e-36,1,5.834177672930204e-35,0.9987489375323443,665.0492641421213
14,1,0.4230839792645383,-0.5769160207354618,3.269659721364925e-15,0.9999999999999944,4.214996379278311e-14,0.998692062405951,675.2017654631844
15,1,0.07864265689107687,-0.9213573431089231,2.508592840793367e-47,1,3.233886900198131e-46,0.9969612398411268,1263.992978721764
16,1,0.343422613833838,-0.6565773861661619,4.832453206647397e-20,1,6.229630758196329e-19,0.9985588989464644,700.2369575003048
17,1,0.2266048493395166,-0.7733951506604834,9.001680856852257e-26,1,1.160428162329139e-24,0.9999217493930699,507.8696633578885
18,1,0.1135219507722213,-0.8864780492277787,1.529353960854648e-41,1,1.971526689923036e-40,0.9990327225438921,618.6581170461438
19,1,0.2323856129571756,-0.7676143870428244,1.63300585972334e-27,1,2.105146826471825e-26,0.9997958556654625,521.0683346400923
20,1,0.0777778486977321,-0.9222221513022679,6.89103590333895e-44,1,8.883398841860295e-43,0.9969264826702047,1286.582646615838
21,1,0.3605615993660082,-0.6394384006339917,8.360126728272803e-17,1,1.077723888505054e-15,0.9990598814549662,614.5573619770737
22,1,0.05130433435436584,-0.9486956656456341,1.246910186119903e-46,1,1.607421679215784e-45,0.9975264458238537,983.4522830696144
23,1,0.3428992367160308,-0.6571007632839692,6.237149868645144e-21,1,8.040458749138816e-20,0.9985719826111334,697.6947821719483
24,1,0.2480532672849424,-0.7519467327150575,6.016367806758577e-26,1,7.755843324059352e-25,0.9989920651462921,624.9009836971154
25,1,0.7218274805847357,-0.2781725194152643,0.0002811071429423193,0.9995458220665758,0.003624838235560877,1.000760518334719,434.6272679884093
26,1,0.1840073358623977,-0.8159926641376023,1.824575176485635e-33,1,2.352103404631222e-32,0.9988395726134013,649.4899775900635
27,1,0.1235076595542235,-0.8764923404457765,5.857277459740592e-40,1,7.550756160928197e-39,0.9991492917300556,601.4353290923963
28,1,0.5712522140282028,-0.4287477859717972,7.012958960056145e-09,0.9999999876809929,9.040572827445323e-08,0.9968909543905706,1310.526086345222
29,1,0.1917388944001243,-0.8082611055998756,2.965474480433069e-32,1,3.822863925622711e-31,0.9990706375610862,612.9483658125733
30,1,0.5813466746491237,-0.4186533253508763,3.490264794420679e-08,0.9999999395638521,4.49938380087242e-07,0.9969869315289089,1247.800032769042
31,1,0.3970109214445554,-0.6029890785554446,2.94207164583686e-17,1,3.792694773021507e-16,0.9991859729893074,596.2135901121524
32,1,0.09637451379272802,-0.903625486207272,2.975064728814176e-39,1,3.835226943688049e-38,0.9985219121983766,707.5253446928378
33,1,0.2708061093373842,-0.7291938906626158,7.956855695900594e-24,1,1.025737257290504e-22,0.9980984631047665,803.3173016826595
34,1,0.7637766877521225,-0.2362233122478775,0.001416225036812141,0.9977493127503962,0.0182827874818502,1.001449350049389,388.6971138153239
35,1,0.5855166871631845,-0.4144833128368155,9.974925130574638e-08,0.9999998292590784,1.285891532629516e-06,0.997059813002108,1204.049276358078
36,1,0.6300225848641825,-0.3699774151358175,1.10315868992022e-06,0.9999981271640832,1.42210976355848e-05,0.9975515896213291,973.8454616323299
37,1,0.5611300120140612,-0.4388699879859388,4.333374088238048e-09,0.9999999923781153,5.586255980028009e-08,0.9968498045007401,1339.399870837174
38,1,0.1914071306668672,-0.8085928693331328,7.730633803156312e-29,1,9.965744532041939e-28,0.9992936495368004,581.3992116909898
39,1,0.2156078869061631,-0.7843921130938369,4.461720068780612e-29,1,5.751709822394896e-28,1.00007071753198,493.0963618882878
40,1,0.7037093433314258,-0.2962906566685742,9.746952933258299e-05,0.9998403444296082,0.001256625447027763,1.000109598458788,489.381915880023
41,1,0.3117555095691552,-0.6882444904308448,3.95337936163327e-21,1,5.096395684943503e-20,0.9975667669282697,968.1372394738709
42,1,0.4658481351552007,-0.5341518648447993,1.470862811971376e-13,0.9999999999997273,1.896124353970171e-12,0.9977975646907035,888.9317121170951
43,1,0.6259682855212804,-0.3740317144787196,1.553850124609033e-06,0.9999973833948108,2.00310839176525e-05,0.9975411524491651,977.8102809257629
44,1,0.7010026756557874,-0.2989973243442126,8.976093905144898e-05,0.9998529699738725,0.001157233561690888,1.000002585001724,499.7442167387288
45,1,0.4859471450580252,-0.5140528549419747,2.351160896664431e-11,0.9999999999577502,3.03093762388133e-10,0.9974479862328129,1014.691974127675
46,1,0.7635065931044771,-0.2364934068955229,0.002159745764645716,0.9966225342581734,0.02790205944354143,1.001407361538356,391.2147475026183
47,1,0.1531706953835939,-0.8468293046164062,4.560228109486394e-33,1,5.878698888624498e-32,0.9990258156973657,619.709786901316
48,1,0.5871307378938361,-0.4128692621061639,4.59329943273858e-08,0.9999999205040965,5.921332192681146e-07,0.9970199477763335,1227.59163691204
49,1,0.8476482327071831,-0.1523517672928169,0.02751337706845972,0.95901613291171,0.3647160810903746,1.000622561889177,445.175625705798
50,1,0.5846146831879702,-0.4153853168120298,3.612310634036125e-08,0.9999999373817892,4.656716016595347e-07,0.9969990476566478,1240.307012497771
51,1,0.5835320623438526,-0.4164679376561474,2.111091030157334e-08,0.9999999631701018,2.721457886931257e-07,0.9969708230422585,1257.903826864205
52,1,0.8875893334123406,-0.1124106665876594,0.08373402927307791,0.8814512156131051,1.178080807858397,1.001368606124486,393.567928631745
53,1,0.5319126966249188,-0.4680873033750812,1.549617032379051e-11,0.9999999999714124,1.997648299046928e-10,0.9967254112194837,1434.997145775442
54,1,0.7241250101523352,-0.2758749898476648,0.000221316231107315,0.999639287661633,0.002853671917615731,1.000845725542673,428.3603814135352
55,1,0.6249341473698455,-0.3750658526301545,3.361469210858508e-06,0.9999944131463255,4.33336474974734e-05,0.997627351633791,946.005114332676
56,1,0.863400920865708,-0.136599079134292,0.04663801176211237,0.9321852079536184,0.6306332195903612,1.000897763193142,424.6219508592615
57,1,0.7643900162516217,-0.2356099837483783,0.001731663439070627,0.9972662380368182,0.02236201014071503,1.001427250240096,390.0181272348751
58,1,0.7350059922731205,-0.2649940077268795,0.0003713219350537978,0.9993983225427272,0.004788577787042281,1.001142182826713,407.9084213805515
59,1,0.4267272672649259,-0.5732727327350741,6.929580748798509e-14,0.9999999999998751,8.933087922039586e-13,0.9986820872583274,677.0145986066871
60,1,0.4154829722768764,-0.5845170277231235,2.819978342195053e-14,0.9999999999999494,3.635301381464181e-13,0.9988929745153405,640.6605951298103
61,1,0.5462930986500958,-0.4537069013499042,6.313055503899531e-09,0.9999999890115623,8.138310566458139e-08,0.9968608828096714,1331.501741785998
62,1,0.4900182235573167,-0.5099817764426833,2.893552839413058e-10,0.9999999994922325,3.730148022808372e-09,0.9974485125161248,1014.475792102435
63,1,0.7163961307026387,-0.2836038692973613,0.0002096232771407924,0.999660027874189,0.002702870278048706,1.000583829775475,448.2306428270031
64,1,0.5038125246946226,-0.4961874753053774,1.573379943815403e-11,0.9999999999713163,2.028281635297176e-10,0.9970588084667558,1204.631374029686
65,1,0.7932260537089511,-0.2067739462910489,0.005714081680222723,0.9911945792672852,0.07408491791318052,1.001187295358284,404.9676668776565
66,1,0.2931724871039975,-0.7068275128960025,5.145859369458323e-20,1,6.633650122309272e-19,0.9977728527893756,896.7849157114854
67,1,0.9111521335780015,-0.08884786642199849,0.1347846090685604,0.8139617329080924,2.008217353622382,1.001971399174896,359.9230576000683
68,1,0.8155375362205252,-0.1844624637794748,0.0108609524083388,0.9834456331659555,0.1415484808437859,1.000828494268678,429.6129717486502
69,1,0.7278771379127937,-0.2721228620872063,0.0004146104521561458,0.9993343922469826,0.005347059234760001,1.000929311954553,422.3873438928673
70,1,0.8045099650722551,-0.1954900349277449,0.009204799102806988,0.9860060467321741,0.1197636624698024,1.001069106325936,412.7646414448012
71,1,0.6689533789665516,-0.3310466210334484,2.657988465012536e-05,0.9999562655656394,0.00034265674425661,0.9987708595045562,661.2175797657214
72,1,0.7895820126643901,-0.2104179873356099,0.004446614707235202,0.9930911051661834,0.05757840036516122,1.001216262002027,403.1018728755155
73,1,0.6830467492333679,-0.3169532507666321,7.190674785118557e-05,0.9998831833837478,0.0009270337075221587,0.9993378862746901,575.5255476116431
74,1,0.897556838109514,-0.102443161890486,0.09957474317175823,0.8597237034254427,1.425595038150914,1.001580259341579,381.0536366872927
75,1,0.7459513302161346,-0.2540486697838654,0.002270716050954839,0.9965082958774725,0.02933896298756884,1.001173193258586,405.8823331198733
76,1,0.6472599718070241,-0.3527400281929759,4.406869195405361e-06,0.9999926070839553,5.681025288011926e-05,0.997991417631516,831.809380531009
77,1,0.5567369582169479,-0.4432630417830521,1.128499499610446e-09,0.9999999979889556,1.454775638933335e-08,0.9968037517943488,1373.265249721925
78,1,0.7986348129158847,-0.2013651870841153,0.00570235865693573,0.9911648470898076,0.07393205343491643,1.00105816674532,413.5016806118755
79,1,1.001150242790444,0.001150242790444178,0.4967773751107022,0.3967101623235484,12.72612832735246,1.002652185899605,328.288405767701
80,1,0.8555432136092881,-0.1444567863907119,0.04484112568807176,0.9353034416030415,0.6051952909670953,1.001006808501243,416.9976832972263
81,1,0.8218007783456025,-0.1781992216543975,0.01294813749681029,0.9803268280544015,0.1691071532976753,1.000736917662068,436.3959187693794
82,1,0.7117701933623094,-0.2882298066376906,0.0002525741022609674,0.9995940209872061,0.0032568156179105,1.000420728357534,461.5732549589445
83,1,1.001321936931402,0.001321936931402146,0.4981963048586531,0.3947315340445043,12.79856550633127,1.002633345310467,329.0880903104549
84,1,0.8601877849271344,-0.1398122150728656,0.03801115440382598,0.9439197337456051,0.5093727076584915,1.000696575028943,439.4530854880289
85,1,0.930021496517411,-0.06997850348258905,0.1974182613737687,0.736312628160951,3.170974120123574,1.002381340450173,340.1762001851237
86,1,0.9024293477291925,-0.09757065227080752,0.1144136779362881,0.8406817217653995,1.665488717550223,1.001739072387188,372.1788363436191
87,1,0.9390391523229245,-0.06096084767707555,0.2273462979553176,0.6994526829907375,3.793129285211466,1.00254991143879,332.6773155795732
88,1,0.638376033983877,-0.361623966016123,1.02329663560287e-06,0.9999982506285059,1.319157464456941e-05,0.997667825039022,931.7772715554056
89,1,0.9002572980314396,-0.09974270196856039,0.1120593488518335,0.8441611745007235,1.626892301690384,1.001696662515022,374.5076689760342
90,1,1.18719837664474,0.1871983766447405,0.9410424939512895,0.03041582348270479,205.7618136893154,0.9996362668809007,538.8270531967258
91,1,0.8900343477173334,-0.1099656522826666,0.07809364609633031,0.887887419237089,1.092002268018077,1.001281631020038,398.9544429848759
92,1,0.8006877613746196,-0.1993122386253804,0.008071216433445111,0.9876893784943608,0.1048946043440004,1.0011147945749,409.7149068595604
93,1,0.8607430008870427,-0.1392569991129573,0.03987967457005805,0.9413773105712748,0.5354520561631225,1.000745877646302,435.7227441320448
94,1,1.015657075932356,0.01565707593235599,0.562274579065968,0.3314991483225965,16.5592753868502,1.002584579391486,331.1763685207139
95,1,0.9120750937050246,-0.0879249062949754,0.1278537890997738,0.8214317109650897,1.889813528728661,1.001989915158733,358.9812863144276
96,1,1.019680231725145,0.01968023172514455,0.5756237873269157,0.3204708787951945,17.48567284649273,1.002669053737161,327.5757824091559
97,1,0.9258609912186759,-0.07413900878132407,0.1745757175895096,0.7626385639668045,2.726473265914979,1.002376611661911,340.3914941380114
98,1,1.010141619117373,0.01014161911737332,0.53572008257155,0.3588715149417642,14.87485281641597,1.002670174676793,327.5285364380732
99,1,0.7760013209970853,-0.2239986790029147,0.003389278254500599,0.9947392443108732,0.04384058278504128,1.001377003057937,393.0556546849688
100,1,0.9628888266721916,-0.03711117332780844,0.3256007664565246,0.5867589088137274,6.223905630777087,1.002706850837465,325.9902588885191