dN,dS,dN/dS,dS=dN,LRT,p-value,Full Log(L)
0.04074952853314416,1.565161372497587,0.02603535280717963,0.2788010131123745,548.9403241906573,0,-803.5398544902959
0.2126403375576507,1.210566550597412,0.1756535710099648,0.3635788996222992,200.2836579508571,0,-1494.258607551945
0.03796021796289537,1.442312012057478,0.02631900562815434,0.25420364378293,500.4625772509703,0,-757.8273935744019
0.06494501592022299,0.5332775063940255,0.1217846527211983,0.1963273416283491,175.1656355930863,0,-909.4615681430328
0.0133971405701505,0.4237150095489087,0.0316182817890101,0.1461387186123271,243.9643427175381,0,-679.0980877004162
0.1128609779671979,0.5426492392152483,0.2079814543376338,0.2432269261971522,134.5820336277629,0,-1142.633776466037
0.01017138975493961,1.387597117955216,0.007330218276849929,0.2067473083862474,539.2307013109787,0,-576.2338333555442
0.2165587214048499,1.346362607756902,0.1608472488445338,0.3765341093069782,221.2486073386331,0,-1497.862144740195
0.1629486654410077,1.45259301219899,0.1121777841918225,0.4003633944744969,352.7354910483059,0,-1494.113127410838
0.02855022781163551,0.5400476470987209,0.05286612758154749,0.1762283422429365,252.0244884925194,0,-786.9712047963409
0.05421721258266555,0.7633422121465094,0.07102608989775029,0.1677798508046364,211.1394968424331,0,-637.014358875448
0.03502610653519095,1.06662335364073,0.03283830830783474,0.190027302284724,351.9646930041301,0,-638.4858669836075
0.1743707130388613,1.445060555327939,0.1206667169731791,0.3573745047285169,271.1259129088785,0,-1243.304661371759
0.08383840915280186,0.4791105424903035,0.1749876108278261,0.2049846925102852,132.3933526842018,0,-1007.526001960236
0.2304822365336361,1.261705217788676,0.1826751869486521,0.4248922497732356,234.1419452078262,0,-1641.078910974734
0.09309084642054288,1.267487401608392,0.07344518478243982,0.2850646293841015,343.947667118144,0,-965.0007632117482
0.08669487904590979,0.5468045649808562,0.1585481991156109,0.2197693317161955,156.1368646610015,0,-997.3889464002549
0.123983036374521,0.8100578584440171,0.1530545442922698,0.3193995788392586,236.0604915620211,0,-1328.618707301298
0.2333523364306585,1.0634199404469,0.2194357351740017,0.3994578837920281,172.9093967760768,0,-1599.48197133331
0.3243021123651802,1.139988453513662,0.2844784185011867,0.4459002247849242,108.5735314886933,0,-1718.066814771577
0.1525816803395778,0.5474975670541304,0.2786892390418463,0.2561614792168075,87.64152493801612,0,-1208.47401916006
0.4011900149733557,1.132690564966211,0.3541920692041109,0.5334708928279548,89.1477112530456,0,-1945.611822506756
0.1200301771301399,1.386476914323201,0.08657207046879088,0.3299699460546491,347.2730432015733,0,-1088.710051298419
0.2620005630718376,0.9147345984170363,0.2864224918629229,0.3627961046695835,95.63335258058896,0,-1527.124152407583
0.5306637854580684,1.436299068086862,0.3694660793485775,0.6853494261916634,92.94410137857358,0,-2191.392582560296
0.1446865599184161,0.6735959029999941,0.2147972683236723,0.2868322911345991,141.3895948460859,0,-1250.386007312223
0.09230988710762682,0.8931252021771193,0.1033560433437645,0.2484277417864912,244.0715512663564,0,-906.1093164543563
0.2116413513529423,0.8394659886240615,0.252114265760589,0.3708294993053418,140.5366854971226,0,-1512.481481357697
0.1814982428966757,1.194702747353209,0.1519191642429666,0.4350729800495348,296.0728433795671,0,-1619.363566164853
0.4426498184542077,1.456217252298204,0.3039723762066526,0.6073671605182503,131.5286337599282,0,-2091.13354206317
0.2635554027666974,0.6721863258343402,0.3920868256871539,0.3519456789862403,56.50536578166384,5.606626274357041e-14,-1487.273281112801
0.3776025604754086,0.7889830206792199,0.4785940262064677,0.4664837558390676,41.4451744629032,1.212234757019814e-10,-1766.802002409096
0.2370018093623625,1.197157047008795,0.1979705252159965,0.4565363238560987,231.8302450749302,0,-1726.128302549384
0.5366262876535498,1.191206117177454,0.4504898689784084,0.6496571902866992,54.80290739694192,1.332267629550188e-13,-2168.21215513667
0.6297209861003433,1.003262316670033,0.6276733169750408,0.7023715231372428,19.20889804252056,1.17165983274381e-05,-2252.411823105922
0.2099194003639135,1.433984034513068,0.1463889383086437,0.4212892662125661,270.3304853182881,0,-1355.836892495981
0.3232809195714892,0.9102141829903263,0.355170162817519,0.4640674599904642,91.46017100361314,0,-1787.181210530551
0.5801427446885854,1.665022796960358,0.3484293102458931,0.7418406990866172,102.1786786857174,0,-2345.521251145127
0.4917644212830508,0.8243937336997401,0.5965164473971617,0.5529646043588791,17.61700838927027,2.701613155631222e-05,-1990.739820619314
0.4868284664635021,1.48882052957037,0.3269893562013055,0.6319400912440886,108.1251389552199,0,-2169.085659403923
0.5743103637248177,1.342679391943328,0.4277345486725532,0.7050652765799106,66.66644892843215,3.33066907387547e-16,-2224.78184700661
0.1740425276181571,0.373593940868567,0.4658601454122259,0.2292903697543343,27.92689405377996,1.259864312874726e-07,-1119.111995373
0.2664659838160592,0.5375402289932337,0.495713566062073,0.3455824122042089,35.06831199133194,3.183391772410005e-09,-1523.543382160555
0.5895891979664267,1.174202892864294,0.5021186726326412,0.7043830265140869,45.17637297217607,1.800648519179049e-11,-2222.256192130013
0.2030122327061087,0.8644566685681252,0.234843734900415,0.333293317879742,125.9575952199566,0,-1254.066239121048
0.4493879164367572,0.9575791062237825,0.469295866540907,0.5740696824827936,55.8729780080057,7.72715225139109e-14,-2035.749345539602
0.5395820156865339,1.339855672009434,0.4027165216066158,0.6611773881823093,70.10283974949107,1.110223024625157e-16,-2190.594155909088
0.534961357033973,1.218078350363049,0.4391846853484649,0.6568090921866946,61.28423900116741,4.884981308350689e-15,-2192.454900779095
0.5020277388985572,1.308085330154887,0.3837882188000024,0.6887904229303325,102.1316732554251,0,-2282.864897946477
0.5291509027312429,1.284448372395918,0.4119674360630025,0.6678746258092709,75.19200936747893,0,-2240.238034067485
0.3733632331439806,0.8636415011814165,0.4323127508731797,0.4740293914722359,54.79719687662737,1.336708521648688e-13,-1764.280050118674
0.2671046198611938,1.371319636828007,0.1947792569200221,0.4337370087244004,184.6934352701464,0,-1455.909277844558
0.4625073133031291,0.9560472799899545,0.483770335404321,0.5604388936103236,40.61217062900505,1.856467202188128e-10,-1944.550459256579
0.6135184408947176,1.242279395142109,0.4938651025637716,0.7192490950835028,44.03708185513005,3.222133670988114e-11,-2282.398485850162
0.6028091344354776,1.073748473982971,0.5614062781383171,0.7013355951287457,32.28789363847136,1.329390364457339e-08,-2228.96176651358
0.4597104498284851,1.353418499172884,0.3396661491692543,0.6100679851403255,97.56634247045804,0,-2000.512464488509
0.5868159034272326,1.039372372004712,0.5645867825939982,0.6707582515984727,28.9162118589893,7.5577700653362e-08,-2293.700246500419
0.6458107784337692,1.458521641438868,0.4427845018443886,0.7797831518747282,64.75901088236151,8.881784197001252e-16,-2418.900939251777
0.5909389624536181,1.15234808175904,0.5128129007266273,0.6852646685598289,39.41236500913146,3.431173123402687e-10,-2267.848975998145
0.5293069586915222,0.9418728350105769,0.5619728470941391,0.6199993682720468,30.83501903839442,2.809224064481697e-08,-2136.211072210932
0.4527342806243622,0.8695661299801275,0.5206438763141668,0.5528138956135302,38.53902634746419,5.366969091369356e-10,-2023.680991336946
0.6700329072202993,1.498228156375419,0.4472168703872667,0.8116809508841899,61.59224638241358,4.218847493575595e-15,-2395.553803758026
0.7358536809170403,1.37227978238848,0.536227153063694,0.8415619533975159,36.41083723708743,1.598121524004625e-09,-2504.397248890936
0.6607897004005461,0.6605623374524603,1.000344196051144,0.6607187683308948,1.146509839600185e-05,0.9972983559753946,-2252.804605297399
0.4862537658134133,1.728059393178407,0.2813871836424849,0.6915333779047814,152.3464654741847,0,-2126.590441492838
0.7052462169614987,1.261488887249189,0.5590586045505032,0.7888482795621572,26.58634196855655,2.520190883759099e-07,-2445.60087778459
0.9435409548385514,0.8090667601207232,1.166209021734823,0.9083293265394868,2.296996333873722,0.1296244524653453,-2516.174762829588
0.893472285994441,1.288047306867423,0.6936641854928428,0.9728981399773923,14.3156191484286,0.0001545769828285026,-2732.829261820551
0.6190463011220885,0.7489697081921978,0.8265304916220072,0.6465396867683613,2.871765428698382,0.09014593529348192,-2162.757155407772
0.7135782071031593,1.035849490425626,0.6888821336485412,0.7893585047131314,15.1126700128043,0.00010128124933384,-2510.948481853843
0.7134020603781289,1.313255410163473,0.5432317695834393,0.8171652653924826,35.58366427232522,2.443279023545131e-09,-2457.641245221733
0.793535670543886,0.6252146782868815,1.26922111412709,0.7525580417335548,4.869411859561296,0.02733681574259006,-2327.202379838602
0.6678662533025784,1.439019658028324,0.4641119734372893,0.7675669982802297,43.01981740725023,5.418820947511449e-11,-2437.947010811576
0.7979713537590307,1.151485783083463,0.6929927972034646,0.8734881429443334,14.3920969339888,0.0001484239262672382,-2626.139714933131
0.3337288644017048,0.8019600407828675,0.4161415125819999,0.4109516179675125,43.85375318097294,3.538513926315545e-11,-1475.52940872285
0.7814563841922236,1.10368452963349,0.7080432525875202,0.8433173349749287,11.07312438654571,0.0008758797182322198,-2483.127027021637
0.3194407465211985,1.04166817091292,0.3066626738160196,0.4605986002412126,107.6418211230107,0,-1569.386130053317
0.8188692359431192,1.007542497773174,0.8127391526937551,0.8528579115563493,3.50720623800953,0.06110241093338109,-2597.728221526686
0.7980651734316491,1.198104373232669,0.6661065523685112,0.8669007180221915,14.67818671462919,0.0001275134836142833,-2534.289301839848
0.819989522646338,0.8815452916030179,0.9301728798928235,0.8334174324522461,0.4823225900945545,0.4873721580790786,-2542.009592356103
0.7586123334178103,0.7620802119946061,0.9954494572589423,0.7592637879468237,0.001505582724348642,0.9690483784831497,-2469.420980220573
0.6730784330294172,1.424541433149731,0.4724877896609914,0.7966590494737558,48.88760139989063,2.71060951462232e-12,-2242.854617307792
0.9036273663512182,1.129037348606955,0.8003520587393715,0.9393428570277684,3.316380606328494,0.06859268395997797,-2371.193419787866
0.8359802395756876,0.9986885092663937,0.8370780596942817,0.8680493641645614,2.841048701272484,0.09188422786268124,-2557.655971900757
0.7841072370572673,1.334751175972466,0.5874557379475513,0.8763778170466505,26.14442809530465,3.168099727002271e-07,-2568.997457499063
0.9170548763221883,1.112420462202171,0.8243779285637802,0.9522219219585062,3.366910563390775,0.06651838547624511,-2641.01050491157
0.8831584448811288,1.084541962935306,0.8143146831228791,0.9225135227346294,4.003924123598154,0.04539446007034231,-2635.062482839568
0.4426329977383146,0.5141888017706385,0.8608374904589181,0.4580575191445818,1.258851766065618,0.2618685476058087,-1673.280749912029
0.6424819021579036,0.8468199488072685,0.7586995359082275,0.6855704439045475,6.469703506315454,0.01097288372565852,-2087.189275010241
0.917789266803723,1.099113833193535,0.8350265814934168,0.9533242829450664,2.889049579433959,0.08918352251591155,-2636.306006070469
0.9639476703734837,1.059285378049423,0.9099980896068868,0.9846263154957918,0.865719809606162,0.3521429780778369,-2743.847767060703
0.8638862109710934,0.6605549382111656,1.307818867133996,0.8129993226167408,6.399639667971314,0.01141435285059011,-2515.785937241965
0.9325196942866508,1.053162458253593,0.8854471472834327,0.9566544914587547,1.354778674433874,0.2444444367344873,-2525.295276528096
1.007828657798654,1.068066042572274,0.9436014418841117,1.022479825789848,0.370334839325551,0.5428218086217267,-2793.014560765753
0.8480820886181253,0.7954530281858637,1.066162373600223,0.8367282084409859,0.3485186873422208,0.5549528653688809,-2555.969098312772
0.9979698490973483,1.579332736706509,0.6318933470463505,1.105952694302766,22.79610672146373,1.80130243265797e-06,-2721.944043005438
0.7114459482388463,0.7503991696658998,0.9480899992941135,0.7191232516121838,0.2100964348537673,0.6466918298958877,-2386.307428252356
0.8850659920926307,1.380869100122735,0.6409485099014554,0.9723102577106387,19.37567639419922,1.073658760986085e-05,-2698.416184122869
0.7986153011433917,1.31448139869291,0.6075516184082305,0.894517562925667,24.52061160543235,7.351915072284498e-07,-2501.048556590735
0.8986998296812089,0.768022513029989,1.170147768371625,0.8724949849730399,1.875125065477732,0.170889251908091,-2558.234102744629