Codon,alpha,beta,beta-alpha,Prob[alpha<beta],Prob[alpha>beta],BayesFactor,PSRF,Neff
1,1,0.6266092260600488,-0.3733907739399512,0.002082846484172096,0.9970742575755704,0.01637521716137885,0.9994482661702279,561.377523688363
2,1,0.1099045745405587,-0.8900954254594413,6.150553561404312e-15,0.9999999999999906,4.825457549254181e-14,1.000020936667257,497.9358914447898
3,1,0.03452607493685163,-0.9654739250631483,1.418597280652718e-18,1,1.112969895950977e-17,1.002772624977642,323.267853283585
4,1,0.2738335869611618,-0.7261664130388382,2.726148540331919e-11,0.999999999956534,2.138817900431047e-10,1.002230871034538,347.164664270756
5,1,0.01543931127328319,-0.9845606887267168,2.055210573766002e-20,1,1.612429073168132e-19,0.9964030759668446,1760.885891499717
6,1,0.04340482288186509,-0.9565951771181349,3.801201776057041e-21,1,2.982258039603953e-20,0.9995515565913118,548.7580034601179
7,1,0.01334554325292912,-0.9866544567470709,1.272002644251741e-24,1,9.979581026483027e-24,0.9960804935331729,2279.4507620309
8,1,0.2576607636184537,-0.7423392363815463,4.959178869115123e-10,0.999999999233767,3.8907566424764e-09,1.001673662497179,375.7830134262464
9,1,0.01334554366497879,-0.9866544563350212,1.272015147336771e-24,1,9.979679120265061e-24,0.996080493965236,2279.449862493128
10,1,0.01528364757033773,-0.9847163524296623,1.125995481308804e-20,1,8.834072155396448e-20,0.9963840173875637,1784.864806655078
11,1,0.02948481202968057,-0.9705151879703194,1.161862591156609e-22,1,9.115469942208835e-22,1.00450035714168,265.2391282452939
12,1,0.7589273135114549,-0.2410726864885451,0.02917290406928489,0.9609885209244764,0.2357556281527644,1.000285679469179,473.2427126241557
13,1,0.1954249093736839,-0.804575090626316,1.451268008002726e-13,0.9999999999997682,1.138601931564978e-12,1.002124245333057,352.2952310966314
14,1,0.02985259466999202,-0.970147405330008,2.141754790024054e-22,1,1.68032791146251e-21,1.004378490105599,268.6323013181138
15,1,0.2403059487970837,-0.7596940512029162,1.628288125040392e-10,0.9999999997478275,1.277484237503729e-09,1.00169612860743,374.5371748576432
16,1,0.7173705275877034,-0.2826294724122966,0.01500335080571755,0.9796633141988551,0.1195027241384866,1.000003393266186,499.6642939059969
17,1,0.290537888951562,-0.709462111048438,3.086475713216513e-10,0.9999999995151679,2.421514972081073e-09,1.002006281496803,358.1529887181394
18,1,0.1116298392851912,-0.8883701607148088,1.047855205330592e-14,0.999999999999984,8.221017442750842e-14,1.000041994769375,495.8770596485157
19,1,0.04348189167772835,-0.9565181083222717,4.12445078705804e-21,1,3.235865192984724e-20,0.9995369439835343,550.5085019293251
20,1,0.02950442957672046,-0.9704955704232795,1.219716139639678e-22,1,9.56936379012295e-22,1.004493284588653,265.4336729019198
21,1,0.1109030449509873,-0.8890969550490128,1.931671015063938e-17,1,1.51550529383366e-16,1.000948732263358,421.0235593920555
22,1,0.2366344609928623,-0.7633655390071377,2.839609540633218e-12,0.9999999999954646,2.227834479941187e-11,1.002174014388501,349.8815199690898
23,1,0.2422958954751948,-0.7577041045248052,2.207983625384243e-10,0.9999999996586251,1.73228818344926e-09,1.001671007590826,375.9307923160766
24,1,0.216852603905636,-0.783147396094364,3.666603963415429e-15,0.9999999999999947,2.876658433870871e-14,1.002662650986286,327.8459135659766
25,1,0.3059108763368969,-0.694089123663103,6.745235781868706e-10,0.9999999989425727,5.292019429165152e-09,1.001989717043257,358.9913366240984
26,1,0.01543505540159297,-0.984564944598407,2.038405056034296e-20,1,1.599244192880858e-19,0.9964020822496763,1762.120189971114
27,1,0.7977631458038006,-0.2022368541961994,0.04687334093218344,0.9376929022796986,0.3858331928319631,1.00064983335608,443.0496473920848
28,1,0.5199745096968007,-0.4800254903031993,4.62253250869603e-05,0.9999321801507206,0.000362680615820501,0.9988091187931235,654.6356449856913
29,1,0.5002438591343384,-0.4997561408656616,3.033721169675524e-05,0.9999555875722048,0.0002380198253233113,0.998657152618889,681.5892025318625
30,1,0.3475173111630824,-0.6524826888369175,9.715905309322778e-08,0.99999985358022,7.622678627186966e-07,1.000784983515594,432.8090310118916
31,1,0.2095396529949554,-0.7904603470050446,4.323609766098817e-14,0.9999999999999298,3.392116689589128e-13,1.002374131721991,340.5045119130316
32,1,0.5463312089330297,-0.4536687910669703,0.0001499849670422393,0.9997824836793541,0.001176893513045809,0.9989019617449717,639.1983440815163
33,1,0.1110443169688645,-0.8889556830311356,2.034678760685494e-17,1,1.596320703175076e-16,1.000949262472981,420.9864502031675
34,1,0.4268476803002505,-0.5731523196997494,1.589935879487148e-07,0.9999997562978825,1.247394927258432e-06,1.000059481944929,494.1803472282116
35,1,0.1323518146434634,-0.8676481853565365,1.895479609666691e-16,1,1.487111086930374e-15,1.001548585760481,382.8750093691059
36,1,0.4700807187720641,-0.5299192812279359,3.364973861900032e-06,0.9999949591512387,2.640021422773785e-05,0.9990703652284098,612.9889992069875
37,1,0.6327152294750373,-0.3672847705249627,0.002305233525894279,0.996763159945397,0.01812765083720883,0.9995096051839539,553.8139000463693
38,1,0.2626174303345281,-0.7373825696654719,2.240207921350717e-10,0.9999999996506108,1.757569968374401e-09,1.001840604513525,366.7205573189965
39,1,0.3990797097452354,-0.6009202902547646,9.620160726440728e-07,0.9999985705526623,7.547568100567053e-06,0.9997740733278659,523.4224453929586
40,1,0.4924981220881959,-0.5075018779118041,2.707564892486531e-05,0.9999604254297718,0.0002124295493002131,0.9986111476530208,690.1946799258533
41,1,0.4528613961632947,-0.5471386038367052,2.149625142040903e-06,0.999996781110382,1.6865062736414e-05,0.9992116995423199,592.6054074983517
42,1,0.2921419225496666,-0.7078580774503334,1.184220460935364e-09,0.9999999981619696,9.29088010195975e-09,1.001758025113876,371.1475269707038
43,1,0.2840723956252397,-0.7159276043747602,4.126377075362811e-09,0.9999999936886563,3.237376488596169e-08,1.001456429439796,388.2758528922887
44,1,0.8548628418562407,-0.1451371581437593,0.1227543476163854,0.8448304438524762,1.097842280697856,1.000266132951942,474.9811757445063
45,1,0.5763265428001657,-0.4236734571998343,0.0003941345066108571,0.9994328381192844,0.003093427612948473,0.9991610611334226,599.7499021711362
46,1,0.1606592526577959,-0.8393407473422041,4.581403217940627e-13,0.9999999999992865,3.594370250334244e-12,1.001492549248104,386.1408078903563
47,1,0.5862968179206167,-0.4137031820793833,0.000833962588521801,0.9988192448307069,0.006548369840833337,0.9990663559483999,613.5878317269701
48,1,0.5425563569566935,-0.4574436430433065,0.0001850217223198783,0.9997335072326706,0.001451868808992748,0.9987574701418918,663.5525748268412
49,1,0.7342466117312747,-0.2657533882687253,0.01540358343667831,0.9789200809137839,0.1227404776597094,1.000288225813387,473.017185211088
50,1,0.3391149150119149,-0.6608850849880852,9.206075650753305e-09,0.9999999857967647,7.222687716381063e-08,1.001514105384506,384.8778828465716
51,1,0.7917810551387626,-0.2082189448612374,0.05086311476475622,0.9332257237032306,0.4204345476495007,1.000398620900727,463.443669684816
52,1,0.313091856722001,-0.6869081432779991,3.001144396195243e-08,0.9999999546217362,2.354567791835987e-07,1.001095837449915,410.9747755671469
53,1,0.6142552761260306,-0.3857447238739694,0.000580177020732497,0.9991565423665538,0.004554459650655666,0.9997171821827746,529.6731885413353
54,1,0.6043515292560789,-0.3956484707439211,0.0007499305663927768,0.9989238367266262,0.00588804557327175,0.9994558755976601,560.4279338826946
55,1,0.6078330383292736,-0.3921669616707264,0.001515269629946525,0.9978701722003361,0.01190618936841897,0.9992418908299872,588.426694113526
56,1,0.5646121027761393,-0.4353878972238607,0.0007150310033948103,0.9989946945432727,0.00561383718165918,0.9986893050877915,675.701889552732
57,1,0.9424475679966416,-0.05755243200335836,0.3104157810279947,0.6326147914215839,3.531675335282887,0.9988157182483927,653.5136116451163
58,1,0.9627240057326167,-0.03727599426738326,0.3607924700660197,0.5765701980814578,4.428328980681002,0.9983893823377581,734.9422094751528
59,1,0.5598853216006086,-0.4401146783993914,0.0001527854518178688,0.9997767952887504,0.001198871555706516,0.9991747757920753,597.7978595905771
60,1,0.549921372965278,-0.450078627034722,7.500782851413781e-05,0.9998892430229243,0.0005885230323496687,0.9992122480072406,592.5289629804142
61,1,0.4715877853853817,-0.5284122146146183,1.735810543921302e-06,0.9999973720137723,1.361844027359536e-05,0.9992372607598581,589.0636780599017
62,1,0.9610034627497107,-0.03899653725028929,0.350621265485461,0.5836743236664519,4.236083234334637,0.9983103264794709,752.3381225207017
63,1,0.7339546360366954,-0.2660453639633046,0.01627040168121118,0.9778096764968648,0.1297617909034652,1.000244372922576,476.9317152117313
64,1,0.5458736432037063,-0.4541263567962937,9.722375471524074e-05,0.999857590526838,0.0007628495766201309,0.9990451168722184,616.7798736557954
65,1,0.6904691437003947,-0.3095308562996053,0.006963092033210209,0.9903471968764913,0.05501245670972986,0.9999561979276187,504.3746329524998
66,1,1.09682306062561,0.09682306062561041,0.7179720393519713,0.2248154846922768,19.9728324580084,0.9992938586155563,581.3711668164106
67,1,0.3483232945654425,-0.6516767054345575,1.957492971853135e-08,0.9999999699589781,1.535764111187551e-07,1.00130067583165,397.7622745299465
68,1,0.7741116459747038,-0.2258883540252962,0.03768921583003387,0.9499858104605707,0.3072741622458719,1.000356082477114,467.0859957890124
69,1,0.4844405239229466,-0.5155594760770534,3.343200973713515e-05,0.9999514971263499,0.0002623018168248989,0.9984824208659306,715.4775568070326
70,1,0.8980072501328404,-0.1019927498671596,0.2016932601192325,0.7525197152599782,1.982192755127728,0.9996840972517632,533.3779354602863
71,1,0.9646099545264564,-0.03539004547354363,0.3638039914710506,0.5716451644204703,4.486429153804398,0.9982971564433364,755.3168880556165
72,1,0.4939888236179009,-0.5060111763820991,1.08599473172853e-05,0.9999838521505884,8.520336154575918e-05,0.9988881848710891,641.4426379425402
73,1,0.7711005939376082,-0.2288994060623918,0.02944268517288461,0.9602907621199082,0.238001953953233,1.000549667986959,450.9604855107592
74,1,0.5133813209101115,-0.4866186790898885,6.151156264815341e-06,0.9999906654083428,4.825960089443335e-05,0.9992477846563654,587.617851299721
75,1,0.8005037733506967,-0.1994962266493033,0.05855116968822701,0.9235570449817218,0.4879363237940411,1.000408165385802,462.63428126562
76,1,1.17783245612723,0.1778324561272295,0.8337009331226335,0.1278519866155288,39.33188582123926,1.00094110413966,421.5581807393691
77,1,0.5120053947954224,-0.4879946052045776,4.239321290419163e-05,0.9999379669842355,0.0003326128612790017,0.998709721882263,672.0162476679111
78,1,0.7272031821040178,-0.2727968178959822,0.01658947153632348,0.9775013235249823,0.1323494048160153,1.000108061970117,489.5276320980811
79,1,0.5360379757857154,-0.4639620242142846,6.814880275307605e-05,0.9998999436273872,0.0005347023867651991,0.9989702046122909,628.3103172393613
80,1,0.7913201568535075,-0.2086798431464925,0.04550465328919463,0.939689893885495,0.3740298721008704,1.000528819708459,452.6429941218623
81,1,0.722760652858941,-0.277239347141059,0.01393623940446881,0.9809640239650932,0.1108829814171958,1.000137596985841,486.7418428165548
82,1,0.8624364483241639,-0.1375635516758361,0.1211068562053541,0.8451203038168899,1.081077798169205,1.000396408535878,463.6316897462573
83,1,0.8262327733710952,-0.1737672266289048,0.07860380215704318,0.8980121573653426,0.6693009363810914,1.000530124403565,452.5373306746731
84,1,0.5296520954372349,-0.4703479045627651,4.799311224707884e-05,0.9999292626707034,0.0003765512139514716,0.9989632597027894,629.4012814767203
85,1,1.162250754059448,0.1622507540594484,0.8449810650387943,0.1141492040606274,42.76480763212101,1.000964734126254,419.9064934670441
86,1,0.9662830367783506,-0.03371696322164941,0.370814413283429,0.5660420862229295,4.623832952387623,0.9983353862204623,746.7348952678694
87,1,0.9147292435503775,-0.08527075644962245,0.2447037867224283,0.7052799281013511,2.541836882922033,0.9993426414258254,574.901270763331
88,1,0.6205972868288586,-0.3794027131711414,0.00119631657806496,0.9982930322924484,0.009397022793520641,0.9995601087353875,547.7387004285563
89,1,0.9013830566204784,-0.09861694337952165,0.2009179243965321,0.7517910246862994,1.972657048008264,0.9996796325026825,533.8818849764285
90,1,0.9152532511829354,-0.08474674881706457,0.2324965089000844,0.7157096085970474,2.376623411621093,0.9993824926053958,569.7225344449647
91,1,1.150345265856761,0.1503452658567612,0.8209026554243714,0.1348967128305027,35.96058998073516,1.000654537869946,442.6849709850254
92,1,1.058010287379122,0.05801028737912217,0.6260160071866117,0.309725173884987,13.13278150309537,0.9984459757887926,722.9774893862389
93,1,0.8624971879535552,-0.1375028120464448,0.1278582189440449,0.8378256317306876,1.150180108567502,1.000293823207279,472.5221899205419
94,1,1.12385157582545,0.1238515758254501,0.785980260295443,0.1625671775771652,28.81257690783596,0.9999491299299719,505.0877705709103
95,1,1.113075275823497,0.1130752758234967,0.755364195725601,0.1909078923364123,24.22482622465047,0.9996932566948935,532.3470750632564
96,1,0.773538404860498,-0.226461595139502,0.0383768355544296,0.9491625008592202,0.313103944732859,1.000324865890363,469.7958322675698
97,1,0.3327456787843068,-0.6672543212156932,3.851675728061424e-10,0.9999999993884929,3.021857714245823e-09,1.002341103465305,342.0169697530155
98,1,1.153078017895106,0.1530780178951061,0.8136363806112449,0.1427945595714179,34.25259798752776,1.000666072146104,441.7934336203077
99,1,0.6478855688697333,-0.3521144311302667,0.00301327883244074,0.9957764493278105,0.02371233059915612,0.9996465016811515,537.6516354621854
100,1,1.123881271732604,0.1238812717326039,0.7858068498689664,0.1627622921130477,28.7828985346647,0.9999510547228311,504.8933640956434