Codon,alpha,beta,beta-alpha,Prob[alpha<beta],Prob[alpha>beta],BayesFactor,PSRF,Neff
1,0.933756,0.0730145,-0.860742,3.09189e-15,1,1.03236e-14,1.04362,54.9295
2,1.15466,0.219269,-0.935388,8.64309e-11,1,2.88586e-10,1.15665,19.2311
3,0.879772,0.0717457,-0.808026,2.48862e-20,1,8.30932e-20,1.07509,34.8528
4,1.15936,0.391444,-0.767916,2.36215e-08,1,7.88702e-08,1.0656,39.0205
5,1.18447,0.000230255,-1.18424,1.31781e-35,1,4.40008e-35,1.00182,367.961
6,0.973009,0.0811656,-0.891843,3.16724e-19,1,1.05752e-18,1.1304,22.1994
7,0.876137,0.259157,-0.61698,6.60682e-06,0.999907,2.20598e-05,1.03192,71.1158
8,1.01458,0.0716695,-0.942915,1.44881e-20,1,4.83745e-20,1.02396,89.6337
9,1.06365,0.0716629,-0.991983,1.56863e-25,1,5.23752e-25,1.0345,66.7297
10,1.05989,0.0715453,-0.988345,5.75441e-26,1,1.92135e-25,1.03325,68.7863
11,1.01036,0.0716256,-0.938735,4.72748e-25,1,1.57847e-24,1.12312,23.2388
12,1.16341,0.134928,-1.02848,4.96213e-21,1,1.65682e-20,1.27407,12.8167
13,1.15744,0.178281,-0.979162,3.35849e-12,1,1.12137e-11,1.03777,61.9138
14,1.08842,0.16816,-0.920259,1.04829e-13,1,3.50016e-13,1.02867,77.6196
15,1.08674,0.0753993,-1.01134,1.05717e-23,1,3.52981e-23,1.02086,99.915
16,0.977302,0.111101,-0.866201,6.85275e-17,1,2.28808e-16,1.06807,37.8293
17,1.18341,0.11411,-1.0693,1.94725e-23,1,6.5017e-23,1.45502,9.39191
18,0.878257,0.0739837,-0.804273,6.91163e-18,1,2.30774e-17,1.08904,30.2548
19,0.937874,0.111808,-0.826067,6.83113e-13,1,2.28086e-12,1.03948,59.6795
20,1.01474,0.111444,-0.903291,1.27266e-18,1,4.24931e-18,1.05247,47.0609
21,1.03163,0.123435,-0.908199,6.25815e-18,1,2.08955e-17,1.04237,56.2732
22,1.1966,0.909645,-0.286957,0.00214689,0.917455,0.00718373,1.13847,21.1701
23,1.22183,0.132129,-1.08971,1.38485e-27,1,4.62392e-27,1.52,8.74886
24,1.20065,0.199903,-1.00074,3.29216e-14,1,1.09923e-13,1.09097,29.7234
25,1.06067,0.144592,-0.916076,2.98445e-16,1,9.96483e-16,1.04518,53.3373
26,0.933431,0.0774199,-0.856011,3.88551e-13,1,1.29734e-12,1.04064,58.2698
27,0.913212,0.100224,-0.812988,1.00875e-10,1,3.36813e-10,1.02504,86.5521
28,0.923442,0.564384,-0.359058,0.0056069,0.976839,0.0188266,1.09023,29.9253
29,1.08032,0.286904,-0.793417,4.24425e-09,1,1.41712e-08,1.05654,44.2004
30,1.22218,0.220473,-1.00171,1.95016e-17,1,6.51144e-17,1.1548,19.4078
31,1.07785,0.269753,-0.808094,2.97019e-08,0.999999,9.91723e-08,1.04214,56.5321
32,0.898048,0.195279,-0.70277,1.70822e-07,0.999993,5.7036e-07,1.02786,79.4433
33,1.07413,0.428987,-0.645147,1.18096e-06,0.999982,3.94315e-06,1.04403,54.4979
34,1.1501,0.155028,-0.995076,7.30353e-14,1,2.43859e-13,1.09208,29.4277
35,1.12933,0.22113,-0.908202,1.82218e-09,1,6.08412e-09,1.13074,22.1529
36,1.22172,0.682733,-0.538983,2.106e-06,0.999965,7.0318e-06,1.30626,11.9103
37,1.14122,0.18436,-0.95686,1.42266e-12,1,4.75014e-12,1.04007,58.9569
38,0.862737,0.295014,-0.567722,3.18695e-05,0.999719,0.000106413,1.02904,76.8264
39,0.791701,0.602596,-0.189105,0.061711,0.845078,0.2196,1.03197,71.0423
40,0.938392,0.615997,-0.322395,0.012723,0.957715,0.0430286,1.10699,26.025
41,1.1368,0.161132,-0.975667,3.48339e-16,1,1.16308e-15,1.0897,30.0707
42,1.18794,0.237795,-0.950149,1.50429e-13,1,5.02271e-13,1.15629,19.2651
43,0.987181,0.128166,-0.859015,6.89287e-11,1,2.30148e-10,1.01752,114.156
44,0.995344,0.332646,-0.662698,6.16504e-06,0.999937,2.05847e-05,1.05396,45.9633
45,0.875859,0.613044,-0.262815,0.0250968,0.925218,0.0859532,1.08382,31.8063
46,1.16765,0.808535,-0.359111,0.00476166,0.976553,0.0159749,1.27785,12.6996
47,1.18785,0.21558,-0.972265,4.9136e-15,1,1.64061e-14,1.11996,23.7287
48,1.1435,0.25385,-0.889654,3.65096e-10,1,1.21903e-09,1.07501,34.8846
49,1.0852,0.760959,-0.324238,0.0210622,0.952014,0.0718382,1.49239,9.00091
50,1.15198,0.243745,-0.908236,8.79123e-11,1,2.93532e-10,1.13675,21.3801
51,1.04424,0.235599,-0.808636,4.105e-10,1,1.37063e-09,1.05185,47.5307
52,1.05927,0.945961,-0.113308,0.0823855,0.523889,0.299776,1.19672,16.1955
53,1.1193,0.211595,-0.907709,1.61165e-09,1,5.38118e-09,1.10294,26.8561
54,1.18713,0.585246,-0.601883,4.16136e-05,0.999761,0.00013895,1.16083,18.8447
55,0.889851,0.668638,-0.221213,0.0473901,0.884582,0.166103,1.15715,19.1836
56,1.20032,0.811169,-0.389154,0.000558435,0.993359,0.00186561,1.1807,17.2506
57,1.05975,0.765282,-0.294471,0.0377555,0.921674,0.131009,1.49106,9.01371
58,0.874691,0.741056,-0.133635,0.201917,0.679343,0.844757,1.19985,16.0087
59,0.977182,0.689078,-0.288104,0.0388009,0.913061,0.134783,1.1905,16.5845
60,0.829219,0.431906,-0.397314,0.00329553,0.986224,0.0110399,1.01791,112.266
61,0.876736,0.735438,-0.141297,0.177062,0.70633,0.718399,1.21569,15.1453
62,1.03313,0.40761,-0.625519,6.52022e-07,0.999989,2.17705e-06,1.06996,36.9738
63,1.05714,0.17561,-0.881531,8.34796e-10,1,2.78732e-09,1.02652,82.6671
64,1.14455,0.948801,-0.195747,0.0271452,0.729387,0.0931648,1.10245,26.9608
65,0.917093,0.809258,-0.107835,0.266696,0.587644,1.21433,1.39111,10.2371
66,1.14745,0.60579,-0.541659,0.000305021,0.998568,0.00101875,1.19359,16.3885
67,1.18291,0.801772,-0.381136,0.000797289,0.989747,0.00266421,1.18038,17.2737
68,1.21773,1.09669,-0.12104,0.104443,0.464454,0.389397,1.19624,16.2247
69,1.11258,0.796479,-0.316096,0.0213685,0.94229,0.0729057,1.41767,9.85398
70,1.17588,0.864175,-0.311705,0.00880253,0.935306,0.029652,1.17833,17.423
71,1.16618,0.56427,-0.601914,1.35305e-05,0.999904,4.51779e-05,1.20565,15.6775
72,1.16354,0.891176,-0.272365,0.0150446,0.878288,0.051,1.13841,21.178
73,1.20302,1.08737,-0.115652,0.0406746,0.523333,0.141567,1.12019,23.6911
74,0.897837,0.6975,-0.200337,0.0959302,0.816887,0.35429,1.1792,17.3588
75,0.847891,0.59944,-0.248451,0.10588,0.812259,0.39539,1.00291,317.639
76,1.13083,0.963194,-0.167636,0.0351853,0.661837,0.121765,1.13204,21.9809
77,1.16324,0.82352,-0.339722,0.0075349,0.963209,0.0253494,1.2724,12.8695
78,1.03529,1.05353,0.0182364,0.295798,0.302423,1.4025,1.67287,7.7371
79,1.0042,0.763703,-0.240501,0.122644,0.81167,0.466743,1.31852,11.6133
80,0.907538,0.791803,-0.115735,0.22472,0.62907,0.967807,1.37932,10.4246
81,1.18035,0.77865,-0.401704,0.00134269,0.993625,0.00448915,1.31252,11.7556
82,1.00926,0.679927,-0.329333,0.0203258,0.948263,0.0692743,1.1972,16.1665
83,1.14762,0.892534,-0.255082,0.0263471,0.844908,0.0903513,1.17745,17.4875
84,1.13436,0.657635,-0.476723,0.0017153,0.994239,0.0057371,1.23035,14.4509
85,1.15633,1.09519,-0.0611386,0.129243,0.415311,0.495584,1.2066,15.6249
86,1.04242,0.760545,-0.281875,0.0436525,0.910769,0.152405,1.48294,9.09396
87,1.08798,1.11816,0.0301804,0.304425,0.270685,1.46131,1.3653,10.6634
88,1.11842,0.641196,-0.477229,0.00275035,0.991439,0.00920854,1.22213,14.8294
89,1.08826,0.518783,-0.56948,0.00314098,0.99103,0.0105205,1.1085,25.7303
90,0.922137,0.678213,-0.243924,0.102627,0.820905,0.381853,1.10907,25.6228
91,1.12811,1.0008,-0.127308,0.0719988,0.576427,0.25905,1.33978,11.1491
92,0.896073,0.930709,0.034636,0.45565,0.248048,2.79486,1.43426,9.63878
93,1.16469,0.843191,-0.321494,0.00834077,0.942018,0.0280834,1.21199,15.3357
94,1.14667,0.968994,-0.177675,0.0256421,0.690755,0.0878703,1.17829,17.4256
95,1.13526,0.793151,-0.342108,0.00798591,0.967614,0.026879,1.34706,11.0031
96,0.93104,0.932566,0.00152606,0.364455,0.286981,1.91471,1.38887,10.2717
97,0.979317,1.05869,0.0793729,0.404276,0.182165,2.26589,1.7289,7.47613
98,1.20577,0.877371,-0.328399,0.00116355,0.967609,0.00388953,1.10798,25.8314
99,1.09097,0.960123,-0.130852,0.0869552,0.571603,0.317987,1.18031,17.2791
100,1.12147,0.868913,-0.252557,0.0460713,0.837513,0.161258,1.29582,12.1827