Codon,alpha,beta,beta-alpha,Prob[alpha<beta],Prob[alpha>beta],BayesFactor,PSRF,Neff
1,0.561371,0.0165254,-0.544846,0.000158335,0.999186,0.000341504,0.996643,1506.44
2,0.655489,0.105904,-0.549585,0.00038459,0.998443,0.000829689,1.00457,263.391
3,0.972664,0.0195936,-0.953071,5.67566e-07,0.999998,1.22396e-06,0.998681,677.281
4,1.35901,0.240058,-1.11896,1.18688e-05,0.999959,2.55955e-05,1.01602,122.046
5,0.334774,0.0180035,-0.316771,0.00310345,0.984762,0.00671343,1.0046,262.454
6,0.414834,0.104881,-0.309953,0.0134096,0.952857,0.029311,0.999054,615.476
7,0.949643,0.210661,-0.738983,0.0014297,0.996411,0.00308758,1.00521,247.049
8,0.640494,0.0159536,-0.624541,7.16423e-05,0.99963,0.000154508,0.997447,1015.26
9,0.932958,0.0152019,-0.917756,3.20334e-07,0.999998,6.90801e-07,0.999143,602.347
10,0.555773,0.133835,-0.421937,0.010511,0.970003,0.0229078,0.999248,587.64
11,0.643603,0.0202334,-0.62337,0.000406981,0.998299,0.000878014,0.997968,838.207
12,2.57183,0.509924,-2.06191,0.000108724,0.999513,0.00023449,1.00388,283.575
13,1.0463,0.409216,-0.637082,0.00664636,0.985842,0.0144288,1.01602,122.023
14,1.08904,0.625397,-0.463647,0.0422416,0.919687,0.0951118,1.01992,103.548
15,0.893447,0.0197712,-0.873676,7.89021e-06,0.999967,1.70154e-05,0.999532,551.053
16,2.15364,0.221394,-1.93225,6.08963e-06,0.999981,1.31324e-05,1.01038,165.321
17,2.04593,0.27729,-1.76864,1.72127e-06,0.999992,3.71193e-06,1.01341,138.773
18,1.0857,0.371271,-0.714431,0.00278139,0.99365,0.0060148,1.01217,148.568
19,0.766768,0.10828,-0.658488,0.00015884,0.99935,0.000342593,1.00648,220.125
20,0.967094,0.0202024,-0.946891,2.54098e-06,0.999989,5.47965e-06,0.998958,630.193
21,0.984106,0.165103,-0.819003,0.000152003,0.999538,0.000327844,1.01162,153.298
22,0.649773,0.0202155,-0.629557,0.000387471,0.998381,0.000835906,0.99795,843.379
23,0.726664,0.341624,-0.38504,0.0695293,0.884669,0.161144,0.996455,1698.44
24,1.48722,0.218929,-1.26829,5.21204e-05,0.999849,0.000112404,1.01163,153.265
25,1.01828,0.812401,-0.205878,0.198784,0.676764,0.535035,1.03045,73.9059
26,0.949286,0.0153091,-0.933977,2.553e-07,0.999999,5.50556e-07,0.998847,648.211
27,0.490077,0.645666,0.155589,0.685321,0.230649,4.69652,1.00681,214.152
28,1.79215,0.455917,-1.33623,0.000466202,0.998531,0.00100584,1.01595,122.447
29,1.13219,0.40561,-0.726575,0.00651877,0.986536,0.01415,1.01492,128.559
30,1.38558,0.649289,-0.736288,0.0205442,0.953443,0.045233,1.02002,103.152
31,0.534237,0.200684,-0.333553,0.0752537,0.861906,0.175491,0.999933,506.738
32,1.03558,0.236778,-0.798803,0.000186786,0.999454,0.000402881,1.00554,239.419
33,0.541821,0.371395,-0.170426,0.254718,0.650232,0.737038,0.995072,29263.5
34,0.654625,0.597535,-0.0570905,0.379569,0.513994,1.31931,1.01241,146.531
35,0.729377,0.465142,-0.264234,0.159817,0.769829,0.410203,1.0054,242.576
36,0.835975,0.795518,-0.0404579,0.401579,0.475721,1.44715,1.03335,68.6089
37,1.64229,0.365382,-1.27691,0.000195942,0.999402,0.000422633,1.01583,123.105
38,0.806983,0.23352,-0.573463,0.00825405,0.981321,0.017948,0.999331,576.378
39,0.672498,0.298971,-0.373527,0.0697357,0.878972,0.161659,0.995799,3067.12
40,0.538786,0.422156,-0.116629,0.324606,0.579092,1.03645,0.996063,2316.58
41,1.11236,0.509824,-0.602539,0.0122076,0.974374,0.0266512,1.0177,113.266
42,0.811168,0.459553,-0.351615,0.0921583,0.856165,0.218914,1.00868,185.413
43,1.9576,0.506712,-1.45089,0.00213908,0.994343,0.00462283,1.01443,131.716
44,1.02092,1.11797,0.0970485,0.472818,0.193293,1.93412,1.01132,156.018
45,1.40999,0.923908,-0.486085,0.0896124,0.730625,0.212272,1.01263,144.78
46,0.823789,0.952623,0.128833,0.592628,0.253752,3.13719,1.01835,110.224
47,1.56633,0.53882,-1.02751,0.00147955,0.994947,0.00319538,1.01739,114.813
48,0.454541,0.951341,0.4968,0.950535,0.0239688,41.4404,1.00536,243.551
49,0.737792,0.252108,-0.485684,0.024628,0.951569,0.0544513,0.997645,939.602
50,1.07164,0.629438,-0.442199,0.0375932,0.92385,0.0842366,1.01865,108.893
51,0.555143,0.336584,-0.218559,0.199597,0.711683,0.537768,0.995204,11483.2
52,1.01762,0.914739,-0.102886,0.2791,0.533175,0.834903,1.02427,88.7125
53,1.06344,0.335283,-0.728161,0.004003,0.99128,0.00866718,1.0038,286.059
54,0.868365,0.328861,-0.539504,0.0212735,0.960269,0.0468736,0.998971,628.132
55,1.18757,0.761284,-0.426288,0.0609752,0.865924,0.140032,1.02221,95.1502
56,0.856211,0.297799,-0.558412,0.0160577,0.968694,0.0351936,0.99832,750.117
57,0.603236,0.490846,-0.11239,0.304782,0.593695,0.945405,1.00128,398.831
58,1.00699,1.10864,0.10165,0.483472,0.201724,2.01849,1.0109,160.1
59,0.748958,0.81914,0.0701824,0.541856,0.342503,2.55054,1.03185,71.2458
60,1.02644,0.301145,-0.725299,0.00163998,0.99613,0.00354243,1.00386,283.989
61,0.95827,0.980547,0.0222772,0.429076,0.3593,1.62071,1.01709,116.295
62,1.14539,0.825541,-0.319845,0.0813789,0.801662,0.19104,1.01953,105.118
63,0.97251,0.696329,-0.27618,0.135253,0.779679,0.337293,1.0233,91.6354
64,0.540285,0.721863,0.181578,0.649968,0.28338,4.00437,1.01754,114.047
65,1.05191,0.629603,-0.422312,0.0443769,0.914672,0.100143,1.01854,109.373
66,1.46335,1.0911,-0.37225,0.17795,0.469317,0.466819,1.00542,242.232
67,0.990465,0.685004,-0.305461,0.120439,0.803855,0.295293,1.02401,89.4861
68,1.10878,1.16921,0.0604304,0.353601,0.149626,1.17968,1.01179,151.817
69,0.818476,0.563454,-0.255021,0.154114,0.77025,0.392898,1.01976,104.181
70,0.983187,0.732487,-0.2507,0.160021,0.74449,0.410826,1.02598,84.0273
71,0.801928,0.814356,0.0124271,0.468309,0.405993,1.89943,1.03299,69.2335
72,0.951156,0.957694,0.00653799,0.416187,0.389241,1.53732,1.02072,100.428
73,1.14045,0.940481,-0.199969,0.163182,0.621879,0.420525,1.0184,109.988
74,0.776175,0.440217,-0.335958,0.105334,0.838656,0.253898,1.00308,311.09
75,1.09057,1.09099,0.000424333,0.317152,0.302785,1.0016,1.00928,177.748
76,1.77368,0.64855,-1.12513,0.00666432,0.978854,0.014468,1.01567,124.043
77,0.886252,0.793794,-0.092458,0.324083,0.54301,1.03398,1.02647,82.7918
78,1.12689,0.790936,-0.335959,0.0997491,0.798835,0.238944,1.02331,91.5956
79,1.01355,1.05883,0.0452777,0.426762,0.289803,1.60546,1.01105,158.659
80,0.507051,0.616316,0.109266,0.627806,0.280814,3.63753,1.00504,251.265
81,2.17121,0.664583,-1.50662,0.00218104,0.991625,0.00471369,1.01015,167.812
82,0.918482,1.05161,0.133125,0.573281,0.208857,2.89718,1.00841,189.138
83,1.15989,1.38089,0.220997,0.423184,0.0585181,1.58213,1.0121,149.095
84,1.50033,0.824689,-0.675639,0.0361018,0.877963,0.0807695,1.01376,136.272
85,0.335887,0.937147,0.601259,0.932899,0.0387378,29.9818,1.00474,258.798
86,0.724967,0.791065,0.0660975,0.539651,0.350044,2.528,1.02965,75.5379
87,1.10742,0.870828,-0.236592,0.150694,0.698164,0.382634,1.02825,78.5595
88,0.786648,1.16417,0.377524,0.813447,0.0387996,9.40322,1.01236,146.982
89,0.445256,0.612706,0.16745,0.699778,0.213936,5.02653,1.00364,291.336
90,0.932392,1.08708,0.154688,0.580769,0.176926,2.98745,1.01007,168.706
91,0.906092,1.03986,0.133769,0.564051,0.225154,2.79019,1.01217,148.542
92,0.918396,0.937243,0.0188464,0.44369,0.371138,1.71994,1.01803,111.709
93,2.27979,0.801608,-1.47818,0.171241,0.753751,0.445584,1.04061,58.304
94,0.971311,0.926233,-0.0450788,0.352728,0.457973,1.17517,1.0216,97.2373
95,0.737505,0.914908,0.177402,0.658163,0.221054,4.15206,1.02253,94.0764
96,0.706879,0.401603,-0.305276,0.0872724,0.855294,0.206199,1.00422,273.232
97,0.885674,0.683435,-0.202239,0.198397,0.702463,0.533734,1.02296,92.6791
98,0.739252,1.06734,0.328087,0.777552,0.0971808,7.53793,1.00976,172.092
99,1.02469,0.918997,-0.105691,0.271466,0.535171,0.803556,1.02306,92.3813
100,0.921144,0.987536,0.066392,0.490006,0.312058,2.07199,1.01747,114.427