dN,dS,dN/dS,dS=dN,LRT,p-value,Full Log(L)
0.2318930928848705,1.409731839014046,0.164494470839968,0.4267455931399545,47.91031622560854,4.461653269061117e-12,-362.8579255339647
0.0593739564842234,1.142310502965077,0.05197707307260801,0.3765355660976079,96.61056625093988,0,-318.3478661763098
0.03384019666453516,1.280562151647575,0.02642604782672693,0.3952987735209995,123.8744543711388,0,-319.5463333181137
0.0853869300716447,0.9547127580892628,0.08943729865151889,0.321013714805665,63.10763917613212,1.998401444325282e-15,-293.4930852653416
0.008444660293173704,0.7373574668092699,0.01145260022891727,0.2452672299055863,85.17485116598471,0,-216.134648424399
0.2273867659065869,0.8832494644098577,0.2574434234823059,0.401081490105484,26.37331391813939,2.814016301089239e-07,-323.2933960798933
0.03384241505946968,1.083213638244626,0.03124260428839516,0.3564175485150316,106.2033688291135,0,-314.3148469129415
0.1667977170961328,0.9877380111943378,0.1688683792724013,0.352049228693295,44.73728648823703,2.253253139627986e-11,-323.2610138470262
0,1.244929099096588,0,0.233813427342619,105.1285120104782,0,-137.1600258079222
0.02716652559190076,0.9140210727549749,0.02972199044603799,0.2603323568369804,76.04645982214532,0,-185.0001952528295
0.03625419234730643,1.289597611322952,0.02811279427705713,0.2771109342036487,86.38122847453883,0,-180.7864810220352
0.03624764123488933,1.124667100433911,0.03222966264497694,0.2358163155270994,71.00557812447045,0,-162.6830429633171
0.09286019115054255,1.001181831093717,0.09275057563629542,0.3380988876271566,65.93189960897996,4.440892098500626e-16,-306.5252813731392
0.06840260749602391,0.921140344654561,0.07425861639105139,0.326631244523786,71.16272402577044,0,-280.0378538604113
0.04255863000334864,0.8986806617184933,0.04735678847474732,0.3134282550817926,81.88794930679603,0,-285.8793930997463
0.1189244396026885,0.8871258236999103,0.1340558874801928,0.326941560371691,44.95383379466216,2.017352951355633e-11,-255.868101489577
0.06358028379226642,0.9755680820533836,0.06517257479195314,0.3018055784169575,66.41634556089281,3.33066907387547e-16,-217.7296643232418
0.6259036127133411,0.6772948162381383,0.9241228453360435,0.6349544949521242,0.08808796052903745,0.7666221374273654,-501.8300194925569
0.04535758324914968,0.9382759617614522,0.0483414103074735,0.280589435487979,70.2392550110211,0,-197.7995493572679
0.5120699953091934,0.98214248094511,0.5213805585686828,0.6229573464427742,8.5271474179915,0.003498876661520045,-499.7999620147946
0.2257004605643628,1.213357117244485,0.1860132168482474,0.4299647197400316,39.60610117271165,3.107111234967874e-10,-325.3025266440142
0.02716407914387287,1.216705167365608,0.02232593390121629,0.325378540646492,102.2219864483652,0,-205.6217491392949
0.4905451147381202,0.8746302321476226,0.5608600031279557,0.5830283273380296,6.326852973096607,0.01189231619474851,-468.8705735750676
0.1699019442501595,1.154910342391584,0.1471126701474741,0.4281329256419773,57.61397226180623,3.186340080674199e-14,-382.984078252412
0.9119192099832094,1.110270331198773,0.8213488052036827,0.983355221043018,1.122849127324343,0.2893057893386107,-648.1737716468427
0.1442716414042029,1.178345757513128,0.1224357456072019,0.4669129748932883,75.37539246618246,0,-406.6799685221991
0.4945472527148689,0.6406845347743974,0.7719044644787822,0.5318101711291283,1.120966471029078,0.289710442951897,-453.5229994263624
0.201305347597336,0.666830524907374,0.3018838221680062,0.3305921419683452,17.24702948137826,3.282102925361574e-05,-277.765101822407
0.1181130443536581,0.9467032563782183,0.1247624781660945,0.3076007633856651,43.82893746584648,3.58366669672705e-11,-231.9296389438014
0.572191116209854,1.76216548991339,0.3247090693156049,0.7051015001721247,20.69339124565658,5.390171766372909e-06,-559.5332253031146
0.2072805949788099,0.905424787789775,0.228931875705326,0.3582677595907354,27.96818051515731,1.233267864497734e-07,-337.6163692612011
0.05444972445167489,1.049147386164577,0.05189902312079295,0.2420765605547624,60.01415936887253,9.436895709313831e-15,-173.9554944870742
0.5362969327148985,1.419049044641114,0.3779269890213915,0.7458608169260734,23.40175875924615,1.314582932065989e-06,-542.4809611204973
0.4217612803705206,0.9072750565533864,0.4648659492224264,0.5028381816918537,8.174854068900231,0.004247508632154728,-444.1321094917735
0.1451668569475154,1.220830811045978,0.118908251359695,0.3559715781268767,51.04943472715195,9.007239398783895e-13,-265.8006882677925
0.559716484271587,0.9699014590295441,0.5770859287412801,0.6867747610336815,7.834780917648004,0.00512503645757445,-563.0290675332153
0.1273332608670318,1.02800384744037,0.1238645761726275,0.354115269612231,51.59465029926605,6.822320486321587e-13,-262.5091161624796
0.1370524932596238,1.120350649428471,0.1223299984960414,0.3449737086543042,48.85548557819402,2.755351502514714e-12,-247.5565850178961
0.4048713406845884,0.8878496467368149,0.4560134051667921,0.4925062632144382,9.012670513808416,0.002681143852888535,-427.4397034688581
0.5000549726503619,0.7006384429737964,0.713713296301476,0.5488173738781723,1.888482406892876,0.1693731905139723,-435.1881381386862
0.1636865704963104,0.6805510420741688,0.2405206375078494,0.334349678535067,27.88666380171367,1.286333206618195e-07,-329.8333324445468
0.1457027948252522,0.9408682728952568,0.1548599299420448,0.3425812227502456,40.6882590849026,1.785568359835565e-10,-263.9608781825066
0.4414336655867078,1.256672829262163,0.3512717513323568,0.5963104445610127,20.6045892029407,5.646060836972389e-06,-478.7852017175289
0.6220726980434267,0.9768496705123874,0.6368151792661512,0.6951351157024022,3.914641525221668,0.04786722288685863,-548.187876922048
0.4329477104294772,0.8213124933698931,0.5271412695222345,0.5118703771333811,6.550045623205278,0.0104881469557806,-447.1923018141916
0.2879647616897519,1.033449890615282,0.2786441455021174,0.452050010546535,23.10789832544401,1.531602599524895e-06,-339.9123946612725
0.3128090297459356,0.8378401327888363,0.3733516902618627,0.4636301178243415,17.36390190872282,3.086324015300068e-05,-426.5644216326476
0.7159946739529527,1.490921440785082,0.4802363520749476,0.8985520653844596,14.49954330814262,0.0001401935260586518,-603.9700850331769
0.3270341969833125,0.7748366507813845,0.4220685697475909,0.4150442606829304,8.709519721435299,0.003165525949369807,-336.316311542506
0.8594034520103158,1.006590883830754,0.8537763115236141,0.9029800710006101,0.6718325026429284,0.4124134419544723,-610.5284980686845
0.2680420145810845,1.029741500226566,0.2603002933475144,0.433306942672362,25.0411251333685,5.612046578562513e-07,-321.3179656259577
0.4072162065829453,1.92141600180979,0.2119354716518373,0.4810300611129094,18.29078670284571,1.896220411157223e-05,-416.0098798442575
0.3406598406658952,1.15372499996534,0.2952695318868268,0.5789201242661538,33.36379743587099,7.643362054388092e-09,-481.1335745370566
0.4544292031993362,1.075136804282098,0.4226710511531343,0.5832289974012873,13.52081705815147,0.000235931674343326,-442.5935165383631
0.4297261271136103,0.8418546588930207,0.5104516825727018,0.5065698640417247,6.805457919198943,0.009087964380748326,-440.6616162621229
0.8328569498339984,1.048939607358451,0.793998952839035,0.8872969083703219,1.313029533036797,0.251846873706825,-617.2907875098844
0.1840805963372197,1.000533484909734,0.1839824444794338,0.3554196625428132,32.8219836375597,1.00996198071357e-08,-267.8950869202594
0.4262075300568538,0.8805444353380908,0.4840272823860486,0.5139934427470245,7.09543518024509,0.007728052520496798,-377.7366916798657
0.2570537194393448,1.040491503568445,0.2470502820616598,0.465022404182709,32.08292126302581,1.47730320199102e-08,-354.8825581988173
0.3486689017750011,0.8793923802452155,0.3964884272453851,0.4875549340086536,13.90853366269073,0.0001919250974062869,-373.9920997033585
0.2198391200110574,1.018369715351281,0.2158735837261472,0.4350285609624078,36.30650091977327,1.686005335344021e-09,-326.5621634157247
0.3114040442516103,1.321100314642928,0.2357156688254804,0.6217210610658118,51.15149161745035,8.550937735662956e-13,-519.3355942258248
0.547993122502759,1.038508569812408,0.5276731829008849,0.6639274890907272,9.559447447747971,0.001989229761437006,-549.4492613880213
0.6027233573317532,0.7126656652556821,0.8457308759437919,0.629778496500321,0.5345721713945295,0.4646909411303458,-511.596548938744
0.474174167285615,1.060515899636919,0.4471165094723754,0.6316640756677676,13.7226689751709,0.0002118815660689943,-458.9293420848481
0.3047920729726491,0.9417368170431784,0.323648887307625,0.5086247512059044,26.35125423675345,2.846340138029646e-07,-458.9116285356803
0.4236730306963555,1.044203214134726,0.4057381024702458,0.5864118022934839,15.72696595535717,7.317353026958795e-05,-426.0332062631416
0.9142720278580648,0.7098308440375557,1.288013948024063,0.8436618089252035,1.686687656805361,0.194038185092362,-618.8480943764387
0.5618880085971252,0.7487331767963665,0.7504515974586528,0.6062046970650909,1.509295009951984,0.219246693180742,-499.0917595823052
0.6026349846170567,0.8545341822462208,0.7052204547663334,0.6720331216790109,2.591905430668248,0.1074110486680486,-522.4916477297813
0.6494427563032861,1.371137726080834,0.4736524595232373,0.7932698048610892,13.41995236346042,0.0002489620215441191,-580.9031153036387
0.5557864130922566,1.070190236862898,0.5193342211020923,0.6844243271949979,10.38646373930942,0.001269425125354329,-577.2102706376535
0.8190495646542537,1.24979001393157,0.6553497431762161,0.9043449756375879,4.420588787653969,0.03550778207674754,-690.7011190169113
1.042954411126451,1.06041753338943,0.9835318431531759,1.047453342448848,0.007661010847186844,0.9302524654374316,-705.3467280257295
0.8129757459493123,1.254372488253755,0.6481135018204023,0.9292520917171446,5.251868783939926,0.02192321373084838,-625.2655972870143
0.7004726322592604,1.317486879663167,0.5316733267494439,0.8360335115136996,10.33862360781086,0.001302751196478602,-613.0846154787379
0.793411156685577,1.03010741707585,0.7702217686557591,0.8511122572286135,1.540203426118296,0.2145875281964936,-580.2217020249803
0.7362585770211296,0.827790816039028,0.8894258824277861,0.7521409989164759,0.233462847346118,0.6289679826426846,-593.2309491310079
0.5538564672456071,1.050708534525452,0.5271266474443874,0.6523542502819538,6.692393960755794,0.00968250981681007,-468.2426717577206
0.706993406929781,0.8290513124809235,0.8527740035946797,0.7367093013617136,0.5551019281945173,0.4562405099270738,-601.4109354172235
1.152156309990515,1.015352096160767,1.134735737826346,1.096813523677844,0.5623709802803205,0.4533065129963267,-759.6705420607138
0.5819492030828955,0.8413766696672668,0.6916631088820597,0.6388485356382808,2.814994583624411,0.0933872119026703,-571.8117168612624
0.6799206173869486,0.875804097315504,0.7763387034509507,0.7102263882403386,0.9202091119889246,0.3374200723329875,-557.5384652302481
1.197258325031487,0.867753799312318,1.379721213528879,1.109227722568836,3.080091856140598,0.07925604979202361,-789.6642712744501
0.6963794020769882,1.085088129767294,0.6417722053842138,0.7699026652734574,3.510462558292375,0.06098242726865866,-522.988828132673
0.6516905850208385,1.252740909439813,0.5202117853022415,0.7153987669942219,3.566068836939849,0.05897176425387518,-398.4338896633346
0.5858573871581519,0.9644098683840189,0.6074775947075534,0.6464515968045745,4.089769063617723,0.04314353651844582,-546.463176844161
0.5052714034594212,0.9408454436417326,0.5370397517191198,0.6278701963827067,8.128137592369512,0.004358349368474124,-485.4157710990829
0.8495827566601388,0.8376148251318876,1.014288108530513,0.8470794315126997,0.003959882561275663,0.9498241585504213,-650.6464261401117
1.312475348097941,0.9971151381916037,1.316272612687722,1.169200574628967,2.746387842320928,0.09747441219935493,-786.4324992434238
0.7574156044162245,1.002472240335093,0.7555477088952066,0.8103450786991816,1.504939625939187,0.2199128813777723,-558.7169800511551
0.8571533429398351,0.9841373989766852,0.8709691795384575,0.8863768507608675,0.437542143821247,0.5083111497241284,-616.1802768551004
0.9742271238614753,0.8948195497215208,1.088741438611469,0.949857092815199,0.2058403952150911,0.6500473807542124,-697.8474519393365
0.7979788582630544,1.191309674433163,0.6698332729000467,0.8882251512341489,3.66015396109492,0.05572848311968093,-597.4782179641056
0.8160435341976224,1.230908577471143,0.6629603117025589,0.9377679123664299,4.604931625663312,0.03188012454259115,-624.9058824166949
1.283438600140968,1.214419599437836,1.056832910746073,1.268568100705529,0.08684015735457251,0.768233345723569,-866.090886906556
0.6450920121228924,1.075528504421369,0.5997907163510743,0.7474034731199943,6.322128331886006,0.01192404257805468,-566.7672282618437
1.360079039556702,0.9068921937642448,1.499714132405762,1.231774879387598,4.566929796890918,0.03259493176399697,-790.2315484350603
1.030521754895932,0.7477734804759025,1.378120221968933,0.9392300142098485,3.009140223008217,0.08279619705950536,-700.7740738801708
0.7500646475937284,0.5197326570782371,1.443173980658326,0.6816153043374736,2.358492895573931,0.1246025162027551,-502.6472612119389