ObservedSChanges	ObservedNSChanges	E[SSites]	E[NSSites]	ObservedS.Prop.	P{S}	dS	dN	dN-dS	P{Sleq.observed}	P{Sgeq.observed}	ScaleddN-dS	pvalue
0	0	1	2.000000000000001	0	0.3333333333333333	0	0	0	0	0	0	0
1	0	1	2	1	0.3333333333333333	0.9999999999999998	0	-0.9999999999999998	1	0.3333333333333333	-0.9175113960386785	1
1	0	0.6425454160740829	2.357454583925918	1	0.2141818053580276	1.556310223345682	0	-1.556310223345682	1	0.2141818053580276	-1.427932365691164	1
0	0	0.6425454160740831	2.212593932114968	0	0.225048706110136	0	0	0	0	0	0	0
4	0	1	2	1	0.3333333333333333	3.999999999999999	0	-3.999999999999999	1	0.01234567901234551	-3.670045584154714	1
3	0	1	2	1	0.3333333333333333	3	0	-3	1	0.03703703703703698	-2.752534188116036	1
2	0	0.6425454160740829	2.212593932114967	1	0.225048706110136	3.112620446691364	0	-3.112620446691364	0.9999999999999998	0.05064692012184657	-2.855864731382328	0.9999999999999998
2	0	1	2	1	0.3333333333333333	2	0	-2	1	0.1111111111111109	-1.835022792077357	1
1	0	1	2	1	0.3333333333333333	0.9999999999999998	0	-0.9999999999999998	1	0.3333333333333333	-0.9175113960386785	1
2	0	1	2	1	0.3333333333333333	2	0	-2	1	0.1111111111111109	-1.835022792077357	1
1	0	1	2	1	0.3333333333333333	1	0	-1	1	0.3333333333333333	-0.9175113960386787	1
2	0	0.6425454160740829	2.212593932114967	1	0.2250487061101361	3.112620446691364	0	-3.112620446691364	0.9999999999999999	0.05064692012184646	-2.855864731382328	0.9999999999999999
0	2	0.6474844560051124	2.20965646826074	0	0.2266197129116005	0	0.9051180709435055	0.9051180709435055	0.5981170684569352	0.4018829315430648	0.8304561448512116	0.5981170684569352
0	1	0.6425454160740829	2.35723244193006	0	0.2141976661237145	0	0.4242263012387603	0.4242263012387603	0.7858023338762855	0.2141976661237145	0.3892324658859	0.7858023338762855
3	0	1	2	1	0.3333333333333333	3	0	-3	1	0.03703703703703698	-2.752534188116036	1
1	2	0.9983546403366794	2.001645359663321	0.3333333333333333	0.3327848801122264	1.001648071333415	0.9991779964141111	-0.002470074919303733	0.7414717105713304	0.7029718309753811	-0.002266321887530495	0.7414717105713304
2	2	1.183822967808506	1.667322385961306	0.5	0.4152096161085733	1.689441795256263	1.199528067780897	-0.4899137274753664	0.8028373393182935	0.5509045587082496	-0.4495014280344362	0.8028373393182935
1	2	0.5467827959520882	2.226515202201615	0.3333333333333333	0.1971597701783594	1.828879780788905	0.8982646954408249	-0.9306150853480806	0.8987120543752526	0.4825273752575293	-0.8538499461323715	0.8987120543752526
1	3	0.6441888161335043	2.355811183866496	0.25	0.2147296053778348	1.552339896246749	1.273446709373467	-0.278893186873282	0.796176515498014	0.6197432798598601	-0.2558876772337811	0.796176515498014
3	0	1.000000000000001	2.000000000000001	1	0.3333333333333334	2.999999999999998	0	-2.999999999999998	0.9999999999999999	0.0370370370370372	-2.752534188116035	0.9999999999999999
1	1	0.9994509565278267	2.000549043472174	0.5	0.3331503188426088	1.000549345086507	0.4998627768027068	-0.5006865682838002	0.8890108650550681	0.5553115027402857	-0.4593856322438847	0.8890108650550681
5	2	0.9193932142567516	2.080606785743248	0.7142857142857143	0.3064644047522506	5.438369483770945	0.961258039579808	-4.477111444191137	0.9957240554321102	0.03158187648438404	-4.107800771380555	0.9957240554321102
1	0	0.6425454160740829	2.357454583925918	1	0.2141818053580276	1.556310223345682	0	-1.556310223345682	1	0.2141818053580276	-1.427932365691164	1
1	0	1	2.000000000000001	1	0.3333333333333333	0.9999999999999996	0	-0.9999999999999996	1	0.3333333333333333	-0.9175113960386783	1
3	0	1	2	1	0.3333333333333333	3	0	-3	1	0.03703703703703698	-2.752534188116035	1
1	0	0.6425454160740829	2.212593932114967	1	0.225048706110136	1.556310223345682	0	-1.556310223345682	1	0.2250487061101361	-1.427932365691164	1
3	0	1	2	1	0.3333333333333333	3	0	-3	1	0.03703703703703698	-2.752534188116036	1
5	1	1	2	0.8333333333333334	0.3333333333333333	4.999999999999999	0.4999999999999999	-4.499999999999999	0.9986282578875173	0.01783264746227697	-4.128801282174053	0.9986282578875173
1	0	1	2	1	0.3333333333333333	0.9999999999999998	0	-0.9999999999999998	1	0.3333333333333333	-0.9175113960386785	1
2	1	0.64309340502978	2.212268019028142	0.6666666666666666	0.2252231187307427	3.109968138932143	0.4520247960006691	-2.657943342931474	0.9885754552288328	0.1293272700900722	-2.438693307164769	0.9885754552288328
2	1	1	2	0.6666666666666666	0.3333333333333333	2	0.4999999999999999	-1.5	0.962962962962963	0.2592592592592592	-1.376267094058018	0.962962962962963
1	4	0.6445853671601243	2.355062859095785	0.2	0.2148869862532783	1.551384891664141	1.698468465311274	0.147083573647133	0.7065389113510893	0.7016947610800808	0.1349508549913388	0.7065389113510893
2	0	0.642545416074083	2.212593932114967	1	0.2250487061101361	3.112620446691363	0	-3.112620446691363	0.9999999999999999	0.05064692012184646	-2.855864731382328	0.9999999999999999
2	0	0.642545416074083	2.357454583925918	1	0.2141818053580276	3.112620446691363	0	-3.112620446691363	1	0.04587384574642406	-2.855864731382328	1
3	1	0.998900749344806	2.001099250655195	0.75	0.3329669164482686	3.003301381010821	0.4997253382972296	-2.503576042713592	0.9877085155286474	0.1107856757358889	-2.297059550039138	0.9877085155286474
2	0	0.6425454160740829	2.212593932114967	1	0.225048706110136	3.112620446691364	0	-3.112620446691364	0.9999999999999998	0.05064692012184657	-2.855864731382328	0.9999999999999998
1	3	0.6645317183419934	2.107358714379781	0.25	0.2397395331710411	1.504819066417175	1.423582980690088	-0.08123608572708774	0.7554719167319798	0.6659206500828465	-0.07453503442417805	0.7554719167319798
2	0	1	2.000000000000001	1	0.3333333333333333	1.999999999999999	0	-1.999999999999999	1	0.1111111111111109	-1.835022792077357	1
2	0	1	2	1	0.3333333333333333	2	0	-2	1	0.1111111111111109	-1.835022792077357	1
3	14	0.9331181407259905	2.045994625596158	0.1764705882352941	0.3132201477146391	3.215026982184615	6.842637719989469	3.627610737804854	0.1708322379467054	0.937686223248682	3.328374192328233	0.1708322379467054
0	3	0.6425454160740831	2.357454583925918	0	0.2141818053580276	0	1.27255897969582	1.27255897969582	0.4852507780645044	0.5147492219354957	1.167587366002268	0.4852507780645044
3	3	0.9984582773353853	1.77659125300526	0.5	0.3597983626666375	3.004632309730745	1.68862702375982	-1.316005285970926	0.8716396786024818	0.3727922223314364	-1.207449847125465	0.8716396786024818
2	7	0.9974298806523622	1.791660179848708	0.2222222222222222	0.3576183841382198	2.005153483763604	3.906990889640187	1.901837405876583	0.3197768960747223	0.8880462420236495	1.744957493304403	0.3197768960747223
1	0	0.6425454160740829	2.357454583925918	1	0.2141818053580276	1.556310223345682	0	-1.556310223345682	1	0.2141818053580276	-1.427932365691164	1
0	2	0.642545416074083	2.212934610136191	0	0.2250218562820256	0	0.9037772697119657	0.9037772697119657	0.6005911232405573	0.3994088767594427	0.829225944441451	0.6005911232405573
0	2	0.5554192100767787	2.245559241427955	0	0.1982947101140311	0	0.8906467320488934	0.8906467320488934	0.6427313718311454	0.3572686281688546	0.8171785264994672	0.6427313718311454
0	2	0.5423782568878421	2.266501270257975	0	0.1930941685629957	0	0.882417330290028	0.882417330290028	0.6510970208070432	0.3489029791929568	0.8096279566031274	0.6510970208070432
1	0	0.6642739629352151	2.106915165508706	1	0.2397071914424759	1.505402974973336	0	-1.505402974973336	0.9999999999999999	0.239707191442476	-1.381224385168565	0.9999999999999999
1	3	0.6447389320947317	2.354594298992553	0.25	0.2149607537475948	1.551015380366498	1.274104843150089	-0.2769105372164091	0.7958091416157387	0.6201908042811696	-0.254068573579248	0.7958091416157387
0	2	0.6644275266788466	2.107170670991219	0	0.2397272184826053	0	0.9491400139216986	0.9491400139216986	0.5780147023161962	0.4219852976838038	0.8708467792094685	0.5780147023161962
2	0	1	2	1	0.3333333333333333	2	0	-2	1	0.1111111111111109	-1.835022792077357	1
1	1	0.992331140411592	2.007668859588409	0.5	0.3307770468038639	1.007728125497732	0.4980901084479685	-0.5096380170497632	0.8905865453077144	0.5521406389154422	-0.4675986884977121	0.8905865453077144
4	0	1	2	1	0.3333333333333333	3.999999999999999	0	-3.999999999999999	1	0.01234567901234551	-3.670045584154714	1
1	3	0.6647896124419325	2.144325138307962	0.25	0.2366544877757189	1.504235296828359	1.399041566227793	-0.1051937306005659	0.7605894568245999	0.6604649391850306	-0.09651644661784191	0.7605894568245999
1	0	1	2	1	0.3333333333333333	0.9999999999999998	0	-0.9999999999999998	1	0.3333333333333333	-0.9175113960386785	1
1	1	0.9994511108337644	2.000548889166236	0.5	0.3331503702779214	1.000549190611012	0.4998628153580228	-0.5006863752529894	0.8890108307836839	0.5553115713395267	-0.4593854551359161	0.8890108307836839
0	3	0.6452884400457869	2.354711559954214	0	0.2150961466819289	0	1.274041394716869	1.274041394716869	0.4835589028019505	0.5164410971980495	1.16894749867774	0.4835589028019505
2	2	0.6425454160740828	2.357454583925917	0.5	0.2141818053580276	3.112620446691364	0.848372653130547	-2.264247793560817	0.9670118567679611	0.202953558843766	-2.077473154047483	0.9670118567679611
1	0	0.5448059273402521	2.22638320110367	1	0.1965964436523939	1.83551600637315	0	-1.83551600637315	1	0.1965964436523939	-1.684106853458769	1
0	4	0.3344995878685005	2.665207865126399	0	0.1115107366668497	0	1.500821025008606	1.500821025008606	0.6231731546402959	0.3768268453597041	1.377020393859847	0.6231731546402959
2	2	0.9473990830308505	2.052249572529532	0.5	0.3158366834978082	2.111042786321626	0.9745403418624514	-1.136502444459174	0.9038294821613249	0.3763239584865459	-1.042753944417108	0.9038294821613249
2	0	1	2	1	0.3333333333333333	2	0	-2	1	0.1111111111111109	-1.835022792077357	1
1	0	0.6425454160740829	2.212593932114967	1	0.225048706110136	1.556310223345682	0	-1.556310223345682	1	0.2250487061101361	-1.427932365691164	1
1	4	0.9978879834001997	2.001056008299901	0.2	0.3327464554729804	1.002116486654749	1.998944548982616	0.9968280623278678	0.4620651240643898	0.8677321033278356	0.914601107076973	0.4620651240643898
1	1	1	2.000000000000001	0.5	0.3333333333333333	0.9999999999999996	0.4999999999999998	-0.4999999999999998	0.8888888888888891	0.5555555555555555	-0.4587556980193391	0.8888888888888891
3	0	1	2	1	0.3333333333333333	3	0	-3	1	0.03703703703703698	-2.752534188116035	1
1	2	0.9994510964126934	2.000548903587308	0.3333333333333333	0.3331503654708977	1.000549205047928	0.999725623509466	-0.0008235815384616263	0.7409846644011659	0.7034596795931867	-0.0007556454471056095	0.7409846644011659
3	2	0.6485695997733439	2.204450078193236	0.6	0.2273274190087592	4.62556370364632	0.9072557459043015	-3.718307957742018	0.9890754416643985	0.08106144207492438	-3.411589925209607	0.9890754416643985
1	1	0.642545416074083	2.357232252151674	0.5	0.2141976796747479	1.556310223345682	0.4242263353927909	-1.132083887952891	0.9541193540219541	0.3825147133714499	-1.038699868468552	0.9541193540219541
0	6	0.6646723037628641	1.702646935249361	0	0.2807700342266477	0	3.52392494050522	3.52392494050522	0.1384224846557096	0.8615775153442904	3.233241291698462	0.1384224846557096
1	0	0.6425454160740829	2.212593932114967	1	0.225048706110136	1.556310223345682	0	-1.556310223345682	1	0.2250487061101361	-1.427932365691164	1
3	2	1	2	0.6	0.3333333333333333	3	0.9999999999999998	-2	0.9547325102880663	0.2098765432098761	-1.835022792077357	0.9547325102880663
0	2	0.6441124711825229	2.355338908476934	0	0.2147434279316947	0	0.8491347010835432	0.8491347010835432	0.6166278839764655	0.3833721160235345	0.7790907650160478	0.6166278839764655
0	0	0.6425454160740831	2.357454583925918	0	0.2141818053580276	0	0	0	0	0	0	0
2	4	0.6428013554088784	2.356905829469781	0.3333333333333333	0.2142880340618581	3.111381118242701	1.697140356642869	-1.414240761599832	0.8827888806731254	0.3797179261006942	-1.297582015510266	0.8827888806731254
0	3	0.01537955644284726	2.983743675995814	0	0.005128017507417247	0	1.00544829776598	1.00544829776598	0.9846947023191792	0.01530529768082078	0.9225102713279776	0.9846947023191792
0	3	0.6452870734838098	2.354712926516191	0	0.2150956911612699	0	1.274040655324602	1.274040655324602	0.4835597447058235	0.5164402552941765	1.168946820276909	0.4835597447058235
3	2	0.6425454160740829	2.356906595825741	0.6	0.2142209355325211	4.668930670037046	0.8485699024060397	-3.820360767631006	0.9912748125423904	0.06942490109749544	-3.505224541280523	0.9912748125423904
0	3	0.6437863720372264	2.355443507909442	0	0.2146505595792058	0	1.273645489660939	1.273645489660939	0.4843829143783526	0.5156170856216473	1.168584251277174	0.4843829143783526
0	4	0.6422571370603194	2.354579655316302	0	0.2143116831367322	0	1.698817022804294	1.698817022804294	0.381066859685552	0.618933140314448	1.55868397820744	0.381066859685552
0	4	0.325245895609004	2.674754104390996	0	0.1084152985363347	0	1.495464571279065	1.495464571279065	0.6319030209016208	0.3680969790983792	1.372105786520639	0.6319030209016208
0	2	0.7883654055065685	2.211634594493433	0	0.2627884685021894	0	0.9043085168678567	0.9043085168678567	0.5434808421733474	0.4565191578266526	0.8297133697610942	0.5434808421733474
1	4	0.6463861786672893	2.353613821332711	0.2	0.2154620595557631	1.547062782285641	1.69951415297818	0.1524513706925392	0.7053425477967745	0.702785662979542	0.1398758699521218	0.7053425477967745
2	3	0.6633368317275998	2.145368825733391	0.4	0.2361717148842296	3.015059475577715	1.398360955009428	-1.616698520568287	0.9105280560207653	0.3380386607504631	-1.483339316580276	0.9105280560207653
3	6	0.9939729956359821	2.004471895022689	0.3333333333333333	0.3314961694752492	3.018190648208189	2.993307122389004	-0.02488352581918507	0.6548171040368991	0.6182932906561815	-0.022830918512725	0.6548171040368991
2	2	1	2	0.5	0.3333333333333333	2	0.9999999999999998	-0.9999999999999998	0.8888888888888891	0.4074074074074072	-0.9175113960386785	0.8888888888888891
0	5	0.6546137377472023	2.344838274149328	0	0.2182444443687882	0	2.132343221757553	2.132343221757553	0.2919811948317755	0.7080188051682246	1.956449206228386	0.2919811948317755
0	4	0.6441952534817525	2.354709693196551	0	0.2148101606872491	0	1.698723206328652	1.698723206328652	0.3801007128089197	0.6198992871910802	1.558597900521902	0.3801007128089197
1	2	0.6429398122348587	2.356709009441311	0.3333333333333333	0.2143383610737444	1.555355541794807	0.848641046471039	-0.7067144953237676	0.8818710094994091	0.5150391884292694	-0.6484186032052803	0.8818710094994091
1	6	0.6458178355209226	2.352426205541083	0.1428571428571428	0.2153986889246574	1.548424253711406	2.550558221918777	1.002133968207371	0.5347897644146142	0.8169611803457166	0.9194693361877259	0.5347897644146142
0	3	1	1.999649226125822	0	0.3333723127658975	0	1.500263126554594	1.500263126554594	0.2962443267582772	0.7037556732417228	1.376508515670458	0.2962443267582772
1	3	1	2	0.25	0.3333333333333333	0.9999999999999998	1.5	0.5	0.5925925925925928	0.802469135802469	0.4587556980193394	0.5925925925925928
1	1	1	2	0.5	0.3333333333333333	0.9999999999999998	0.4999999999999999	-0.4999999999999999	0.8888888888888891	0.5555555555555555	-0.4587556980193392	0.8888888888888891
0	8	0.6446493151641649	2.355128084835141	0	0.2148990505643232	0	3.396842851780607	3.396842851780607	0.1443457563440257	0.8556542436559743	3.116642027061231	0.1443457563440257
1	4	0.7850680451609745	2.214931954839026	0.2	0.2616893483869915	1.27377493729853	1.805924552788669	0.5321496154901384	0.6081670742320464	0.7806206879812517	0.488253336609803	0.6081670742320464
1	3	0.6443354567540195	2.355115899164947	0.25	0.2148177717509972	1.551986608090324	1.27382266030462	-0.2781639477857032	0.7960364100632831	0.619914024664989	-0.2552185920604906	0.7960364100632831
2	1	0.7883431966865319	2.21165680331347	0.6666666666666666	0.2627810655621772	2.536966144194758	0.4521497180312133	-2.084816426163544	0.981853945620308	0.1708695564945959	-1.912842829653682	0.981853945620308
0	5	0.6672365734545256	2.331117734903632	0	0.2225342654117124	0	2.144893810010286	2.144893810010286	0.2840575172367337	0.7159424827632663	1.967964513977258	0.2840575172367337
1	3	0.9989064769686807	2.00109352303132	0.25	0.3329688256562268	1.001094720132998	1.499180305903696	0.4980855857706985	0.5932406060470066	0.8020367722655858	0.4569992011472166	0.5932406060470066
0	3	1.637350123582161	1.361663232899442	0	0.545962931456589	0	2.203187930404777	2.203187930404777	0.09359958713122475	0.9064004128687753	2.021450033761254	0.09359958713122475
