Codon,alpha,beta,beta-alpha,Prob[alpha<beta],Prob[alpha>beta],BayesFactor,PSRF,Neff
1,1,0.363221,-0.636779,0.0208915,0.975087,0.150515,0.998813,653.955
2,1,0.363221,-0.636779,0.0208915,0.975087,0.150515,0.998813,653.955
3,1,0.363221,-0.636779,0.0208915,0.975087,0.150515,0.998813,653.955
4,1,0.553637,-0.446363,0.0557978,0.93445,0.416863,0.997397,1036
5,1,0.363221,-0.636779,0.0208915,0.975087,0.150515,0.998813,653.955
6,1,0.363221,-0.636779,0.0208915,0.975087,0.150515,0.998813,653.955
7,1,0.363221,-0.636779,0.0208915,0.975087,0.150515,0.998813,653.955
8,1,0.363221,-0.636779,0.0208915,0.975087,0.150515,0.998813,653.955
9,1,0.363221,-0.636779,0.0208915,0.975087,0.150515,0.998813,653.955
10,1,0.363221,-0.636779,0.0208915,0.975087,0.150515,0.998813,653.955
11,1,0.363221,-0.636779,0.0208915,0.975087,0.150515,0.998813,653.955
12,1,0.71265,-0.28735,0.121298,0.86122,0.973767,0.997123,1168.64
13,1,0.363221,-0.636779,0.0208915,0.975087,0.150515,0.998813,653.955
14,1,0.528477,-0.471523,0.0459308,0.945555,0.339598,0.99747,1005.71
15,1,0.571113,-0.428887,0.0632478,0.926156,0.476279,0.997346,1058.47
16,1,0.32055,-0.67945,0.0129184,0.984355,0.0923199,0.999038,617.814
17,1,0.363221,-0.636779,0.0208915,0.975087,0.150515,0.998813,653.955
18,1,0.363221,-0.636779,0.0208915,0.975087,0.150515,0.998813,653.955
19,1,0.357275,-0.642725,0.0196328,0.976537,0.141265,0.998847,648.221
20,1,0.319696,-0.680304,0.0127851,0.984512,0.091355,0.999042,617.207
21,1,0.528697,-0.471303,0.0460121,0.945463,0.340228,0.997469,1005.96
22,1,0.671882,-0.328118,0.0966729,0.887815,0.75492,0.997171,1142.79
23,1,0.3663,-0.6337,0.0215618,0.974316,0.155451,0.998795,657.002
24,1,0.357275,-0.642725,0.0196328,0.976537,0.141265,0.998847,648.221
25,1,0.32055,-0.67945,0.0129184,0.984355,0.0923199,0.999038,617.814
26,1,0.363221,-0.636779,0.0208915,0.975087,0.150515,0.998813,653.955
27,1,0.363221,-0.636779,0.0208915,0.975087,0.150515,0.998813,653.955
28,1,0.357275,-0.642725,0.0196328,0.976537,0.141265,0.998847,648.221
29,1,0.363221,-0.636779,0.0208915,0.975087,0.150515,0.998813,653.955
30,1,0.366052,-0.633948,0.0215083,0.974378,0.155057,0.998797,656.752
31,1,0.354147,-0.645853,0.0189845,0.977285,0.13651,0.998865,645.303
32,1,0.527677,-0.472323,0.0456362,0.945889,0.337316,0.997472,1004.82
33,1,0.357275,-0.642725,0.0196328,0.976537,0.141265,0.998847,648.221
34,1,0.571229,-0.428771,0.0633037,0.926095,0.476729,0.997345,1058.66
35,1,0.762866,-0.237134,0.15134,0.829448,1.25795,0.997095,1184.12
36,1,0.351299,-0.648701,0.0184189,0.97794,0.132367,0.998881,642.66
37,1,0.363221,-0.636779,0.0208915,0.975087,0.150515,0.998813,653.955
38,1,0.553614,-0.446386,0.0557906,0.934458,0.416806,0.997397,1035.98
39,1,0.319671,-0.680329,0.0127793,0.984519,0.091313,0.999042,617.202
40,1,0.671563,-0.328437,0.0964815,0.888023,0.753266,0.997172,1142.51
41,1,0.569907,-0.430093,0.0627181,0.926743,0.472024,0.997349,1056.9
42,1,0.534362,-0.465638,0.0481286,0.943067,0.35667,0.997454,1012.36
43,1,0.357275,-0.642725,0.0196328,0.976537,0.141265,0.998847,648.221
44,1,0.679819,-0.320181,0.101383,0.882683,0.795847,0.997161,1148.12
45,1,0.581069,-0.418931,0.0677158,0.921224,0.512369,0.997317,1071.56
46,1,0.533533,-0.466467,0.0478148,0.943421,0.354227,0.997456,1011.41
47,1,0.662869,-0.337131,0.0914019,0.893583,0.709618,0.997183,1136.58
48,1,0.520114,-0.479886,0.0429086,0.948988,0.316251,0.997493,996.674
49,1,0.750513,-0.249487,0.144113,0.837033,1.18776,0.997097,1182.63
50,1,0.68127,-0.31873,0.102253,0.881738,0.803462,0.997159,1149.16
51,1,0.354147,-0.645853,0.0189845,0.977285,0.13651,0.998865,645.303
52,1,0.354147,-0.645853,0.0189845,0.977285,0.13651,0.998865,645.303
53,1,0.528527,-0.471473,0.0459621,0.945521,0.339841,0.99747,1005.85
54,1,0.319671,-0.680329,0.0127793,0.984519,0.091313,0.999042,617.202
55,1,0.519906,-0.480094,0.0428313,0.949075,0.315656,0.997493,996.436
56,1,0.357275,-0.642725,0.0196328,0.976537,0.141265,0.998847,648.221
57,1,0.340958,-0.659042,0.0164361,0.980242,0.117879,0.998937,633.554
58,1,0.834434,-0.165566,0.194329,0.782081,1.70146,0.997286,1085.94
59,1,0.688401,-0.311599,0.106542,0.877088,0.841179,0.99715,1153.89
60,1,0.740901,-0.259099,0.138409,0.843041,1.1332,0.997102,1180.31
61,1,0.533374,-0.466626,0.0477636,0.94348,0.353829,0.997456,1011.28
62,1,0.528866,-0.471134,0.0460833,0.945383,0.34078,0.997469,1006.2
63,1,0.740967,-0.259033,0.138448,0.843001,1.13356,0.997102,1180.33
64,1,0.32055,-0.67945,0.0129184,0.984355,0.0923199,0.999038,617.814
65,1,0.520445,-0.479555,0.0430277,0.948852,0.317169,0.997492,997.032
66,1,0.58096,-0.41904,0.067666,0.921279,0.511965,0.997317,1071.41
67,1,0.656397,-0.343603,0.103613,0.88245,0.815379,0.997177,1139.96
68,1,0.295285,-0.704715,0.00927991,0.988658,0.0660745,0.99914,602.703
69,1,0.776093,-0.223907,0.158878,0.821578,1.33243,0.997095,1183.92
70,1,2.3736,1.3736,0.787796,0.196428,26.188,0.998133,794.562
71,1,0.56622,-0.43378,0.0611211,0.928517,0.459222,0.99736,1052.17
72,1,0.716173,-0.283827,0.123449,0.858918,0.993462,0.99712,1170.26
73,1,0.571526,-0.428474,0.0634297,0.925955,0.477742,0.997345,1059.01
74,1,0.535111,-0.464889,0.0484313,0.942727,0.359027,0.997451,1013.35
75,1,0.363221,-0.636779,0.0208915,0.975087,0.150515,0.998813,653.955
76,1,0.363221,-0.636779,0.0208915,0.975087,0.150515,0.998813,653.955
77,1,0.313577,-0.686423,0.0118387,0.985627,0.0845122,0.999069,613.135
78,1,0.537884,-0.462116,0.0494954,0.941526,0.367326,0.997443,1016.61
79,1,0.681621,-0.318379,0.102463,0.88151,0.805299,0.997159,1149.4
80,1,1.17864,0.178638,0.391471,0.581102,4.53794,0.997767,898.711
81,1,0.418262,-0.581738,0.0348764,0.959245,0.254912,0.998499,712.201
82,1,0.75186,-0.24814,0.144906,0.8362,1.1954,0.997097,1182.87
83,1,0.415826,-0.584174,0.0341651,0.960039,0.249529,0.998511,709.7
84,1,0.562624,-0.437376,0.0595724,0.930238,0.446849,0.997371,1047.49
85,1,0.693805,-0.306195,0.109815,0.873551,0.870209,0.997144,1157.44
86,1,0.320569,-0.679431,0.0129234,0.98435,0.0923562,0.999038,617.815
87,1,0.535577,-0.464423,0.0486055,0.94253,0.360384,0.99745,1013.87
88,1,0.687452,-0.312548,0.10597,0.877707,0.836129,0.997151,1153.31
89,1,0.581258,-0.418742,0.0678014,0.92113,0.513064,0.997316,1071.8
90,1,0.415826,-0.584174,0.0341651,0.960039,0.249529,0.998511,709.7
91,1,0.880873,-0.119127,0.223336,0.752251,2.02846,0.997308,1075.77
92,1,0.519974,-0.480026,0.0428553,0.949048,0.315841,0.997493,996.507
93,1,1.43463,0.434628,0.480384,0.494342,6.52149,0.998025,822.686
94,1,0.353387,-0.646613,0.018836,0.977458,0.135422,0.998869,644.583
95,1,1.0136,0.0136049,0.3134,0.65839,3.21986,0.99764,941.426
96,1,0.656637,-0.343363,0.103728,0.882328,0.81639,0.997177,1140.06
97,1,0.56622,-0.43378,0.0611211,0.928517,0.459222,0.99736,1052.17
98,1,0.497566,-0.502434,0.0353761,0.95761,0.258698,0.997548,975.312
99,1,0.795826,-0.204174,0.167996,0.809546,1.42434,0.997279,1089.29
100,1,0.370844,-0.629156,0.0225756,0.973153,0.162929,0.998769,661.582