dN,dS,dN/dS,dS=dN,LRT,p-value,Full Log(L)
0,1.04285026887191,0,0.1614330879338237,84.33269921494991,0,-75.01836488518305
0.04079108357724574,0.9204174339910636,0.04431802579006971,0.1763875319281751,50.2868013979994,1.328381848964e-12,-103.2591528616929
0.07155035662145719,0.7525305326993668,0.09507967253475055,0.2522707632832898,49.73330792133532,1.761257806265348e-12,-181.8441971068245
0.00808598523289319,1.065741716538491,0.007587190317703165,0.1743159822218036,78.59327415154183,0,-84.78638467412344
0,0.9267748468336887,0,0.1532013419444115,78.66265175113108,0,-72.0031672486172
0.01622256075799898,1.438189511943765,0.01127984915984654,0.1998800266136999,86.83821806376551,0,-95.17977662550879
0.03120565386873519,1.16530716963903,0.02677890832715083,0.2840759661180223,97.15772170317899,0,-171.1469033286737
0.0471481354303013,0.8335250594439122,0.05656474858927009,0.2373168386640148,62.85956742964197,2.220446049250313e-15,-165.9516407802722
0.02322565232863906,0.9057315418710696,0.02564297615235886,0.2375856369032623,82.970378819845,0,-154.1350133230325
0.01556103473297315,1.047340814101406,0.01485766096714579,0.2502277134012596,97.50524862966955,0,-162.5105518017812
0.1531924234907537,0.9402512655399899,0.1629271122573547,0.2824971375073991,32.23771146994346,1.364171353657184e-08,-200.506254115902
0.2128146606164813,0.6307701051551914,0.3373886284038802,0.3006994586229676,12.05518232335396,0.0005164859654478438,-225.707572995111
0.0407531841929207,0.7414409429767477,0.05496484187844312,0.1501478377895239,38.96996732852338,4.303757350498927e-10,-97.02459403361578
0.06585195681263957,1.263538232018549,0.05211710666438532,0.2226469926602312,55.45421193689339,9.570122472268849e-14,-124.5732703081482
0.1043438218030557,0.5262925132760491,0.1982620295195527,0.2260591782994261,23.73434788948657,1.105911039411822e-06,-189.2265427533397
0.04952062919789458,0.8212539385769123,0.06029880268666359,0.1968932511734577,47.58830458144251,5.258127266927204e-12,-117.8917536287489
0.01621798182023658,0.9452638708285783,0.01715709477610795,0.1734857131408043,67.82083948604355,2.220446049250313e-16,-91.65716575881402
0.200852845900687,1.592427427170931,0.1261299839940068,0.403359766066884,49.42560782116607,2.060351889099366e-12,-248.0613635233739
0.2264175508093525,1.134679735516495,0.1995431342627173,0.3504233906189792,27.04959962280492,1.983012944961615e-07,-237.6020732212048
0.04910151512343747,0.9376399236865604,0.05236713356912413,0.2018039867928128,53.01273706731538,3.314015728506092e-13,-117.6260208381571
0.1158411807801046,0.9713231988338092,0.1192612108093228,0.2753636271386772,43.09222807470235,5.221922894094178e-11,-201.7404319142403
0.2910544351306135,0.9848877789979025,0.2955204047985586,0.4085112032196003,15.58506816293738,7.887501529757479e-05,-247.5925080005042
0.2123342213198267,1.151782319545225,0.1843527355096627,0.3992837399032315,35.24643869895954,2.905128582142424e-09,-254.7649494074351
0.154368325490275,0.890533105047873,0.1733437248040055,0.3108139344145058,34.67437199582554,3.897286049436843e-09,-222.6039881051304
0.4412123800792651,0.7776313297722089,0.5673798922279908,0.4851567676428533,2.635710326313074,0.1044853213265307,-281.0293811300722
0.1746253855732203,1.165797217898428,0.1497905320858595,0.3089969028584379,35.3262416252611,2.788494657401941e-09,-210.147484147747
0.07421707515919053,1.241121920760955,0.05979837590305926,0.2354812340316521,54.23812841159031,1.77635683940025e-13,-133.714952551749
0.1648277466023364,0.9772079526379043,0.1686721297727833,0.3316822495195687,35.32349222596753,2.792433950737916e-09,-206.7213457470237
0.1456570168178013,1.303171779996154,0.1117711563844877,0.2867717994343713,41.88184691060275,9.695866332037895e-11,-201.2884755919309
0.2294603523074391,1.258558678825767,0.1823199475462877,0.3558985130289282,28.83721917130765,7.872366825090182e-08,-239.7605181495618
0.09580988655853882,0.9319882608340314,0.1028016023214703,0.2913927057408311,52.75853444589973,3.771427614651657e-13,-199.6816598999325
0.34994803102036,0.9394662128481976,0.3724966648448335,0.4566953512485421,11.92568681802254,0.0005536521183155951,-263.0546952533221
0.1206084594951555,1.141299375382068,0.1056764439696463,0.3327995046813583,56.18266860060874,6.605826996519681e-14,-219.6593402127701
0.2297529196846376,1.667337272339549,0.1377963076194274,0.3886730991887286,35.66105012981785,2.348121586059904e-09,-223.2387274948325
0.4289908186381114,0.8281316776894534,0.5180224717825389,0.5019429886993989,5.021007392996921,0.02504159609895928,-278.2497060825867
0.2974341546548108,0.696036186270817,0.4273257059354723,0.3747351664761876,7.687377368671832,0.005560837777454863,-259.4587712038716
0.3805909159874999,2.470327153818778,0.154064985036156,0.5605842792203489,34.71068498206273,3.82526277320494e-09,-284.7322263089553
0.2035665012869884,1.124920654094376,0.1809607642512981,0.3591711317862527,34.07163157541299,5.3120080556468e-09,-236.459204859431
0.09135458664182938,0.9372239423386468,0.09747359463936983,0.2487540118518956,43.5420598350791,4.149447452306276e-11,-148.1841422089233
0.5519590510777455,1.096497597305891,0.5033837305561965,0.6360702393998201,4.854413256074736,0.0275754913220877,-333.8408683157041
0.3283982421066482,1.0083785329073,0.3256696085743011,0.4373056471083228,14.03190101189693,0.0001797353605237362,-271.6631928158822
0.07446216863147945,0.9367238018754485,0.07949212829053351,0.2185593620667492,43.97684580898829,3.322830899321616e-11,-129.4862295194206
0.7456851888059047,1.232188932721286,0.6051711462454551,0.874677493309123,3.756626255721017,0.05259860603610955,-381.1592117796204
0.3350759084505863,1.465422244133632,0.2286548534335137,0.5088186465827603,25.80460394652232,3.777862503939744e-07,-276.8893670802843
0.4478874822032931,1.356637585803152,0.3301452701077395,0.612823012448,16.11892030682122,5.948676054767787e-05,-326.3643135129951
0.2628633215131714,0.8330259490739748,0.3155523808176454,0.3704521661234889,13.72428365044851,0.0002116994919617587,-226.5546016791652
0.399550458767419,0.7104499954525691,0.562390683826943,0.4562562866561163,3.600447475650071,0.05776402091534882,-280.2142641130412
0.5155395065587275,0.7745172420734946,0.6656268944750071,0.5746799969349352,2.125778647133529,0.1448391585661646,-313.0851486644477
0.2367339158110195,0.9631480675220582,0.2457918193410047,0.4062473189205345,26.49212851319533,2.646141541440272e-07,-267.9181848645327
0.1167462339845015,1.33984279595126,0.08713427749679704,0.3138545719059869,56.17302142514097,6.639133687258436e-14,-170.9109446299694
0.4433398620911178,0.6172349194268933,0.7182676289649356,0.4838849800731923,1.372609415466854,0.2413640555994392,-307.0225874863362
0.1342458097958974,0.7685389166320697,0.1746766583847129,0.2322302218120725,20.99318262216013,4.609205698447028e-06,-156.7166930246004
0.4469079886740837,0.9650491184116368,0.4630935152913713,0.5447735450688067,7.42440248424225,0.006434518839334213,-311.2666225504002
0.4558988906769955,0.822753374377761,0.5541136686577393,0.5220799253509791,3.987361619193621,0.04584279441618067,-289.3650207286178
0.2869603944608121,0.8087166445141679,0.3548342876424931,0.3680190825439348,10.16190942446508,0.001433720542901029,-260.7002307872312
0.5558609674799383,0.8423695220865941,0.659877824286711,0.6083525217148712,2.111304619968109,0.1462146185277372,-342.9170153429791
0.562056859028861,1.445508448010093,0.3888298679973792,0.6887482377721247,10.97924583242593,0.0009213791767578305,-335.1438143916316
0.4957925763975637,1.471039023982481,0.3370356382900881,0.6641880012963641,15.96061447801685,6.467411025767866e-05,-344.4491337223258
0.4341639440781156,1.21333657199206,0.3578264713189216,0.5581621436001624,10.97929939230335,0.000921352548417409,-286.6887096563174
0.225305096751586,1.596876022758349,0.1410911639604979,0.4022673486998122,38.90200646022743,4.456223168247675e-10,-209.4290467119686
0.2024047359173605,1.510074508244783,0.1340362576894455,0.3750233606745699,40.66617658777915,1.805861016279664e-10,-208.7800034125117
0.3978916037222447,1.413986854617781,0.2813969609567551,0.5466964250665594,21.67581561029658,3.228358292695077e-06,-322.2550899446512
0.5452748253519669,0.7230310381609912,0.7541513387016661,0.5882013768293815,1.008485679276419,0.3152658969385236,-325.2869762242705
0.499755871207247,1.435470237992598,0.348147845897606,0.6255971235083677,12.16991293168473,0.000485665732865459,-320.7823612509569
0.2551561532908822,0.8248916689200155,0.3093208028454741,0.3432533276306985,11.40457381445225,0.0007326350603457099,-205.615863319345
0.4201170327072659,0.6748700750876134,0.6225154266215244,0.4552484482201339,1.790827316207128,0.1808253952537768,-282.7034971832907
0.6772807566153262,1.213178859332231,0.558269501158404,0.7564418284788773,3.54709514603644,0.05964979039536411,-349.3035587423418
0.577681778801821,0.8622003361013643,0.6700087608570662,0.6315351769566369,1.956390660856073,0.1618998574337033,-326.7753882933569
0.5968812846402421,0.970313666804921,0.6151426132187454,0.6566363857323977,2.858831968490335,0.09087346327315227,-339.8398349314238
0.5373608861751006,1.295526628181697,0.4147818149668601,0.6366307896468175,8.59719609053343,0.003366809657500358,-346.8586940772786
0.5232709212015977,1.216711348058066,0.430069894586555,0.6332651599796708,9.19804158383738,0.002422741882941559,-336.7848708212875
0.5737050126497124,0.8841378677592393,0.6488863711987718,0.6225801100605347,1.978032925602406,0.1595977874928477,-330.7573137582371
0.3958444410664102,0.8906002507489564,0.4444692674783351,0.5143094144887888,9.786470900429777,0.001758005432251131,-299.6769301320216
0.2325790568112391,1.278935207046617,0.1818536666515911,0.4592632811557895,44.14701128298077,3.046163321585027e-11,-275.5989967524232
0.2958783793261238,0.9912644279566516,0.2984858237433521,0.4576742071649692,20.96242652182866,4.68379793849838e-06,-284.1584952515917
0.811039701276091,1.264524416849866,0.641379233543407,0.9120378079756443,3.01167440395011,0.08266685687628683,-396.259986607404
0.5772303738895158,0.9648894527609314,0.5982347223693147,0.6716558489681717,4.106577102569076,0.04271673386038533,-335.349445379377
0.6136302437723136,1.080199883317707,0.5680710146788949,0.6980410502330022,3.873213440335235,0.04906250018936342,-340.8156781669148
0.5987560015036267,1.093709647310286,0.5474542562334731,0.6791225773423948,4.419192120692742,0.03553685777610216,-344.2279644076968
0.4719369372028117,1.042933752367381,0.4525090267062028,0.5800067576337687,7.499880992702174,0.006170307041308609,-291.8565796519985
0.4923676360744741,0.8753887604772068,0.562455971911344,0.5566706106909812,3.442092544138973,0.06355515008177426,-295.2080209929709
0.484057110644113,0.9357028339572705,0.5173192738948333,0.5469621784426417,4.029854586112606,0.04470179374314565,-308.5942851571443
0.5749478125732558,0.9931914220877138,0.5788892249640062,0.6772726536389079,4.70456184055115,0.03008266919412306,-347.1868060074619
0.7837362198346933,0.6997635432526941,1.120001502495645,0.7683004192663445,0.1328123268021955,0.7155337592334612,-360.5947101200258
0.5696489683623398,1.194168961846156,0.4770254348946369,0.6600601680163793,5.529126894390515,0.01870243578204489,-338.7486007134899
0.7427852783100293,0.635157444036076,1.169450638238667,0.7180688930115791,0.3022562010494312,0.5824714305242855,-345.0694762406317
0.793578342226529,0.7617512005764369,1.04178154445442,0.7870502308418382,0.01903705643644571,0.8902603022264111,-361.1175222211929
0.6257306685609672,1.693593633182623,0.369469190425029,0.788030377568631,12.75144213339138,0.0003557347757406903,-347.7662608069466
0.8188560333383039,1.014234127287944,0.8073639126381207,0.8536762481263677,0.5470579694951994,0.4595223041753578,-377.7075481195047
0.6767967699520003,0.8702968541232166,0.7776619744694372,0.7135597224610239,0.8086238089821336,0.3685274350617981,-352.2597538898733
0.7507902605503011,0.8939635931822576,0.8398443362527774,0.7740870019307626,0.3105762670880949,0.5773267800047898,-348.3049193074916
0.5325919323281302,1.656768046329739,0.3214643917765002,0.6726741580596226,15.57502136335643,7.929524838190538e-05,-318.5405780542213
0.8233306184178764,0.5031746923667553,1.636271916906674,0.7304755074394793,2.821186131907325,0.09302763508139478,-346.8868520692068
0.7605450796770828,1.291821244925933,0.5887386375354809,0.8460630913966297,3.564534084047978,0.0590263029864887,-383.5897491115088
0.7770157322606522,0.926249001007701,0.8388842864233135,0.8030605271680625,0.2762892652781375,0.5991437428902917,-314.7158937283231
0.7966196879198224,0.5688876992969518,1.40031097333324,0.736213274502618,1.285853541061897,0.2568134987499697,-357.7149572446816
0.6306230948698229,0.615293540179099,1.024914213606504,0.6278666429110806,0.006306504625854359,0.9367037278893878,-331.9839370934065
0.6644401079533582,0.6867908472071211,0.9674562651138208,0.6689137397427312,0.0129072588172221,0.9095468666217035,-328.0896366690192
0.625350596965946,1.287034544338002,0.4858848581159109,0.7103746964356729,5.900002461241343,0.01514086362433154,-342.916754471415
0.5158954918046172,0.5186163000102728,0.9947537163687264,0.5164544858672941,0.0002745439752516177,0.9867801615334212,-293.806620112184