ObservedSChanges	ObservedNSChanges	E[SSites]	E[NSSites]	ObservedS.Prop.	P{S}	dS	dN	dN-dS	P{Sleq.observed}	P{Sgeq.observed}	ScaleddN-dS
2	0	0.6690818019606631	2.172134572836085	1	0.2354913226235813	2.989171120988857	0	-2.989171120988857	1	0.05545616303100354	-3.014527433855812
1	0	0.6690818019606629	2.172134572836085	1	0.2354913226235812	1.494585560494429	0	-1.494585560494429	1	0.2354913226235813	-1.507263716927906
1	0	0.9999999999999997	1.999999999999999	1	0.3333333333333333	1	0	-1	1	0.3333333333333333	-1.008482723752051
0	0	0.9999999999999994	1.999999999999999	0	0.3333333333333334	0	0	0	0	0	0
3	0	0.9999999999999994	1.999999999999999	1	0.3333333333333334	3.000000000000002	0	-3.000000000000002	0.9999999999999999	0.0370370370370372	-3.025448171256152
1	0	0.9999999999999994	1.999999999999999	1	0.3333333333333334	1.000000000000001	0	-1.000000000000001	1	0.3333333333333334	-1.008482723752051
0	0	0.9999999999999994	1.999999999999999	0	0.3333333333333334	0	0	0	0	0	0
2	0	0.669081801960663	2.172134572836085	1	0.2354913226235813	2.989171120988858	0	-2.989171120988858	0.9999999999999999	0.05545616303100376	-3.014527433855812
2	0	0.9999999999999997	1.999999999999999	1	0.3333333333333333	2.000000000000001	0	-2.000000000000001	1	0.1111111111111109	-2.016965447504101
0	0	0.9999999999999994	1.999999999999999	0	0.3333333333333334	0	0	0	0	0	0
0	0	0.9999999999999994	1.999999999999999	0	0.3333333333333334	0	0	0	0	0	0
1	0	0.6690818019606631	2.172134572836085	1	0.2354913226235813	1.494585560494429	0	-1.494585560494429	1	0.2354913226235813	-1.507263716927906
1	0	0.669081801960663	2.172134572836085	1	0.2354913226235813	1.494585560494429	0	-1.494585560494429	1	0.2354913226235813	-1.507263716927906
4	0	0.9999999999999996	1.999999999999999	1	0.3333333333333333	4.000000000000002	0	-4.000000000000002	1	0.01234567901234551	-4.033930895008202
1	1	0.9994416743973705	2.000558325602628	0.5	0.3331472247991237	1.000558637504251	0.4998604575544029	-0.5006981799498478	0.8890129266086423	0.5553073762068894	-0.5049454642935166
0	1	0.6696394958073248	2.330360504192674	0	0.2232131652691084	0	0.429118154981106	0.429118154981106	0.7767868347308916	0.2232131652691084	0.4327582457468002
1	0	0.6690818019606631	2.172134572836085	1	0.2354913226235813	1.494585560494429	0	-1.494585560494429	1	0.2354913226235813	-1.507263716927906
0	1	0.9988766239314658	2.001123376068533	0	0.3329588746438221	0	0.4997193136410361	0.4997193136410361	0.6670411253561779	0.3329588746438221	0.5039582945322171
2	2	0.6717487259925744	2.323019956066223	0.5	0.2243073830766692	2.977303748577721	0.8609482646833472	-2.116355483894373	0.9624514069169104	0.219191190403953	-2.134307942825386
2	1	0.669081801960663	2.174560273421312	0.6666666666666666	0.2352904424059022	2.989171120988858	0.459863086906607	-2.529308034082251	0.9869739464583637	0.1400326697794227	-2.550763455419212
0	0	0.669081801960663	2.172134572836085	0	0.2354913226235813	0	0	0	0	0	0
2	0	0.9999999999999994	1.999999999999999	1	0.3333333333333334	2.000000000000001	0	-2.000000000000001	1	0.111111111111111	-2.016965447504102
2	0	0.8278654271639136	2.172134572836085	1	0.2759551423879714	2.415851579708509	0	-2.415851579708509	1	0.07615124061036549	-2.43634458128513
1	0	0.9999999999999993	1.999999999999999	1	0.3333333333333333	1.000000000000001	0	-1.000000000000001	1	0.3333333333333333	-1.008482723752051
0	0	0.9999999999999994	1.999999999999999	0	0.3333333333333334	0	0	0	0	0	0
0	1	0.9994362958369519	2.000563704163047	0	0.3331454319456508	0	0.4998591136683442	0.4998591136683442	0.6668545680543492	0.3331454319456508	0.5040992804445374
0	0	0.669081801960663	2.330918198039335	0	0.2230272673202211	0	0	0	0	0	0
1	1	0.669081801960663	2.329040362922397	0.5	0.2231669575701763	1.494585560494429	0.4293613867409476	-1.065224173753481	0.9501965090488711	0.3965304241892238	-1.074260176153438
0	2	0.7046330365542751	2.148253152213038	0	0.2469895361857165	0	0.9309889748979006	0.9309889748979006	0.5670247586138023	0.4329752413861977	0.9388862971881639
1	4	0.9999999999999997	1.999999999999999	0.2	0.3333333333333333	1	2.000000000000001	1	0.4609053497942389	0.868312757201646	1.008482723752051
1	0	0.6690818019606629	2.172134572836085	1	0.2354913226235813	1.494585560494429	0	-1.494585560494429	1	0.2354913226235813	-1.507263716927906
2	1	0.6692252861513978	2.330524319538239	0.6666666666666666	0.2230937158495081	2.988530232474723	0.4290879917520604	-2.559442240722663	0.9888964459371365	0.1271053100288962	-2.581153282210042
0	1	0.9988807355276633	2.001119264472335	0	0.3329602451758879	0	0.49972034038845	0.49972034038845	0.667039754824112	0.332960245175888	0.5039593299892456
0	0	0.669081801960663	2.172134572836085	0	0.2354913226235813	0	0	0	0	0	0
6	6	0.9945615531985923	1.994969518442678	0.5	0.3326814571800293	6.032809111415481	3.007564749502412	-3.025244361913069	0.9342029649157485	0.1764193387805598	-3.050906674117625
0	3	0.6702221724859494	2.327787766520062	0	0.2235556873130852	0	1.288777285948566	1.288777285948566	0.4680916989766223	0.5319083010233777	1.299709627643185
0	1	0.669081801960663	2.330650353483076	0	0.2230471813113222	0	0.4290647880775145	0.4290647880775145	0.7769528186886778	0.2230471813113222	0.432704426146508
1	1	0.669081801960663	2.330115321592383	0.5	0.2230869710784548	1.494585560494429	0.4291633082420178	-1.065422252252411	0.9502322033350408	0.3964061454919502	-1.074459934897556
2	1	0.669081801960663	2.330918198039335	0.6666666666666666	0.2230272673202211	2.989171120988858	0.4290154844735244	-2.560155636515333	0.9889063645728718	0.1270362150507199	-2.581872729542147
1	0	0.6690818019606631	2.172134572836085	1	0.2354913226235813	1.494585560494429	0	-1.494585560494429	1	0.2354913226235813	-1.507263716927906
2	4	0.8189041216070203	2.101994119649097	0.3333333333333333	0.2803603734085768	2.442288354923887	1.90295489535801	-0.5393334595658763	0.7797837105255909	0.5364329855285163	-0.5439084763136112
1	1	0.669081801960663	2.330918198039336	0.5	0.2230272673202211	1.494585560494429	0.4290154844735244	-1.065570076020905	0.9502588380316744	0.396313372672117	-1.074609012614241
3	1	0.6702073550699879	2.329792644930012	0.75	0.223402451689996	4.476226614503087	0.4292227474304008	-4.047003867072687	0.9975091261140577	0.03712624226867411	-4.081333482900543
0	1	0.6693673273075759	2.330134402311799	0	0.2231595070266941	0	0.4291597939620431	0.4291597939620431	0.7768404929733059	0.2231595070266941	0.4328002379397099
0	1	0.7535320241555929	2.099093864187589	0	0.2641538195508867	0	0.4763960378622846	0.4763960378622846	0.7358461804491132	0.2641538195508868	0.4804371738480416
1	2	0.8153472974124075	2.184652702587591	0.3333333333333333	0.2717824324708026	1.226471226646127	0.9154773194069332	-0.3109939072391938	0.8185537223354302	0.6138256226805036	-0.3136319826428746
0	0	0.9999999999999994	1.999999999999999	0	0.3333333333333334	0	0	0	0	0	0
1	2	0.7509236057553995	2.104436062100418	0.3333333333333333	0.2629873967223514	1.331693387097665	0.9503733736646854	-0.3813200134329801	0.828890551209581	0.5996639095196459	-0.3845546457680601
1	2	0.9955291157259609	2.001845666931933	0.3333333333333333	0.3321336796071878	1.004490962849217	0.999078017370459	-0.005412945478757925	0.7423388364201964	0.7021012853375465	-0.005458861999939137
2	1	0.669081801960663	2.172402345218454	0.6666666666666666	0.2354691306741563	2.989171120988858	0.4603198860473708	-2.528851234941487	0.9869442465133804	0.1402256275280901	-2.550302781377527
0	0	0.669081801960663	2.172134572836085	0	0.2354913226235813	0	0	0	0	0	0
1	3	0.7529385666587991	2.102402029890857	0.25	0.2636948347138121	1.328129603504769	1.426939261543493	0.0988096580387241	0.7149729610654501	0.7060784775619497	0.09964783307190114
0	2	0.7582180538722365	2.095662665017643	0	0.2656796581768747	0	0.9543520688636987	0.9543520688636987	0.5392263644152316	0.4607736355847684	0.962447573826067
3	0	0.9999999999999996	1.999999999999999	1	0.3333333333333333	3.000000000000001	0	-3.000000000000001	1	0.03703703703703698	-3.025448171256152
2	7	0.751567943931856	2.103514350204857	0.2222222222222222	0.2632386272981692	2.661103385459636	3.327764319420158	0.6666609339605216	0.5636128915659784	0.7303480801121268	0.6723160344995925
1	4	0.6696185814923957	2.330381418507602	0.2	0.2232061938307987	1.493387471075362	1.716457215214854	0.223069744139492	0.689181209562892	0.7171678530965747	0.2249619831564678
1	1	0.669081801960663	2.330918198039335	0.5	0.2230272673202211	1.494585560494429	0.4290154844735244	-1.065570076020904	0.9502588380316745	0.396313372672117	-1.074609012614241
0	1	0.001665597747594978	2.998334402252404	0	0.0005551992491983261	0	0.333518502555546	0.333518502555546	0.9994448007508017	0.0005551992491983349	0.3363476478789222
1	4	0.673555592602062	2.326444407397937	0.2	0.2245185308673541	1.484658446880126	1.719361953064629	0.2347035061845031	0.686434125615369	0.7195489166555898	0.2366944311911038
1	1	0.9989995547895278	2.000500222605235	0.5	0.3330553855407238	1.00100144710343	0.499874975618702	-0.5011264714847283	0.8890741101623199	0.5551848812437674	-0.505377388907173
7	3	0.6713143590583892	2.145949409810541	0.7	0.2382859448506332	10.42730563639137	1.397982630105367	-9.029323006286001	0.9997091601424574	0.002604215397972065	-9.105916259016356
2	5	0.669350114967986	2.330649885032013	0.2857142857142857	0.2231167049893287	2.987972893820534	2.145324371588881	-0.8426485222316531	0.8100167284691389	0.4858270124265196	-0.8497964768658175
0	2	0.9988744468906749	2.001125553109324	0	0.3329581489635585	0	0.9994375399846477	0.9994375399846477	0.4449448310341222	0.5550551689658778	1.007915492543766
1	0	0.669081801960663	2.172134572836085	1	0.2354913226235813	1.494585560494429	0	-1.494585560494429	1	0.2354913226235813	-1.507263716927906
1	2	0.6705685505956902	2.327917503268535	0.3333333333333333	0.2236357076703797	1.491271845528192	0.8591369742234768	-0.6321348713047156	0.8723305646367933	0.5320530107116883	-0.6374970967920313
2	1	0.674984768554667	2.325015231445332	0.6666666666666666	0.2249949228515558	2.963029824039681	0.4301047091972622	-2.532925114842419	0.9886101460745204	0.1290884380759733	-2.554411218876257
1	1	0.6692245711567455	2.330526282270304	0.5	0.2230933847029974	1.494266712699317	0.4290876303809973	-1.065179082318319	0.9502293417017602	0.3964161111077553	-1.074214702220088
0	1	0.669081801960663	2.330918198039335	0	0.2230272673202211	0	0.4290154844735244	0.4290154844735244	0.7769727326797788	0.2230272673202212	0.4326547043136653
0	1	0.6939873213968338	2.162611442475921	0	0.2429418265433888	0	0.462403916098365	0.462403916098365	0.7570581734566112	0.2429418265433888	0.4663263607804936
0	1	0.8275974966286825	2.172402503371316	0	0.275865832209561	0	0.4603198525356679	0.4603198525356679	0.724134167790439	0.275865832209561	0.4642246186823124
0	3	0.6690818019606632	2.304062384192755	0	0.2250418277985721	0	1.302048078464278	1.302048078464278	0.4654090106031126	0.5345909893968874	1.313092992625779
2	2	0.6696199888461891	2.330380011153811	0.5	0.2232066629487297	2.986768664785778	0.8582291259054209	-2.128539538880357	0.9629647521808455	0.2174103304616369	-2.146595351783996
2	1	0.6729945670408943	2.327005432959104	0.6666666666666666	0.2243315223469649	2.9717921926084	0.4297368565780973	-2.542055336030302	0.9887105987101708	0.1283950931758617	-2.563618889208272
0	1	0.6702711335578941	2.329460905609835	0	0.2234436692364895	0	0.4292838731879072	0.4292838731879072	0.7765563307635106	0.2234436692364894	0.4329253696953704
2	1	0.9999999999999994	1.999999999999999	0.6666666666666666	0.3333333333333334	2.000000000000001	0.5000000000000003	-1.500000000000001	0.9629629629629628	0.2592592592592594	-1.512724085628076
0	3	0.6703723033882243	2.32570312463814	0	0.2237501423086086	0	1.289932480297448	1.289932480297448	0.4677400962655122	0.5322599037344877	1.300874621186608
0	4	0.2614509797396035	2.738549020260394	0	0.08715032657986789	0	1.460627496680582	1.460627496680582	0.6943797675002807	0.3056202324997193	1.473017596239572
2	5	0.7039780708342757	2.150601300496096	0.2857142857142857	0.2466135914469907	2.840997586231379	2.324931171038821	-0.516066415192558	0.7634081058358454	0.5465779910464311	-0.5204440640303474
0	1	0.754356546804083	1.576561651235252	0	0.3236306393929285	0	0.6342917190815148	0.6342917190815148	0.6763693606070715	0.3236306393929285	0.6396722405126963
3	5	0.9905295977162811	2.003984494673354	0.375	0.3307814113260139	3.028682844931298	2.495029284552918	-0.5336535603783799	0.7465577720549261	0.5254938333956222	-0.5381803961103677
0	3	0.7097087741431674	2.15176364784613	0	0.2480222310336918	0	1.39420516886366	1.39420516886366	0.4252212938995162	0.5747787061004839	1.406031826164811
1	0	0.7532604265040295	2.099116413383307	1	0.26408166549753	1.327562108421277	0	-1.327562108421277	1	0.26408166549753	-1.338823451050704
2	2	0.7479772183036963	2.104433494343497	0.5	0.2622263389305297	2.673878229253706	0.9503745332773864	-1.723503695976319	0.9420593924463035	0.2825097945938548	-1.738123701714924
1	5	0.7661080932398985	2.094088542875608	0.1666666666666667	0.2678515468364323	1.30529883292443	2.387673633481604	1.082374800557174	0.4921231779494156	0.8459736957426059	1.091556286986481
0	4	0.9843201616765167	2.015679838323483	0	0.328106720558839	0	1.9844421340876	1.9844421340876	0.203798596330113	0.796201403669887	2.001275608512994
1	3	0.753592324114275	2.098859054120105	0.25	0.2641911199134045	1.326977422673907	1.429348004150605	0.1023705814766989	0.7141213417030267	0.7068701139458012	0.1032389628397025
1	4	0.2509325720197911	2.749067427980207	0.2	0.08364419067326374	3.985134301023024	1.455038883109127	-2.530095417913897	0.9410227187332076	0.3538688375784789	-2.551557518410389
0	3	0.6696394810509719	2.181767496547543	0	0.2348452838587599	0	1.375031943021994	1.375031943021994	0.4479688112005838	0.5520311887994163	1.386695959144894
3.5	8.5	0.9940185748458622	1.707071967715103	0.2916666666666667	0.3680063882284415	3.521060962611014	4.979286263705189	1.458225301094175	0.4151852441491504	0.7885262324154565	1.470595023491607
0	3	0.8559431339709256	1.998407091014117	0	0.2998731993287233	0	1.50119563400749	1.50119563400749	0.343186430753477	0.6568135692465229	1.513929861868559
0	3	0.02153074124113435	2.978469258758865	0	0.007176913747044785	0	1.007228794179366	1.007228794179366	0.9786234133625373	0.02137658663746267	1.0157728377955
1	3	0.669081801960663	2.178134693282384	0.25	0.23499505677862	1.494585560494429	1.377325290879551	-0.1172602696148781	0.7633317560606971	0.657502847025198	-0.1182549560891121
1	1	1.657662062928873	1.34066506968516	0.5	0.5528623094184099	0.6032592663869801	0.7458984519040529	0.1426391855170728	0.6943432668245424	0.8000678856613621	0.1438491543240315
1	8	0.2611778018078146	2.730995902963731	0.1111111111111111	0.08728697849035996	3.828809313342185	2.929334310358445	-0.8994750029837402	0.8178757193817423	0.5604500660115979	-0.9071050009559257
4	9	0.7227691547900659	2.14363136159158	0.3076923076923077	0.2521521855230621	5.534270483861244	4.198483079347084	-1.33578740451416	0.7885150269385339	0.4229682582007501	-1.347118520058121
1	0	0.7535922485087109	2.098784591378624	1	0.2641979972528724	1.32697755580542	0	-1.32697755580542	1	0.2641979972528723	-1.338233939836488
2	5	0.7544857562909207	2.100619795121569	0.2857142857142857	0.2642584460380662	2.650812137040297	2.380249872733697	-0.2705622643065997	0.726271651078311	0.589885838658711	-0.2728573692524418
0	4	0.6702051780291965	2.322805308888975	0	0.2239234312604398	0	1.722055647407336	1.722055647407336	0.3627590749490174	0.6372409250509826	1.73666336974995
0	4	1.414353289443259	1.255286920925592	0	0.5297917239746118	0	3.186522486070818	3.186522486070818	0.04888336287852049	0.9511166371214795	3.213552876049853
2	3	0.6719959512687517	2.327504099193588	0.4	0.2240359859854548	2.976208407541639	1.288934357210977	-1.687274050330662	0.9219539056183903	0.3125555230588579	-1.70158672999362