dN,dS,dN/dS,dS=dN,LRT,p-value,Full Log(L)
0,0,0,0,0,1,0
0,2.182426981179678,0,0.6375642577650915,2.456845536808071,0.1170135657046391,-9.771136622570483
0.8539880783417979,2.578383148311862,0.3312106964788872,1.282781080030175,0.5770408220850811,0.4474745674057359,-16.43197433220153
0,0,0,0,0,1,0
0,0,0,0,0,1,0
0,0,0,0,0,1,0
0.7575850615065132,4.205048397667107e-15,180160842364337.4,0.6411012690328691,0.3335399569061721,0.5635820306701285,-12.27615943612013
0,0,0,0,0,1,0
0,0,0,0,0,1,0
0,0,0,0,0,1,0
0.7555054209428212,0,inf,0.6074152485264998,0.4357771654914586,0.509167711659554,-11.42028306542769
0,1.80676777071399,0,0.6007442793395427,2.196920234965166,0.1382867820214733,-9.98615425786082
0,3.70464448328588,0,1.210873298428452,4.450597212246951,0.03488904353837452,-14.39814914027919
0,0,0,0,0,1,0
0,0,0,0,0,1,0
0,0,0,0,0,1,0
0,0,0,0,0,1,0
0,0,0,0,0,1,0
0,2.198983420575193,0,0.6389529237158862,2.467449185812278,0.1162264092600491,-11.21040963731098
0,3.092939501809298,0,0.6888232425907564,2.996058142769471,0.08346736880456351,-9.795967786091591
0,0,0,0,0,1,0
0,5.578811736365347,0,1.822171628978571,6.691627660223901,0.009686672555941467,-18.58355516290361
0,0,0,0,0,1,0
0,0,0,0,0,1,0
0,0,0,0,0,1,0
0.8914145801924044,0,inf,0.7351286308110525,0.3851457469069217,0.5348621043310036,-11.97273211260816
0,0,0,0,0,1,0
0,1.824816203724211,0,0.6031694744467723,2.211634675073142,0.1369734625496306,-10.64482267692959
0,0,0,0,0,1,0
0.8793754486710129,1.000001012749402e-06,879374.5580849551,0.7269890464669153,0.380436775300911,0.5373695743116241,-11.98855217749054
0,1.805315082030401,0,0.6005845123784003,2.195854735993276,0.1383824285365608,-9.988667661395194
0,0,0,0,0,1,0
0,0,0,0,0,1,0
0,0,0,0,0,1,0
0.7190951012943931,1.565830189541597e-15,459242072414577.1,0.6435284689979296,0.2215794148557677,0.6378391097593459,-10.55692426819201
0,0,0,0,0,1,0
0,0,0,0,0,1,0
0,2.609892135700953,0,0.6459077084901845,2.782106671104344,0.09532270892423267,-8.390794661870668
0.7627213584038676,2.872006233129135e-15,265570927251387,0.6437750753830329,0.3388871864612177,0.5604722643433093,-12.43008028176116
0,0,0,0,0,1,0
0,0,0,0,0,1,0
1.727824741269363,0,inf,1.290410090992889,1.164862913094048,0.2804592933901109,-16.82209314063515
0,0,0,0,0,1,0
3.863823776931512,6.096750342506015e-13,6337513527482.449,3.841348976629936,0.03433752872863494,0.8529906932829869,-23.50197891835779
0.7547876193179824,4.075096891217838,0.185219551698172,1.273543001104649,1.269584403663998,0.2598446600220173,-16.021898374824
0,2.613369208555869,0,0.6419322290355515,2.79673306055804,0.0944565901327199,-9.11049093141977
0,0,0,0,0,1,0
0,3.062989324514624,0,0.6802519047106153,3.001489627976692,0.08318799754558326,-9.96634567596506
0,0,0,0,0,1,0
0.8577531994567055,2.54309742696628,0.3372868024485949,1.282452963688369,0.5592634356911148,0.4545571678589796,-17.46788893539095
0,0,0,0,0,1,0
1.732531045484853,0,inf,1.298499281023394,1.150820320932652,0.28337749362183,-16.79471301915678
0,5.797162277985282,0,1.366453863739036,5.750653493553049,0.01648252422675045,-14.31288136337582
0,0,0,0,0,1,0
0,0,0,0,0,1,0
0,0,0,0,0,1,0
0,0,0,0,0,1,0
0,4.258714658828215,0,0.6416211295328272,3.768790600900974,0.05221737527918591,-9.781156001540054
0,0,0,0,0,1,0
0.7603203278647064,4.25850943919244,0.1785414212933832,1.290052820668886,1.319371889430421,0.2507048080595657,-15.97278268364882
4.630051441964024,0,inf,3.066519072872457,4.090681798016455,0.04312024489818256,-30.34067418215104
0,0,0,0,0,1,0
0.8924093386046043,0,inf,0.7351245336967458,0.3873864872325186,0.5336763840061647,-12.29825539689199
1.80400485286201,0,inf,1.201136431128269,1.622156087798274,0.2027914138812595,-15.31610367036545
1.814213197428175,1.80527965515396,1.004948564200959,1.811228795554086,1.614296682106442e-05,0.9967942432154886,-21.97123196528967
0,0,0,0,0,1,0
0,0,0,0,0,1,0
1.767151902462029,0,inf,1.370582535649671,1.01495256953821,0.3137192731753783,-18.70796510304521
2.723790770730416,1.840742246499184,1.479724157964352,2.432134926957942,0.1212637184136511,0.7276679062591116,-27.46704879792829
0,0,0,0,0,1,0
0,0,0,0,0,1,0
0,0,0,0,0,1,0
0.7624539014316415,0,inf,0.6090836014026436,0.4485649952608846,0.5030172041513123,-12.56791325174458
0,0,0,0,0,1,0
0.8788110004284531,1.000001002513083e-06,878810.1194098105,0.7273222381896967,0.3782413753330793,0.5385459284548084,-11.96222710335209
0.8905380454093419,4.247161215537469,0.2096784181752908,1.471932106549647,1.103525560456859,0.2934936910803807,-15.30308226841726
1.527691260895804,0,inf,1.222222238371448,0.8900007192562498,0.3454771130463177,-17.36898371097411
0.6406841263530855,3.672755024343703e-13,1744423796595.504,0.6393710071561692,0.004050090912620874,0.949256622435811,-11.18195100212291
0,0,0,0,0,1,0
0,0,0,0,0,1,0
0,0,0,0,0,1,0
1.99615257722094,0,inf,1.287282243862605,1.748839776319855,0.1860226552066072,-18.09732899815408
0,0,0,0,0,1,0
0,0,0,0,0,1,0
0.8617192577415848,2.55045418866025,0.337868941764543,1.287834252530949,0.5575703354059591,0.45524085116533,-15.68751664096809
0.8539891682100722,2.578311650286258,0.3312203038431206,1.282772882457469,0.5770126316205264,0.4474856620804135,-16.436433567197
0,1.832153113946279,0,0.6059883512679846,2.209955306251231,0.1371226436875563,-12.22442488973825
0,0,0,0,0,1,0
0,0,0,0,0,1,0
0.9141389922624304,0,inf,0.6089344187099092,0.8117549683649692,0.3676019020126349,-10.82589714263614
1.612308169191249,1.601802148325177,1.006558875499734,1.607048024954919,2.114436833977607e-05,0.9963310998809777,-15.4740427700853
0,4.258714644290128,0,0.7249697341472794,3.52465530905442,0.06046239608866744,-9.642225589647969
0.8603743553458242,2.675285704436788,0.3216009243121021,1.301610595025195,0.6067695873823524,0.4360067166913689,-16.68811756776039
0,0,0,0,0,1,0
1.525433311232897,4.257862770132394,0.3582626762734923,1.940212813025517,0.6019512153175199,0.437834516044071,-20.58902148848999
0.7603467338617405,7.620889813412352e-16,997713852946110.8,0.6436031117842956,0.333034172959831,0.5638778956411352,-9.80056294904888
0.7578082915587548,9.586496476183132,0.07904955615865167,2.452446340050271,5.771295781127158,0.01629001882003833,-25.62156900214519
5.907625224779069,1.17078950460259,5.04584744017187,3.271316997544079,2.666719640119069,0.1024670236576355,-34.14081654552853
0,0,0,0,0,1,0
0,0,0,0,0,1,0