Codon,alpha,beta,beta-alpha,Prob[alpha<beta],Prob[alpha>beta],BayesFactor,PSRF,Neff
1,2.29599,0.231381,-2.06461,0.0140922,0.978452,0.023675,1.0025,334.734
2,0.959564,0.219293,-0.740271,0.0484313,0.930829,0.084301,0.995803,3052.55
3,0.710977,0.223373,-0.487604,0.100838,0.862119,0.185751,0.996286,1919.75
4,0.838237,0.415578,-0.422659,0.190411,0.754667,0.389559,0.999609,541.996
5,0.700817,0.22356,-0.477257,0.103034,0.859245,0.190261,0.996274,1936.57
6,0.513982,0.244385,-0.269598,0.24789,0.678695,0.545912,0.999686,533.213
7,1.85933,0.215551,-1.64378,0.00997815,0.983965,0.0166937,1.0014,391.379
8,1.06559,0.217874,-0.847712,0.0314209,0.953426,0.0537316,0.995653,3741.86
9,1.37745,0.233011,-1.14444,0.0380302,0.945444,0.0654808,0.997913,854.053
10,0.820617,0.220881,-0.599735,0.0606307,0.914421,0.106906,0.995553,4398.65
11,0.641634,0.224817,-0.416818,0.118971,0.83846,0.223664,0.996218,2025.11
12,0.827942,0.220781,-0.607161,0.0597723,0.915567,0.105296,0.995554,4392
13,0.717252,0.555507,-0.161746,0.346673,0.579226,0.878894,1.00281,321.922
14,1.13786,0.434905,-0.702952,0.115396,0.842801,0.216068,0.999001,623.573
15,1.07812,0.21778,-0.860338,0.030914,0.954134,0.0528372,0.995714,3428.87
16,0.517057,0.203055,-0.314002,0.207029,0.718557,0.432434,0.999483,557.009
17,0.847968,0.237365,-0.610603,0.0905007,0.876905,0.164815,0.996375,1797.07
18,2.23604,0.231221,-2.00482,0.0145043,0.97784,0.0243775,1.00232,343.057
19,0.4232,0.454169,0.0309682,0.515896,0.414236,1.7651,1.00568,236.335
20,0.513982,0.244385,-0.269598,0.24789,0.678695,0.545912,0.999686,533.213
21,0.513982,0.244385,-0.269598,0.24789,0.678695,0.545912,0.999686,533.213
22,0.432614,0.46913,0.0365158,0.520565,0.410619,1.79842,1.00597,230.351
23,0.501687,0.419478,-0.0822097,0.422198,0.508928,1.21027,1.00512,249.305
24,0.995975,0.230612,-0.765363,0.0511661,0.927442,0.0893179,0.995856,2867.02
25,1.35696,0.218174,-1.13878,0.0337483,0.951088,0.0578506,0.997864,868.426
26,0.469216,0.584174,0.114958,0.59363,0.342577,2.41958,1.00962,173.743
27,0.83347,0.557766,-0.275704,0.30338,0.626515,0.721336,1.00251,334.353
28,3.07809,0.229684,-2.84841,0.00255252,0.995479,0.00423864,1.00688,212.91
29,0.828834,0.558159,-0.270675,0.305113,0.624592,0.727264,1.00252,334.2
30,0.858562,0.237502,-0.62106,0.0895304,0.878187,0.162874,0.996404,1759.86
31,0.548739,0.179637,-0.369102,0.173547,0.755515,0.347812,0.999139,602.968
32,0.492205,0.651442,0.159237,0.634524,0.303027,2.87564,1.01013,168.07
33,0.528891,0.387757,-0.141134,0.37606,0.555628,0.998301,1.00455,263.799
34,1.06116,0.217909,-0.843251,0.031605,0.953169,0.0540567,0.995632,3861.9
35,0.778131,0.435426,-0.342705,0.22117,0.719165,0.47036,0.999988,501.229
36,0.942028,0.446569,-0.49546,0.148302,0.801801,0.288408,0.998358,741.787
37,0.775481,0.694853,-0.0806279,0.444399,0.472866,1.32482,1.00396,280.928
38,0.500278,0.453972,-0.0463061,0.454042,0.478018,1.37747,1.00567,236.657
39,0.976998,0.411948,-0.56505,0.120182,0.836345,0.226252,0.997646,939.476
40,0.937356,0.219507,-0.717849,0.0499272,0.9288,0.0870415,0.995731,3349.06
41,1.46416,0.678938,-0.78522,0.16551,0.768887,0.328511,1.00603,228.956
42,0.832793,0.558548,-0.274245,0.304256,0.625546,0.724331,1.00252,333.868
43,0.329358,1.46212,1.13276,0.929506,0.0480483,21.8398,1.00663,217.499
44,0.710144,0.223388,-0.486756,0.101012,0.861891,0.186108,0.996285,1921.18
45,0.944502,0.446361,-0.498141,0.147724,0.802507,0.28709,0.998362,740.786
46,0.498903,0.473655,-0.0252477,0.472172,0.460418,1.48168,1.00594,230.835
47,1.20941,0.817002,-0.392407,0.296229,0.602815,0.697175,1.00287,319.345
48,0.502274,0.394236,-0.108037,0.398689,0.531745,1.0982,1.00466,260.886
49,0.489199,0.679752,0.190554,0.657095,0.281483,3.17396,1.00982,171.429
50,0.428189,0.560007,0.131818,0.609468,0.326986,2.58489,1.01023,166.931
51,0.513982,0.244385,-0.269598,0.24789,0.678695,0.545912,0.999686,533.213
52,0.499562,0.453973,-0.0455897,0.454532,0.477507,1.3802,1.00567,236.63
53,0.834313,0.676628,-0.157685,0.405199,0.514067,1.12835,1.00395,281.255
54,0.440448,0.710467,0.270019,0.714346,0.228915,4.14204,1.01026,166.592
55,1.02068,0.41104,-0.609645,0.114006,0.844167,0.213129,0.997784,893.24
56,0.493974,0.601635,0.107661,0.588343,0.347751,2.36724,1.00923,178.443
57,0.399262,0.442301,0.043039,0.527766,0.401076,1.8511,1.00532,244.506
58,0.499053,0.453899,-0.0451544,0.454816,0.477206,1.38178,1.00567,236.635
59,1.47984,0.190361,-1.28948,0.0149996,0.976815,0.0252226,0.99848,716.05
60,0.720082,0.527483,-0.192599,0.319187,0.608789,0.77654,1.00239,339.988
61,0.427617,0.597514,0.169896,0.639078,0.299452,2.93284,1.01032,165.979
62,0.515081,0.229036,-0.286044,0.232802,0.693405,0.502604,0.999623,540.364
63,0.713526,0.388751,-0.324774,0.202208,0.738777,0.419813,0.999982,501.748
64,0.44735,0.566668,0.119317,0.597859,0.338278,2.46245,1.00994,170.076
65,0.806756,0.722875,-0.0838801,0.407519,0.500452,1.13925,1.00248,335.688
66,0.498917,0.47326,-0.0256579,0.47182,0.460758,1.47959,1.00594,230.942
67,1.80881,0.585815,-1.22299,0.0956406,0.862568,0.175165,1.00725,206.565
68,2.06673,1.20704,-0.859689,0.701829,0.230962,3.89862,1.00394,281.74
69,1.14009,0.480316,-0.65977,0.141586,0.810199,0.273193,1.00026,475.872
70,0.495796,0.533909,0.0381124,0.531913,0.402131,1.88218,1.00907,180.362
71,0.725939,0.234825,-0.491114,0.105974,0.856509,0.196335,0.996163,2120.54
72,1.46045,0.850247,-0.610199,0.25532,0.648447,0.567885,1.00335,301.129
73,1.06872,0.900609,-0.168116,0.381738,0.504643,1.02268,1.00244,337.542
74,0.4068,2.15628,1.74948,0.966941,0.016751,48.4459,1.00712,208.852
75,0.68232,0.903169,0.220849,0.657103,0.25752,3.17407,1.00376,287.324
76,0.363423,0.794167,0.430744,0.828024,0.129073,7.97485,1.01067,162.327
77,2.88371,0.438642,-2.44507,0.0169787,0.972629,0.0286081,1.00798,195.158
78,1.00113,1.07021,0.0690748,0.540576,0.342357,1.9489,1.00257,331.641
79,0.853037,0.649165,-0.203872,0.375262,0.546512,0.994907,1.00399,279.973
80,0.726552,0.234843,-0.491709,0.105872,0.856645,0.196122,0.996163,2119.71
81,0.389553,0.704461,0.314909,0.753754,0.194345,5.06997,1.01157,153.728
82,0.818153,0.446783,-0.371369,0.176637,0.767642,0.355334,0.998137,793.514
83,0.444186,0.899248,0.455063,0.814813,0.135619,7.28776,1.00719,207.566
84,2.26289,0.763419,-1.49947,0.131211,0.811601,0.25015,1.0054,242.622
85,0.658924,0.94372,0.284796,0.688316,0.229838,3.65779,1.00374,287.959
86,0.78779,0.54452,-0.24327,0.265778,0.664582,0.599569,0.999849,515.405
87,1.13808,0.926047,-0.212035,0.300256,0.581492,0.710721,1.00319,307.053
88,0.736968,0.441195,-0.295774,0.239702,0.698036,0.522196,1.00027,475.01
89,0.445904,0.607302,0.161398,0.630489,0.307608,2.82616,1.00997,169.748
90,2.66231,1.49836,-1.16395,0.138645,0.635248,0.266605,0.99768,927.613
91,0.8381,0.619291,-0.218808,0.353611,0.571247,0.906106,1.00307,311.358
92,1.00773,1.68664,0.67891,0.705647,0.173536,3.97068,1.00469,260.111
93,0.679727,0.831992,0.152265,0.60722,0.307958,2.56061,1.00411,276.457
94,1.03699,2.36665,1.32966,0.81269,0.0654812,7.1864,1.00352,295.132
95,0.592223,0.768966,0.176743,0.595761,0.328696,2.44107,1.00469,260.061
96,0.731434,0.685849,-0.0455846,0.458996,0.458417,1.40525,1.00419,274.064
97,0.987471,0.530614,-0.456857,0.189263,0.750379,0.386663,1.00054,451.821
98,0.979253,0.606744,-0.372509,0.248132,0.679965,0.546622,1.00184,366.587
99,0.838447,0.531315,-0.307132,0.279307,0.653199,0.641916,1.00208,354.572
100,0.762097,0.193731,-0.568366,0.073133,0.896323,0.13069,0.996859,1332.85