ObservedSChanges	ObservedNSChanges	E[SSites]	E[NSSites]	ObservedS.Prop.	P{S}	dS	dN	dN-dS	P{Sleq.observed}	P{Sgeq.observed}	ScaleddN-dS	pvalue
7	0	1.000000000000001	2.000000000000002	1	0.3333333333333333	6.999999999999994	0	-6.999999999999994	1	0.0004572473708274183	-1.707674581181834	1
7	0	0.6619905778145611	2.198558986643559	1	0.231420768246665	10.57416862806295	0	-10.57416862806295	0.9999999999999994	3.554809375005963e-05	-2.579605569039073	0.9999999999999994
7	0	1.000000000000001	2.000000000000002	1	0.3333333333333333	6.999999999999994	0	-6.999999999999994	1	0.0004572473708274183	-1.707674581181834	1
6	0	1.000000000000001	2.000000000000001	1	0.3333333333333334	5.999999999999996	0	-5.999999999999996	0.9999999999999999	0.001371742112482921	-1.463721069584429	0.9999999999999999
4	1	0.6619905778145609	2.198729623984332	0.8	0.2314069643715189	6.042382073178833	0.4548080805805916	-5.587573992598241	0.9993364370546115	0.01168332330376909	-1.363108296804674	0.9993364370546115
6	0	1.000000000000001	2.000000000000001	1	0.3333333333333334	5.999999999999996	0	-5.999999999999996	0.9999999999999999	0.001371742112482921	-1.463721069584429	0.9999999999999999
12	0	1	2.000000000000001	1	0.3333333333333333	11.99999999999999	0	-11.99999999999999	0.9999999999999999	1.881676423232115e-06	-2.927442139168859	0.9999999999999999
4	1	1.000000000000001	2.000000000000001	0.8	0.3333333333333334	3.999999999999997	0.4999999999999997	-3.499999999999998	0.9958847736625515	0.04526748971193417	-0.8538372905909172	0.9958847736625515
5	0	0.6619905778145608	2.198558986643559	1	0.2314207682466649	7.552977591473542	0	-7.552977591473542	1	0.0006637608830983854	-1.842575406456481	1
7	1	0.999886731407993	2.000037737420055	0.875	0.3333039687491229	7.000792969962641	0.499990565822997	-6.500802404139644	0.9998476915916426	0.002589564988513038	-1.585893574690719	0.9998476915916426
5	1	0.9993114347405289	2.000688565259473	0.8333333333333334	0.333103811580176	5.003445198541383	0.4998279179299993	-4.503617280611384	0.9986339153446512	0.01777604367783325	-1.098673250495903	0.9986339153446512
7	2	0.9986428432780304	2.000678578360987	0.7777777777777778	0.3329562600637545	7.009513007696128	0.9996608258976096	-6.009852181798519	0.9990429455868979	0.008223489847849486	-1.466124543931075	0.9990429455868979
12	0	1.000000000000001	2.000000000000002	1	0.3333333333333333	11.99999999999999	0	-11.99999999999999	0.9999999999999999	1.881676423232115e-06	-2.927442139168858	0.9999999999999999
6	0	0.6619905778145608	2.198558986643559	1	0.2314207682466649	9.063573109768249	0	-9.063573109768249	1	0.0001536080534982887	-2.211090487747777	1
6	2	0.999307930727214	2.000692069272789	0.75	0.3331026435757377	6.004155291386204	0.9996540850621554	-5.004501206324049	0.9974207231195442	0.01959085090397794	-1.220865643076201	0.9974207231195442
3	3	0.6634267232537262	2.335141288924931	0.5	0.2212478491597404	4.52197642158086	1.284718836598175	-3.237257584982685	0.9756081276076333	0.1266893547494408	-0.7897403558018609	0.9756081276076333
9	0	1	2.000000000000001	1	0.3333333333333333	8.999999999999996	0	-8.999999999999996	1.000000000000001	5.080526342449154e-05	-2.195581604376645	1.000000000000001
10	0	1.000000000000001	2.000000000000002	1	0.3333333333333333	9.999999999999991	0	-9.999999999999991	1.000000000000001	1.693508780764574e-05	-2.439535115974048	1.000000000000001
5	0	0.6619905778145607	2.198558986643559	1	0.2314207682466649	7.552977591473543	0	-7.552977591473543	1	0.0006637608830983854	-1.842575406456482	1
5	0	1.000000000000001	2.000000000000001	1	0.3333333333333334	4.999999999999996	0	-4.999999999999996	1	0.004115226337448541	-1.219767557987024	1
6	0	1.000000000000001	2.000000000000002	1	0.3333333333333333	5.999999999999995	0	-5.999999999999995	1	0.001371742112482699	-1.463721069584429	1
3	3	0.6619873658264959	2.337558835333672	0.5	0.2206958391140806	4.531808543286138	1.283390156710973	-3.248418386575165	0.9758250056937519	0.1259247597190303	-0.7924630725425883	0.9758250056937519
6	0	0.6619905778145609	2.19855898664356	1	0.2314207682466649	9.063573109768249	0	-9.063573109768249	1	0.0001536080534986217	-2.211090487747777	1
6	0	1.000000000000001	2.000000000000001	1	0.3333333333333334	5.999999999999996	0	-5.999999999999996	0.9999999999999999	0.001371742112482921	-1.463721069584429	0.9999999999999999
1	9	0.6347013270436436	2.182677282336842	0.1	0.2252808071057259	1.575544208577395	4.123376402380621	2.547832193803226	0.3043595270819358	0.9221169137011032	0.6215526106392172	0.3043595270819358
4	2	0.9997723890624015	1.999698063868545	0.6666666666666666	0.3333162985771269	4.000910651024528	1.000150990860526	-3.000759660164002	0.9821715582742181	0.1001203506204716	-0.7320458565568442	0.9821715582742181
4	2	0.6622680426661615	2.198453043562939	0.6666666666666666	0.2315038840571275	6.039850547365661	0.909730597092347	-5.130119950273314	0.9967799746061029	0.02866533502610458	-1.25151077678508	0.9967799746061029
6	3	0.6635140539218509	2.336485946078152	0.6666666666666666	0.2211713513072834	9.042762492422931	1.283979475688939	-7.758783016733991	0.9993932870563296	0.005251633275602741	-1.892782362654565	0.9993932870563296
9	0	1.000000000000001	2.000000000000002	1	0.3333333333333333	8.999999999999993	0	-8.999999999999993	1.000000000000001	5.080526342449154e-05	-2.195581604376644	1.000000000000001
5	1	0.6621286742443452	2.198477863795031	0.8333333333333334	0.2314644343566941	7.551402309688903	0.4548601632375736	-7.09654214645133	0.9998462179613133	0.003217413816500758	-1.731226376825788	0.9998462179613133
2	1	0.6619905778145609	2.199129822576636	0.6666666666666666	0.2313745963728223	3.021191036589416	0.4547253144101963	-2.56646572217922	0.9876135451928327	0.1358297019257242	-0.6260983253199909	0.9876135451928327
6	7	0.6764538504428875	2.318831957077975	0.4615384615384616	0.2258395004391166	8.869784680908658	3.018761225294176	-5.851023455614483	0.9860672615261478	0.05187592216813997	-1.427377718435937	0.9860672615261478
11	2	0.9996955610740182	2.000152219462993	0.8461538461538461	0.3332487626739047	11.00334984800993	0.999923896060754	-10.00342595194918	0.9999831144961121	0.000212083908942895	-2.440370888982616	0.9999831144961121
9	5	0.6676381685058838	2.331832535187014	0.6428571428571429	0.2225853273658913	13.48035571444517	2.144236313950821	-11.33611940049435	0.9998786396608798	0.0008837842923499206	-2.765486135638068	0.9998786396608798
9	1	0.99909020073753	2.000454899631238	0.9	0.3330805729891178	9.008195649758337	0.4998863009530178	-8.508309348805319	0.9999831928904475	0.000353331926116085	-2.075631943398089	0.9999831928904475
7	2	0.6621287083031024	2.19853463436791	0.7777777777777778	0.2314598500377435	10.57196268976093	0.9096968356720978	-9.662265854088837	0.9999411143602175	0.0008156580563604132	-2.357143685092672	0.9999411143602175
5	0	0.6619905778145612	2.19855898664356	1	0.2314207682466649	7.552977591473538	0	-7.552977591473538	1	0.0006637608830983854	-1.84257540645648	1
9	10	0.7187824670848828	2.132489304281277	0.4736842105263158	0.2520918820518063	12.52117352903819	4.689355290046976	-7.831818238991216	0.9905291583259033	0.03027167684489762	-1.910599561594512	0.9905291583259033
0	5	0.6647852452774586	2.334677362015856	0	0.2216347833978682	0	2.141623541371385	2.141623541371385	0.2857045127776595	0.7142954872223405	0.5224565834372199	0.2857045127776595
7	3	0.9986395080291883	2.000301205518239	0.7	0.3329974158935287	7.009536418015823	1.499774129877985	-5.509762288137838	0.996620548749255	0.0195472106941903	-1.344125858258179	0.996620548749255
6	3	0.670805212752504	2.328892803305595	0.6666666666666666	0.223624247894796	8.944474321212112	1.288165773771058	-7.656308547441054	0.9993480568110186	0.005567905363554337	-1.867783356021473	0.9993480568110186
9	1	0.6687663927434532	2.194578627346867	0.9	0.2335612327718571	13.45761404528668	0.4556683399441234	-13.00194570534255	0.9999995169327571	1.633507562803782e-05	-3.171870312417115	0.9999995169327571
8	7	0.9948053963166575	1.827467394277596	0.5333333333333333	0.3524837852783157	8.041773827947262	3.830437698598242	-4.21133612934902	0.9558736620870282	0.1173103539710392	-1.027370237271717	0.9558736620870282
8	16	0.9966909724925317	2.003309027507471	0.3333333333333333	0.3322303241641769	8.026560108188344	7.986785753123318	-0.0397743550650258	0.5989800291131003	0.5716701727875062	-0.009703093589635078	0.5989800291131003
4	6	0.7183406540269138	2.100304135999418	0.4	0.2548532034148946	5.568388726959248	2.856729126586676	-2.711659600372572	0.9160759512552182	0.2355699633466125	-0.661518881767705	0.9160759512552182
7	32	0.9760813710959815	2.021377866146415	0.1794871794871795	0.3256362451800869	7.171533242295294	15.83078579019235	8.659252547897054	0.03318266988027029	0.9868033817859797	2.112455066868263	0.03318266988027029
3	5	0.662039912867648	2.337418896006248	0.375	0.220719788152784	4.531448847253635	2.139111653689068	-2.392337193564567	0.9227179131520592	0.2503354647589981	-0.5836190592951569	0.9227179131520592
7	2	1.000000000000001	2.000000000000002	0.7777777777777778	0.3333333333333333	6.999999999999994	0.9999999999999991	-5.999999999999995	0.9990346999949202	0.008281257938321684	-1.463721069584429	0.9990346999949202
5	22	0.6737269495889725	2.297336041548359	0.1851851851851852	0.2267629301696724	7.421404180210397	9.57630908239808	2.154904902187683	0.4031075346408934	0.7658485802315083	0.525696618047148	0.4031075346408934
8	0	0.6619905778145611	2.198558986643559	1	0.231420768246665	12.08476414635766	0	-12.08476414635766	0.9999999999999996	8.226567165703358e-06	-2.948120650330369	0.9999999999999996
9	1	0.6619905778145611	2.198730727353403	0.9	0.2314068751187537	13.59535966465237	0.4548078523483833	-13.14055181230399	0.9999995596859157	1.506487429858705e-05	-3.205683758939203	0.9999995596859157
9	1	1.000000000000001	2.000000000000002	0.9	0.3333333333333333	8.999999999999993	0.4999999999999996	-8.499999999999993	0.9999830649121924	0.0003556368439762148	-2.073604848577941	0.9999830649121924
5	7	0.7228669608833315	2.092338026649091	0.4166666666666667	0.2567724070128681	6.916902100339573	3.345539731555995	-3.571362368783578	0.938804212289385	0.1719396629873046	-0.8712463910515806	0.938804212289385
12	3	0.9997238287629885	2.000276171237013	0.8	0.3332412762543293	12.0033149703436	1.499792900169748	-10.50352207017385	0.999968673962876	0.0002842692236383337	-2.562371093159757	0.999968673962876
5	4	0.6624044106659257	2.199117548814441	0.5555555555555556	0.2314867472784357	7.548258917801317	1.818911409331632	-5.729347508469685	0.9933170763543513	0.03589797487833768	-1.397694443853023	0.9933170763543513
4	10	0.669105415707228	2.329808087497706	0.2857142857142857	0.223115943488252	5.978131257198237	4.292199024315493	-1.685932232882744	0.8156435694233255	0.3830201612705711	-0.4112890885269996	0.8156435694233255
1	10	0.6602591374224136	2.170364753529294	0.09090909090909091	0.2332556930410215	1.514556850972031	4.607520456521746	3.092963605549715	0.234036275339478	0.9461536635425639	0.7545393328168243	0.234036275339478
2	9	0.6328496326597798	2.183769784083494	0.1818181818181818	0.224684112059241	3.160308384148499	4.121313549439557	0.9610051652910574	0.5358991243611908	0.7451715722235939	0.2344405847359981	0.5358991243611908
7	7	0.6624663718115196	2.337230760126697	0.5	0.2208444195109375	10.56657409018128	2.994997378701513	-7.571576711479766	0.9953667014580211	0.01996257247524402	-1.847112727094621	0.9953667014580211
0	8	0.05301375575992077	2.946986244240081	0	0.01767125191997358	0	2.714637713574705	2.714637713574705	0.8670713406344944	0.1329286593655056	0.6622454029412999	0.8670713406344944
7	3	0.6635101228871678	2.336489877112835	0.7	0.2211700409623891	10.54995207841068	1.283977315453665	-9.265974762957011	0.9998335758808126	0.001633975386650555	-2.260467081796296	0.9998335758808126
1	9	0.722150837754449	2.092415627346782	0.1	0.2565762246898922	1.384752253572857	4.301248701440904	2.916496447868047	0.2295351473798264	0.9484338793025719	0.7114895500187681	0.2295351473798264
6	2	0.6619905778145608	2.198673016857299	0.75	0.2314115434780775	9.063573109768249	0.9096395801767398	-8.153933529591509	0.9997732622014787	0.002766867311428389	-1.989180717875672	0.9997732622014787
3	8	0.6672655383114321	2.322486865390821	0.2727272727272727	0.223184213343268	4.495961244442109	3.444583527775424	-1.051377716666685	0.7840288514763408	0.4592020240793442	-0.2564872859960993	0.7840288514763408
7	7	0.7959755410319427	2.20402445896806	0.5	0.2653251803439807	8.794240072910844	3.176008311304064	-5.61823176160678	0.985033851023822	0.05166585970171189	-1.370587367212049	0.985033851023822
3	15	0.7203865750270894	1.63958574429888	0.1666666666666667	0.3052521290727845	4.164430743156462	9.148652366707607	4.984221623551145	0.1530854153388787	0.9453326066161637	1.215918367645021	0.1530854153388787
7	7	0.9955762456055366	2.000573480869845	0.5	0.3322852115193572	7.031103876672358	3.498996696165548	-3.532107180506809	0.9433881406363019	0.1474485570666644	-0.8616699500230456	0.9433881406363019
12	17	0.9226252246401497	2.069497443479593	0.4137931034482759	0.3083514036608431	13.00636453407216	8.214554723690158	-4.791809810381999	0.9208149473625058	0.1519191403827495	-1.168978830149584	0.9208149473625058
8	17	1.29698424116166	1.571851838276969	0.32	0.4520942309870324	6.16815512949849	10.81526870791782	4.647113578419328	0.1294976765497329	0.9387186308123249	1.133679676247378	0.1294976765497329
3	13	0.6648037725236848	2.333229168878037	0.1875	0.2217466537285137	4.512609771469249	5.571677301741953	1.059067530272705	0.5117141147101608	0.7228881545402183	0.2583632430288174	0.5117141147101608
3	11	0.665902726069228	2.333188643027265	0.2142857142857143	0.2220348245908353	4.505162514814689	4.714578065890001	0.2094155510753115	0.6208291246991781	0.6308959021760352	0.05108765906792798	0.6208291246991781
6	10	0.7222222763924349	2.09335642978077	0.375	0.2565093544744284	8.307691684574642	4.777017357262598	-3.530674327312044	0.9105120632484263	0.2072209874622212	-0.8613204004545791	0.9105120632484263
2	13	0.7216262235316636	2.08943819979095	0.1333333333333333	0.2567092442081843	2.77151790605936	6.221768129490816	3.450250223431456	0.2184417395027309	0.9278217147168438	0.8417006578958351	0.2184417395027309
4	10	0.6627302891984008	2.335625325958287	0.2857142857142857	0.2210312498785332	6.035637823100197	4.281508634479756	-1.754129188620441	0.8209390617415557	0.3756001228654006	-0.4279259753594634	0.8209390617415557
9	0	0.6619905778145609	2.198558986643559	1	0.2314207682466649	13.59535966465237	0	-13.59535966465237	1	1.903798493185782e-06	-3.316635731621665	1
10	9	1.000403421397035	1.999596578602969	0.5263157894736842	0.3334678071323445	9.995967412861589	4.500907881272686	-5.495059531588903	0.9758542638280807	0.06493049177501697	-1.340539069167905	0.9758542638280807
7	22	0.6754254814630409	2.32392807963517	0.2413793103448276	0.2251903510887641	10.36383759883812	9.466730142291558	-0.8971074565465571	0.678504855762521	0.4887892299110181	-0.2188525143047491	0.678504855762521
9	6	0.7953078348519678	2.204692165148034	0.6	0.2651026116173224	11.31637286293701	2.721468373158177	-8.594904489778838	0.9986917246014014	0.006407338203720747	-2.09675713212585	0.9986917246014014
5	12	0.6700969902767188	2.319299764160955	0.2941176470588235	0.2241579306199417	7.461606413028707	5.173975432339684	-2.287630980689023	0.8384254154456288	0.3281461050514516	-0.5580756109781028	0.8384254154456288
5	12	0.7254429990484124	2.09082436968706	0.2941176470588235	0.2575902441301737	6.892340275609063	5.739362987143716	-1.152977288465348	0.7416046126925449	0.4551484046705361	-0.2812728583131758	0.7416046126925449
4	18	0.9883782504379649	2.011499881530127	0.1818181818181818	0.3294728008799251	4.047033611097311	8.948546388333657	4.901512777236346	0.1026950513284678	0.9620173904340634	1.195741254146356	0.1026950513284678
11	10	0.9997548147975092	2.000245185202493	0.5238095238095238	0.3332516049325028	11.00269769866319	4.999387112129286	-6.003310586533907	0.9788479075228139	0.05562990441957194	-1.464528698794824	0.9788479075228139
2	12	0.6319636611421348	2.185062348737215	0.1428571428571428	0.2243371764853535	3.164738928794484	5.491834137792456	2.327095208997971	0.3613199206222647	0.8559099846542896	0.5677030480565524	0.3613199206222647
7	7	0.6635598008390718	2.335336416542328	0.5	0.2212680108745091	10.54916224754498	2.9974268162889	-7.551735431256075	0.9953080674486823	0.02016918290696013	-1.842272377109464	0.9953080674486823
2	13	0.7393404414085377	2.259709734064327	0.1333333333333333	0.2465248655908082	2.705113758135218	5.752951276896138	3.04783751876092	0.2456097031956045	0.9153832180554834	0.7435306654800483	0.2456097031956045
2	13	0.6240118749233327	2.228159313384154	0.1333333333333333	0.2187848602781901	3.205067211654784	5.834412253159516	2.629345041504731	0.3310066605062169	0.8718747690868554	0.6414379560763039	0.3310066605062169
9	12	0.9952992522109079	1.999176152554331	0.4285714285714285	0.332378502968181	9.042506542638158	6.002472560843475	-3.040033981794683	0.8771880816061088	0.236916743268072	-0.7416269652342546	0.8771880816061088
2	4	0.6623226688932562	2.328005125931266	0.3333333333333333	0.2214883164446266	3.019676200034053	1.718209275162094	-1.301466924871959	0.8729768855906475	0.397327717657346	-0.3174974265503906	0.8729768855906475
5	22	0.6666774331041515	2.322100745056811	0.1851851851851852	0.2230601916112649	7.499878879534349	9.47417981189346	1.974300932359111	0.4210709409768389	0.7517783244924785	0.481637645399036	0.4210709409768389
5	15	0.9863656802204565	2.00783604852641	0.25	0.329425259076739	5.069113920186762	7.470729500552991	2.401615580366229	0.3101746511604221	0.8397717675929117	0.5858825543373816	0.3101746511604221
0	4	0.003280140444203984	1.741341927266805	0	0.001880143846000765	0	2.297079015537382	2.297079015537382	0.9925006076889933	0.007499392311006714	0.5603804922570546	0.9925006076889933
5	14	0.6641392984176897	2.327573220763762	0.2631578947368421	0.2219930204388093	7.528541093581555	6.014848373021789	-1.513692720559765	0.7682922448366036	0.4183330589626408	-0.3692706546599844	0.7682922448366036
7	14	0.6485846671650606	2.173502159552296	0.3333333333333333	0.2298244905240893	10.79273124139172	6.44121743264509	-4.351513808746631	0.9125549016235213	0.1891952415356265	-1.06156707440834	0.9125549016235213
0	11	0.07380063459379671	2.926138362940408	0	0.02460071176595825	0	3.759220732455849	3.759220732455849	0.7603381429951471	0.2396618570048529	0.9170750985523736	0.7603381429951471
3	13	0.9943846100483696	2.003235623782396	0.1875	0.3317246790723754	3.016941301871186	6.489501207778114	3.472559905906929	0.1693130628783338	0.9390651226258572	0.8471431832783497	0.1693130628783338
3	7	0.6629574234349795	2.193620425105302	0.3	0.2320809929173652	4.525177475886925	3.191071673060289	-1.334105802826635	0.8161406950883149	0.4200745306240075	-0.325459795442033	0.8161406950883149
2	10	0.6650107820409802	2.332806894080913	0.1666666666666667	0.2218316301681385	3.007470035089977	4.286681433158158	1.279211398068181	0.4824045119293777	0.7820351649181896	0.3120681126341587	0.4824045119293777
7	14	0.6720191448162286	2.327693782110877	0.3333333333333333	0.2240278190568864	10.4163699114766	6.014536837961587	-4.401833073515014	0.9228563950152634	0.1716507852193219	-1.073842635749586	0.9228563950152634
1	8	0.01474154085496268	1.74431277109748	0.1111111111111111	0.008380378453807074	67.83551392888172	4.586333444641691	-63.24918048424004	0.9975687276224476	0.07294392209469902	-15.42985968478842	0.9975687276224476
9	9	1.004795986612836	1.993564919122211	0.5	0.3351150906119857	8.957042145778242	4.514525668902119	-4.442516476876123	0.955085621848345	0.1107224406354631	-1.083767494863262	0.955085621848345
