dN/dS,LRT,p-value,Log(L)
3.17603086687411e-16,26.96823737928628,1.034131978383535e-07,-48.40916871186946
9.682324783204268e-17,29.45190625292958,2.866081527663766e-08,-43.76848676881648
9.555848176237971e-17,26.96823209424197,1.034134805566467e-07,-47.15614285869809
9.555848176237971e-17,26.96823735641392,1.034131990595988e-07,-49.10734179844651
0.06777022210756824,22.0687955086478,1.315256402345533e-06,-40.73209747719885
3.17603086687411e-16,26.96823740468189,1.034131964505747e-07,-45.41335311321571
9.682324783204268e-17,26.96823598537932,1.034132723898296e-07,-78.98282036973225
0.07404802549919212,19.74577287118889,4.422856323738067e-06,-39.86644367518561
9.555848176237971e-17,29.45471227921819,2.861934850217907e-08,-35.71046088303589
0.07402337629034984,19.75404923249377,4.403744655878672e-06,-61.85134039823549
0.07398828503031894,19.76591104406438,4.376497989344585e-06,-51.79467899514722
0.1481583089311164,15.3123058058718,4.556049381015947e-05,-66.00669800371374
5.840566125974614e-16,26.96823737684045,1.034131979493758e-07,-81.69868253806328
3.17603086687411e-16,29.45391486825103,2.863112635864695e-08,-40.1862359444321
0.1482428650983535,15.29882447631375,4.588680187600502e-05,-63.66562807485693
0.175746543287848,17.65896616651955,1.321332739201431e-05,-50.88245747734096
3.17603086687411e-16,26.96823515436692,1.034133168542617e-07,-59.8670568538651
9.682324783204268e-17,26.96823197700149,1.034134868294068e-07,-69.95113383573533
3.17603086687411e-16,29.45391368098559,2.863114390017074e-08,-34.0094915458506
9.555848176237971e-17,26.96823740441447,1.034131964505747e-07,-41.522234944441
9.555848176237971e-17,26.96823528618532,1.034133098043455e-07,-44.8734312081588
0.1754443268939383,17.70703463173122,1.288359673012884e-05,-53.00779116221676
9.555848176237971e-17,29.45327931716592,2.864051695805614e-08,-39.06300712925191
9.555848176237971e-17,26.96823739907454,1.034131967281304e-07,-46.22327503413619
0.57437890197256,3.344850628068883,0.03370779859838752,-74.65138453015322
0.1482374074900114,15.30010508483906,4.585570464044064e-05,-52.04719780223719
0.1356951421631117,17.43605590660428,1.485679568441478e-05,-49.02006136554318
0.1758320213514046,17.6440388693272,1.331743835691901e-05,-70.00029336636096
9.682324783204268e-17,26.9682352760983,1.03413310359457e-07,-63.9059672300748
0.06778499574353036,22.06236905853105,1.319667162158478e-06,-45.47404547623825
0.06776214620645962,22.07275678057381,1.312544975706764e-06,-29.05849796004306
0.4272520609605101,6.838017219819591,0.004461891737244705,-93.99812978668812
0.1482844388138325,15.29289730834802,4.60310089394067e-05,-90.1074443067771
0.2939547724027505,11.73741868782952,0.0003062796226747655,-98.66738210147732
0.07403274174080833,19.75077996538741,4.411284078686961e-06,-72.69736305133129
0.1356335092941686,17.44627512598186,1.47771413155362e-05,-64.70034557283466
5.840566125974614e-16,29.45390761759106,2.863123343965768e-08,-33.94062724975534
0.557414762801454,4.17647556133403,0.02049442792397238,-129.1921921679789
0.3029580222227148,11.03287700862609,0.0004475506204258961,-50.7217069406876
0.2223107154455726,11.92700724682024,0.0002766299183348808,-79.87604404891738
0.1766381115186233,17.5147574957258,1.425431229384877e-05,-69.30053827391575
0.0680176414280869,21.96676431250381,1.38706522218035e-06,-67.18401790784571
0.6217048892655932,1.855003719555668,0.08660127597628381,-104.7907658802372
1.102188747910144,0.146472831058361,0.3509645479098338,-167.3428604661898
0.3800692223766532,7.936947569486193,0.002421773417431772,-77.60027067592715
2.239831135035612,16.08391888465189,3.029821180139392e-05,-230.4018623929173
0.2758295137723772,13.33633884930407,0.0001301560395139401,-68.80198785956844
0.1479851729131694,15.33915780953504,4.491749597790307e-05,-73.14665652621724
1.166183879551541,0.4922771747096135,0.2414566318655209,-175.1366995170511
3.17603086687411e-16,29.45236357585634,2.865405296370582e-08,-49.15747232799119
0.06780280703423609,22.05335845687958,1.32587654277927e-06,-64.60431625027209
0.07400029582155417,19.76185357463385,4.385798927697415e-06,-73.44867500792324
0.4451137658209876,6.098445745551572,0.006765041605490074,-87.95948911391051
0.2230271266911473,11.85957991976258,0.0002868274137579618,-104.588231225362
0.2714582522011568,11.00023910238218,0.0004555006734153211,-68.60584780026271
0.5550881564357641,4.243208960714753,0.01970380773050667,-103.1145680572858
0.6469267122155755,2.19612940764344,0.06917888251281662,-86.89604184643707
0.5738251085880697,3.357548045392576,0.03344880263060435,-82.37529958082449
0.4101882949143929,7.627511449975458,0.002874228242980281,-100.0508179541369
0.3746929723909277,10.95748307483996,0.0004661318017643579,-67.43483402418755
0.1648653465811347,19.52582752218842,4.962433448330028e-06,-72.70479934944957
0.5731565482777612,3.373427663133555,0.03312788629917873,-87.42968331109645
0.1356528552871122,17.44230822129222,1.48080105201176e-05,-57.95874930606071
0.4891803762053915,5.249070900359271,0.01097924633974429,-87.5782162119079
0.4123154280766115,7.521417583654198,0.003048484079940461,-103.5470707220165
1.126383421206937,0.2043507312482689,0.3256158722898562,-134.7883790374443
0.5641251087214593,2.789208675551066,0.047450540320918,-98.56480069154868
1.082733442615703,0.1050643815894432,0.3729173991889567,-195.3325764612886
1.570769438937681,2.983876546159593,0.04204881403817295,-173.3149662211289
0.7588181666615399,1.083689155024388,0.1489368652074652,-117.9020345292781
0.6482498003068311,2.391847094352272,0.06098471958386531,-109.3642064822556
0.6370606017441487,2.366673032094894,0.06197548183814772,-117.5364767610202
0.8300904997934864,0.478123361303858,0.2446367943672059,-111.2315966914668
0.5513964049302008,4.350634280255008,0.01849758273965529,-104.3056098585876
9.682324783204268e-17,29.45329589520099,2.864027198734576e-08,-57.18561307170606
0.6186118441851994,2.443029918471552,0.05902400564673899,-132.2103952895009
1.29014513878285,1.307325749283507,0.1264397072218115,-183.589413220565
0.3533282834374706,9.436945905714651,0.001063286657223939,-113.196576398158
0.7322469643437428,1.291421455000261,0.1278930799268593,-122.4129327789175
0.7669821086605689,0.9204583141314799,0.1686773313850042,-116.4204496165402
1.144881861667196,0.3136955135414041,0.2877106374079422,-139.7629685295796
0.7402861179431085,0.9976838807575064,0.1589357953685797,-143.8612621993718
0.7613658943165645,0.9747895957027879,0.1617442827374916,-101.0442202077025
0.4243177415615587,6.967765425694324,0.004149553522947491,-104.1363535719092
0.8159994473903035,0.5734390083735263,0.224447786586194,-109.9756207653722
0.723774421099676,1.512179727638227,0.1094033901985081,-110.7421285259863
0.9743614908758741,0.008119876362513878,0.4640997596752626,-142.2894966754104
0.2437654204065461,13.48644284245452,0.0001201466472339208,-52.74657034172802
1.155452903621754,0.4361420266488949,0.2544952183967425,-173.484173360815
1.207876195204538,0.4998718484924893,0.2397782181490821,-139.3395319029634
0.3415209286389868,6.812340654170796,0.004526501070180711,-34.2833127039041
0.8567779147625401,0.3509642195082847,0.2767839078565473,-142.5206197725301
0.8959888816762784,0.1743947360442917,0.3381176200323591,-129.401526253302
0.5194377358694295,5.920569732344802,0.007482559329408001,-85.50504359311812
0.8307036240175469,0.4743535841489859,0.2454955524233421,-115.7875320957101
0.4755701170754758,5.013571646403847,0.01257468453664529,-75.05553588656312
0.5521183944635351,4.330083865398848,0.01872220041669176,-94.15070542210164
0.8566842786910236,0.3514856378229183,0.2766366745047135,-138.6258247781046
0.6843421306454457,1.30721422799445,0.1264498273295106,-68.21654508501736
0.6194777477783457,2.427621568252277,0.05960682761707181,-129.3865874241711