Codon,alpha,beta,beta-alpha,Prob[alpha<beta],Prob[alpha>beta],BayesFactor,PSRF,Neff
1,1,0.2809009765195466,-0.7190990234804534,1.800203826358408e-48,1,1.993021267999552e-47,1.001317933670912,396.68816225171
2,1,0.09095499694936439,-0.9090450030506356,5.317426223559763e-79,1,5.886968686213208e-78,1.000442060915857,459.7827747483725
3,1,0.09135734674075389,-0.9086426532592461,1.782548370363501e-78,1,1.973474759554861e-77,1.000459017409415,458.3695448440645
4,1,0.2302173642422699,-0.7697826357577302,1.339977573811672e-54,1,1.483500792602694e-53,1.002519382489388,334.0105060159143
5,1,0.01726075596199174,-0.9827392440380083,1.154714532935807e-105,1,1.278394473399506e-104,0.996546719853125,1599.01559528944
6,1,0.07994092284864029,-0.9200590771513597,4.566583645296465e-83,1,5.055704356314801e-82,0.9998843806617065,511.7165695239798
7,1,0.05869144252674204,-0.9413085574732579,2.938860855081903e-91,1,3.253638339230733e-90,1.000351174409835,467.5099634737089
8,1,0.06638525610750222,-0.9336147438924978,3.63647593216542e-89,1,4.0259740409702e-88,0.999394682545268,568.1571339962842
9,1,0.04509267952165102,-0.9549073204783489,2.639585838744397e-97,1,2.922308373252307e-96,1.003691848179574,289.5264824572248
10,1,0.01722109116090286,-0.9827789088390971,3.252579855969198e-106,1,3.60095936576624e-105,0.9965564358610928,1589.136942345537
11,1,0.06687792454185085,-0.9331220754581492,4.862905357413963e-88,1,5.383764693579429e-87,0.9993921129015482,568.4864002438958
12,1,0.0719655246365648,-0.9280344753634352,2.648546964882138e-85,1,2.932229313712629e-84,0.999442370396437,562.115494970339
13,1,0.3624198302941261,-0.6375801697058738,1.835832595619545e-36,1,2.032466187430557e-35,0.9982709422922389,761.3170551186361
14,1,0.1238162339734715,-0.8761837660265285,5.259005094612156e-68,1,5.822290147712011e-67,1.000617415371696,445.5791385309681
15,1,0.07759157295427596,-0.922408427045724,1.578036057503733e-84,1,1.747057404403575e-83,0.9997462179232008,526.4643001026417
16,1,0.06935664093943308,-0.9306433590605669,2.949161320580507e-87,1,3.265042073912567e-86,0.9993828448934748,569.6771726838107
17,1,0.08067239564897212,-0.9193276043510279,2.726184165177909e-81,1,3.018182131450173e-80,0.9999207210771092,507.9747430469702
18,1,0.06943767406444405,-0.930562325935556,9.655681195927554e-87,1,1.068988838860274e-85,0.9993839810862341,569.5309223324545
19,1,0.04160467924340278,-0.9583953207565972,3.59067695777298e-96,1,3.975269599239653e-95,1.003272554720495,303.988529860084
20,1,0.08823334681242827,-0.9117666531875718,1.136763421209453e-77,1,1.258520641930526e-76,1.000325494933551,469.7409136502702
21,1,0.4744469084265955,-0.5255530915734046,1.971772065824337e-22,1,2.182965953796903e-21,0.9981745086577772,784.2392118075329
22,1,0.08058409857437436,-0.9194159014256257,1.327506668880517e-81,1,1.469694145602466e-80,0.9999167444123804,508.3815158614311
23,1,0.383751641411142,-0.6162483585888581,7.694912061417245e-34,1,8.51910387548389e-33,0.9981122176042153,799.7978243086604
24,1,0.169511954191847,-0.8304880458081529,2.185511392162836e-60,1,2.419598615589564e-59,0.9980088997563799,827.0182667078062
25,1,0.4330713410252128,-0.5669286589747872,6.351415282621091e-28,1,7.03170694052341e-27,0.9981616103804122,787.4107194885339
26,1,0.09550964532333638,-0.9044903546766636,1.077924214467495e-75,1,1.193379245877523e-74,1.000581060824052,448.4506658370948
27,1,0.3587057638462146,-0.6412942361537854,3.173480867127496e-37,1,3.513388189252483e-36,0.9982569263574675,764.5646427581098
28,1,0.4149759728305966,-0.5850240271694034,5.368569049150838e-27,1,5.943589351949039e-26,0.9981075383575416,800.9916592268673
29,1,0.2824857958741187,-0.7175142041258813,9.531736504002175e-44,1,1.055266814529138e-42,1.001093528827927,411.1287382788125
30,1,0.4637942686279454,-0.5362057313720545,1.000991397531311e-23,1,1.108206257065975e-22,0.9978868941113395,861.66024380995
31,1,0.4129180595206634,-0.5870819404793366,4.683798415775692e-30,1,5.185473845229482e-29,0.9981233119983381,796.9815050736274
32,1,0.3805085355462512,-0.6194914644537488,5.159549878767842e-35,1,5.71218241574914e-34,0.9981369206918212,793.554025450484
33,1,0.5012543721997059,-0.4987456278002941,1.461601565301449e-19,1,1.618151768336073e-18,0.9996725061209598,534.6882509734722
34,1,0.2326453426761798,-0.7673546573238201,1.218107939387511e-49,1,1.348577863446379e-48,1.002451275794622,337.0240107937627
35,1,0.2729681940539813,-0.7270318059460187,1.808099978953404e-42,1,2.001763167014972e-41,1.000965757200449,419.8352775879935
36,1,0.6158451298161119,-0.3841548701838881,1.023629403800396e-11,0.9999999999792143,1.133268990140786e-10,0.9980221489935699,823.4239794557434
37,1,0.2385726050840521,-0.7614273949159478,2.210559428004228e-48,1,2.447329513292685e-47,1.002219559594286,347.7017696874187
38,1,0.1768588954871434,-0.8231411045128566,3.840158844266224e-58,1,4.251473159348458e-57,0.9981949650995446,779.2615622981048
39,1,0.6660349356592968,-0.3339650643407032,1.768917255765722e-08,0.9999999660842548,1.958383669013257e-07,0.9973640642681387,1050.389614668078
40,1,0.6742927247104615,-0.3257072752895385,8.245888894508731e-09,0.999999983897132,9.129095180892103e-08,0.9975093789361287,990.0822594317946
41,1,0.3095579685365676,-0.6904420314634324,3.686181225888667e-37,1,4.081003202708508e-36,0.9997476256694046,526.3097178472079
42,1,0.4858324984367418,-0.5141675015632583,3.027822487921791e-21,1,3.352128534446308e-20,0.9988052679923818,655.2921466939755
43,1,0.2612043750963319,-0.7387956249036681,2.711939722600747e-44,1,3.002411985541467e-43,1.001115881992986,409.6428746789393
44,1,0.3273927247998505,-0.6726072752001495,2.400362987379057e-34,1,2.657462679902639e-33,0.9987324432177203,667.9618363103036
45,1,0.4846975677225696,-0.5153024322774304,7.068076965908367e-21,1,7.825129305168208e-20,0.9987266870818552,668.9843051512561
46,1,0.7164017186854802,-0.2835982813145198,5.883888737500191e-07,0.9999988959879819,6.514108080736368e-06,0.9965686429370479,1576.897603023353
47,1,0.2632406496382634,-0.7367593503617366,3.260833512334727e-43,1,3.610097060306382e-42,1.001060753519235,413.3271605894839
48,1,0.5060363130469741,-0.4939636869530259,2.920189208335191e-17,1,3.232966797192047e-16,0.9997563043702852,525.3587398746951
49,1,0.5920540537155148,-0.4079459462844852,5.426159689945194e-13,0.9999999999988891,6.007348449816821e-12,0.9986039637662524,691.5582280853246
50,1,0.5873060229183761,-0.4126939770816239,1.189047914644874e-12,0.999999999997596,1.31640525803924e-11,0.9987512183802794,664.6485202623835
51,1,0.6369751595504289,-0.3630248404495711,5.16595702680522e-10,0.9999999989813336,5.719275827860338e-09,0.9976124981212279,951.3367043698041
52,1,0.6986536028538959,-0.3013463971461041,8.497051065160728e-08,0.9999998372474813,9.407159722218585e-07,0.997091152051872,1186.168452362064
53,1,0.7759075204321561,-0.2240924795678439,7.409541864809494e-05,0.9998677383296515,0.0008203775918225665,0.9965873731077461,1558.481062777452
54,1,0.5291410599349465,-0.4708589400650535,3.110492876791826e-16,0.9999999999999998,3.443653638903547e-15,1.000103955737391,489.917485013878
55,1,0.4703353684998868,-0.5296646315001132,8.520422732472923e-23,1,9.433033898453961e-22,0.998028252976069,821.7786143304528
56,1,0.6183252206492531,-0.3816747793507469,5.018068603085776e-11,0.9999999998998783,5.5555472687577e-10,0.9979285362426701,849.5134044986708
57,1,0.4495342502980398,-0.5504657497019603,1.652383019636536e-22,1,1.829367570937091e-21,0.9979247696567638,850.5979349655515
58,1,0.807449762754251,-0.192550237245749,0.00106016771873151,0.9981892702261843,0.01174966537052414,0.9979536070118868,842.364843566099
59,1,0.5598779465641494,-0.4401220534358506,2.292623498041079e-13,0.9999999999995396,2.538183356912131e-12,0.999605899127416,542.3453049028807
60,1,0.7197151146708445,-0.2802848853291555,7.802785368803485e-07,0.9999985391984783,8.638538090062578e-06,0.996484228666041,1665.618002493029
61,1,0.7935621594566986,-0.2064378405433014,0.0002684891298305622,0.9995279364725498,0.002973264729693359,0.9972123107180446,1121.778316707879
62,1,0.7295497774813319,-0.2704502225186681,7.300263587792161e-07,0.9999986182293383,8.082191028051321e-06,0.9962603270767817,1957.940596345815
63,1,0.5590778054161145,-0.4409221945838855,3.106111992683141e-14,0.9999999999999366,3.438803524114755e-13,0.9996651378001378,535.5245764341986
64,1,0.4932251314525266,-0.5067748685474733,5.939094560272336e-19,1,6.575223093058019e-18,0.9992281201865837,590.3252799924259
65,1,0.5627564469151094,-0.4372435530848906,8.443459543213955e-15,0.9999999999999825,9.34782728418054e-14,0.9995817979324957,545.1706492602931
66,1,0.8028780581723408,-0.1971219418276592,0.0006611560678457558,0.9988579389584297,0.007324558840824742,0.9976896749710008,924.273395120849
67,1,1.061675776006201,0.06167577600620056,0.8074614761690538,0.09882557835981025,46.42954485143253,0.9980003036259253,829.3671556695861
68,1,0.8290550089430988,-0.1709449910569012,0.004129504138015121,0.9931211212167879,0.04590767436461417,0.9995086758818305,553.9269598325815
69,1,0.4664846533507196,-0.5335153466492804,1.470135250082669e-22,1,1.627599484763707e-21,0.9979373264774084,846.9931654426463
70,1,0.6376169897627031,-0.3623830102372969,2.90935624318691e-09,0.9999999944008039,3.220973536901039e-08,0.9975190949055344,986.2969361243602
71,1,0.7771395005460751,-0.2228604994539249,5.349226575957787e-05,0.9999034364912067,0.0005922491939646823,0.9965920181597125,1553.980325823174
72,1,0.8198178275042534,-0.1801821724957466,0.001790596917126752,0.9969438511497246,0.01985941396016859,0.9989040222440261,638.8640399466019
73,1,0.7285286996453093,-0.2714713003546907,4.284464025750389e-07,0.9999991813736058,4.74336931117977e-06,0.9962816195928884,1925.789334148393
74,1,0.8040327753304488,-0.1959672246695512,0.0009670080781623999,0.9983513829430446,0.01071619293994431,0.9977449974897908,905.805809137417
75,1,0.4741129806868492,-0.5258870193131508,1.477148198196675e-19,1,1.635363580438843e-18,0.9982343132019237,769.8633751450113
76,1,0.8467082753631556,-0.1532917246368444,0.0104430577614169,0.9829712664951138,0.1168361245229269,1.000715186193751,438.0373794788555
77,1,0.6630800476266372,-0.3369199523733628,2.898012881039525e-08,0.9999999449883671,3.208415285904396e-07,0.9973030729701892,1077.956871738895
78,1,1.038549513829474,0.03854951382947447,0.730013715155861,0.1511269662528428,29.93502115803358,0.9980608354051235,813.1063786314699
79,1,0.9445360901146433,-0.05546390988535665,0.2118581632241183,0.6978411651662386,2.975987301401058,0.9989775332881701,627.1631861099989
80,1,0.775013159472593,-0.224986840527407,4.404471585357157e-05,0.9999202909223556,0.0004876443470444864,0.9965277495185225,1618.662703886605
81,1,0.8284819383166713,-0.1715180616833287,0.003301041967465271,0.9944421402861158,0.03666716173651649,0.9995741537241498,546.0729697344096
82,1,0.8107199050471336,-0.1892800949528664,0.001650276201656367,0.997218573989028,0.0183005519100981,0.9981340039660682,794.2861345509301
83,1,1.015024713334698,0.01502471333469813,0.604076727469405,0.2606173575724466,16.89162092993626,0.9976384896609929,942.0463749506306
84,1,1.055479477480286,0.05547947748028648,0.7915340286417694,0.1081122993538729,42.03631805180509,0.9980719329898259,810.194441485324
85,1,0.8785808843710387,-0.1214191156289613,0.03717970383242861,0.9415534792161001,0.4275145913399842,1.001658908520116,376.6057469781172
86,1,0.8105010699023018,-0.1894989300976982,0.001737341164050029,0.9970805767237276,0.01926772931323872,0.9981128136723354,799.6460037566478
87,1,0.8714636157147002,-0.1285363842852998,0.02760349242258075,0.956057360280188,0.3142757672163681,1.001684272015352,375.1936301834218
88,1,0.7820249586110001,-0.2179750413889999,0.0001688936822572565,0.9997036046193086,0.001870152460107073,0.996799679889189,1376.342390929007
89,1,0.8329470182486507,-0.1670529817513493,0.007587067632305641,0.987701698791868,0.08463924742213272,0.9995337040147105,550.8981539422517
90,1,1.128913764251482,0.1289137642514817,0.953201785420583,0.0160196641352815,225.4996205599528,0.9976720363854371,930.3214750831522
91,1,0.9518431337576573,-0.04815686624234272,0.2407668001927621,0.6594334430365277,3.510845054638164,0.9985657206032754,698.9091799646784
92,1,0.9998873508032233,-0.0001126491967766707,0.513965189349366,0.3488066925644973,11.70729556608178,0.9975046616271012,991.9306520285145
93,1,0.8890328337748205,-0.1109671662251795,0.05387088434966316,0.9166848421578744,0.6303676978052616,1.00150998825288,385.1184513055628
94,1,0.7800999028075031,-0.2199000971924969,3.467608578908363e-05,0.999936367507028,0.0003839152656504358,0.9966512642785547,1498.779274788445
95,1,0.931659217010208,-0.06834078298979196,0.163026144728137,0.762839271713912,2.156431261227836,0.9996827161931003,533.5337172819875
96,1,0.9862124316125523,-0.01378756838744766,0.4301282102977944,0.4353161151438575,8.356242235710742,0.9975541398188199,972.8816075805536
97,1,0.9826742232629773,-0.01732577673702274,0.4123285037740205,0.4590710689829579,7.767816973945073,0.9977059642626749,918.7576809629633
98,1,0.8513867391240122,-0.1486132608759878,0.01417942315687502,0.9771547058118987,0.1592395483862836,1.000866601598258,426.852677946737
99,1,0.9813026240339436,-0.01869737596605636,0.4017429647434246,0.4679077870005518,7.434482071685149,0.9976605836450656,934.2912327904044
100,1,1.199023477845999,0.1990234778459992,0.9941911275957466,0.001403493735473804,1894.821477642793,0.9988080207860401,654.8227032607437