Codon,alpha,beta,beta-alpha,Prob[alpha<beta],Prob[alpha>beta],BayesFactor,PSRF,Neff
1,1,0.02861118042540922,-0.9713888195745908,2.875941061794005e-32,1,2.48227305014542e-31,1.006562982485092,218.6471985634797
2,1,0.7392839939512531,-0.2607160060487469,0.005368016097072448,0.9921414356177065,0.04658230338777733,0.9999812677687459,501.8614472716188
3,1,0.06596112004841809,-0.934038879951582,5.028692526357865e-28,1,4.340349008355271e-27,0.9970423152432214,1214.2700780993
4,1,0.0527202215984238,-0.9472797784015762,2.411944542946705e-29,1,2.081789858957393e-28,0.9983197234411881,750.2271350370472
5,1,0.0286236330021024,-0.9713763669978976,2.997646566203112e-32,1,2.587319115818486e-31,1.006557566208632,218.747790748961
6,1,0.02860437809191376,-0.9713956219080863,2.812307570493775e-32,1,2.42734991467522e-31,1.006565955568754,218.5920218596916
7,1,0.03737318527867824,-0.9626268147213217,3.976918615343142e-32,1,3.432545274530041e-31,1.002009162595757,358.007576482176
8,1,0.1052741460600557,-0.8947258539399443,1.163337663981047e-23,1,1.004096283432848e-22,0.998520614729874,707.7837864399762
9,1,0.01076124605696187,-0.9892387539430382,2.902224270755042e-34,1,2.504958529393254e-33,0.9961525212034047,2138.762787312337
10,1,0.01026306554074596,-0.989736934459254,9.53275652835912e-36,1,8.227882322867491e-35,0.9961252533376668,2189.928521315923
11,1,0.3597199207151661,-0.6402800792848339,8.816738339515008e-11,0.999999999853965,7.609874994670239e-10,0.9985919400292697,693.8525724141842
12,1,0.07698366462389097,-0.9230163353761091,7.245120430529756e-27,1,6.253385171441376e-26,0.9969201817136004,1290.764811970528
13,1,0.09315261362325955,-0.9068473863767404,6.293435479577061e-26,1,5.43196990067598e-25,0.9978525392679553,871.9472235666984
14,1,0.2223388051529326,-0.7776611948470674,8.737877601074469e-17,1,7.541808965683889e-16,0.9985985065241437,692.5976739896739
15,1,0.5314849411729836,-0.4685150588270164,2.182987940525615e-07,0.9999996440873122,1.884173979939161e-06,0.9978435092583359,874.6921811455937
16,1,0.09305129190668596,-0.9069487080933141,5.57287230579237e-26,1,4.81003971894366e-25,0.9978454916097564,874.0880966649507
17,1,0.05254821896213925,-0.9474517810378608,1.890129366339558e-29,1,1.631402412824962e-28,0.9983373363437276,746.3023736177042
18,1,0.2031491715421055,-0.7968508284578946,7.366367217232252e-18,1,6.358035310154786e-17,0.9994529164396442,560.7968262897363
19,1,0.01026743029729207,-0.989732569702708,9.817710314322618e-36,1,8.473830723142727e-35,0.996125497413357,2189.459659797983
20,1,0.1097218619740588,-0.8902781380259411,1.598255291274323e-24,1,1.379480994755774e-23,0.9986618877874481,680.7156947957086
21,1,0.06562929365443225,-0.9343707063455677,3.256966124435054e-28,1,2.811142183448817e-27,0.9970480196492214,1210.918946499357
22,1,0.1120201843588556,-0.8879798156411444,9.188367931267282e-24,1,7.930634738521936e-23,0.9987656449135428,662.1249940770248
23,1,0.08644179772594304,-0.9135582022740569,7.130147220394502e-26,1,6.154149862067748e-25,0.9973876850407682,1040.089693038073
24,1,0.5505395088382337,-0.4494604911617663,5.45455173906942e-07,0.9999991136462425,4.707917817817192e-06,0.9976740784308481,929.617215033296
25,1,0.4583683464405272,-0.5416316535594727,3.627201094891722e-10,0.9999999993850113,3.130698208035257e-09,0.9991392544403268,602.880259849082
26,1,0.1199623396517036,-0.8800376603482964,1.436052589228016e-23,1,1.239481117394186e-22,0.9989972837785058,624.0925906074615
27,1,0.1589938967775968,-0.8410061032224032,1.26764289236887e-19,1,1.094123878523705e-18,1.000142782511565,486.2560299386626
28,1,0.0866180119693212,-0.9133819880306788,8.735718541172431e-26,1,7.539945444807304e-25,0.9974005318850813,1034.572439410614
29,1,0.08676688115005488,-0.9132331188499452,1.03987933234626e-25,1,8.975373231314229e-25,0.9974113949790883,1029.95276831618
30,1,0.4617603038363769,-0.5382396961636231,2.605170868908873e-09,0.9999999956656399,2.248566753217627e-08,0.998990667676223,625.1178167984644
31,1,0.3550880793886411,-0.6449119206113589,2.284176822471677e-11,0.999999999961769,1.97151139278941e-10,0.9986340853817394,685.876912981162
32,1,0.08427814158329021,-0.9157218584167098,5.269513557296843e-27,1,4.548205686278694e-26,0.9972303151751919,1112.803489785034
33,1,1.121778182757302,0.1217781827573017,0.796480352141811,0.1468376386482697,33.77833939467811,0.995835290213504,2937.594346296444
34,1,0.8275898357462823,-0.1724101642537177,0.04037311572769801,0.9433992466556308,0.3631277434886655,0.9968600185960336,1332.114510383148
35,1,0.487856696498253,-0.5121433035017471,4.568959388064746e-09,0.9999999923479264,3.943545630572034e-08,0.9986275323897188,687.1048869648671
36,1,0.7879294261456388,-0.2120705738543612,0.02488100569600367,0.9652310411484344,0.2202317273718519,0.9979222992421984,851.310764490143
37,1,0.287676567627756,-0.712323432372244,7.577701966204498e-14,0.9999999999998718,6.540441882703683e-13,0.9980869143348415,806.2965053286014
38,1,0.2961055922086567,-0.7038944077913434,1.275970064431205e-17,1,1.101311200638492e-16,0.9988001402625065,656.1684036399804
39,1,0.3814004750317526,-0.6185995249682474,9.65028937442373e-13,0.9999999999983267,8.32932689702514e-12,0.9987300427315106,668.3878550402155
40,1,0.2208721369197815,-0.7791278630802185,7.470833217464222e-18,1,6.44820167012551e-17,0.9986054377290958,691.2780188766021
41,1,0.3059170419716365,-0.6940829580283635,2.598257992911624e-13,0.9999999999995588,2.242600127941389e-12,0.9983898151355983,734.8491990685229
42,1,0.1280972628893091,-0.8719027371106909,1.382573683683252e-21,1,1.193322575500344e-20,0.9993452447185547,574.5600763184328
43,1,0.5280956864555657,-0.4719043135444343,1.012867271529052e-07,0.9999998334135889,8.742228481479986e-07,0.9978799201906137,863.7286993684581
44,1,0.2478577130302137,-0.7521422869697862,8.35115751963407e-16,0.9999999999999994,7.208024365970737e-15,0.9978162974783656,883.0700389825314
45,1,0.7176130057990597,-0.2823869942009403,0.001038933999334034,0.9984048619893073,0.008976539935792612,1.001465628685787,387.7298249744875
46,1,0.855346402014151,-0.144653597985849,0.09070235896870288,0.8793347403981884,0.8609582431090912,0.9960882374732318,2263.441610721515
47,1,0.1229773549828904,-0.8770226450171096,8.774120981137804e-23,1,7.573091235954501e-22,0.9991255926426712,604.8582245215525
48,1,0.5943281441437198,-0.4056718558562802,6.72680612645319e-07,0.9999988822124217,5.806023292808802e-06,0.9977466023769423,905.2811242829847
49,1,0.2943010526656414,-0.7056989473343586,2.786959798820661e-16,0.9999999999999998,2.405471827067208e-15,0.9985640561892758,699.2326768716732
50,1,0.3011346896595933,-0.6988653103404068,2.907645937078291e-13,0.9999999999995082,2.509638060688929e-12,0.9982885711204528,757.271491780526
51,1,0.2878109025535707,-0.7121890974464293,7.644416776103535e-14,0.9999999999998703,6.598024556026854e-13,0.9980893305517784,805.6713655218989
52,1,0.9938342375517581,-0.006165762448241852,0.4561147002100728,0.4591051861662525,7.238295670963121,0.9951582672801306,14564.81119883812
53,1,0.3557336559328441,-0.6442663440671559,2.334378845610543e-11,0.9999999999609213,2.014841602424654e-10,0.9986358136275584,685.5537897835032
54,1,0.6781823664043144,-0.3218176335956856,0.0002819848043480293,0.9995621514630383,0.002434544728218921,1.000717164973278,437.8873994422654
55,1,0.3618373414900525,-0.6381626585099475,8.562878981388508e-11,0.9999999998579729,7.390764717451603e-10,0.9986045254941627,691.4514132962445
56,1,0.7029327209244014,-0.2970672790755986,0.0003783160947628692,0.9994071891695961,0.003266545562894772,1.00183879948553,366.8161815937319
57,1,0.7165601272790585,-0.2834398727209415,0.001765237331421433,0.9973418374459962,0.01526300281367156,1.000892101895213,425.0254690536907
58,1,1.348182359556142,0.3481823595561422,0.9954328146996456,0.002096757339801987,1881.190997269536,1.001084410756311,411.7379649461586
59,1,0.2345363243519468,-0.7654636756480533,2.184721336771537e-16,1,1.885669692049517e-15,0.9981249539924285,796.5663758374415
60,1,0.5777679695275364,-0.4222320304724636,2.003849658409582e-07,0.9999996644543803,1.729556654142919e-06,0.9975661526624471,968.3669616443783
61,1,0.4979113332299018,-0.5020886667700981,1.472454081864465e-09,0.9999999974895578,1.270899859154501e-08,0.9984405285663472,724.1120578103092
62,1,0.4657194705342261,-0.5342805294657739,1.263697893643088e-08,0.9999999793076805,1.090718897625544e-07,0.998842560116505,648.9895692345237
63,1,0.6091890162812682,-0.3908109837187318,5.772825640463174e-05,0.9999108039967466,0.000498291045631775,0.9981163415812507,798.7486178495315
64,1,0.1155913875978234,-0.8844086124021766,1.089378404978625e-22,1,9.402608043719826e-22,0.9989274921808514,635.0808514813912
65,1,0.8572582552069294,-0.1427417447930706,0.08315260708245849,0.8878179844255577,0.7827956190296887,0.9961218905424299,2196.408880659732
66,1,0.4969130344903768,-0.5030869655096233,3.754222775709195e-07,0.9999994028853084,3.240333970243351e-06,0.9982826208744616,758.6321484109578
67,1,0.875865682912805,-0.124134317087195,0.08583875425577807,0.8813378865349787,0.8104573602368876,0.9960047618445534,2448.858380623283
68,1,0.8721160148413321,-0.1278839851586679,0.09338848106791328,0.8731344967506415,0.8890816560308472,0.9959774463176507,2516.321782569983
69,1,0.4577702075445823,-0.5422297924554178,1.973517657109907e-08,0.999999967966598,1.703376281241683e-07,0.9988333602710099,650.5330373996607
70,1,0.8167741420565406,-0.1832258579434594,0.036324854348624,0.9492405030189701,0.3253439941520178,0.9971337775103423,1162.686149678618
71,1,0.7027212355434229,-0.2972787644565771,0.0003931387566774603,0.9993847359730598,0.00339458120296073,1.001799734075836,368.8981512468521
72,1,1.119075152802763,0.1190751528027627,0.8130821230617556,0.1294094101504605,37.54508946884016,0.9958928424566549,2751.104107601495
73,1,0.5794860602239598,-0.4205139397760402,6.638480398553549e-06,0.9999894716279855,5.72982200477834e-05,0.9977302673449205,910.6502073709502
74,1,0.8199256899048978,-0.1800743100951022,0.02872721572845419,0.9589368290972213,0.2552829951888062,0.9971576327765422,1149.946899404615
75,1,0.590300159160744,-0.409699840839256,1.664820295087522e-06,0.9999972796618145,1.436936760170785e-05,0.9977591460519873,901.2011612709582
76,1,0.7323548759965413,-0.2676451240034587,0.004170982246962193,0.9938584488393793,0.03615123471332203,1.000216834879369,479.4234586985215
77,1,0.8076256634544505,-0.1923743365455495,0.02301899100516446,0.966998773373253,0.2033619661376275,0.9975875330598014,960.4350141740525
78,1,0.6033972865732153,-0.3966027134267847,4.32573781192829e-05,0.9999329767730833,0.0003733778497206621,0.9980121924188476,826.1220844497292
79,1,0.5842404054724988,-0.4157595945275012,2.91114052424051e-07,0.9999995131491526,2.512655029050903e-06,0.9976115237859179,951.688546397906
80,1,0.3998834460295642,-0.6001165539704358,2.144952228631867e-14,0.9999999999999615,1.851344306639245e-13,0.9987507624216233,664.7285931304395
81,1,0.6380952686433672,-0.3619047313566328,0.0001638007291013693,0.9997486823890502,0.001414023231654654,0.9988572407713642,646.5417788016143
82,1,0.6522466408534555,-0.3477533591465445,0.000448360253515504,0.9993245757343123,0.003871608554089677,0.9990986947180918,608.7909444496543
83,1,1.012412445050188,0.01241244505018813,0.5260952180712023,0.3852622680139942,9.581705843575628,0.9951395832022174,16352.96091822059
84,1,0.6808157400503509,-0.3191842599496491,0.0004167754235779281,0.999358820131293,0.003598758578956861,1.000611637302325,446.0330481803077
85,1,1.64350635137123,0.6435063513712298,0.9999983476461665,4.831844929817156e-07,5223550.535388228,1.00152587363407,384.1919219267854
86,1,1.451111108748379,0.4511111087483788,0.9987337748079337,0.0005935700755768991,6807.824599605391,1.001548020345804,382.9076830201344
87,1,1.022174466911685,0.02217446691168545,0.5591226120497617,0.3537657397510192,10.9460846409511,0.9951150262353233,19499.67906755835
88,1,0.4844618140223919,-0.5155381859776081,4.451679502079326e-09,0.9999999925547982,3.84231938960372e-08,0.9986883133782875,675.881948659718
89,1,0.5751677865200217,-0.4248322134799783,1.331620552478161e-05,0.999979212093379,0.0001149359376981194,0.9977072243568623,918.3337538472128
90,1,0.846317973812394,-0.153682026187606,0.08396673050090439,0.8885253760329782,0.7911622673915808,0.9962043979179782,2047.751334526075
91,1,1.083540294353601,0.08354029435360144,0.7514710834204947,0.1767147478584359,26.09786123725765,0.9953719771803407,6472.435205070375
92,1,0.9355395195011479,-0.06446048049885211,0.2429933638359037,0.6881146627136713,2.770539185860383,0.9955811330132865,4193.552870754484
93,1,0.7132462952935187,-0.2867537047064813,0.0005047717763970247,0.9992097677332847,0.004358970295767774,1.001978756926708,359.5482258407357
94,1,1.176587507575618,0.1765875075756185,0.8972083681100751,0.06577978441182342,75.33644544749596,0.9974554945531677,1011.616497496994
95,1,0.6749694371892778,-0.3250305628107222,0.0001672020766593347,0.9997373270998156,0.00144339055376169,1.000820760258799,430.1775850707689
96,1,1.033690558163904,0.03369055816390376,0.578820358892601,0.3427061643551829,11.86167440130379,0.9950577580605909,35376.82808563127
97,1,0.7941388726216512,-0.2058611273783488,0.01563520097347662,0.977314121168472,0.1370935314442238,0.998181120052142,782.6234923922458
98,1,0.7911597586504202,-0.2088402413495798,0.02036643341652391,0.9710433598707313,0.179440675219167,0.9980759455239389,809.1467285211091
99,1,0.7964348903665014,-0.2035651096334986,0.0258983704636584,0.9636139166102351,0.2294762476229303,0.9977674435843056,898.5225340091738
100,1,0.9755090163394092,-0.02449098366059077,0.3876608383365152,0.5252955983567476,5.46423622306337,0.9953572787254568,6729.517333849158