ObservedSChanges	ObservedNSChanges	E[SSites]	E[NSSites]	ObservedS.Prop.	P{S}	dS	dN	dN-dS	P{Sleq.observed}	P{Sgeq.observed}	ScaleddN-dS
20	0	1.000000000000001	2.000000000000002	1	0.3333333333333333	19.99999999999998	0	-19.99999999999998	1.000000000000001	2.867959203456394e-10	-0.6867719831149567
62	3	0.9992803068985916	2.000671522150422	0.9538461538461539	0.3330987841945996	62.0446531088217	1.499496527433674	-60.54515658138803	0.9999999999999999	1.110223024625157e-16	-2.079035862670274
52	11	0.9390237671651446	2.060784248564934	0.8253968253968254	0.3130279545361537	55.3766601211648	5.337773717777615	-50.03888640338718	1.000000000000002	-1.554312234475219e-15	-1.718265262405915
46	1	0.5110212017474538	2.30444620472263	0.9787234042553191	0.18150492546037	90.01583465167685	0.4339437379577983	-89.58189091371905	0.9999999999999993	6.661338147750939e-16	-3.076116643700131
13	2	0.9985923051171465	2.001407694882857	0.8666666666666667	0.3328641017057151	13.01832583065513	0.9992966476113505	-12.01902918304378	0.9999978804000866	3.089944195378003e-05	-0.4127166253577763
25	4	0.5115029897613597	2.304406323133314	0.8620689655172413	0.1816475365236636	48.87556964557271	1.735804992307597	-47.13976465326511	0.9999999999999999	3.33066907387547e-15	-1.618713482724763
30	0	1	2	1	0.3333333333333333	30	0	-30	1.000000000000002	2.886579864025407e-15	-1.030157974672436
30	2	0.9988692431579308	2.000768193508776	0.9375	0.3329966585121389	30.0339611070162	0.9996160507192848	-29.03434505629691	0.999999999999966	1.073696687114989e-12	-0.9969987366378495
31	0	1	2	1	0.3333333333333333	30.99999999999999	0	-30.99999999999999	1	1.110223024625157e-15	-1.064496573828184
21	1	0.5110212017474545	2.304403763490141	0.9545454545454546	0.1815076615633865	41.09418538446112	0.4339517300932747	-40.66023365436784	0.9999999999999994	5.440092820663267e-15	-1.396215465036387
34	4	0.9857337385825158	2.014266261417482	0.8947368421052632	0.3285779128608388	34.49207292923946	1.985834780941579	-32.50623814829788	0.9999999999999687	5.832001548355947e-13	-1.116218681835681
41	21	0.5679340651114857	2.429248851999927	0.6612903225806451	0.1894892907166447	72.19147876250685	8.644647493693919	-63.54683126881293	1.000000000000001	-4.440892098500626e-16	-2.182109166557712
58	8	0.9954762124495141	2.00103411093415	0.8787878787878788	0.3322118414480952	58.26357202175887	3.997932846964479	-54.26563917479439	1	0	-1.863406031553713
27	4	0.5112663021417209	2.309346086612241	0.8709677419354839	0.1812607447163553	52.81005199618205	1.732092051160643	-51.07795994502141	1	-2.220446049250313e-16	-1.753945592245435
56	9	0.993952639919859	2.002453310258316	0.8615384615384616	0.331714946654927	56.34071257611952	4.49448681469582	-51.8462257614237	0.9999999999999988	1.221245327087672e-15	-1.780326764159937
34.5	8.5	0.9869173891150108	2.012510138655836	0.8023255813953488	0.3290352508861851	34.95733318767122	4.223581206739751	-30.73375198093147	0.9999999999531393	3.843858564778202e-10	-1.055353989825378
45	6	0.9974117303108939	2.000935119052667	0.8823529411764706	0.3326538857646198	45.11677437959695	2.998597976950232	-42.11817640264672	1.000000000000002	-1.110223024625157e-15	-1.446279176661564
20	3	0.9963740947005054	2.003625905299498	0.8695652173913043	0.3321246982335014	20.07278200665353	1.497285492299306	-18.57549651435422	0.9999999895420989	1.511689394773086e-07	-0.6378565289254013
56	13	0.9964614038748272	2.000768662821002	0.8115942028985508	0.3324607660076407	56.19886508623325	6.497502805581998	-49.70136228065125	1.000000000000002	-1.77635683940025e-15	-1.70667515684989
24	51	0.6909111464306462	2.168537736821244	0.32	0.2416238844056243	34.7367387600963	23.51815194821486	-11.21858681188144	0.9538282790524636	0.07642236864370189	-0.3852305556271561
26	12	0.9809429353044357	2.019057064695567	0.6842105263157895	0.3269809784348116	26.50510958818506	5.943368421738668	-20.5617411664464	0.9999985207440485	7.057239907237722e-06	-0.7060613878588424
31.5	40.5	0.5447527376232745	2.44401142778274	0.4375	0.1822668860690356	57.82439963024826	16.57111727858919	-41.25328235165907	0.9999998273321469	6.241398037287738e-07	-1.416579926532509
34	4	0.5110212017474537	2.306215367295094	0.8947368421052632	0.1813909443611712	66.53344300341334	1.734443390120805	-64.79899961329254	1.000000000000001	-1.110223024625157e-15	-2.225106873414314
18	4	0.9981853580693891	2.001814641930614	0.8181818181818182	0.332728452689796	18.03272293516123	1.998187003039538	-16.0345359321217	0.9999995898631464	4.032931226860548e-06	-0.5506035020215629
14	11	0.9900581324758702	2.006582791450458	0.5600000000000001	0.3303893117693438	14.14058381096244	5.481956711115146	-8.658627099847298	0.9949029203343046	0.01508538034643425	-0.2973251252207521
29	50	0.7384075111666215	2.141373948213089	0.3670886075949367	0.2564109539498426	39.27370667476344	23.34949486133586	-15.92421181342758	0.9894069486199497	0.0194612186258093	-0.5468151263325146
25	7	0.998554417389326	2.000534319654626	0.78125	0.332952608255783	25.03619188362446	3.499065190347989	-21.53712669327648	0.9999999658090147	2.610483583742607e-07	-0.7395547604869785
61	16	0.9888061653227104	2.011126343017982	0.7922077922077922	0.3296094704042637	61.69055386107127	7.955740849174952	-53.73481301189631	0.9999999999999966	3.552713678800501e-15	-1.845178204724572
35	55	0.6771763204532063	2.253290811881731	0.3888888888888889	0.2310813566141742	51.6852095131973	24.40874462807102	-27.27646488512628	0.9997419320895268	0.0005810777374757325	-0.9366355940761837
45	27	0.837823958164531	2.090763225344673	0.625	0.2860846905573771	53.71056719192428	12.91394437815832	-40.79662281376595	0.9999999994488629	2.383113262283132e-09	-1.400898877710148
59	22	0.9560692204222244	2.042815621814468	0.7283950617283951	0.3188082473047376	61.71101290547153	10.76944965814349	-50.94156324732805	0.9999999999999942	4.651834473179406e-14	-1.749261920717176
19	31	0.5785784669175906	2.379610343781981	0.38	0.1955853746809233	32.83910668370285	13.0273429349491	-19.81176374875375	0.9993057032519601	0.001919556965036096	-0.6803082139368317
24	7	0.5124952498466274	2.310375388685703	0.7741935483870968	0.181551093008316	46.82970233808487	3.029810668119206	-43.79989166996567	0.9999999999999316	1.132094418210272e-12	-1.504026923120131
27	64	0.8614091392747151	2.055701760129505	0.2967032967032967	0.2952953003777286	31.34399064158215	31.13292075790611	-0.2110698836760356	0.5634112239049599	0.5277820239317825	-0.007247844129401718
40	61	0.563469557537042	2.413324967378526	0.3960396039603961	0.1892873535008346	70.98875079399554	25.276330715735	-45.71242007826054	0.9999996055645138	1.158135954693051e-06	-1.569700469506549
34.33333333333333	18.66666666666666	0.5136794254938252	2.30530884349584	0.6477987421383647	0.1822212001179876	66.83805429880127	8.097252009999652	-58.74080228880162	0.9999999999999807	1.528777104908841e-13	-2.017076863882196
23.5	55.5	0.727758198371742	2.148443037595377	0.2974683544303797	0.2530275661073605	32.29094505919409	25.83266068907175	-6.458284370122339	0.8482521878301874	0.2173786695588388	-0.2217684382194626
40.5	65.5	0.7388071203217726	2.143980307260737	0.3820754716981132	0.2562822056364151	54.81809647741488	30.55065374349743	-24.26744273391745	0.9983788137024838	0.003080236175076245	-0.8333099885750576
25	38	0.5298937919971527	2.46061921018818	0.3968253968253968	0.1771916027818405	47.17926568978248	15.44326722422601	-31.73599846555648	0.9999893817548828	3.463422818172912e-05	-1.089769730116173
21.5	62.5	0.7534073751300672	2.128448207250133	0.2559523809523809	0.2614313429640386	28.53701823172128	29.36411597289812	0.8270977411768428	0.5116531635975695	0.5862712955620608	0.0284013777968961
43.5	82.5	0.7106335790114758	2.169971652545276	0.3452380952380952	0.246695927378925	61.21298132366685	38.01892983405166	-23.19405148961518	0.994924931232269	0.008683175903028695	-0.7964512368996726
20	4	0.5113193994015744	2.306884875431701	0.8333333333333334	0.1814344701580669	39.11449482145038	1.733940016946644	-37.38055480450373	0.9999999999996892	7.438938354198399e-12	-1.283595887651319
27.5	41.5	0.7029735423767853	2.176387069857676	0.3985507246376812	0.2441422374779444	39.11953770979952	19.06829928130104	-20.05123842849848	0.998407152930763	0.003498476313297472	-0.6885314389725371
35	52	0.5793553812034999	2.391809406238477	0.4022988505747127	0.1949926788484511	60.41197015775395	21.74086273946834	-38.67110741828561	0.9999976503659755	6.869977406176453e-06	-1.327911656545377
53	101	0.741999898401847	2.068393126382122	0.3441558441558442	0.2640199758035208	71.42858120891094	48.83017580737258	-22.59840540153836	0.9890705162186347	0.01702338259495306	-0.7759975846425133
33	30	0.5219211373091596	2.303945322555765	0.5238095238095238	0.1846941972389266	63.22794315274584	13.02114234495853	-50.20680080778732	0.9999999997134763	1.454581788351561e-09	-1.724031207831087
39.5	56.5	0.9155689152236716	1.940875694567336	0.4114583333333333	0.3205274529341073	43.14257435263651	29.11057114999583	-14.03200320264068	0.9758566617180378	0.03872635196045815	-0.4818393333276486
31	52	0.5682855527756614	2.421845164923782	0.3734939759036144	0.190053748958805	54.55004064169423	21.47123224602862	-33.07880839566561	0.9999730778835713	7.256011260181605e-05	-1.135879942048549
55	26	0.9891037841022405	2.007738561507834	0.6790123456790124	0.3300486545617355	55.60589382429743	12.94989322737006	-42.65600059692737	0.9999999999671847	1.457496345835807e-10	-1.464747306085231
36	39	0.9590015273575441	2.02853821582387	0.48	0.3210004250307675	37.53904344573389	19.2256668845455	-18.31337656118838	0.9985801101577798	0.002974437214011139	-0.6288556969229163
18.83333333333333	78.16666666666666	0.726608323800674	2.169672050039097	0.1941580756013746	0.2508763759074078	25.91951222747039	36.02695009379786	10.10743786632748	0.1198918203803723	0.9225750333148903	0.3470752573834467
49	17	0.9956417250926699	1.998860250913538	0.7424242424242424	0.3324899208851301	49.21449027805589	8.50484669562592	-40.70964358242997	0.9999999999980674	1.156263973456362e-11	-1.397912132750426
34	35	0.5293134254536087	2.461331785221019	0.4927536231884058	0.1769897089645771	64.23415383968927	14.21994393854428	-50.01420990114499	0.9999999995553983	2.097806151013515e-09	-1.717417905886854
28	71	0.832820227734645	2.150070886109251	0.2828282828282828	0.2791990039024365	33.62070116399889	33.02216706374782	-0.5985341002510722	0.5824942096851587	0.5059520562402893	-0.02055282254956778
28	104	0.5615344486398214	2.418178750571992	0.2121212121212121	0.1884525157617039	49.8633700351298	43.00757335469928	-6.855796680430515	0.7924287936676354	0.2745450808751551	-0.2354184541026103
36.5	87.5	0.6842464023331327	2.15948417511687	0.2943548387096774	0.2406157628852105	53.34335683102296	40.51893549776281	-12.82442133326015	0.9302521331244598	0.1006660968470445	-0.4403726635672419
21.5	62.5	0.9568464859003509	1.891295894613851	0.2559523809523809	0.3359545830456701	22.46964410364055	33.04612471162834	10.57648060798779	0.0745340135501566	0.9538500255440822	0.3631815280762332
38.5	85.5	0.5710995001340144	2.413765017810311	0.3104838709677419	0.1913317997184443	67.41382191888729	35.42184072149774	-31.99198119738956	0.9994629718493995	0.0010771809936726	-1.098559818535383
26	79	0.8248619644525199	2.17494534220763	0.2476190476190476	0.2749716498860335	31.52042538081727	36.32275187192189	4.802326491104626	0.3064275871701047	0.7670675013959651	0.164905164393071
35.5	80.5	0.6873944280200488	2.181539188707029	0.3060344827586207	0.2395992796808727	51.64429409509935	36.90055187489497	-14.74374222020438	0.9591397172674009	0.06230363690182428	-0.5062794541552744
30.5	38.5	0.5475641957098809	2.443365786125139	0.4420289855072464	0.1830748961143968	55.70123145188257	15.75695305984291	-39.94427839203966	0.9999997835740871	7.930188087312828e-07	-1.371630564269851
44	52	0.9778340715938171	1.994926356612465	0.4583333333333333	0.328931340149676	44.9974093542091	26.0661251116557	-18.9312842425534	0.99695729691942	0.005610944629310333	-0.6500737811085672
33	57	0.6599510760719404	2.235342453112537	0.3666666666666666	0.2279392639881421	50.00370663294852	25.49944860602098	-24.50425802692754	0.999025643811279	0.002045065976656657	-0.8414418939956821
29.5	79.5	0.7333889919303554	2.158818903921153	0.2706422018348624	0.2535740922989338	40.224219785946	36.82569198166684	-3.398527804279169	0.701713216004256	0.3768663439036138	-0.1167006839908063
23	64	0.6186400872061091	2.379903629350787	0.264367816091954	0.2063135127195904	37.17832141119754	26.89184520360538	-10.28647620759216	0.9258636693934313	0.1157830594254841	-0.3532231832176447
58	42	0.9698767994770505	2.029590383266939	0.58	0.3233496952581366	59.80140986079171	20.69383080757139	-39.10757905322033	0.9999999613622439	1.158091122999139e-07	-1.342899481060255
30.5	85.5	0.4854359796086753	2.446388082125494	0.2629310344827586	0.1655747307434065	62.83011824666761	34.94948353644492	-27.88063471022269	0.9971377745862547	0.005499864558288103	-0.9573819395221678
29	87	0.7833918575314636	2.004362212003377	0.25	0.2810118245696539	37.01851087829984	43.40532837776998	6.386817499470141	0.2641729671117959	0.8001022676231431	0.2193143659952211
19	68	0.6081073539656521	2.379069897443226	0.2183908045977012	0.2035725712891136	31.24448319214568	28.58259863364218	-2.661884558503495	0.6902039302647645	0.4070430759357195	-0.09140538685332639
33	51	0.515345170407788	2.310558854865961	0.3928571428571428	0.1823647108319136	64.03475164788561	22.07258209094984	-41.96216955693577	0.9999983032916893	5.185224230541685e-06	-1.440922120121144
32.5	66.5	0.5506039754691433	2.437932563605395	0.3282828282828283	0.1842386627267569	59.02609034435014	27.27721061392071	-31.74887973042943	0.9997959306055372	0.000465698054733954	-1.090212054707265
25	21	0.5108370393634973	2.301239117376023	0.5434782608695652	0.1816583232069328	48.93928606106947	9.125518439798272	-39.8137676212712	0.9999999933191237	3.791222169535757e-08	-1.367149007226925
44	106	0.7624259901710972	2.117565481590078	0.2933333333333333	0.2647320305100965	57.7105195353137	50.05748389910695	-7.653035636206752	0.8131906054017233	0.2392572010825619	-0.2627945230363575
72	89	1.018528301678917	1.953738655145607	0.4472049689440994	0.3426772616572371	70.69023009111967	45.55368742159992	-25.13654266951975	0.9976550337068666	0.003822828839397108	-0.8631536628899912
24	65	0.6919540189595532	2.193555066033464	0.2696629213483146	0.2398030983711936	34.68438558401215	29.63226271658521	-5.052122867426949	0.7858815174795041	0.2909197710361812	-0.1734828220301615
64.5	80.5	0.906905932563223	2.090171512019241	0.4448275862068966	0.3025967627905485	71.12093733657819	38.51358586465079	-32.6073514719274	0.9998852856202847	0.0002202150761375643	-1.1196907717251
26	50	0.8038463990320832	2.084179346497518	0.3421052631578947	0.2783376845848288	32.3444877420696	23.99025788448842	-8.354229857581178	0.9122322686587399	0.1337197982961039	-0.2868725503344607
34	49	0.9808490170199796	2.010452218769025	0.4096385542168675	0.32790044856892	34.66384673891908	24.37262599058538	-10.29122074833369	0.9537423393785918	0.07263981470631964	-0.3533861041003463
41	83	0.6664646218520981	2.275264450707544	0.3306451612903226	0.2265554051421185	61.51864428461549	36.47927605698288	-25.03936822763261	0.9971332034586459	0.005152964378968838	-0.8598168286818453
22	76	0.8991095776748816	2.092749126568214	0.2244897959183673	0.300518729845013	24.46865270514915	36.31586750420882	11.84721479905967	0.05998299353873667	0.9631554089550899	0.4068167600969541
19	60	0.6659617828976538	2.18969931796916	0.2405063291139241	0.2332075688867655	28.53016567606846	27.40102237217076	-1.129143303897699	0.6209333616021537	0.4823778601958466	-0.03877319930193988
36	111	0.5262512323855448	2.226850797391155	0.2448979591836735	0.1911484669633651	68.40839086838565	49.84617744935627	-18.56221341902938	0.9575895570359186	0.06346597052502623	-0.6374004060394942
25.5	73.5	0.9093869965846126	2.080222425243642	0.2575757575757576	0.3041825430254664	28.04086719490209	35.33276014529623	7.291892950394139	0.186578223836719	0.8674790200159054	0.250393389110208
19.5	107.5	0.3653298997266974	2.610987185821184	0.1535433070866142	0.1227456246179655	53.37641407009914	41.17216682784679	-12.20424724225236	0.8794552832012834	0.1785968282083324	-0.4190767540493451
34	95	0.7271721453143473	2.259309686432174	0.2635658914728682	0.2434878851712587	46.7564664283204	42.04824180168979	-4.70822462663061	0.7402864020927172	0.3289325831812427	-0.1616738381890892
27.16666666666667	82.83333333333334	0.6718548675319819	2.326664524093066	0.246969696969697	0.2240622053032213	40.43532015547014	35.60175198253894	-4.833568172931194	0.7576731073352651	0.3169483642614132	-0.1659779599822649
21.5	58.5	0.2164044298448182	1.817712395688499	0.26875	0.1063874144928131	99.35101612946403	32.18330916307683	-67.1677069663872	0.9999857915775823	4.628363349934439e-05	-2.306444965729504
24.5	61.5	0.6357752774921624	2.35536888649379	0.2848837209302326	0.2125525359650129	38.53562865269171	26.11055973128231	-12.42506892140941	0.9567243742924001	0.07082828233692595	-0.4266594611748181
52.5	81.5	0.9712411615338189	2.00092028227753	0.3917910447761194	0.3267794094954508	54.0545459554969	40.73125787261917	-13.32328808287773	0.9528139738968301	0.06752006047573134	-0.4575030489144909
26	91	0.5846033537692981	2.310803061845687	0.2222222222222222	0.2019071832598423	44.47459945681457	39.38024901495343	-5.094350441861138	0.7502505590839808	0.3261317922937244	-0.1749328577819767
38	130	0.6301135662382912	2.332282512782078	0.2261904761904762	0.2127040238477033	60.30658921828303	55.73938804048601	-4.567201177797024	0.7034689727442311	0.3636203942547335	-0.1568312905080316
37.5	94.5	0.6437374633156008	2.285004040342222	0.2840909090909091	0.2198000275926063	58.25356164119212	41.35660083377658	-16.89696080741555	0.9668880448584765	0.05052239461558572	-0.5802179641162243
32	79	0.7042411455627712	1.813540501064321	0.2882882882882883	0.2797069978273125	45.43898095364515	43.56119973810175	-1.877781215543401	0.6259047932926437	0.455784324662857	-0.06448037646273783
36	96	0.5704544419932138	2.399446446661181	0.2727272727272727	0.1920786125127818	63.10758116671526	40.00922801739691	-23.09835314931834	0.9910735345471645	0.01515392655680814	-0.7931650899523489
21	83	0.5538341648812276	2.398491373398292	0.2019230769230769	0.1875925123094579	37.91748745674357	34.60508589714118	-3.312401559602392	0.6982279697938297	0.3923677775919766	-0.1137432293980606
18.5	80.5	0.6088759541314737	1.881821846588194	0.1868686868686869	0.2444599878618529	30.38385712963354	42.77769446982944	12.3938373401959	0.1114266415642071	0.9286118357487819	0.4255870124265274
33.5	49.5	0.5744177936755226	2.410663617585252	0.4036144578313253	0.1924295235327978	58.3199203939067	20.53376490975703	-37.78615548414967	0.9999971682099071	8.375100764790311e-06	-1.29752364680698
30	61	0.7224036010578414	1.879891903585184	0.3296703296703297	0.2776024474426237	41.52803219151998	32.44867424752749	-9.079357943992491	0.8885625332020959	0.160399942198188	-0.3117724330303133
41	85	0.7118189336931295	1.893239550589771	0.3253968253968254	0.2732448956473517	57.59891744840185	44.89659006622869	-12.70232738217316	0.9193278451118521	0.1135979796867652	-0.4361801283215243
28	80	0.8905782641991185	2.088483671703998	0.2592592592592592	0.2989458706668801	31.44024632712085	38.30530306934497	6.86505674222412	0.2146344215280654	0.8429023784264235	0.2357364316526984