ObservedSChanges	ObservedNSChanges	E[SSites]	E[NSSites]	ObservedS.Prop.	P{S}	dS	dN	dN-dS	P{Sleq.observed}	P{Sgeq.observed}	ScaleddN-dS
51	13	0.9722747318971439	2.018624203956098	0.796875	0.3250777618200509	52.45430980242244	6.440029785892099	-46.01428001653034	0.9999999999999991	1.110223024625157e-14	-0.4959247050514091
80	82	0.7160790602832298	2.260907231986028	0.4938271604938271	0.2405382457227865	111.719507575543	36.26862652297746	-75.45088105256553	0.9999999999991679	2.627897899287746e-12	-0.8131813845271587
126.5	49.5	0.8952616976579567	2.095307271804425	0.71875	0.2993616622120235	141.299466212985	23.62422002066163	-117.6752461923233	1.000000000000014	-1.376676550535194e-14	-1.26825980410462
139	34	0.9355461117798666	2.040815501324438	0.8034682080924855	0.3143254192168218	148.5763216262574	16.6600067364908	-131.9163148897666	0.9999999999999952	4.773959005888173e-15	-1.421744717719681
52	3	0.6277976265558148	2.195471272295462	0.9454545454545454	0.2223655092900471	82.8292395517314	1.366449216556301	-81.4627903351751	0.9999999999999978	2.220446049250313e-15	-0.8779754948925259
76.5	92.5	0.6837488483683801	2.291174999163693	0.4526627218934911	0.2298374289263243	111.8831866153059	40.37229807141036	-71.51088854389559	0.999999999939357	1.714201003366611e-10	-0.7707176184513891
80	19	0.627802227252141	2.212285428178399	0.8080808080808081	0.2210502996454065	127.4286654734502	8.588403538708224	-118.8402619347419	1.000000000000006	-5.995204332975845e-15	-1.280815908171263
100	81	0.753943975333726	2.232161075557888	0.5524861878453039	0.2524840762412587	132.6358499724545	36.28770382520694	-96.34814614724755	0.9999999999999828	1.720845688168993e-14	-1.038404294126924
117	11	0.9902598884113867	2.005556151171038	0.9140625	0.3305476288688992	118.1508019957225	5.484762914056101	-112.6660390816664	0.9999999999999976	2.442490654175344e-15	-1.214272442833259
69	1	0.6275476709379612	2.196543786222541	0.9857142857142858	0.2222122337245169	109.9518063653546	0.4552606719120898	-109.4965456934426	0.9999999999999987	1.332267629550188e-15	-1.180112828184228
55	12	0.9888137652988342	2.008082997948734	0.8208955223880597	0.329945888502116	55.62220301755021	5.975848613955726	-49.64635440359448	0.9999999999999947	5.440092820663267e-15	-0.535069844744619
95.5	97.5	0.7059287444093281	2.221966603938801	0.4948186528497409	0.2411045001344059	135.2827757140103	43.88004744408184	-91.40272826992842	1.000000000000003	1.432187701766452e-14	-0.9851044293613684
106	114	0.6464921120274774	2.336073544296727	0.4818181818181818	0.216757042936058	163.9617839536683	48.79983349767339	-115.161950455995	1.000000000000013	-1.265654248072678e-14	-1.241172442392172
101.5	49.5	0.6478289358931211	2.219479811608078	0.6721854304635762	0.2259362325238573	156.6771633318112	22.30252320436103	-134.3746401274502	1.000000000000005	-4.662936703425657e-15	-1.448239627951477
144.5	33.5	0.9680530011241583	2.017735389279982	0.8117977528089888	0.3242202308225627	149.2686865617878	16.60277169047141	-132.6659148713164	1.000000000000006	-6.217248937900877e-15	-1.429823626041687
84.66666666666666	159.3333333333333	0.6266996735029422	2.319313408896467	0.3469945355191256	0.2127280687404554	135.0992672350087	68.69849185632243	-66.40077537868622	0.9999995081469667	9.921674225532584e-07	-0.7156427294533352
77.5	148.5	0.4730458409467057	2.503706423633298	0.3429203539823009	0.1589134059207473	163.831902305492	59.31206574311601	-104.519836562376	0.9999999999962176	1.062117060968149e-11	-1.126475717985738
105	14	0.627893685759054	2.202450178162609	0.8823529411764706	0.2218436048576296	167.2257619107391	6.356556955889682	-160.8692049548494	1.000000000000005	-4.884981308350689e-15	-1.733788141212429
117	34	0.9812247228110178	2.013446796034539	0.7748344370860927	0.3276568787715586	119.2387404027263	16.88646557086218	-102.3522748318641	1	-4.440892098500626e-16	-1.103114548116326
98.5	79.5	0.6438143378005642	2.28836187529343	0.5533707865168539	0.2195687745250548	152.9944181369141	34.74100877939419	-118.2534093575199	1.000000000000002	-1.77635683940025e-15	-1.274491030521044
71.5	54.5	0.926105335177772	2.068985102487753	0.5674603174603174	0.3092078033876032	77.20504059754185	26.34141731347851	-50.86362328406335	0.99999999930713	2.074497795767627e-09	-0.548189113595461
82.16666666666667	123.8333333333333	0.6908129043039274	2.239259089666227	0.3988673139158576	0.2357665291929902	118.9419973986429	55.301029659677	-63.6409677389659	0.9999999317823431	1.506258419103901e-07	-0.6858985546181483
76	143	0.6802729807936425	2.208795798431282	0.3470319634703196	0.2354644464283558	111.7198568012129	64.74115900689443	-46.97869779431848	0.9999292790972941	0.0001265760399863369	-0.5063188392598352
54.5	86.5	0.6714606048146839	2.293875554127718	0.3865248226950355	0.2264365889141428	81.16634037679906	37.70910756006246	-43.4572328167366	0.9999932065268822	1.514324774898324e-05	-0.4683658064246201
86.5	85.5	0.9214296865042869	2.051831773757986	0.5029069767441861	0.3099053678323356	93.87585538747189	41.67008284670649	-52.2057725407654	0.9999999504825344	1.142409304932812e-07	-0.5626542964479542
71.5	37.5	0.6349983760199788	2.204327163316805	0.6559633027522935	0.223644089845472	112.5987131623001	17.01199378388757	-95.58671937841257	0.9999999999999937	6.328271240363392e-15	-1.030197921113653
63	37	0.9731425153311117	2.015856717049953	0.63	0.3255746956334604	64.73871915724929	18.35447910908399	-46.3842400481653	0.9999999998797398	4.376354834079166e-10	-0.499911995942486
104.6666666666667	60.33333333333334	0.9239935346222191	2.045347976755263	0.6343434343434343	0.3111779265139418	113.2764058889874	29.49783314086537	-83.77857274812206	0.9999999999999954	4.551914400963142e-15	-0.9029341318567767
96	139	0.6724942077238178	2.22001310940719	0.4085106382978723	0.2324952485827572	142.7521588995241	62.61224287865452	-80.13991602086958	0.9999999993326397	1.556951789716265e-09	-0.8637180501621863
100	73	0.6524495072656724	2.300318535870346	0.5780346820809249	0.2209619915056827	153.2685654390122	31.7347353688909	-121.5338300701213	0.9999999999999971	2.886579864025407e-15	-1.309846178395941
67	43	0.6417784688064748	2.197645592372599	0.6090909090909091	0.2260241707397435	104.397394516212	19.56639421262497	-84.83100030358702	1.000000000000007	-6.883382752675971e-15	-0.9142768025417127
70.33333333333333	27.66666666666666	0.6287686587296846	2.206622724889682	0.7176870748299319	0.2217572721572793	111.8588408579864	12.53801402233353	-99.32082683565284	1.000000000000006	-5.551115123125783e-15	-1.070442735086552
96.16666666666667	154.8333333333333	0.6506991795352413	2.31941644856452	0.3831341301460823	0.2190821035312856	147.7897463085066	66.75529675973422	-81.03444954877233	0.9999999986143451	3.134843828966893e-09	-0.8733589980554143
102.5	77.5	0.6338866172422668	2.246934301498142	0.5694444444444444	0.2200368003157319	161.7008424092116	34.49144015840913	-127.2094022508024	1.000000000000002	-1.998401444325282e-15	-1.371015373234828
81.5	175.5	0.7825639618342209	2.048254584867879	0.3171206225680934	0.2764444096022711	104.1448417953918	85.68270824172012	-18.46213355367172	0.9347016277028517	0.08435303866289123	-0.1989779723584765
76.16666666666667	193.8333333333333	0.6666689539753673	2.199405725654299	0.2820987654320988	0.2326069724259626	114.2496080138163	88.12986666008159	-26.11974135373474	0.9750203925882115	0.03418288568944161	-0.2815088060101463
81.16666666666667	107.8333333333333	0.6767888402175574	2.264320017047034	0.4294532627865961	0.2301134956449765	119.9290854745407	47.62283269215717	-72.3062527823835	0.9999999995744456	1.09690778682392e-09	-0.7792897568231913
94.16666666666667	183.8333333333333	0.6572891394649282	2.225308399455694	0.3387290167865707	0.2280197393462868	143.2652101072655	82.61027252595575	-60.65493758130974	0.9999902347894759	1.742611410426864e-05	-0.6537162380703666
99.5	60.5	0.6311479484415197	2.21246225174481	0.621875	0.2219530470105091	157.649248873728	27.3450993128981	-130.3041495608299	0.9999999999999967	3.33066907387547e-15	-1.404369402600988
99.66666666666666	155.3333333333333	0.6707625945821575	2.250077909453633	0.3908496732026143	0.2296471148134757	148.5870969426264	69.03464661410395	-79.55245032852248	0.9999999969718291	6.64942856332118e-09	-0.8573865645863956
101.1666666666667	122.8333333333333	0.6640518486853317	2.312361262899191	0.4516369047619047	0.2231047316989601	152.3475416369266	53.1203040390529	-99.2272375978737	0.9999999999999879	3.463895836830488e-14	-1.069434065275247
69	86	0.6964320091606013	2.248511404503005	0.4451612903225807	0.2364840037093334	99.07643401279707	38.24752670934699	-60.82890730345007	0.999999996408157	9.580529924946291e-09	-0.6555912186874561
82.5	115.5	0.7554275733396356	2.195016904427878	0.4166666666666667	0.2560385660642013	109.2096753038541	52.6191847393105	-56.59049056454355	0.9999996931356603	6.534364981325425e-07	-0.6099111478404915
107	175	0.6785188980020631	2.206714132544982	0.3794326241134752	0.2351695307860158	157.6964183533686	79.30343011769006	-78.39298823567856	0.999999978588974	4.357318783565489e-08	-0.8448903156783317
70.5	146.5	0.6985644164996717	2.241336700437177	0.3248847926267281	0.2376149362559249	100.9212584191699	65.36278104553631	-35.55847737363359	0.9986142144172379	0.002232225532663668	-0.383235973642561
106.1666666666667	217.8333333333333	0.631875262061724	2.289922990341905	0.3276748971193416	0.2162624546516548	168.0183938840383	95.12692533857172	-72.89146854546659	0.9999986813143932	2.387366400014024e-06	-0.7855969935026343
67.5	89.5	0.6406407531210099	2.232959288671577	0.4299363057324841	0.2229401252101076	105.3632627508634	40.08133979605377	-65.28192295480967	0.9999999973964286	7.005824032013663e-09	-0.7035841563732458
82.66666666666666	180.3333333333333	0.7320103544403267	2.205793373877227	0.3143219264892269	0.2491692509558971	112.9310072804518	81.75440885306175	-31.17659842739008	0.9929332962699133	0.01021211883851025	-0.3360097207661468
100.75	177.25	0.7220077007548676	2.103596304126154	0.3624100719424461	0.2555233144869745	139.5414479577776	84.26046368893518	-55.28098426884239	0.9999684368502357	5.379103511449213e-05	-0.5957977786163015
82	90	0.6458867104290504	2.282106417545972	0.4767441860465116	0.2205902412331619	126.9572491211794	39.43724942361808	-87.51999969756129	0.9999999999999508	1.31117339208231e-13	-0.9432578325798018
53	181	0.668242380609384	2.275271497418929	0.2264957264957265	0.2270219908244497	79.31253918925077	79.55094598834762	0.2384067990968504	0.5290836457880517	0.5331080503498251	0.002569459339185184
83	209	0.6567799428680544	2.237222380119523	0.2842465753424658	0.226945202376354	126.3741393160578	93.41941232897655	-32.95472698708127	0.9907158970558089	0.01316232961111863	-0.3551737255314404
79	122	0.6709180668204808	2.243050538093998	0.3930348258706468	0.2302420368184342	117.749102173363	54.39021454401463	-63.3588876293484	0.9999999182296722	1.821634609822098e-07	-0.6828584006678383
92.75	208.25	0.6573593497271549	2.285755063363239	0.3081395348837209	0.2233550101903446	141.0948213309768	91.10774961757403	-49.98707171340274	0.9997375822711293	0.0004199914340843325	-0.5387419685138461
90	174	0.648748221767348	2.266781708811463	0.3409090909090909	0.222514684196212	138.7287039567031	76.76080997284608	-61.96789398385702	0.9999961314377692	7.19981521601909e-06	-0.6678667912561321
63.5	116.5	0.6552775857871997	2.216270921305294	0.3527777777777778	0.2281965929423505	96.90549681127277	52.56577563693622	-44.33972117433655	0.9999443426882607	0.0001063968761054745	-0.4778769359760731
56.66666666666666	198.3333333333333	0.4460719832073139	2.494876740611657	0.2222222222222222	0.1516762191719095	127.0348033499575	79.49624528733587	-47.53855806262163	0.9989021544091061	0.001834615898426262	-0.5123528038970848
97	204	0.6459615713399193	2.244815248577998	0.3222591362126246	0.2234560505982822	150.1637315650105	90.87607549406393	-59.28765607094654	0.9999700037725354	5.109089032884206e-05	-0.6389801891849874
99.16666666666666	195.8333333333333	0.7701951751141639	2.206169123621857	0.3361581920903954	0.258770465510974	128.7552426590669	88.76623792641732	-39.98900473264953	0.9987352651655406	0.001902526641606728	-0.4309865409219544
88	213	0.661452985181945	2.213894855048063	0.292358803986711	0.2300427711483537	133.040445763192	96.21053118865295	-36.82991457453907	0.994966053228285	0.007267661279815152	-0.396939048397266
102	182	0.654423826259903	2.235632241829316	0.3591549295774648	0.2264398374432161	155.8622958197291	81.40873825074098	-74.45355756898812	0.9999998578786633	2.789320939777795e-07	-0.8024326049253417
87.75	220.25	0.6665036332351222	2.240970865088577	0.2849025974025974	0.2292379980011498	131.6571967868695	98.28329472337622	-33.37390206349333	0.990285270362196	0.01360902621498672	-0.3596914377733765
98	135	0.6483811813687756	2.225222209064513	0.4206008583690987	0.2256334967892042	151.1456575484123	60.66809842633839	-90.47755912207396	0.999999999989169	2.755640160501116e-11	-0.9751333022111107
86.75	189.25	0.5668964118234506	2.282504408635877	0.3143115942028986	0.1989528492281638	153.0261934820936	82.91331192350424	-70.11288155858941	0.9999978720062782	4.033895968591494e-06	-0.7556504218854815
62.16666666666667	241.8333333333333	0.5266622251742419	2.439611714684091	0.2044956140350877	0.1775500968057572	118.0389701313766	99.12779639388174	-18.91117373749485	0.9019182491489488	0.1254622403335747	-0.2038175595613778
118.6666666666667	184.3333333333333	0.7531632986975229	2.172016724845442	0.3916391639163916	0.2574758793085476	157.5576861908725	84.86736369235383	-72.69032249851865	0.9999998806885712	2.261961243865684e-07	-0.7834291166181307
69.5	226.5	0.7937334604165939	2.172860606295443	0.2347972972972973	0.2675571522652953	87.5608796478388	104.2404650090117	16.67958536117287	0.1131377421895198	0.9106399814217622	0.1797663344433045
95.75000000000001	285.25	0.694775559099469	2.122930999414119	0.2513123359580053	0.2465748454182471	137.8142894434946	134.3661193315857	-3.448170111908922	0.6113456070833968	0.4346046590012147	-0.0371630881783046
96.5	238.5	0.6583007013700617	2.227016721275471	0.2880597014925373	0.2281553829063525	146.5895445640014	107.0939421880069	-39.49560237599444	0.9954623588716045	0.006460456909008094	-0.4256688348075059
92.25	187.75	0.7265704961151478	2.233704585073887	0.3294642857142857	0.245440195991283	126.9663446193391	84.05319183861083	-42.91315278072823	0.9993840570854048	0.0009640358493511192	-0.4625019152307368
73.66666666666666	201.3333333333333	0.6327815131874448	2.29704943334833	0.2678787878787878	0.21597884817745	116.4172232143654	87.64867242750482	-28.76855078686057	0.9827863233961939	0.02407449847976173	-0.310056683677436
70.83333333333333	238.1666666666667	0.569267655634994	2.364546401782499	0.2292340884573894	0.1940367196059096	124.4288738911782	100.7240401318097	-23.7048337593685	0.9465336627590011	0.07019029204788119	-0.2554818349039539
112.8333333333333	189.1666666666667	0.8426888495752839	2.059851139674983	0.3736203090507726	0.2903280756496838	133.8967916689552	91.83511518046622	-42.061676488489	0.9992562661715166	0.001121059956161408	-0.4533250221241771
89.5	256.5	0.6643759261566959	2.24165369168151	0.2586705202312139	0.2286198055513711	134.7128884060303	114.4244541214545	-20.28843428457581	0.9165748488651585	0.1041533377304176	-0.2186611587732898
51.5	76.5	0.6393486786270693	2.204264170510226	0.40234375	0.2248367525913512	80.5507256393969	34.705459093087	-45.8452665463099	0.9999976573657305	5.62554843863694e-06	-0.4941031410643452
107	199	0.7061999655196902	2.210018228115948	0.3496732026143791	0.2421629379656511	151.5151589128995	90.04450618022663	-61.47065273267286	0.9999907526868381	1.599716635281023e-05	-0.662507710971831
62	121	0.9142447892839786	2.079296579388763	0.3387978142076503	0.3054057641733313	67.81553554005747	58.19275672331919	-9.622778816738283	0.8554210047050383	0.1833902147970022	-0.1037107120822385
104.5	276.5	0.6830481079862822	2.08339428360194	0.2742782152230971	0.2469048732275038	152.9906880323263	132.7161172401628	-20.27457079216347	0.9014744822240283	0.1201727370577241	-0.2185117432356979
84.66666666666666	255.3333333333333	0.7025635179937564	2.21419837164793	0.2490196078431372	0.2408710565263398	120.5110491766512	115.3163766186406	-5.194672558010652	0.6638542465466044	0.3830825505159969	-0.05598623851649118
84.33333333333334	243.6666666666667	0.7403223819931113	2.218300353551565	0.2571138211382114	0.2502253406961734	113.9143370301589	109.8438569315238	-4.070480098635173	0.6406806798653222	0.4075583762521495	-0.04387011253045991
66.66666666666666	191.3333333333333	0.7647275244014901	2.150083225434579	0.2583979328165374	0.2623592370257653	87.17701997040446	88.98880334953574	1.811783379131285	0.4750648563339501	0.5808809385401454	0.01952672382551556
101.5	235.5	0.7087939148550551	2.232040428636574	0.3011869436201781	0.2410179670349979	143.2010036665683	105.5088415866434	-37.69216207992481	0.9951111103914717	0.006898519493108934	-0.4062320296117089
85.83333333333333	228.1666666666667	0.6501604402805058	2.188248921537754	0.2733545647558386	0.229058024197052	132.0186957180928	104.2690639172469	-27.74963180084586	0.9714714150154034	0.03802479240438883	-0.299075155825015
103.1666666666667	269.8333333333333	0.6443699529825301	2.225575091069544	0.2765862377122431	0.2245234466485618	160.1047134323218	121.2420710566362	-38.8626423756856	0.992194408954589	0.01073215513084558	-0.4188470285910502
92.33333333333333	261.6666666666667	0.5910834522332522	2.281555244892938	0.2608286252354049	0.2057632422847247	156.210316808018	114.6878504267581	-41.52246638125995	0.9947287079399472	0.007476374973483524	-0.4475136172017868
90	241	0.6731607684256014	2.268872359104514	0.2719033232628399	0.2288080178725693	133.697630969335	106.220166609601	-27.47746435973393	0.9714697701094763	0.03777635000162993	-0.2961418369094622
72.16666666666666	244.8333333333333	0.4743543984391874	2.463327949941891	0.2276550998948475	0.1614723248415876	152.1366027259859	99.39128622281447	-52.74531650317138	0.9991385154570144	0.001372280811330673	-0.5684692995366112
80.5	212.5	0.7465183424777214	2.204950348072651	0.2747440273037542	0.2529311406445972	107.8339210431422	96.3740522255961	-11.45986881754609	0.822716056191547	0.2135723964647611	-0.1235101812139128
59.66666666666666	221.3333333333333	0.5078864056597207	2.359525840101118	0.2123368920521945	0.1771236090696677	117.4803381263227	93.80415741657994	-23.67618070974274	0.9447231571273389	0.07394526942769419	-0.2551730230486043
94.75	273.25	0.6623513402162877	2.18579508796538	0.2574728260869565	0.2325552273796367	143.0509674352887	125.0117183922997	-18.03924904298898	0.8824494020742542	0.1429927311007396	-0.1944202812209469
84.66666666666667	232.3333333333333	0.7569733527924151	2.036913308635879	0.267087276550999	0.2709391770407159	111.8489394036633	114.0614734796578	2.212534075994498	0.4675749172534989	0.5823267101153817	0.02384586499364073
78.16666666666666	254.8333333333333	0.8342473960078621	1.993889995798954	0.2347347347347347	0.2949812121662467	93.69722583578792	127.8071176796397	34.10989184385183	0.008416130822817745	0.9940665300626337	0.3676236604358634
102	259	0.817333670217259	2.139733492774973	0.2825484764542937	0.2764001036047506	124.7960333909735	121.0431116185916	-3.752921772381896	0.6284908783069746	0.4165461670824474	-0.04044758762673002
94.5	315.5	0.7812146625895799	2.17563138852534	0.2304878048780488	0.2642053894875629	120.9654714963365	145.0153742329708	24.04990273663424	0.06657988190847039	0.9470539163901946	0.2592008593179276
57.33333333333334	259.6666666666667	0.6146369968792831	2.209856152026395	0.1808622502628812	0.2176096610881914	93.27999066836813	117.5038775390685	24.22388687070037	0.06267169390729493	0.9530066592810801	0.2610759952613647
86.75	248.25	0.6018938154510726	2.085634704981561	0.258955223880597	0.2239581127697878	144.1284123097155	119.0285141530548	-25.09989815666071	0.9432219828599866	0.07270518075830024	-0.2705173173564951
74.5	275.5	0.5933103486735121	2.315884337728507	0.2128571428571429	0.2039431570003641	125.5666619781075	118.9610359687562	-6.60562600935134	0.6876098767483395	0.3601161874500958	-0.07119296725257107
76.5	237.5	0.6675990560180394	2.144904483169856	0.2436305732484076	0.2373682545518885	114.5897366246918	110.7275414190051	-3.86219520568666	0.6318048168085816	0.4187389072393314	-0.0416252958330119
81.16666666666666	278.8333333333334	0.6475149595078094	2.286428462035866	0.2254629629629629	0.2206978344412394	125.3510293080538	121.9514793325554	-3.399549975498346	0.6148566678492703	0.434180106270002	-0.03663907852738076
76.5	265.5	0.5915561477299792	2.162843373236477	0.2236842105263158	0.2147677354817487	129.3199306499627	122.7550747711823	-6.564855878780349	0.6829626981534423	0.3646974810665222	-0.07075356202943028