dN,dS,dN/dS,dS=dN,LRT,p-value,Full Log(L)
0,0.3081447370499636,0,0.1037039821509425,8.703771790466227,0.00317552300843349,-31.18744860443674
0.08088662100875418,2.178753592958302,0.03712518077775224,0.4624913505398511,29.93142370606716,4.475996184805098e-08,-85.18124136477155
0,0.9084017108639992,0,0.2916770479162715,24.91510661546758,5.991111491354673e-07,-68.82735710078794
0,0.2953221163981196,0,0.08393102561063062,7.543125085753914,0.006023947153953602,-27.67088804387569
0,0.2246793497263037,0,0.07705697490350985,6.418702420730298,0.01129246421435848,-26.64224416717152
0.2026163158725492,1.87614333493009,0.1079961813685729,0.478930160323731,19.52904474539014,9.908165998884222e-06,-114.2577171283862
0.07822120429309047,1.716786909220172,0.04556255868040224,0.5355896466519168,31.73996835356897,1.762573120789312e-08,-124.6432591467784
0.1174362324036357,0.5958108044689314,0.1971032272707962,0.2526885198134448,5.680753891699851,0.0171519963457839,-70.50126983012272
0,0.7127043708369636,0,0.1317174574565456,13.47574332238404,0.0002416674321376044,-27.12676444507871
0,1.504259992772264,0,0.4217225809363417,37.99656285269867,7.08693659312587e-10,-101.1402511135493
0,0.0767676653234696,0,0.02589759773082823,2.172739377225469,0.1404758030145922,-14.06312412291211
0.3759261811538598,1.531750640972642,0.245422571467084,0.6200459368873699,10.61016365617093,0.001124677347911995,-148.2914940717011
0.08096647488079212,1.044783769298786,0.07749591567175028,0.3302410891560373,15.05975325213689,0.0001041606261281691,-72.48500710476134
0,1.394162842441768,0,0.3599004554619337,32.39871597953095,1.255694181967471e-08,-65.40667686727083
0.1214841084931915,1.660629192634174,0.07315546964490444,0.5133234196241512,24.09753511389971,9.157744310650529e-07,-100.5196191719351
0.03910749135751153,0.6366685234890817,0.06142519995050798,0.235987886457116,12.25788620585257,0.0004632960150909859,-69.8634664561815
0.1961976506545227,0.5004903750191527,0.3920108366659691,0.2935006308237199,2.365956718905807,0.124007867048671,-87.26868946836498
0.3782156146502489,0.761949385272491,0.4963789222232788,0.477081233282404,1.891121240597073,0.1690755111043774,-118.5809535213077
0.2014234874263613,1.431675893699818,0.1406907026323055,0.4271454385932519,11.72628312759625,0.0006162354567925687,-89.79139357931264
0,0.4157184196153491,0,0.1329052250183325,11.38811064708133,0.000739156716766276,-40.63504591195417
0.1568716452419281,1.440821256552406,0.1088765483772014,0.5787742931673202,22.2337769051498,2.413897129183162e-06,-140.6676655568334
0.3877639022593324,2.032443448862118,0.1907870560809087,0.7538900777719445,16.27507482179038,5.477981463375414e-05,-157.1878758803169
0.1349180106202946,1.083134015245621,0.1245626198801442,0.284127742380773,10.04444195386696,0.001528082864597935,-70.96571099738135
0.4121549124656554,1.108346373884453,0.3718647186268714,0.5769717529964318,4.959865010814326,0.02594223238793747,-136.9614951570743
0.5103048530224188,1.52224873108505,0.3352309268529831,0.7382425925137559,7.678856513036408,0.005587156047357822,-176.5875335938561
0.6730170188583295,0.95718638950919,0.7031201302427921,0.7225500164149341,0.5286202491622589,0.4671875136737036,-166.8441485400551
0.5677368518659258,0.4475220965073676,1.268623060842716,0.5446625202671506,0.1499255784348179,0.6986064883769816,-129.1849264777127
0.9898973276915161,0.6770762332343947,1.462017538206554,0.9766017756092189,0.1562486108883832,0.692634080676069,-211.9872080150456
0.3765700403301963,1.806729930552166,0.2084263032135137,0.7165419489861922,14.65618317886077,0.0001290107288196563,-153.1623020684693
1.10633434048973,1.610339014890299,0.6870195221377637,1.216282287824397,1.213236636028341,0.2706920605151205,-260.5294346542211
0.3404637543310806,0.4368682442717293,0.7793282272064487,0.3652431024340467,0.165575438940067,0.6840743701116442,-98.53642536749877
0.1872433789524814,0.3305908566586915,0.5663900715372632,0.2235864374245886,0.5697039263460226,0.4503765921913571,-64.99617195917362
0,0.666610459944654,0,0.2127624623175585,18.2307316703242,1.956956221771389e-05,-53.83461679760311
0.6955128094514919,0.5023041264770109,1.38464482529654,0.6519636876417813,0.3723004033726625,0.541753013702667,-155.7809301065154
0.9295690170533263,0.9610196728132709,0.9672736608316491,0.9374642614437267,0.007283554128378,0.9319881180719247,-216.9964586921726
0.6500891619816316,1.849755524567567,0.3514459902119272,0.7604504982534104,4.096476221832233,0.04297268797185749,-177.0199631666856
0.5786405770082469,1.523563951489659,0.3797940850743305,0.7906013476130684,6.276121576535729,0.01223756405393472,-187.9578876957057
0.04043687661289104,1.927955116306065,0.02097397199285818,0.3939851353392366,30.1670196960705,3.963932027062356e-08,-72.0502695372908
0.1207083030903605,0.5369556739257322,0.2248012432904396,0.1970509649387501,3.060877758566619,0.0801983354181901,-49.95462286949532
0.3248972470609256,0.8549636883782133,0.3800129192354654,0.4265115463560502,2.576242634899444,0.1084788852521208,-95.47098725181522
0.7669103310033197,1.284306985376996,0.5971394220659794,0.8945801879760246,1.75488700625948,0.1852635453269034,-184.7026180813409
0.4425977419309562,1.07147987397885,0.4130714469581282,0.5888954714675132,3.600687847958568,0.05775566958470091,-132.4289868546039
0.1206765346123263,0.5351050681656727,0.2255193265614219,0.1968854881664274,3.048794826633568,0.08079707842875472,-49.6007920894576
0.1959860796397931,0.9949885223783079,0.1969732064560204,0.4218238364134151,9.462221106199365,0.002097469430254351,-107.5981430869265
0.3401087904004393,0.4360782178428757,0.7799261152800451,0.3647949782138459,0.1646107673271047,0.684946489830387,-93.48620646165895
0.7790156470903004,0.6194230354318524,1.257647201556175,0.7336136621380824,0.2472935784999777,0.6189872321429942,-162.7936069081537
0.7644942719698847,0.3935445024840153,1.942586587144452,0.6295606927705046,1.887961832488429,0.1694319860177993,-141.0569142257996
0.2828768936231931,0.5586929688551956,0.5063190506994019,0.3561292055775633,1.274201893472252,0.2589798852004463,-92.26785289020962
0.5808754566436447,0.9260791572742733,0.6272416910378743,0.6595934924401513,1.103505433385521,0.2934980933444286,-161.6024544760679
0.3108765015498148,1.349984559345709,0.2302815238868257,0.6387560977645236,12.37461455367105,0.0004352106400408173,-154.2888020586267
0.6896809855979528,0.1560889311948103,4.418513089420677,0.5141746893934405,5.797054549386814,0.01605304461779711,-147.8425762011417
0.6100716757677008,2.070820351746477,0.2946038632724379,0.9573405328928762,11.55885799670045,0.0006742725415805895,-185.7479036689075
0.1219144342885564,0.5387552221838967,0.2262890998891192,0.1987908344980011,3.035887318412222,0.08144201061174816,-50.788634680371
0.8218273525738635,0.8696637525597708,0.9449943730032377,0.8344685444422815,0.01817867848239985,0.8927476065179476,-185.3584317962392
0.4763466330697116,0.9185577767582165,0.5185810246480511,0.5774752267219793,2.025455298414784,0.1546825578686015,-151.9631817890439
1.423124785087251,1.6188486651293,0.8790968641738872,1.509874722722305,0.1778589045395051,0.6732197576904866,-255.4487384455156
0.3755620389430083,1.212495099093608,0.3097431397650655,0.5594906941689416,6.654602408024289,0.00989000362563941,-137.4826907270323
0.6933711441229712,1.052666410439647,0.6586807912236738,0.7822008619991982,0.9815458454495456,0.3218174596548918,-163.8081240896605
0.4703207269283989,2.277269256511247,0.2065283784882449,0.538081230361295,4.347414506124977,0.03706517562456568,-127.5371512346469
0.3961358098836554,0.1987150185920608,1.993487018195021,0.3398629656514723,0.9153798660153143,0.338691000016022,-92.17640325985688
0.4067957980452812,1.038876541326732,0.3915728018324189,0.5268644433878444,2.940868193734502,0.08636430142735252,-111.9676368710291
0.511168983050192,1.021358606166459,0.5004794398010711,0.5962903470460471,1.825439740489117,0.176667131660849,-146.1876768806129
0.5286698329762366,1.053440046007262,0.5018508979034886,0.6441885271449126,2.51132761691116,0.1130306730256475,-164.7202741848776
1.137325455286615,0.710837050748038,1.599980549817667,1.03427567317832,1.20510168927359,0.2723043941370561,-221.7880310152485
0.1622510950868659,0.3401432934036414,0.4770080675802879,0.2091315490864655,0.8864489425572657,0.3464414284314833,-56.97934956744488
0.8212409870790406,1.305433441262749,0.629094491623144,0.8738271354000517,0.8001478757831251,0.3710491608260886,-203.825053804463
0.5123984809421209,1.731235702046728,0.2959726860625305,0.8933018233863711,11.86983564952055,0.0005705044680055504,-205.3639650891967
0.3642736405069134,1.94472375737011,0.1873138224009399,0.7590381693482156,16.74295635015784,4.280086168184649e-05,-146.8609111746598
0.5630442781447472,0.4144132576873478,1.358654115669083,0.5093683449288209,0.3431216989292238,0.5580328367108522,-120.3119584294762
0.6494687699528989,1.290986457536826,0.5030794600216574,0.8565860401177238,3.531904183311497,0.06019861518981107,-209.727992163489
2.145967544743445,0.4998836863985185,4.292933742655949,1.857730040157999,9.35624918028725,0.002222264550373554,-341.0055371237834
0.4057494000147008,0,inf,0.3984183203141794,0.5087817446700456,0.4756667056019855,-104.6400327014168
0.5119466397149045,1.358299591439227,0.3769025942004858,0.7911139681727377,6.985316871835494,0.00821811019975649,-193.6900931214158
0.6999516529612366,0.3984790315108771,1.756558306988684,0.6154012599996876,1.154633195596944,0.2825813557175662,-137.4886489773169
1.046716399776215,1.007302947834211,1.039127704358204,1.03686813504185,0.009954993897963504,0.9205231817994706,-212.8215025246211
0.6173920031228721,0.9037531189932662,0.6831423207818244,0.6439507675137965,0.3358645813442536,0.5622260462880204,-148.1302192787536
0.4071761252974258,1.048987932235519,0.3881609242440804,0.551935627767648,4.235465768370943,0.03958776002276887,-138.3292769450196
1.563074811771445,1.069560357011736,1.46141805043948,1.468995734094402,0.7993238696650451,0.3712955983295014,-239.9464115486135
0.5696659453373776,1.496677022379419,0.3806204924772092,0.8118024585522541,5.938910024459233,0.01481017492984449,-167.8397455693291
0.8393032142758132,0.6813405300785326,1.231841021081006,0.8032774666486883,0.2167716250630178,0.6415108651757127,-202.1337323248137
0.4730643168331541,0.944120050728361,0.5010637328041055,0.6119400688684751,2.489148029279193,0.114633764119852,-153.6681295710613
0.4085347744594441,1.336328074456143,0.3057144291649408,0.5906361047549814,5.627849322937521,0.0176773068610967,-114.3666083241393
1.150084865870485,0.7664925293695207,1.500451500572991,1.05086370499569,0.9994479216817922,0.3174441315945291,-221.4630397485617
0.5276876510621478,0.6707179286016589,0.7867504781962416,0.5657800548047237,0.2275444653152476,0.6333505782584052,-129.6188449201189
0.7943672422204924,1.018163721318385,0.7801959798684381,0.8321359291575169,0.2757330018426956,0.5995116958406761,-184.5777216976403
0.6142590950899998,1.048130165201761,0.586052301024804,0.6964969303430346,1.114373040565283,0.2911333183283347,-137.4595427888594
1.148509944983137,1.470711120103384,0.7809215074829937,1.218219227910366,0.5142278110878351,0.4733143742440512,-273.9417992382396
0.74305566088451,0.6127858014251041,1.212586288971527,0.7083598045848135,0.1756620600427254,0.6751280113662609,-156.4613531016776
1.29423523107914,1.201066363691555,1.077571789706295,1.265480752561557,0.04730611920598449,0.8278189413080449,-255.1326584539607
0.8082503652032978,1.658264106299721,0.4874075016957592,0.9875519711207044,3.310807657127384,0.06882565821640707,-193.4274614554225
0.8190363765963772,1.133433354037324,0.7226153824386278,0.9024555471583612,0.6696770047694258,0.4131642405726154,-188.1986312189166
1.240969602453239,0.6417969157044018,1.933586111256421,1.099254407241807,2.124140886885868,0.1449940601707549,-216.6325492737128
0.8516787328142388,1.969197575059096,0.4325003969135395,1.109348311955218,6.04118836348448,0.01397587354895524,-225.5795569796435
1.440878180710863,1.729828638443911,0.8329600682337084,1.507459438765681,0.3005571785453185,0.5835333306036368,-279.9806659937907
0.8274956606718774,1.846240298930204,0.4482058273516001,1.043343078502292,5.463497422291766,0.019417743270711,-225.2178390928973
0.8658477878428679,1.163549021527395,0.7441437978317975,0.9232666021636373,0.4943741096071221,0.4819825755219541,-210.0157998222875
0.9062252438913975,0.7973473647904546,1.136550120949552,0.883939828148004,0.06777965851131285,0.7945974574081376,-175.2761681039233
0.8273615426253279,0.9245357686159474,0.894894032995509,0.8520766918482793,0.06967548599737938,0.7918098590882505,-177.5044838620958
1.131041003211511,1.267571560031985,0.8922896654315683,1.177048333260276,0.1290802379257912,0.719387592164588,-266.3679031944613
1.096567039343924,1.254966420208521,0.8737819767015935,1.127580065336549,0.09559942887193529,0.7571758037813318,-190.3807467584566