dN,dS,dN/dS,dS=dN,LRT,p-value,Full Log(L)
0.03784477899602696,0.5796062643326534,0.06529394405286605,0.2518907465516616,25.69686865780642,3.994747097557649e-07,-149.7941334194228
0.1729370786852946,0.6526384003775848,0.2649814638324096,0.2596769212065911,8.631218720054505,0.003304504274096898,-162.9905521302404
0,1.345658676800333,0,0.2824085248997267,62.14730222346375,3.219646771412954e-15,-114.0630137458103
0.03578194685718204,1.721902174657372,0.0207804760246046,0.3941910347136995,66.59164467143279,3.33066907387547e-16,-153.3045621549673
0.0189592720436059,0.789183313930756,0.02402391397402177,0.3220714222170727,42.61840195935309,6.653055883987236e-11,-172.1509012081416
0,0.8895635716230559,0,0.3010641436381791,51.88760582864688,5.877520692365579e-13,-159.7470679498692
0,0.9253744585056938,0,0.3664385975194758,59.12385913977965,1.476596622751458e-14,-189.2240583256784
0.01895513885390503,0.9177470168470074,0.02065399124807499,0.3331621792999377,46.85095995831784,7.659539669191417e-12,-170.72000158498
0.0178897760567613,0.9860217120153929,0.01814338958134628,0.2562586852900184,43.0431731968963,5.35451682992516e-11,-109.2472052262362
0,0.8969581256320589,0,0.3550586441523823,57.30205850563459,3.741451592986778e-14,-182.2671453165105
0.03788521087345131,0.598899044189305,0.06325809206246828,0.2618498091381317,26.95744302109097,2.079846882496739e-07,-149.7612665410571
0.2166954514016209,0.7919693454055975,0.2736159583179864,0.3199462008544815,9.996495385246646,0.001568384181888538,-196.9957514351093
1.093664422678252,0.8764625502108614,1.247816489609437,1.003212735663803,0.9126674562173775,0.3394076534076529,-465.3935309898535
0.3499253155861874,0.7718467549623682,0.453361128146802,0.4726536637916113,6.232172950665699,0.01254497030478818,-272.9247087787363
0.0357842962728974,1.472807379921607,0.02429665736384488,0.3387054771455127,55.33812107874053,1.014743844507393e-13,-139.4524960225508
0.01789675956819552,0.9336678233787975,0.01916822998508179,0.2115876123789538,36.48440026417944,1.53892976140213e-09,-95.34127384891403
0.01788887089604149,0.7680783738003486,0.02329042387631585,0.2023710796524763,32.40836611558791,1.249473935427403e-08,-94.06155400670478
0,0.6688245995924957,0,0.1410672251242627,31.05118103798866,2.513133623427422e-08,-63.37516252325926
0.1500995066481419,1.042802903856925,0.143938520014647,0.4564324845490514,30.03276313360357,4.248078311341885e-08,-238.6431834286317
0.4064477101421107,1.477615409832717,0.2750700266371243,0.5966096433439931,18.1876878805931,2.001686822716842e-05,-325.6319403485909
0.09500359778832959,1.050067623218162,0.09047379015188591,0.4309764867878227,38.10597273031482,6.700471288922927e-10,-222.66466118336
0.2885973897950232,1.002340630145041,0.2879234674476505,0.4152240984394491,11.77712830310048,0.0005996291586807256,-239.5213659214312
0.133093228072896,1.537831848834574,0.0865460213831304,0.5653503600298424,51.32979500114823,7.808198532188726e-13,-271.2703988751457
0.05692703257408341,0.8340451017332239,0.06825414171941506,0.3240458363833088,32.98001184622427,9.311123982946867e-09,-168.2151522794005
0.5271466787558864,0.5140840860506498,1.025409447714259,0.5231872462382418,0.006166445634221418,0.9374090769694285,-318.8570497375509
0.07161342041419963,1.418854083494159,0.05047271685460419,0.3537174250636987,45.2707977418213,1.715882991248918e-11,-150.0254761498532
0.07512609799928695,1.281079306317473,0.05864281596682776,0.434478161352349,48.29683201968237,3.663402914355629e-12,-206.1633464537081
0.1141403068592834,0.7308711728621674,0.1561702131612308,0.3182938678294439,19.2289499427518,1.159417426965792e-05,-176.521666622041
0.3339082036182597,1.326039841475295,0.2518085755604204,0.5119524633916979,18.21535415586413,1.972819884477062e-05,-281.7055167159476
0.2590128672611764,0.6572520156120693,0.3940845537308386,0.3418657138445511,5.667975141354987,0.0172773879055852,-217.6707393435236
1.353960197536662,0.8486278142107642,1.595469975015919,1.15866102681051,3.936683873296261,0.04724382065488397,-489.489293496569
0.07163262028162931,1.539480336794082,0.04653038987870538,0.3812752470305491,50.46215712976601,1.214806033544846e-12,-167.1576540003126
0.151677378651124,1.080793479210103,0.1403389098553567,0.4345922806727207,28.46758490659465,9.528041566841949e-08,-224.4882703269636
0.8330042487718582,0.9763748597290598,0.8531602800619156,0.880103602054977,0.3757092236862718,0.539908580519926,-396.942013781927
0.3601789350241406,1.400069869138427,0.2572578290294804,0.5448832022534456,18.75642662471625,1.485220011954169e-05,-303.370604702823
0.2427066402806818,1.284059840464561,0.1890150541526731,0.4241567313608072,22.90067489808109,1.705919461469918e-06,-243.0577597773944
0.08958445743493233,0.8317449308769587,0.1077066467245891,0.2708454102529418,22.51200433278353,2.088344638440098e-06,-137.015343356693
0.6499885169154788,0.9421493109397742,0.6898996893253883,0.8192415888670673,2.267135890663212,0.1321439140275645,-432.8068018244448
0.2475284320606039,1.158714542336187,0.2136233067046348,0.5271528461384635,22.62744058397743,1.966557286237069e-06,-270.6708135485069
0.0358183973084634,0.8810615354310469,0.04065368407093126,0.2432756226865522,33.41075372574116,7.461027462518643e-09,-113.3672542921146
0.053730994479692,1.623618700510392,0.03309335773405505,0.3821725255287937,57.2587019740991,3.819167204710538e-14,-160.8515936933215
0.3762146712362535,0.9877894175740097,0.3808652578605559,0.4861998095862372,7.8177637922646,0.005173516952644674,-269.2865141892368
0.1519889254999031,1.196938489222182,0.1269814003547262,0.489354885320763,34.82993544599583,3.597984910008734e-09,-250.1248155007855
0.7090274271661481,1.657240773098843,0.4278360988188525,0.8958347928395671,10.54726427605056,0.0011636018624539,-426.4758007770751
0.1616450506560023,1.21105554481106,0.1334745143181859,0.4198408628795526,29.26135748356461,6.324443635463695e-08,-193.7590506675429
0.4249894888928478,1.024956975233025,0.4146412963297568,0.5365921011304471,7.106460277241013,0.007680662831679674,-295.8795243051558
0.209282518774573,1.420834172236977,0.1472955274189924,0.5799693923464443,36.29227216499874,1.698359564095142e-09,-282.7165112210255
0.1520332973335371,0.5163545482825564,0.2944358635732252,0.2699888466725531,7.657554375772065,0.005653508871520052,-161.4659409291534
0.3456638618972385,0.7862606296870308,0.4396301287968967,0.4248456075406513,4.782479856226018,0.02875068894323651,-248.9731074630176
0.1076592883637073,0.8702405501202145,0.1237121027615126,0.2687843297025432,19.46530264980089,1.024437823038404e-05,-133.018174632041
0.3633056047395598,1.39927442658488,0.2596385654144031,0.5370135148429919,18.87971105776182,1.392255819876453e-05,-311.5268276502381
0.6852424550301041,1.29511008759076,0.5290997742939615,0.8685903404471098,6.396904715420533,0.01143195077304471,-408.0841991296978
0.2283644433262472,1.147926933471923,0.1989363927855193,0.5269712123214882,24.94110501710838,5.910861315960858e-07,-275.1569425048006
0.5675418863140499,0.9530537721036567,0.5954982844895791,0.6392850725958011,2.65137107758585,0.1034606265730676,-361.1609091091105
1.452478998225393,1.546153926783758,0.9394142284699795,1.47940118302329,0.09084782036939032,0.7631020819444426,-652.7398598013501
0.8828561326157973,0.9214970125134254,0.9580672759944893,0.895290668841638,0.02486211790289872,0.8747111212599035,-386.9767436426519
0.3596657593918171,1.340841931761093,0.2682387467696685,0.5538880710762252,18.92462103136575,1.35986260585419e-05,-297.5511237317935
0.9861184079956083,0.9546732644146968,1.032938121086056,0.9762630585264647,0.01730960681265969,0.8953275964382216,-469.5326949863073
0.5910909252735185,1.418485645134462,0.4167056094652882,0.7864720086421839,10.52852412735626,0.001175460463625932,-374.9950909414872
0.3939039975212101,1.084247987053389,0.3632969599433657,0.6138593556193537,12.02895961926981,0.0005238030513501357,-320.6963000778101
0.2525991579550639,0.5625612647816647,0.4490162650162201,0.3220105722039207,3.226311792362594,0.07246371701730026,-166.9860229652952
0.2816249230007409,0.7895772986629237,0.3566780902612661,0.3791196218633891,7.99673022089496,0.004686189813287722,-240.9556513976798
0.3619815410580226,1.553716885135686,0.2329777995728036,0.5949171534202298,22.00293365310472,2.722340420979741e-06,-285.2166375897332
0.6331270937986369,0.8886653491775192,0.7124471482820963,0.6878660001388628,1.164926073290871,0.2804462540197985,-345.5434154315556
0.9661457784987305,0.5805774413163948,1.664111813073726,0.7952665142839512,3.66262851590443,0.05564577976656482,-383.2605526413689
0.490307409349206,0.8222202823237655,0.5963212291035869,0.5701149691038888,2.768530770942789,0.0961343634694023,-312.3124561060564
1.199222852387752,1.068071333102899,1.122792846526307,1.153444600497784,0.2549364129242804,0.6136204470317119,-520.3569009817633
0.6714951469882759,1.808837335217953,0.3712302559850497,0.8746880577765945,14.65057181867064,0.0001293953817212978,-442.6522056435077
0.4539260780425704,1.302057315715387,0.3486221939417243,0.6015556136513103,12.12811778468767,0.0004966722415595815,-340.3371273826023
1.334580765098957,1.189320319982262,1.122137360874203,1.291542070078037,0.2214299700242464,0.6379525064484551,-482.71187352839
0.7245178214715574,0.891122933041234,0.8130391381567469,0.7778921626669678,0.5804460080438503,0.4461375531553955,-380.9036789426821
0.8717531935006049,0.697514715211994,1.249798999918812,0.7947279440186781,0.7353763588205311,0.3911460329390942,-369.8050402255387
0.1794784196677096,0.7120005001742704,0.2520762550360289,0.3109393848516126,10.50806135991405,0.001188548842687931,-160.1993792909566
0.7453729311028001,0.9018427237553942,0.8264999112028837,0.7874586911392916,0.4851896979012054,0.4860809530830309,-414.3249587098776
0.5466297526985275,0.8528611609219804,0.6409363888813939,0.6082303493528759,1.705624936174559,0.1915539980934645,-307.3801429134774
0.4993102092919769,0.6366087948080388,0.7843281672577859,0.5356471307923537,0.6611334755771168,0.4161600688328975,-334.3776884268715
0.7474001836288899,1.038946305655572,0.7193828781722097,0.7975449738104727,1.243292796552169,0.2648373941190967,-444.1501010705599
0.5578413751211913,1.16642285861674,0.4782496939255246,0.6631978663482476,6.030330674086827,0.01406209865615682,-367.9895245493011
0.5606959587403099,0.8738458007724178,0.6416417613321416,0.6385973306141991,1.953591329312417,0.1622003759402622,-303.3138033492699
0.5200231660939377,0.8040969364006781,0.6467170095457401,0.6341342839388553,2.579077819890585,0.1082847310000815,-349.3465496518098
0.6085829831428642,0.9087092979839417,0.6697224123193892,0.6978082775369007,2.259487471395914,0.1327980052734853,-383.6251143726839
0.8001461866540419,1.083347112265819,0.7385870858884163,0.8601324649870105,1.261936133444465,0.2612849249587208,-466.3247467474666
1.032802595008438,0.8306911500629552,1.243305162129349,0.9313594141459851,0.8218182344018032,0.3646490927092938,-437.473224695114
0.9019622063839171,1.351155112415287,0.667548972058134,0.9467948031973593,1.368218235160043,0.2421182516311244,-462.0588490379472
0.3567501458334815,0.8813831285341084,0.4047617140423579,0.4851076017571474,6.776646957330627,0.009235822809470884,-234.3352423946823
0.6742466825468182,1.102509218828459,0.6115565031404288,0.8249545336830786,3.866428440671939,0.0492612441216852,-421.2150235306363
0.6399230894096795,1.012845224532441,0.6318073817301028,0.7148120359269706,2.211498040532661,0.1369855932268343,-350.2410398879252
0.7374167827728301,0.7641750616832342,0.9649840982098209,0.7400547804026528,0.007755325516086486,0.9298255499067196,-413.0841335340087
0.9207779915183146,1.314502893707875,0.700476199729798,1.008011918259312,1.853806791030934,0.1733412904518448,-439.5941236245721
1.097894079247264,1.275715664751216,0.8606103300153251,1.155511316970247,0.422287665613112,0.5157977453396654,-482.3708475879724
1.192757389580191,0.8492677156030248,1.404453940337612,1.117102780685542,1.615208121106207,0.20376124339468,-552.6409265817167
0.612634111907863,1.116783877643696,0.5485699822247261,0.7355902113011368,4.213479709113244,0.04010398878019239,-339.5408203984729
0.818828220319667,0.7082634355501494,1.156106865355312,0.7874725969307632,0.2813381359118239,0.5958254935200595,-425.4563179530495
1.49668598570654,0.9555071464413168,1.566378641207222,1.384847151540231,2.813034198640935,0.09350137686854543,-601.8881140517101
0.5833423049991332,0.9683674056722904,0.6023977072980342,0.5927612183598855,0.4197069101629722,0.5170833266606989,-324.2375847327477
0.7198000808458791,2.774862402512424,0.2594002788009075,0.7545790128308736,2.316298849628311,0.1280243223674207,-220.6780912781395
0.5876649544624394,1.175330351968113,0.4999998115239545,0.7750983475963674,6.946878167675891,0.008396563337704221,-378.52808376341
0.7311854494980292,0.8701925610961218,0.840257067443791,0.7682983255776484,0.4698177133682293,0.4930710409077338,-434.9502310123942
0.8007127069933759,1.565389721614518,0.5115101344651308,0.957993943446007,6.686478080223878,0.00971469398947844,-438.8494058604585
0.4095747788751699,3.684498406727895,0.111161611069579,0.4517977196449292,4.943632261795585,0.02618695049772013,-136.4443065564459