dN/dS,LRT,p-value,Log(L)
9.555848176237971e-17,188.5290017486705,0,-80.85877404083055
0.05162610635920559,145.3158741000763,0,-114.0605996100776
0.3254802219301979,54.41432074941679,8.12128142513302e-14,-258.6556997182676
0.1271781009522395,107.5668280016336,0,-207.2124545981542
0.0100564888083128,177.2386457198783,0,-75.08424139069751
0.06363895120875888,134.6430645199652,0,-172.5021501334982
0.05488804998386478,134.557060536336,0,-163.9701481858364
0.213722536691902,86.68391242273248,0,-222.1617206048754
5.114956077737342e-17,188.6091734329293,0,-76.1910973475412
0.01006139873418433,177.0203386414485,0,-87.37591168204904
0.03024042090742515,161.0239252665568,0,-105.9588968021469
0.09775613734493721,116.4766657189539,0,-192.6731999674576
0.04003687165484045,155.8261167449617,0,-109.8009930201353
0.1304929596735735,103.0657626686173,0,-209.6423018883611
0.3226761557790324,54.77094588196724,6.772360450213455e-14,-250.3793806048329
0.255851467688244,73.70018483261316,0,-214.3635115048137
0.05077350168735157,147.2475697010619,0,-111.8044861441
0.04361430356780917,141.3456038735679,0,-180.5516416460632
0.1404106688842754,100.5221126410591,0,-205.2571303149801
0.07778052662556649,122.2516522520255,0,-168.2169166798675
0.04050298778191025,153.8583971304528,0,-101.3779142241174
0.2726925430960998,67.70854060073481,1.110223024625157e-16,-228.1063417456622
0.4094687767545218,37.97296357634536,3.586589913950888e-10,-256.1751959031549
0.101930695365011,111.3589321335023,0,-200.7264368848574
0.1333197391391046,107.8304967808897,0,-163.4532277979729
0.2276803232759066,80.65830058930146,0,-193.2908050006181
0.1209446672767692,105.5834795122257,0,-196.2417820642067
0.3620979022164891,51.3819508622953,3.801958747828849e-13,-258.7086902030218
0.1219746046389857,113.2656759532003,0,-143.5652462344144
0.09091587819825335,127.4400722538483,0,-127.7918630044424
0.2726968018142735,66.50139048267795,1.665334536937735e-16,-222.4339482055507
0.3491264077414466,48.29424785910896,1.83414394783199e-12,-249.4905106759435
0.07102806437019828,136.2993522994276,0,-145.9966854062589
0.2847198408542223,59.36787133510074,6.550315845288424e-15,-250.5137984245076
0.4893165913736587,28.19416964839002,5.486731069481721e-08,-300.8888141831441
0.1445473919683116,96.00922519071287,0,-215.3448692693243
0.4837515643675774,31.78951420076964,8.590892386362015e-09,-284.1339910821234
0.3254957752294702,57.68207335557594,1.543210004228968e-14,-235.1614726089565
0.5310138678926886,22.2509780249087,1.196184488627683e-06,-298.9490317499428
0.1665842353418704,94.74618717292947,0,-166.4233263588814
0.2758955454814871,65.5807913623301,2.775557561562891e-16,-220.0897988841403
0.2309926280237077,70.44715798564613,0,-237.6655542708562
0.2582532905885516,69.51883576844386,5.551115123125783e-17,-214.6589462858527
0.7166478818060141,6.775069547915336,0.004621994442844446,-334.6221907517364
0.8430326697466795,1.893985015320368,0.08437656770349167,-362.7087598668342
0.1133694329489884,115.5277298142259,0,-138.5846257503655
0.1540802432349506,100.1460000200231,0,-161.7537098020742
0.5147727255623379,24.84915147630568,3.099816443530301e-07,-300.4059462973256
0.2876240962122559,58.07895134027081,1.260103132949553e-14,-229.0362660219861
0.4364224104094929,31.5319908417066,9.809070666833009e-09,-285.3193875694366
0.5042182687651153,27.59196827600783,7.489974940266819e-08,-288.0280119517371
0.6309740611157332,12.67475945978981,0.0001853124459380018,-309.6420544987779
0.3325295758409992,56.13658564756105,3.380629109983602e-14,-253.052917408573
0.3923080353104315,41.83581721938856,4.963413013925333e-11,-270.2013074251436
0.5295530433930865,23.80469515437142,5.33110321554453e-07,-292.5381540361693
0.8580144575073623,1.435969247843445,0.1153963595699311,-343.4464908167623
0.1845225730329636,90.56444936292763,0,-181.7446343558272
0.5990739254306695,14.74632418363387,6.149353151524428e-05,-301.1389546496432
0.2639290738855786,66.1667868503111,2.220446049250313e-16,-199.3039516133148
0.5623792689067395,19.2478855949912,5.739872368459853e-06,-298.99190100398
0.856020200933188,1.448427518158155,0.1143902191262633,-357.1343519787576
0.4680615623525681,30.04702344307532,2.108476598872144e-08,-279.4719056415507
0.7679250967756128,4.547302145451908,0.01648532875779363,-334.8872589944149
0.4375100938464544,32.76982472140344,5.187141938201023e-09,-268.4423572065515
0.4542815930738939,28.97372686052574,3.668332049233669e-08,-303.3618496730383
0.3564014668037739,47.29997393180497,3.045674823454192e-12,-242.8448264442836
0.5490555628389208,17.90965175710244,1.158216860125405e-05,-294.7985112258826
1.084951570772515,0.4258271841708847,0.2570218106644623,-382.02079283462
0.6033461621381506,15.28277145225798,4.627842524118631e-05,-325.1051213731657
0.8037298466024806,2.922272560089027,0.04368237140032699,-365.3510166970802
0.7882624609981183,3.640087387982817,0.02820198682304947,-339.4338923221262
0.6409688777908241,10.8755751536894,0.000487203822327531,-319.3000431403059
0.5626589595453618,17.90526563746357,1.160889179829816e-05,-312.403086116023
0.5329574352157664,19.91450012459779,4.049188433163931e-06,-296.870690702743
0.5188377662429793,22.29250996667429,1.170590027799179e-06,-293.6529870828365
0.7208147455353446,7.023924620662115,0.004021387877237659,-360.1320113111977
0.4191364152897485,36.7815498669288,6.606741820291973e-10,-270.0397345495746
0.8122590302342892,2.844962287720136,0.04583037217412395,-342.9854867163677
0.9705463135421215,0.05523992632470254,0.4070920428879778,-353.0662714853258
1.169947326281626,1.521423714882644,0.1087020849441268,-403.914847336718
0.5969073658751756,13.82317663067033,0.0001004216987472439,-316.3573918599976
0.7257685934634603,6.579149522549187,0.005159009005801851,-327.5028251467548
0.7355547838498363,5.95036938596229,0.007357101254373555,-343.2335772303834
0.6567498418841691,11.2374686060466,0.0004008120675318971,-327.2315592754305
0.8427283897497222,1.600540341422743,0.1029133266764143,-374.436595179529
1.235976191444266,2.850711157143792,0.04566676385060031,-387.6551899781175
0.9532944005138632,0.1427536360076829,0.3527793636925189,-365.4246665648534
1.018430201399446,0.01844461763369054,0.4459853621314157,-389.5393637417966
0.7853545278642974,3.706264005663229,0.02710429906333633,-355.50674149659
1.108545562991186,0.63699166508286,0.2124011314400207,-407.492417032486
0.7705721154586771,4.263639752752511,0.01946820536735433,-350.407979799699
0.7295634665023973,5.673152539109651,0.008613235537781816,-333.4885305291085
0.9408088410917369,0.24185381395489,0.3114351936055613,-341.6962959252065
1.038165507163542,0.0965935390689765,0.3779782312053815,-382.1141494139531
0.9395761286614076,0.2729764407843049,0.3006710515880364,-379.1809906796684
0.8142656459695006,2.710972966796021,0.04983009534262695,-347.3291680237554
1.144468300425229,1.203284474683528,0.1363331022835197,-385.1876859390807
0.9497559443400974,0.161561767559192,0.3438613435704499,-362.1595650208038
0.7964842570133756,3.376299075830502,0.03307020893715951,-355.8141678833416
0.9064478083612989,0.5825030217965832,0.2226664427109957,-341.9953462366557