Codon,alpha,beta,beta-alpha,Prob[alpha<beta],Prob[alpha>beta],BayesFactor,PSRF,Neff
1,1,0.03972950871947832,-0.9602704912805217,1.725742051082163e-11,0.9999999999751823,1.337953398072113e-10,0.9996228929396791,540.3708088903753
2,1,0.03786523753100964,-0.9621347624689903,4.303150626573681e-12,0.9999999999937618,3.336196738994397e-11,0.9996325150616621,539.2592290558422
3,1,0.03972950854276428,-0.9602704914572358,1.72574940260961e-11,0.9999999999751822,1.33795909764994e-10,0.9996228930321822,540.3707981819177
4,1,0.0757788324881383,-0.9242211675118617,4.492365374797911e-10,0.9999999993569684,3.482893354438312e-09,0.9983862210472914,735.6223049244054
5,1,0.03972950884431419,-0.9602704911556859,1.725728920180777e-11,0.9999999999751825,1.337943217793943e-10,0.9996228927839311,540.3708269202482
6,1,0.07578926403331941,-0.9242107359666806,4.510355693807048e-10,0.9999999993544104,3.496841098515614e-09,0.9983861559137526,735.6363305494897
7,1,0.0758127076814995,-0.9241872923185005,4.548457257029295e-10,0.9999999993489908,3.526380922267604e-09,0.998386009768724,735.6678028577174
8,1,0.07581471189738892,-0.9241852881026111,4.551806506284919e-10,0.9999999993485142,3.528977567243453e-09,0.9983859972519445,735.6704984699732
9,1,0.03972950892535031,-0.9602704910746497,1.725729033660209e-11,0.9999999999751825,1.337943305773599e-10,0.9996228927814612,540.370827206182
10,1,0.03786676411030769,-0.9621332358896924,4.3087219187094e-12,0.9999999999937541,3.340516115253381e-11,0.9996325087679993,539.2599546157757
11,1,0.323007351736513,-0.676992648263487,2.175779137580429e-06,0.9999969006519894,1.68686706255404e-05,0.9989541454686344,630.8388176962741
12,1,0.1830693177905336,-0.8169306822094664,1.889276813118225e-07,0.9999997343228385,1.464740809871565e-06,0.9987621581524009,662.7331396387326
13,1,0.1047688057567145,-0.8952311942432856,1.712385329295393e-09,0.9999999975356507,1.327598045482302e-08,0.9982490566378821,766.4003460433485
14,1,0.1039841311073101,-0.8960158688926899,1.406475688248467e-09,0.9999999979731354,1.090428855130498e-08,0.9982487858770805,766.4636617838397
15,1,0.03762577129438506,-0.962374228705615,3.55819104829809e-12,0.9999999999948364,2.758635800182125e-11,0.9996335885694804,539.1354993183764
16,1,0.03785805988953887,-0.9621419401104612,4.280201747102086e-12,0.9999999999937946,3.31840466441903e-11,0.9996325497542295,539.2552295859097
17,1,0.1040669275558456,-0.8959330724441544,1.436380426810246e-09,0.999999997930342,1.113613749225856e-08,0.9982488011946489,766.4600795845707
18,1,0.07177034369265547,-0.9282296563073446,9.293712327249111e-11,0.9999999998656668,7.20533754282184e-10,0.998409021148622,730.7454218554255
19,1,0.1393310835389434,-0.8606689164610566,1.480056210798641e-08,0.999999978866458,1.147475235136448e-07,0.99862873562932,686.8790790097556
20,1,0.1104061216736371,-0.8895938783263628,6.346535729355057e-09,0.9999999909516548,4.920416173144891e-08,0.9982557076237834,764.8483479884787
21,1,0.1907226652538753,-0.8092773347461247,3.97710162483831e-07,0.9999994440919592,3.083414897544402e-06,0.9987088664916067,672.1698512047844
22,1,0.07198957335877117,-0.9280104266412288,1.016770017610959e-10,0.9999999998531115,7.882933022245163e-10,0.9984079307981639,730.9771647523924
23,1,0.1928076897673697,-0.8071923102326304,4.805721350777048e-07,0.9999993293111125,3.725837414297304e-06,0.9986954256799757,674.5927396745519
24,1,0.1852874200963933,-0.8147125799036067,2.361311320115435e-07,0.9999996685368071,1.830705376063588e-06,0.9987461398199953,665.5414850173188
25,1,0.104231411929193,-0.8957685880708071,1.496343964265994e-09,0.9999999978445411,1.160102979109856e-08,0.9982488787732949,766.4419373934007
26,1,0.1403454909074952,-0.8596545090925048,1.747166639841872e-08,0.9999999750850137,1.354563726433344e-07,0.9986294118206668,686.752245925188
27,1,0.7243215951180977,-0.2756784048819023,0.03280899355436277,0.9580047533071836,0.262993953604492,1.00141168314986,390.9541040900959
28,1,0.2389873865398772,-0.7610126134601228,2.258001199416401e-06,0.9999968685865905,1.75061342297777e-05,0.9984409495015919,724.0242561976651
29,1,0.5020646518804669,-0.4979353481195331,9.014667425715208e-05,0.9998715373324197,0.0006989626452277416,1.000062047811138,493.9323750314192
30,1,0.2385398796080799,-0.76146012039192,2.19370658307119e-06,0.9999969570411918,1.70076612203681e-05,0.9984416122078127,723.8860676727187
31,1,0.07587029987821077,-0.9241297001217892,4.645169540354133e-10,0.9999999993352373,3.601361147814851e-09,0.9983856500348525,735.7452830210907
32,1,0.07582598766633633,-0.9241740123336637,4.570757769535438e-10,0.9999999993458195,3.543670323365716e-09,0.998385926841213,735.6856624874908
33,1,0.1403157127924734,-0.8596842872075267,1.739076808460228e-08,0.9999999751995011,1.348291747514321e-07,0.9986293827106731,686.7577051111268
34,1,0.5212483535204477,-0.4787516464795523,0.0006045219234006797,0.9991702926008698,0.004689642971790764,1.000301674413458,471.8296399397256
35,1,0.191412975220821,-0.808587024779179,4.236460644773997e-07,0.9999994081451327,3.284493944577675e-06,0.9987043637384488,672.9795816391427
36,1,0.8687735884187285,-0.1312264115812715,0.1980659346935055,0.7696797856761186,1.914856488551523,1.000155112697811,485.1047754790993
37,1,0.07227478698278264,-0.9277252130172173,1.146702680349981e-10,0.9999999998344634,8.890290104132524e-10,0.998406479461436,731.2858609207788
38,1,0.1046247164265067,-0.8953752835734933,1.652729703638291e-09,0.9999999976209238,1.281347537024679e-08,0.9982489728841936,766.4199302029696
39,1,0.1912561494689038,-0.8087438505310962,4.176104096567714e-07,0.9999994165084525,3.237699977512004e-06,0.9987053832103522,672.7960781701569
40,1,0.2384558829288848,-0.7615441170711152,2.181634884966016e-06,0.9999969736487486,1.691406994374654e-05,0.9984417427747431,723.8588479070829
41,1,0.3369152608480295,-0.6630847391519705,3.003584927318191e-05,0.9999586879124914,0.0002328724252100949,0.9988325856508653,650.663333390232
42,1,0.4891238148726583,-0.5108761851273418,0.0002608785559954267,0.9996385064101677,0.002023097437648815,1.000008857146708,499.1246891508837
43,1,0.3624551930904899,-0.6375448069095101,7.775243398189083e-06,0.9999889690591386,6.028128134534337e-05,0.9993419116920051,574.9969848182222
44,1,0.284432694394746,-0.7155673056052541,6.069938845613753e-07,0.999999133306067,4.705975744709721e-06,0.9985018450309504,711.5438563055028
45,1,1.117584750153028,0.1175847501530283,0.6422766635916181,0.3110314553139283,13.92002371736648,0.9984060924359316,731.3682246715597
46,1,0.488938090950575,-0.5110619090494251,0.0001857251487556181,0.9997406393962281,0.001440179043189833,1.000003365829489,499.667006480029
47,1,0.1793287372514721,-0.820671262748528,6.579754810187725e-10,0.9999999990291195,5.10122895069523e-09,0.9990373721247855,617.9521695560616
48,1,0.4670032329577447,-0.5329967670422553,0.0001624924362759219,0.9997741234738274,0.001259995026027298,0.9998700426589122,513.2082194760948
49,1,0.6644525751002882,-0.3355474248997118,0.009765517266478703,0.9870406770360447,0.07645789055855803,1.001814887406446,368.0877342905247
50,1,0.5378258921974968,-0.4621741078025032,0.000245946717309368,0.9996526423352264,0.001907273444392987,1.000422631516951,461.4129483289242
51,1,0.2201907102718823,-0.7798092897281177,5.914794713494512e-07,0.999999170988632,4.58569365075471e-06,0.9985021452935681,711.4833896316019
52,1,0.1899677988405992,-0.8100322011594008,3.707608679330538e-07,0.9999994814622178,2.874479107254507e-06,0.9987138580003952,671.2745148028919
53,1,0.4587894966040443,-0.5412105033959558,0.0001156418647858733,0.9998384913909522,0.0008966654108290148,0.9998359527759783,516.7901741670368
54,1,0.4314874950476527,-0.5685125049523474,0.0002686479350260518,0.9996352892236576,0.002083364693225187,0.9995543522986797,548.4243719284182
55,1,0.1391860277256112,-0.8608139722743888,1.445354959802916e-08,0.9999999793581458,1.1205716442925e-07,0.9986286209339301,686.9005970754583
56,1,0.828013456549099,-0.171986543450901,0.1124680106617088,0.8615508004050826,0.9824491999308004,0.9997642390462225,524.4923131392283
57,1,0.6259965007675515,-0.3740034992324485,0.01104903634806735,0.9857205894881824,0.08661931591252224,1.001438924043587,389.3191993469642
58,1,0.723518822990797,-0.276481177009203,0.04219095953983783,0.9471101491778416,0.3415116912877644,1.001400500379631,391.629276718712
59,1,0.4774269807422223,-0.5225730192577777,0.0005054399432322204,0.9993138293684414,0.003920615298891256,0.9999122806562347,508.8388957720369
60,1,1.108085752607655,0.1080857526076546,0.5974518172932323,0.359491661348942,11.50668227224559,0.9992152064286384,592.1169630598356
61,1,0.1032203814951592,-0.8967796185048408,1.157623589433055e-09,0.9999999983295288,8.974959009461513e-09,0.998248662713364,766.4924663368406
62,1,0.4219546700500147,-0.5780453299499853,3.781256740076964e-05,0.9999466678434452,0.0002931687622501741,0.9997011290459336,531.4642733501827
63,1,0.8147129759142271,-0.1852870240857729,0.1300312448299875,0.8457253429010381,1.158801824083502,1.00070258001185,438.9952934928726
64,1,0.5961184746669594,-0.4038815253330406,0.003070250952295667,0.9958676910258797,0.02387670667371719,1.001289899758458,398.4359508930564
65,1,0.6830200084050336,-0.3169799915949664,0.01446148270099728,0.9809941696817969,0.1137638616110167,1.001763590734488,370.8457705109547
66,1,0.3392030839060163,-0.6607969160939837,3.314497771939372e-05,0.9999544555833758,0.0002569787613997798,0.9988476405776658,648.1403678789216
67,1,0.430443216707452,-0.569556783292548,0.0002594288947851781,0.9996476392439314,0.002011852485296383,0.9995483564989511,549.1403951488659
68,1,1.848390454096925,0.8483904540969252,0.9999467295308927,3.185693216194027e-05,145530.9781203143,1.006627467180098,217.4567679533848
69,1,1.261898224097931,0.2618982240979311,0.7920429263625607,0.1779385804620411,29.52841442601548,1.00061432821927,445.8215409753581
70,1,0.4879492269493823,-0.5120507730506177,0.0001263449348892326,0.9998221060985314,0.0009796655030869759,0.9999944032642142,500.5546961881464
71,1,0.7520806685324064,-0.2479193314675936,0.05275844240844359,0.9337974597232206,0.4318136108977459,1.00107009893569,412.6978969200452
72,1,1.769879441203881,0.7698794412038807,0.9994741942193418,0.0003465669668164411,14737.07637373565,1.00677741183084,214.739035307376
73,1,0.8621734445674946,-0.1378265554325054,0.1604422074683882,0.8061817370067587,1.48160739466698,0.9992368601168465,589.1188619523992
74,1,0.6265724797313261,-0.3734275202686739,0.005742233307040007,0.9923481829957943,0.04477617043016051,1.001609786844885,379.3713651485553
75,1,0.9094856681981174,-0.09051433180188262,0.2591946198232837,0.7027294440840364,2.712607510947607,0.9997108985702542,530.3728153675688
76,1,0.6637867280798033,-0.3362132719201967,0.007911591943945744,0.9893999951963071,0.06182706201629698,1.00185344501824,366.0417618490591
77,1,0.7978684376223395,-0.2021315623776605,0.08527897351985592,0.8943343218652056,0.7228004382598143,1.000334416865569,468.9633757133201
78,1,1.262404948421573,0.2624049484215729,0.8509336882105133,0.1196765371463137,44.25693325193888,1.000408597814259,462.5976780916433
79,1,0.5852433209576733,-0.4147566790423267,0.005544715259049361,0.9927424483915426,0.043227397897187,1.001058834720264,413.456600582235
80,1,0.4452689600915622,-0.5547310399084378,0.0002631598167739153,0.9996408989529574,0.002040793133932552,0.9996794931732788,533.8976269326174
81,1,0.7837163844362109,-0.2162836155637891,0.07101436236598464,0.9112616611910106,0.5926554703197469,1.000556790380075,450.3885772238006
82,1,1.308334092989075,0.3083340929890745,0.8701879675584923,0.105494074250133,51.97125800801948,1.001641102707465,377.6035204886123
83,1,0.5541662945901482,-0.4458337054098518,0.001364963524288766,0.9981463134942381,0.01059691259522948,1.000714849900798,438.0628788414915
84,1,0.5707812278821232,-0.4292187721178768,0.00180866757004748,0.9975485651735785,0.01404785650521472,1.000946390956596,421.1875056111445
85,1,0.6426365781669823,-0.3573634218330177,0.009323963375935926,0.9877436785877002,0.07296826268416332,1.001667687791876,376.1157461050187
86,1,1.455836607067279,0.4558366070672792,0.9363347244688318,0.05150823012134496,114.0233015793284,1.002857502603638,319.8220005028293
87,1,0.7682799040763886,-0.2317200959236114,0.04827709134853245,0.9381146696868445,0.3932744010974527,1.000760454031029,434.6320673046239
88,1,1.479784523662081,0.4797845236620812,0.973841861689874,0.01941749224048104,288.6334847160261,1.005356313742484,243.6540768425189
89,1,1.253673033664338,0.2536730336643376,0.8280802269036706,0.1409936473164547,37.34321374826504,1.000326367729814,469.664735605194
90,1,1.003932648097924,0.003932648097923597,0.4301989961233084,0.5209477842996372,5.853441573714112,0.998624037248888,687.7616557989019
91,1,0.7193980706707305,-0.2806019293292695,0.02494962577118474,0.967541902557657,0.1983819193492899,1.001485468458989,386.5574834910736
92,1,0.6437331077626146,-0.3562668922373854,0.009552555044540414,0.987450863840263,0.07477444842349229,1.00167168947699,375.8928255815166
93,1,0.7251050986813464,-0.2748949013186536,0.02050685552680084,0.9728728066439581,0.162316539910266,1.001398021219373,391.7792778725654
94,1,0.6740471658646665,-0.3259528341353335,0.01097830950569977,0.9854368972903378,0.0860586956374654,1.001816072548061,368.0245032540545
95,1,0.6317650232783791,-0.3682349767216209,0.004458136739450282,0.9939822836773372,0.03471834088886177,1.001720253570386,373.2086039334051
96,1,0.6261943825872468,-0.3738056174127532,0.004390656832939727,0.9940863121869974,0.03419051451503113,1.00165750847131,376.6840076953791
97,1,0.4907399097653384,-0.5092600902346616,0.0001421429920105978,0.9998001822802941,0.001102179411730973,1.000010986932116,498.9146726419256
98,1,0.7633214939628699,-0.2366785060371301,0.05360053655087201,0.9322407834150279,0.439096279083216,1.000879239026673,425.9451734429757
99,1,0.3924653581387992,-0.6075346418612008,1.72608029446141e-05,0.9999755661335911,0.0001338238734390883,0.9995592017597973,547.8466192122777
100,1,0.9968839927388894,-0.003116007261110609,0.4242530337916966,0.5214740533497685,5.712923434357661,0.997885353375821,862.1163671286073