dN,dS,dN/dS,dS=dN,LRT,p-value,Full Log(L)
0.04708730247206564,1.103363007006258,0.04267616566176807,0.3802531389715579,93.69964131370079,0,-369.0815919214195
0.04726486381543679,0.9967807781925989,0.04741751130187247,0.3843131102399779,89.28864037041876,0,-394.5122201219385
0.0473576082812299,0.768460868018914,0.06162657104885175,0.3046849912974862,64.46522723932355,9.992007221626409e-16,-333.9839873275872
0.056872039893815,0.8897047392227494,0.06392237490327264,0.3538552097417498,73.709596468634,0,-378.6170554081493
0.514800309948601,1.1025002821805,0.466938937131554,0.6322527948812338,11.81944138744893,0.0005861544322739443,-688.1162876443262
0.0284120739731646,1.094991057115832,0.02594731143101844,0.3968322269061218,107.5790173153205,0,-396.9064702171174
0.01894579427985094,1.21809824723366,0.01555358471525384,0.3959935821759981,119.8356371830273,0,-372.1320201164722
0.02843038141834216,1.135072063183011,0.02504720390934179,0.4099430648653499,111.858619111685,0,-400.7621026031167
0.05680479667321624,1.010733125144361,0.05620157810213544,0.3964493887557632,86.80160907842878,0,-411.3522343137031
0.03787527406448796,1.163671259423065,0.03254808757867415,0.4352226219289935,111.8113029357094,0,-437.6888295497647
0.1297082879267428,1.004638122790577,0.1291094623867677,0.4312375656462788,62.50400205653636,2.664535259100376e-15,-471.8965548457446
0.1429938710738928,1.05327171045675,0.1357616174955308,0.3255275558328107,53.60120895381033,2.455813330470846e-13,-374.9669531233278
0.02841634607773703,0.9428262777934485,0.03013953550832446,0.3795845545846189,97.01180893375499,0,-384.2268033145602
0.4888337566484179,0.7909202009713995,0.6180569873522482,0.5675016851720304,4.983680375959239,0.02558749344754818,-642.4096587036895
0.0851485994170654,1.11629372629459,0.07627795212977365,0.4515498885393496,87.26245665484714,0,-454.2523761935419
0.01641785500697764,1.043828205594175,0.01572850294616456,0.2478506230011559,95.11026811124015,0,-227.1096485777609
0.08516639743762343,0.7924297242707805,0.1074750161801367,0.3288147255597758,52.90654579911029,3.498312750593868e-13,-355.8382455116759
0.03790823424520866,0.6955607591986387,0.05450024853167831,0.2460936800679442,55.51611117220079,9.270362255620057e-14,-272.6023245000833
0.02842890594315997,1.109881662059087,0.02561435774190357,0.444010818162866,116.9493562355163,0,-438.7125216670215
0.06637719659856044,1.230047439790974,0.05396311918655767,0.4300762484634638,97.28017799988652,0,-428.0482358491228
0.553171439513704,1.057967312713786,0.5228625051701902,0.6486536806099529,8.268757102006703,0.004033310810485857,-653.6474147726468
0.04928111721870252,0.908219134891489,0.05426126286646721,0.2557088821365246,68.6664084080179,1.110223024625157e-16,-259.2707816961072
0.1946070367675707,0.9309792621889283,0.2090347708820158,0.3477706888921932,35.24042737160403,2.914109620277827e-09,-410.958758196332
0.04925627745500459,1.022786774714125,0.04815889164070587,0.2673570739760501,75.9142203638396,0,-264.267598098475
0.1616613408436736,1.161261285519708,0.1392118577098039,0.4757923850298207,62.7884474897578,2.331468351712829e-15,-481.1528329888694
0.2842731907290323,1.08554014499866,0.2618725728742009,0.4535356808875255,34.67135528561153,3.903330214605205e-09,-542.8235492321438
0.1164641225708495,1.346417991995472,0.08649923223191834,0.4020092937724737,83.11247988441596,0,-380.7999405583617
0.2587292444805363,0.8778583227858496,0.2947277912220152,0.393400188530851,24.20840629807947,8.645410493057781e-07,-469.8773261505962
0.3162838057645432,1.05475037945259,0.2998660270012824,0.4704738311660048,26.71288212020295,2.360425965797219e-07,-530.7707311697116
0.07396610312543732,1.005880797423634,0.0735336665287646,0.2856301125098884,65.95281122463473,4.440892098500626e-16,-280.7249864153832
0.09866082130820306,1.275109248153907,0.07737440650755487,0.3630310682069107,81.23760991402673,0,-349.8115472294443
0.05691340254684076,0.8033497533280296,0.07084511112509356,0.3477096293157479,68.56791983941071,1.110223024625157e-16,-381.0909795604559
0.1421229689672413,1.010297512261329,0.1406743728875767,0.4446363195649592,59.08512367433025,1.509903313490213e-14,-458.8089613590475
1.143586618979094,1.053683656658523,1.085322536562515,1.125615021288244,0.2142703413592244,0.6434407463591529,-1197.060854754499
0.1143944687570153,1.308418890004748,0.08742954540850456,0.4923655411117664,88.4586361987524,0,-475.5028654406658
0.06558603605299373,0.905587155772405,0.07242377018593341,0.2676114510578209,62.54432291347757,2.55351295663786e-15,-267.4485747607466
0.08222170492656646,1.158381057723233,0.0709798424088279,0.3245961546578405,76.36011918289864,0,-315.8152729049327
0.7678173201744146,0.9756794109659113,0.7869565674387701,0.8273908382703429,1.682294163489814,0.194619890940085,-821.902922095815
0.4658116494033924,0.9859964052856207,0.4724273302684682,0.5635289489006394,9.773056248367084,0.001770878368824613,-577.8538923219753
0.3840408864401345,0.9985292754833736,0.3846065367029183,0.5166655389093261,18.40905232617661,1.782093556701447e-05,-566.1469521790555
0.1423352185200673,1.040455557886418,0.1368008632768584,0.4495593096375415,60.85684012744855,6.106226635438361e-15,-480.06276403801
0.1709313190138866,1.015491214835867,0.1683237791884926,0.4713385924045685,53.8205036042616,2.197131365733185e-13,-493.4523170422738
0.9625169210994086,1.229151151129515,0.7830744983763097,1.019368633880071,1.598024052315168,0.2061834563005078,-935.8810393665465
0.3048810280761199,0.8022998825960317,0.3800088155187123,0.4095604152266904,15.40092239808337,8.694584229707036e-05,-518.2433544086456
0.9439445229401559,0.9751947395794075,0.9679548962161859,0.9541756799259105,0.03417354704174613,0.8533381509046174,-897.4447294761285
0.8458243785101301,0.9210096720672761,0.9183664451770773,0.8607001395806055,0.1884282369358061,0.6642280143364927,-951.7127755237767
0.462077325328082,1.060510746725503,0.4357120630364375,0.589302375065751,14.77372508772123,0.0001212127236372984,-641.80030905306
0.3310309207793197,0.9475396719365357,0.3493583757847044,0.46610163071948,20.8037255747131,5.088388391527587e-06,-532.8363922199266
0.1399299124372086,0.9567670761673692,0.1462528507959762,0.3246418581823499,44.59216988795924,2.426603362692958e-11,-330.8999044639586
0.5418781033160573,0.9009793438414455,0.6014323269673285,0.6435257759630187,6.51484463074803,0.01069776678784273,-691.177107441307
0.6223969541683081,1.306356320263569,0.4764373582566922,0.765519668015585,13.68031364502576,0.0002167144082405592,-731.0382133577467
0.9781017715136756,1.174413791585588,0.8328425453801341,1.018465384752868,1.114405091161643,0.2911263802172579,-1077.289322787797
1.043300847238593,1.081030439513569,0.9650984922386155,1.055967168483826,0.04564971612990121,0.8308138114597717,-969.6827949312924
0.9331010441341642,1.184121135614788,0.7880114762496016,1.012433156674973,1.862772434157478,0.1723051624215893,-871.1385060167772
0.1704421072065021,0.9206728931765781,0.1851277565242845,0.4286063939206403,44.58281948756314,2.438216295530538e-11,-467.8808527133145
0.2662142722724094,0.9772787923626801,0.2724036112855849,0.4111566007007235,27.75791940245836,1.374842477641636e-07,-473.7570433213522
0.1816503260175678,0.9800558337010726,0.1853469157278371,0.3632975090010074,38.67686790811445,5.001008496208215e-10,-370.5563071766658
0.5493965514789747,0.8276124356755522,0.6638331274354532,0.6236824401597842,4.006196437571361,0.04533331152558195,-685.3676062614522
1.202772032222701,0.8434241297387383,1.426058361165544,1.084229344155311,4.692690526618208,0.03029118102032602,-1083.79135641609
0.2805466030736514,1.003169713115125,0.2796601605948358,0.42860324143833,27.89043798942578,1.283826527309628e-07,-479.4611124768979
0.4739051423982438,1.149008342876096,0.4124470856425694,0.6173946762996297,18.02596377737518,2.179125728052345e-05,-672.1659663916328
0.4770237048736315,1.443693924914577,0.3304188627806664,0.687809463029503,33.45906544216518,7.277975111463775e-09,-721.4224685898345
0.5349544404871899,1.364289510152322,0.3921121114736581,0.629322786870068,16.14126902475709,5.878894404676149e-05,-769.6944386103125
0.5903114195500884,0.8749088915319416,0.6747118760177064,0.6668406719324163,3.883536960972833,0.04876172961979741,-718.9486112819271
0.3605348793263731,0.8973825641546389,0.401762741697581,0.5510667510850855,18.38647556908359,1.803334216399222e-05,-598.1293920552549
0.1069789042914206,1.049762372281103,0.1019077337083045,0.3319147511121789,62.31704310934003,2.886579864025407e-15,-331.5683176007303
0.4768938143451157,0.8307654853071793,0.5740414386242612,0.5547595185819326,6.0961312024574,0.01354781684046635,-632.4480896070556
0.5056053664874427,0.8866542344748405,0.5702396118221997,0.6304571019090427,7.724246462783867,0.005448409491424,-663.8051012591184
0.3144408924781115,1.14864231204341,0.2737500518492375,0.5043997667921214,31.22702081320176,2.295486178915951e-08,-506.802230922682
0.5244435570409575,1.118445465042741,0.4689040042027585,0.6429605877511054,13.47119762713805,0.0002422536294376387,-732.1852131893456
1.008294061600087,1.057759216611439,0.9532359026189198,1.01288022709378,0.02211792814955515,0.8817738103297584,-708.9836740147053
0.5411593466562932,0.9673529655201494,0.5594228435174226,0.6341428969013714,7.646795779606691,0.00568732510278358,-702.2731024224372
0.3719541607808851,1.017955464614794,0.3653933533542518,0.5942986194186003,23.57337244156929,1.202399634747664e-06,-635.874122119245
0.4510706511214294,1.206492350069069,0.3738694663879193,0.603941983831766,22.16040433624494,2.507931251338746e-06,-680.9475310399609
0.2307310549311504,0.9873898522312033,0.2336777660918509,0.4127808765333866,33.4525290642224,7.302475735215808e-09,-429.1363767151427
0.5259275577246393,1.23282319508528,0.4266042039290625,0.7701004379113706,21.87332381059559,2.912547872657711e-06,-763.1958396958394
0.8063475895027827,0.8582798638629655,0.9394926101068656,0.8238252501856771,0.109860366889734,0.7403031621383127,-804.7782355380834
0.5283151641636663,0.957161018369692,0.5519605939066888,0.635306758237777,7.803565313555737,0.005214324906537504,-631.5411160347119
0.7961323603079685,1.257055758442852,0.633330983896974,0.8945062785570985,5.012109574461192,0.02517061679490595,-790.9031546385613
0.464003979107095,0.9726042612133504,0.4770737674213327,0.5761039949524285,11.93880443310172,0.0005497674802127372,-661.6005621245255
1.329520014113856,1.271842150610823,1.045349860024164,1.315203297435979,0.07234608655608099,0.7879510154285858,-1156.155085675471
1.489469740051235,0.983079938627256,1.515105416687769,1.35746280734121,6.431847284552987,0.01120919380930807,-1248.477701276626
0.7999747436751847,0.9186427320020224,0.8708224816972956,0.8241595287985685,0.5124041799424504,0.4740999530544258,-940.0903982439836
1.106697381723349,0.994013677873947,1.113362327257323,1.065920055273758,0.4218744231241089,0.5160032224234641,-993.3403967851978
0.5110900491703856,0.9292922789667629,0.5499777203988426,0.5941561843997111,7.389118493414799,0.006561964036056578,-702.6531282609139
0.5420048362602737,0.9196147599230011,0.5893824891475813,0.6295095230612021,6.318599874833126,0.01194779316266803,-693.9169539808505
0.5590158061371632,0.8436644446567805,0.6626044390961409,0.628987470316857,3.525068351301798,0.06044733281133163,-627.2333393702031
0.6432218361106795,1.079729746627041,0.5957248451476262,0.7271972247376124,5.733686203907382,0.01664251320211518,-713.8788211406786
0.6015994306188471,0.7216798046745587,0.8336099011252479,0.6274124033782973,0.6698610923299384,0.4131000408026358,-720.2794364339713
0.7685628477784902,0.8616500048928765,0.8919663940279798,0.7943940569432548,0.3643524083531702,0.5460988995947214,-822.2733249449984
0.7954542228491776,0.809418283024482,0.9827480297045846,0.7999257670913931,0.00823271322178698,0.9277037154676268,-768.2666308529847
0.6739671426332373,1.033814819056043,0.6519225012160533,0.7563687567731013,4.334070759151246,0.03735680204297742,-716.5019276776877
0.835124038619778,0.8498556260586161,0.9826657764129199,0.8391615752512142,0.008038695159257259,0.9285583801731343,-828.2635763728892
0.9982521478483311,0.9494105824866192,1.051444092011056,0.983381880918665,0.09046300281215736,0.7635893666324235,-1032.848061597829
0.9428476475918636,0.9428682814870443,0.9999781158242504,0.9428553305914336,1.819171302486211e-08,0.9998923839968558,-1008.592534163832
0.5979530451230651,0.5810809189119411,1.029035760187611,0.597282324663824,0.001620099835463407,0.9678934459157186,-418.4933940319965
1.087875105217026,0.830530369878055,1.309855900124106,1.0026351387124,2.443674411918892,0.1179995306515815,-1008.152209136177
0.7656594977146299,0.7416047195601118,1.032436117948098,0.7598140935323042,0.02602496189660997,0.8718393714625179,-875.8527016987214
0.7089310164378393,0.7076355375015654,1.001830714919785,0.7086189319197286,8.305559390464623e-05,0.9927285923333266,-820.5190854004614
0.7423929891474255,0.999492157424566,0.7427701994784842,0.7579990992934567,0.7618312348240579,0.3827560493640432,-803.0278526171599