Codon,alpha,beta,beta-alpha,Prob[alpha<beta],Prob[alpha>beta],BayesFactor,PSRF,Neff
1,0.709416,0.528406,-0.18101,0.429701,0.507819,0.882579,1.02409,89.2465
2,0.688371,0.517032,-0.171339,0.428214,0.508965,0.877237,1.02436,88.454
3,0.910758,0.531543,-0.379215,0.413177,0.525963,0.824741,1.02406,89.3202
4,0.851386,0.520071,-0.331315,0.412879,0.52581,0.82373,1.02429,88.6659
5,0.632949,0.516994,-0.115955,0.437177,0.499298,0.909861,1.02443,88.2394
6,2.81441,0.519569,-2.29484,0.172373,0.786859,0.243962,1.005,252.231
7,0.910758,0.531543,-0.379215,0.413177,0.525963,0.824741,1.02406,89.3202
8,0.709416,0.528406,-0.18101,0.429701,0.507819,0.882579,1.02409,89.2465
9,0.718747,0.517058,-0.201689,0.424479,0.51302,0.863942,1.02435,88.4792
10,0.688371,0.517032,-0.171339,0.428214,0.508965,0.877237,1.02436,88.454
11,0.718747,0.517058,-0.201689,0.424479,0.51302,0.863942,1.02435,88.4792
12,0.910758,0.531543,-0.379215,0.413177,0.525963,0.824741,1.02406,89.3202
13,1.14124,0.486373,-0.654868,0.383285,0.55693,0.72799,1.02532,85.7641
14,0.910442,0.508462,-0.40198,0.404758,0.534225,0.796508,1.02462,87.7262
15,0.709416,0.528406,-0.18101,0.429701,0.507819,0.882579,1.02409,89.2465
16,0.688371,0.517032,-0.171339,0.428214,0.508965,0.877237,1.02436,88.454
17,0.910758,0.531543,-0.379215,0.413177,0.525963,0.824741,1.02406,89.3202
18,8.77168,0.529418,-8.24226,0.0323265,0.954353,0.0391308,0.999555,548.4
19,0.971094,2.58445,1.61335,0.787511,0.163293,4.3412,1.00178,369.922
20,0.709348,0.512448,-0.1969,0.42382,0.513536,0.861614,1.02447,88.1532
21,0.718747,0.517058,-0.201689,0.424479,0.51302,0.863942,1.02435,88.4792
22,0.851299,0.51165,-0.339649,0.409713,0.528913,0.813027,1.02449,88.0708
23,0.709416,0.528406,-0.18101,0.429701,0.507819,0.882579,1.02409,89.2465
24,0.910153,0.483666,-0.426487,0.394151,0.544655,0.762058,1.02529,85.8457
25,1.14124,0.486373,-0.654868,0.383285,0.55693,0.72799,1.02532,85.7641
26,0.910758,0.531543,-0.379215,0.413177,0.525963,0.824741,1.02406,89.3202
27,2.73227,0.531631,-2.20064,0.177269,0.781091,0.252385,1.00487,255.402
28,0.76695,0.517103,-0.249847,0.419032,0.518947,0.844858,1.02434,88.515
29,0.76695,0.517103,-0.249847,0.419032,0.518947,0.844858,1.02434,88.515
30,5.34936,0.538136,-4.81122,0.136611,0.830153,0.18534,1.00402,279.001
31,2.33575,0.514128,-1.82162,0.183121,0.773995,0.262584,1.0053,244.982
32,0.851386,0.520071,-0.331315,0.412879,0.52581,0.82373,1.02429,88.6659
33,2.48449,0.519092,-1.9654,0.180098,0.777616,0.257297,1.00514,248.777
34,0.76695,0.517103,-0.249847,0.419032,0.518947,0.844858,1.02434,88.515
35,0.709348,0.512448,-0.1969,0.42382,0.513536,0.861614,1.02447,88.1532
36,0.910442,0.508462,-0.40198,0.404758,0.534225,0.796508,1.02462,87.7262
37,8.50751,0.492937,-8.01458,0.0986469,0.876661,0.128197,1.00381,285.565
38,0.917376,3.53581,2.61844,0.825683,0.129513,5.54834,1.00265,328.231
39,0.688371,0.517032,-0.171339,0.428214,0.508965,0.877237,1.02436,88.454
40,0.910442,0.508462,-0.40198,0.404758,0.534225,0.796508,1.02462,87.7262
41,0.688642,0.576102,-0.11254,0.446609,0.491168,0.945332,1.02319,91.9615
42,0.910758,0.531543,-0.379215,0.413177,0.525963,0.824741,1.02406,89.3202
43,0.776458,1.38912,0.61266,0.66819,0.27676,2.35885,1.00908,180.214
44,0.76695,0.517103,-0.249847,0.419032,0.518947,0.844858,1.02434,88.515
45,1.93271,0.488873,-1.44384,0.187994,0.767913,0.27119,1.00601,229.51
46,0.910758,0.531543,-0.379215,0.413177,0.525963,0.824741,1.02406,89.3202
47,0.709416,0.528406,-0.18101,0.429701,0.507819,0.882579,1.02409,89.2465
48,0.709416,0.528406,-0.18101,0.429701,0.507819,0.882579,1.02409,89.2465
49,4.69636,0.536919,-4.15945,0.144206,0.820912,0.19738,1.00418,274.327
50,0.709416,0.528406,-0.18101,0.429701,0.507819,0.882579,1.02409,89.2465
51,0.910153,0.483666,-0.426487,0.394151,0.544655,0.762058,1.02529,85.8457
52,0.718747,0.517058,-0.201689,0.424479,0.51302,0.863942,1.02435,88.4792
53,0.709416,0.528406,-0.18101,0.429701,0.507819,0.882579,1.02409,89.2465
54,0.709416,0.528406,-0.18101,0.429701,0.507819,0.882579,1.02409,89.2465
55,0.632949,0.516994,-0.115955,0.437177,0.499298,0.909861,1.02443,88.2394
56,1.93372,0.518256,-1.41546,0.197558,0.756953,0.288382,1.00543,241.916
57,0.709341,0.510208,-0.199134,0.422855,0.514477,0.858214,1.02453,87.9786
58,1.14124,0.486373,-0.654868,0.383285,0.55693,0.72799,1.02532,85.7641
59,0.910153,0.483666,-0.426487,0.394151,0.544655,0.762058,1.02529,85.8457
60,0.718747,0.517058,-0.201689,0.424479,0.51302,0.863942,1.02435,88.4792
61,4.18466,1.48433,-2.70032,0.558233,0.389393,1.48017,1.01149,154.509
62,5.46648,1.2706,-4.19588,0.270908,0.667565,0.435239,0.999941,505.928
63,0.97844,0.526359,-0.45208,0.407155,0.532382,0.804466,1.0242,88.9075
64,1.14124,0.486373,-0.654868,0.383285,0.55693,0.72799,1.02532,85.7641
65,0.921592,1.21729,0.295701,0.640375,0.303208,2.0858,1.00962,173.799
66,0.781664,0.51482,-0.266844,0.41698,0.521092,0.837762,1.0244,88.3256
67,0.718655,0.488563,-0.230092,0.41247,0.524728,0.822341,1.02511,86.3535
68,1.14124,0.486373,-0.654868,0.383285,0.55693,0.72799,1.02532,85.7641
69,0.781664,0.51482,-0.266844,0.41698,0.521092,0.837762,1.0244,88.3256
70,0.718966,0.557043,-0.161923,0.437706,0.500179,0.911817,1.0235,91.002
71,2.92327,1.1963,-1.72697,0.339064,0.591683,0.600912,0.999932,506.85
72,0.632937,0.508418,-0.124519,0.433732,0.502628,0.897197,1.02465,87.6272
73,0.710397,0.954692,0.244294,0.634688,0.307578,2.0351,1.01126,156.661
74,1.03305,3.0571,2.02405,0.800633,0.151198,4.70401,1.00215,350.958
75,0.91047,0.510673,-0.399797,0.405695,0.533303,0.799613,1.02455,87.8993
76,0.91047,0.510673,-0.399797,0.405695,0.533303,0.799613,1.02455,87.8993
77,0.97844,0.526359,-0.45208,0.407155,0.532382,0.804466,1.0242,88.9075
78,15.0583,0.530046,-14.5282,0.0144512,0.979083,0.0171758,0.999423,564.569
79,5.22868,0.537924,-4.69076,0.137931,0.828544,0.187418,1.00405,278.19
80,1.02793,3.02748,1.99955,0.799948,0.15183,4.68391,1.00213,352.018
81,0.709348,0.512448,-0.1969,0.42382,0.513536,0.861614,1.02447,88.1532
82,0.688736,1.061,0.372259,0.651855,0.291433,2.19321,1.01031,166.076
83,0.910442,0.508462,-0.40198,0.404758,0.534225,0.796508,1.02462,87.7262
84,0.633008,0.544403,-0.0886054,0.446727,0.490093,0.945783,1.02383,90.0047
85,0.726183,1.38583,0.659652,0.674897,0.270433,2.43167,1.00909,180.129
86,0.709416,0.528406,-0.18101,0.429701,0.507819,0.882579,1.02409,89.2465
87,1.00375,1.16334,0.159593,0.628889,0.314369,1.98499,1.00988,170.802
88,0.910758,0.531543,-0.379215,0.413177,0.525963,0.824741,1.02406,89.3202
89,0.851386,0.520071,-0.331315,0.412879,0.52581,0.82373,1.02429,88.6659
90,0.851299,0.51165,-0.339649,0.409713,0.528913,0.813027,1.02449,88.0708
91,0.718687,0.508464,-0.210223,0.421078,0.516332,0.851984,1.02457,87.8576
92,0.785458,1.1074,0.321941,0.643236,0.299965,2.11193,1.01004,168.992
93,0.97844,0.526359,-0.45208,0.407155,0.532382,0.804466,1.0242,88.9075
94,5.24984,3.05532,-2.19452,0.430005,0.464468,0.883674,0.998108,800.876
95,1.11421,0.97171,-0.142501,0.59941,0.343059,1.75272,1.01137,155.634
96,0.978283,0.517404,-0.460878,0.403973,0.53551,0.793917,1.02441,88.2988
97,0.910442,0.508462,-0.40198,0.404758,0.534225,0.796508,1.02462,87.7262
98,2.8733,2.71926,-0.154044,0.520338,0.378954,1.27069,0.997096,1183.3
99,0.781664,0.51482,-0.266844,0.41698,0.521092,0.837762,1.0244,88.3256
100,0.978283,0.517404,-0.460878,0.403973,0.53551,0.793917,1.02441,88.2988