Codon,alpha,beta,beta-alpha,Prob[alpha<beta],Prob[alpha>beta],BayesFactor,PSRF,Neff
1,1.150713284359752,0.07142857159790462,-1.079284712761847,4.19755781442234e-79,1,3.492253143759254e-78,1.159120538128785,19.00043583281091
2,1.070217165217953,0.07143309672355835,-0.9987840684943947,1.523072181033711e-66,1,1.267154342487412e-65,1.165663448772924,18.42295434803597
3,0.9959840452300923,0.07142857621042058,-0.9245554690196718,2.360356117347432e-69,1,1.963751646940051e-68,1.183067668107233,17.08351223410575
4,1.057825825904376,0.0714285710384621,-0.9863972548659139,6.482744542458925e-80,1,5.393465917444645e-79,1.167826057285449,18.24174858228622
5,1.059556746512302,0.07142857103538096,-0.9881281754769212,1.482142465351082e-80,1,1.233101939975e-79,1.167487450419548,18.2698188195441
6,1.011071124985085,0.07142857102596198,-0.9396425539591232,8.834625400642005e-75,1,7.350166380870515e-74,1.176257642760429,17.5767933235234
7,1.005729068252896,0.07142857100035591,-0.9343004972525399,1.539109399129802e-80,1,1.28049686873465e-79,1.177606589378741,17.47614160509307
8,1.036175646249254,0.07142973900272045,-0.9647459072465335,1.070734533658999e-66,1,8.908218079699821e-66,1.172525616160886,17.86327979250105
9,1.226746695911401,0.0714285714197218,-1.155318124491679,2.946470513083845e-93,1,2.451382772372146e-92,1.16163817565627,18.77283033548263
10,1.144208855174657,0.1434064990077427,-1.000802356166914,6.081250604474247e-48,1,5.05943395669124e-47,1.193576763443678,16.38911571281727
11,1.093822932248536,0.0714285711617175,-1.022394361086818,3.506004106459729e-76,1,2.916899398204434e-75,1.162736190515617,18.67571621674137
12,1.115626628918799,0.143471991871257,-0.9721546370475416,3.13154327880343e-48,1,2.605358244892799e-47,1.18740448236293,16.78769560830574
13,1.122210049759252,0.3093421008946174,-0.8128679488646348,2.390143905606899e-21,1,1.988534270978567e-20,1.232112646490054,14.37319683763633
14,1.143109088887569,0.2856499594841667,-0.8574591294034023,4.261752076410736e-25,1,3.54566101165568e-24,1.133308076486908,21.81458998007847
15,1.084935980578688,0.07143091958235762,-1.013505060996331,1.93856008395965e-67,1,1.612828898821483e-66,1.163569732181332,18.60284287209163
16,1.186808103193911,0.07142863100610701,-1.115379472187804,2.455032301057588e-72,1,2.0425196389055e-71,1.159369789738509,18.977589741616
17,1.217042402443963,0.07176976863305813,-1.145272633810905,6.705259599627322e-65,1,5.578592351024702e-64,1.160726249990781,18.85446934059678
18,0.9961483509480988,0.1578210381152316,-0.8383273128328672,2.698310330342741e-36,1,2.244920296654523e-35,1.326801981572272,11.42520446869266
19,1.039250128299301,0.08870387549107908,-0.9505462528082224,3.300855162741163e-54,1,2.746221095411683e-53,1.188096683406519,16.74171837110027
20,1.11550048551527,0.09997832056976488,-1.015522164945506,9.261414930365614e-55,1,7.705243581184411e-54,1.167805377176039,18.24345977427893
21,1.106954501009384,0.1453701900138164,-0.9615843109955675,4.183293365102219e-44,1,3.48038551258309e-43,1.183018114269718,17.08697173360471
22,1.047457278018483,0.1347456721791285,-0.9127116058393541,1.197209776882912e-50,1,9.960457465751522e-50,1.267773127480738,13.01945792327779
23,1.214806303285958,0.2916823016589464,-0.9231240016270117,2.479996255055042e-27,1,2.063288964947592e-26,1.092528854437104,29.3100730334771
24,1.184547972730235,0.2009123744560857,-0.9836355982741491,4.845057686140538e-37,1,4.030955304054043e-36,1.089971919644865,29.9951037855801
25,1.086464954930438,0.2849290661931443,-0.8015358887372934,5.511079651102334e-25,1,4.58506733866592e-24,1.292948361493524,12.26109388827032
26,1.1446332926731,0.2717099904247404,-0.8729233022483598,5.081945618510329e-29,1,4.228039576174039e-28,1.115960862703458,24.38374211747302
27,1.164783686012086,0.1708153815514061,-0.9939683044606797,4.092563722333364e-43,1,3.404900934597523e-42,1.152822095447459,19.60182229923027
28,1.202710784364402,0.4146434212335705,-0.7880673631308316,1.853726118324661e-19,1,1.542249362747331e-18,1.024239388164177,88.80409753670075
29,1.196103274317855,0.2725706780463163,-0.9235325962715383,3.752966748287882e-32,1,3.122365552679342e-31,1.086991696341983,30.84168887621374
30,1.19897069988611,0.4214379226598622,-0.7775327772262479,8.14936114552851e-19,0.9999999999999984,6.780045287837926e-18,1.038219387818011,61.3143152732339
31,0.9884890350276642,0.187494651790674,-0.8009943832369901,8.602179461246971e-34,1,7.156777725253368e-33,1.253701000914478,13.50857269226699
32,1.028593411916784,0.429634255855199,-0.5989591560615853,1.760940668465341e-12,0.9999999991724525,1.465054409567136e-11,1.112176162986194,25.04569466600543
33,1.016935932051499,0.165440455320227,-0.8514954767312716,1.15292152893126e-36,1,9.591991371944945e-36,1.313066033615451,11.74256103690592
34,0.8726614976753544,0.2172049283159746,-0.6554565693593798,2.956391516384732e-26,1,2.459636775413563e-25,1.116259061993073,24.33334762577283
35,1.182442624473235,0.2916804833109808,-0.8907621411622544,8.072453509210311e-28,1,6.71606024067824e-27,1.155232686092745,19.36604143561322
36,1.101497182986586,0.1427876089678375,-0.9587095740187486,6.725333507046413e-47,1,5.595293292236514e-46,1.186460720551656,16.85092140140194
37,1.199661220395063,0.303802267086709,-0.8958589533083534,6.521136482865584e-24,1,5.425406960429094e-23,1.13361138674479,21.77540881148977
38,1.097611744081248,0.4090750106890385,-0.6885367333922094,7.094020003474535e-16,0.9999999999989588,5.902030360106989e-15,1.093794074033452,28.98424582275068
39,1.055461722099511,0.3554249619238673,-0.700036760175644,5.658552807079383e-19,0.9999999999999984,4.707760965615243e-18,1.262380361831541,13.20073846557934
40,1.152305551777533,0.2910460380968266,-0.8612595136807067,4.206646665033105e-25,1,3.499814818552521e-24,1.204082081122541,15.76523046458658
41,1.100143202326184,0.4414542216762786,-0.6586889806499053,1.200991123817147e-12,0.9999999995746036,9.991917236664966e-12,1.051219185405114,48.02036855542531
42,1.216424204104007,0.4352325823149141,-0.7811916217890928,1.154881833479169e-17,0.9999999999999909,9.608300568918097e-17,1.004610683437249,262.2414069772481
43,1.222425627143493,0.4355687714922798,-0.7868568556512134,4.934025312966976e-19,0.9999999999999998,4.104973933031566e-18,1.01018497728584,167.4352111811215
44,1.107198834748525,0.4005256632099614,-0.7066731715385635,1.150417288544603e-16,0.9999999999997422,9.571156777760248e-16,1.138801376504732,21.13068395132341
45,1.216724077921925,0.470549164243401,-0.7461749136785238,9.461197151439649e-16,0.9999999999997238,7.87145691771449e-15,1.079358966234063,33.28316427726106
46,1.092859909224056,0.6090700407211382,-0.4837898685029176,3.84501735880908e-07,0.9999918720591199,3.198950369659697e-06,1.201619430749122,15.90574392477154
47,1.064121723321932,0.4375375981925252,-0.6265841251294068,4.847675277557745e-12,0.9999999981343389,4.033133068445156e-11,1.107545004255791,25.9164412869264
48,1.01677155721476,0.4328187526701986,-0.583952804544561,8.995610527400492e-12,0.9999999966071803,7.48410159752715e-11,1.12497937423262,22.96220800757352
49,1.09994262295495,0.4262405500281944,-0.6737020729267557,1.40357082539145e-14,0.9999999999870728,1.167732487357457e-13,1.080632182625805,32.84560822202629
50,1.103728161350625,0.4310709909406474,-0.6726571704099775,7.677734003490928e-15,0.9999999999937972,6.387664422039323e-14,1.052251578837641,47.22346725702658
51,1.103696936091482,0.4092678524354538,-0.6944290836560281,3.099162288579788e-17,0.9999999999999319,2.578418147839694e-16,1.077491605186859,33.94937299615039
52,1.04717632923082,0.4339413659511434,-0.6132349632796762,8.00330836626579e-14,0.9999999999671612,6.65853337541583e-13,1.057146339823681,43.80575978181114
53,1.126538219484588,0.4918620486650147,-0.6346761708195734,1.0979100584704e-10,0.9999999869460877,9.134311004616318e-10,1.027371848324991,80.5806948026854
54,1.226558337517563,0.4599752682056428,-0.7665830693119207,4.571062944852591e-19,1,3.802999183152343e-18,1.037127885138424,62.80397437225403
55,1.204247974832197,0.3041867408562388,-0.9000612339759586,1.776185099667499e-25,1,1.477737358827968e-24,1.136596776697738,21.39875231032292
56,0.9594716156787962,0.6011836599204079,-0.3582879557583883,0.0001250136308242172,0.9987850728863286,0.00104020921150601,1.060628061769855,41.68517626374288
57,1.025689141584912,0.45350176488024,-0.5721873767046721,7.894634455375644e-11,0.9999999882480897,6.568119658308128e-10,1.101842720911469,27.09255488074781
58,1.00741722713375,0.4603146147971442,-0.5471026123366054,3.773514467283576e-10,0.9999999451010989,3.139460693331367e-09,1.090991818519703,29.71747821570519
59,1.161326128190076,0.7115078779469595,-0.4498182502431165,6.569558525898281e-06,0.99981671941926,5.46572868153006e-05,1.105407963887719,26.34294403359613
60,1.221103567752115,0.5831846685671545,-0.6379188991849605,1.630247268365484e-12,0.9999999997994025,1.356321079962795e-11,1.173245084911862,17.80711098756512
61,0.9656419812607815,0.434750341685609,-0.5308916395751725,7.589735312302755e-09,0.9999989384603278,6.314451968901722e-08,1.142036885114897,20.75187784765528
62,1.086542761104515,0.5918742702837405,-0.4946684908207746,5.73537387736088e-07,0.9999886835604992,4.77167672893817e-06,1.1348865614866,21.61254961146709
63,1.152118107727691,0.4290441547456297,-0.7230739529820618,2.258633817949492e-15,0.9999999999977339,1.879121479693208e-14,1.076895281231196,34.16852954461022
64,1.169009886533706,0.4347146692443987,-0.7342952172893068,3.240315445313005e-15,0.999999999997401,2.69585370850296e-14,1.043820942203308,54.71768421572472
65,0.997211858962574,0.6442355480200818,-0.3529763109424923,0.0001586554296233499,0.9984945824073149,0.001320179177353729,1.163842537545556,18.5791496959145
66,1.178308289054414,0.5912913542925349,-0.5870169347618788,1.542297745247871e-09,0.9999999228856609,1.28314948736516e-08,1.232613595874858,14.35133339155777
67,1.162615307276606,0.7633926562561405,-0.3992226510204656,5.819395271969531e-05,0.9985241321915896,0.000484185925836591,1.078275260115693,33.66614904351781
68,1.195539805686484,0.7548031097332885,-0.4407366959531956,4.712758253127235e-06,0.9998038599583138,3.920904277324242e-05,1.097998479050966,27.95911339065731
69,0.9858571457708486,0.6573969379634967,-0.3284602078073519,0.001017449261968927,0.9930338436339492,0.008473520589660234,1.200876169441045,15.9488185474322
70,1.134541486654879,0.4299050242818176,-0.7046364623730617,4.269589313966597e-14,0.9999999999742843,3.552181378665145e-13,1.082655524420686,32.176451577286
71,1.222029870320179,0.5756410143857336,-0.6463888559344457,6.975734087988702e-13,0.9999999999154288,5.803619717904147e-12,1.189008719766275,16.68164375419314
72,1.176138019276427,0.766557507124629,-0.4095805121517982,1.570273124113018e-05,0.9993321372393573,0.0001306444749195544,1.074944078763816,34.90850309718743
73,1.033137375509046,0.6391757427854599,-0.393961632723586,2.014657476318826e-06,0.99994144714789,1.676143222051756e-05,1.135626007718668,21.51946932855289
74,1.04378646936335,0.651218381201949,-0.3925680881614013,1.437967647549232e-05,0.9997638476471193,0.000119636690474152,1.190446813444593,16.58806560006093
75,1.059417307262652,0.6722809339340257,-0.3871363733286264,4.705241843504049e-05,0.9992941191611143,0.0003914816553681039,1.158555278284199,19.05250623920886
76,1.046866704693588,0.6635648579890729,-0.3833018467045155,2.311732996370313e-05,0.9995831568331509,0.0001923343004475544,1.156655728062949,19.23017049037438
77,1.160181814886873,0.6999384714222698,-0.4602433434646029,5.505246827962905e-06,0.9998711900705841,4.580239804907162e-05,1.136559248459597,21.40338813059382
78,1.213689869229141,0.751382134806698,-0.4623077344224431,6.686503600598539e-07,0.9999680187590106,5.562991593196612e-06,1.124161074854191,23.08297638598548
79,1.092819666386491,0.7907098201144848,-0.3021098462720061,0.0006551898543202142,0.9819956909717483,0.005454573933654487,0.9974820635706266,1000.882249189434
80,1.066361693636835,0.7887174605786846,-0.2776442330581506,0.001997377160481455,0.9651951215519816,0.01665088906225283,1.000260368866965,475.4962930666176
81,0.997950001201332,0.7317679770396845,-0.2661820241616475,0.003006512227962181,0.9706586859464543,0.02508878809617732,1.131148556928471,22.09861936735985
82,1.147623550304291,0.6446735384085222,-0.5029500118957689,4.088706756462795e-07,0.9999915655487875,3.401693435476007e-06,1.278407809775082,12.68244016685659
83,1.180270768909629,0.6571435356048736,-0.5231272333047556,2.57885247122333e-07,0.9999946666984776,2.1455351827422e-06,1.260274463173801,13.27355588187709
84,1.092953334081562,0.7900502226602405,-0.3029031114213215,0.001064472371329047,0.9782420206339468,0.008865555743268125,0.9996516571095232,537.0615128798617
85,1.197175112083693,0.7488905544453504,-0.4482845576383423,4.634009960562694e-06,0.9998473793433742,3.855387242206245e-05,1.120990348624261,23.56579345279286
86,1.017808026014956,0.6620686497573939,-0.3557393762575626,0.000463821255019237,0.9966151589450728,0.003860656470308864,1.221572203436554,14.85587233808759
87,1.150837494180384,0.7328314900071408,-0.4180060041732433,0.000131158688079266,0.9983811840685111,0.001091347504307635,1.131970700076086,21.98942770524372
88,0.9818331813781145,0.6628391684943563,-0.3189940128837582,0.001190889747899966,0.9909767020748184,0.009919689812369474,1.197362360297183,16.15677445272661
89,1.011023721429925,0.7549283430360172,-0.2560953783939075,0.005929492814874382,0.9512414193186125,0.04962601340904284,1.114266281726894,24.6749189384329
90,1.002368551308168,0.9390098583213993,-0.06335869298676911,0.09601335162633952,0.357266387164011,0.8836466688376519,1.379628049196892,10.41946937002186
91,1.162022477653419,0.7858413133508324,-0.3761811643025865,0.0001513306387628706,0.996310068455759,0.0012592200283999,1.085599039421909,31.25642644423885
92,1.167104791102584,0.7721255234203974,-0.3949792676821866,7.074215283125894e-05,0.9982180762743018,0.0005885969761338021,1.093054245738079,29.17374811119095
93,1.181881536572256,0.8077525423104079,-0.3741289942618484,0.0003054276581171787,0.9919413734861127,0.002541850820097147,1.127599866442469,22.58552773274576
94,0.9370460409708115,0.9963879634502394,0.05934192247942793,0.3465537472113402,0.03835375617180718,4.412348000125417,1.358835334227598,10.77978348481228
95,1.06622911469661,0.7792800736511882,-0.2869490410454214,0.002009270462114486,0.971718918276873,0.0167502357229973,1.016627824696738,118.7091052314559
96,1.022782163702486,0.6205837531464617,-0.4021984105560241,9.040084220502474e-06,0.9998697881741991,7.521170484141415e-05,1.139889062966453,21.0014442873595
97,0.9660580595415398,0.7815700066636293,-0.1844880528779105,0.01724667064127797,0.8644720476562104,0.146005688437747,1.097929602270517,27.9752310046921
98,1.175389746423107,0.6827719967879511,-0.4926177496351563,6.765380404884153e-06,0.9999216001823996,5.628649294433212e-05,1.238457623538926,14.10299148897655
99,1.08880126482758,0.7956687973840255,-0.2931324674435549,0.001477139174003141,0.9707250806727808,0.01230757338476203,0.9988428201059514,648.9460575463781
100,1.180257253485631,0.8230897192416888,-0.3571675342439422,0.0003815034237101369,0.9818690717197907,0.003175215359070341,1.171057205138057,17.97935179118927