dN,dS,dN/dS,dS=dN,LRT,p-value,Full Log(L)
0,0,0,0,0,1,0
0,0,0,0,0,1,0
0,0,0,0,0,1,0
1.145660038902259,4.644716755030587,0.2466587521534915,2.300055681553513,1.399851306160485,0.2367484684764648,-21.30418214025678
0,0,0,0,0,1,0
0,2.692423464268818,0,0.7990873572356687,2.424192231265931,0.1194748138141213,-9.995565381278434
0,0,0,0,0,1,0
0,4.48433728766537,0,1.50696904708132,4.337296268917786,0.03728608924789434,-15.29363021117363
0,4.687486080029255,0,1.528922102385762,4.453608280879298,0.03482758441392486,-15.47943443022423
0,0,0,0,0,1,0
0,3.602997160951266,0,0.8528484159835245,2.872848214512004,0.09008531420675214,-9.436273591013414
0,0,0,0,0,1,0
0,0,0,0,0,1,0
0,0,0,0,0,1,0
0,0,0,0,0,1,0
0,0,0,0,0,1,0
0,0,0,0,0,1,0
0,0,0,0,0,1,0
0,0,0,0,0,1,0
0,2.713129175903916,0,0.8008853385583212,2.434875497910401,0.1186633161319492,-10.95698767803853
0,0,0,0,0,1,0
0,0,0,0,0,1,0
0,0,0,0,0,1,0
0,0,0,0,0,1,0
1.126254915971955,0,inf,0.8545264970942449,0.5513558648903647,0.4577642171860955,-12.02028071351132
0,0,0,0,0,1,0
0,9.612857316193081,0,1.810690710518443,6.607160139548391,0.01015695137342343,-12.95462241201234
0,2.198704218724013,0,0.7487668892788084,2.148414125906825,0.1427172380037944,-9.619785413202575
0,0,0,0,0,1,0
1.056355119819925,0,inf,0.7777295910286958,0.6115459368667757,0.4342063307204962,-10.01497615312703
1.035854974422262,0,inf,0.7665705372594277,0.6013231743757821,0.4380736200480013,-10.03581869127851
0,0,0,0,0,1,0
0,2.220772745400685,0,0.7513014781016086,2.161513888115969,0.1415052146795042,-11.21594389290424
0,0,0,0,0,1,0
0,0,0,0,0,1,0
0,3.173121833157888,0,0.7896881239974942,2.768616007553121,0.09612924405668066,-8.862999598343364
0,0,0,0,0,1,0
0,2.198704035882769,0,0.7487668566589037,2.148414008955921,0.1427172488763709,-9.619912951473593
0,0,0,0,0,1,0
0,0,0,0,0,1,0
0,0,0,0,0,1,0
0,0,0,0,0,1,0
0,0,0,0,0,1,0
0,0,0,0,0,1,0
0,0,0,0,0,1,0
0,3.589772635947591,0,0.7490277265600891,3.124973367919132,0.07710113155826548,-9.315034608501161
0,0,0,0,0,1,0
0,0,0,0,0,1,0
0,0,0,0,0,1,0
0.9493257090015275,0,inf,0.7880461092812856,0.3719171607404022,0.5419611014666783,-10.24641809688351
1.110057760314023,3.399830727045287e-15,326503831935994.2,0.8971737640663792,0.4255444574141762,0.5141833533341094,-11.82287558884503
0,0,0,0,0,1,0
1.910644137722573,0,inf,1.581516255315803,0.7543370800744,0.3851065500358769,-15.1193746926933
0,3.176153085624475,0,0.7898732856516345,2.7700272856137,0.0960445241595228,-8.862533104672085
0,0,0,0,0,1,0
1.039622889381562,0,inf,0.7686369252122147,0.6032024562494982,0.4373587461201964,-11.91006454144405
0,0,0,0,0,1,0
1.062320005099878,0,inf,0.7804008358557761,0.6159286636998971,0.4325642560199414,-11.82880308829633
0,4.718988990661304,0,0.7878901500950526,3.562641643187419,0.05909362628767201,-9.047054523549287
1.145684025953795,0,inf,0.7514382800470338,0.8424237106738133,0.3587045072386267,-11.75124634835234
1.062307621826975,0,inf,0.7803953343873687,0.6159195121537451,0.4325676749855257,-11.83091970466599
0,0,0,0,0,1,0
0,0,0,0,0,1,0
0,0,0,0,0,1,0
0,0,0,0,0,1,0
0,3.603001481718449,0,0.749596982196678,3.130728734902529,0.07682938996295585,-9.311551395700908
1.12212061192997,1.000001001657956e-06,1122119.487950057,0.9035968081703388,0.4326302282417558,0.5107011496543206,-10.20387049633491
0,3.629791578870118,0,0.7497347701808533,3.14458494558632,0.07617938004534708,-9.757505684453927
0,0,0,0,0,1,0
0,0,0,0,0,1,0
1.357270589906323,0,inf,0.9514159959197918,0.7101078030930594,0.3994080262551557,-11.70649382112546
1.857317678808142,0,inf,0.80218938134091,1.677328537991642,0.1952798055377545,-11.33328483100096
0,4.484322362217373,0,1.504300185940664,4.342656036570435,0.03716889704423953,-15.74865718321353
0,0,0,0,0,1,0
2.080030785841051,3.144428694178816,0.6614972028755965,2.343980402803228,0.1067462214144967,0.7438793674466073,-20.01740813039067
0,7.279494765062232,0,1.709977034332547,5.757541307018734,0.01641803060406666,-13.22142875703283
0,0,0,0,0,1,0
0,0,0,0,0,1,0
1.10739014594175,3.814910818763136e-15,290279432089263.4,0.8931735781432861,0.4296975060904167,0.5121374147594209,-10.79707702706448
0,0,0,0,0,1,0
1.234105487513911,0,inf,0.7878711601171549,0.8960625612795567,0.3438396818366846,-10.37708868991898
0,2.285309205080409,0,0.7985700106577529,2.09949677364812,0.1473476268011038,-10.34253073667446
1.12568582144613,1.000001003756334e-06,1125684.691532991,0.9059066906363727,0.4338629093709123,0.510099539581958,-10.2019641869786
0,0,0,0,0,1,0
0,0,0,0,0,1,0
0,0,0,0,0,1,0
0,0,0,0,0,1,0
1.035216291125881,0,inf,0.7662209949255161,0.6010038033580862,0.4381952857826191,-10.03717674818379
1.237227650867358,2.696923010400948,0.458755272618413,1.696128494460116,0.2947015028191657,0.5872233298208815,-17.72081106559316
2.468414746584513,2.701225520041171,0.9138129076119829,2.541389506732046,0.005321385372781151,0.9418476353545597,-21.5545080734103
0,0,0,0,0,1,0
1.239306876515011,0,inf,0.790551932038558,0.897663614155519,0.343408955525723,-11.40567616726014
1.041737888115918,0,inf,0.7681852159521979,0.6084296551677895,0.4353796861226057,-11.90977626941945
1.035772409058959,0,inf,0.7662941815288292,0.6018842672819567,0.4378599945850897,-10.03336572592814
0.9325941831262617,0,inf,0.7405326337780617,0.4605126576605763,0.4973844794226117,-12.01541690615879
0,4.484260977234894,0,1.59018147453834,4.125080966169214,0.04225199875694818,-14.84446365045521
0,0,0,0,0,1,0
1.13091679247004,0,inf,0.7998623558696291,0.6911434355005888,0.4057757280871839,-10.01306082228487
2.876874514186366,3.556440909677474,0.8089195314220091,3.021313050337993,0.03211739125683266,0.857770255173564,-25.04614582659451
1.768927602669213,7.399528089384284,0.2390595158638563,2.375485273188122,1.0921936509571,0.2959856774412726,-22.64139292760921