dN/dS,LRT,p-value,Log(L)
4.004733053112191e-17,87.43631026801982,0,-50.38187651470346
0.1222867553737437,49.86525051749646,8.233969062132473e-13,-143.0162438279745
0.02458995369205586,70.84876450840397,0,-142.4825579126197
0.09085834124051485,59.83383747435931,5.162537064506978e-15,-112.9739426138902
5.114956077737342e-17,80.26849980863214,0,-57.87357939369794
0.2072142842253038,44.25446568261896,1.441730068663105e-11,-155.276731122407
2.731941657024047e-16,80.2682871519682,0,-76.96662345543926
0.02461502442311724,70.7711704836272,0,-158.9048913943518
9.555848176237971e-17,80.26825156905628,0,-63.85772202842534
9.555848176237971e-17,87.44001177158225,0,-41.8466699119821
0.02455594122026628,70.94788370726496,0,-69.63942338165005
9.555848176237971e-17,87.39688921592901,0,-83.05227429322282
1.12191815829597,0.4813123983345804,0.2439142274006625,-368.6184558542648
0.1741193645083138,52.96920955094271,1.694200335577989e-13,-149.5065544896163
0.02260269928205374,77.70117515126759,0,-96.36619453035959
0.09848878379866929,53.76333487514455,1.130762150580722e-13,-104.1888772651258
0.1976518265269742,38.27434548060688,3.073271082065787e-10,-164.8250340711891
0.09089368105275515,59.79243206738792,5.273559366969494e-15,-122.1682245816111
0.1367813175900476,50.94913026069182,4.739542092124793e-13,-89.98522840523275
9.555848176237971e-17,80.26830004228248,0,-69.83819277975219
0.1827670045742542,43.5078186260094,2.111344432620399e-11,-139.6688596465419
0.06765777668500118,65.44337422684811,2.775557561562891e-16,-100.4012858437514
0.09858737146678988,53.67783817925528,1.181277298201167e-13,-99.05918014872336
0.2250873041057317,34.43833494582248,2.199858739615479e-09,-194.1023847955265
0.1472357017725315,45.66594218817599,7.012002090078795e-12,-110.972513056376
0.1478077001877493,45.41080431555287,7.98755506181692e-12,-94.94508567738075
0.2217296680994893,35.36535919087845,1.366523894041904e-09,-234.0350664107218
0.1238496849575633,48.97649727154203,1.295241691678939e-12,-103.5445380732111
0.1827750861192276,43.52775548901812,2.089944883820749e-11,-127.2597109526805
0.3208933122592229,34.64254888365906,1.980759944952837e-09,-230.7007686112026
0.1371024020680267,50.7442661602249,5.260791802186304e-13,-124.5300395665015
0.3544691088721487,26.09394329022564,1.626012647304442e-07,-168.1746117413495
0.09041443511705767,60.25536771618511,4.163336342344337e-15,-78.34438442510569
0.6928291764747103,4.622285953016899,0.01577957625448351,-269.686678048977
0.7785349364454267,2.802599900392124,0.04705579406198351,-327.855453345719
0.7122669669855661,3.417745000063405,0.03224953031599176,-242.2176794427814
0.6634280712981423,5.501551581112949,0.009499804180765237,-233.9888224681198
0.360269481160209,26.61955502131013,1.238618497212407e-07,-176.6250917903436
0.7326398279298778,3.460971296327955,0.03141669760534416,-247.4766483162778
0.6200183237113852,7.630889515615877,0.002868849895307779,-245.5872555899903
0.3045926625696514,36.57685702659103,7.338192831163326e-10,-187.5278608169937
0.04523477304423201,70.95672697283608,0,-63.7945752727611
0.595358036582294,8.742670540381255,0.001554244704118524,-194.4746074570394
0.3488264355282877,23.92037758466876,5.020167099245576e-07,-174.0556095132231
0.1234716161450154,49.19173520599955,1.160627149943139e-12,-108.871292369975
1.571105629907519,8.69461933480045,0.00159575381426158,-402.5530778235986
0.3743870133742132,24.27004371483531,4.186559839358672e-07,-154.5882442966611
0.3748596674131201,21.44755553355122,1.818196544323136e-06,-177.2711711122405
0.2066772303040728,39.93609842482078,1.312042696710591e-10,-146.5534991576931
0.1133446024157031,55.46980969884279,4.746203430272544e-14,-124.1646222768459
0.5094583336382574,17.05331492680079,1.817243702756377e-05,-212.0646746940316
0.7558433682910634,2.614521858128683,0.05294471886863633,-293.213200766123
0.9671273874023713,0.0522529212032623,0.4095941957440321,-284.7675037155897
0.1356668336090339,51.53642312837076,3.51385587293862e-13,-133.4655780673606
0.2229554257493337,34.99963658817853,1.648834346834605e-09,-129.4278222575152
0.8148504750697941,1.78539960151079,0.09074384098498334,-347.1990831593767
0.4424934380753297,17.38828088123893,1.523494372562828e-05,-193.4086824347754
0.3818654830109454,19.3777512149457,5.362464447711268e-06,-200.2182723217796
0.8676303036663778,0.7282636801894569,0.1967232884796177,-270.6568728187814
0.4705365322221493,17.45509767298205,1.470871868203272e-05,-202.4198026974416
0.9590912468593461,0.0596695608741129,0.4035094886054441,-263.845933803857
0.7144590846773757,4.322333502331503,0.01880765287218999,-280.4124826781907
0.5810535823469921,9.380370492522729,0.001096606108331122,-244.2752789672509
0.04922715786326808,64.18863784740296,5.551115123125783e-16,-92.32199859575498
0.8580742163443544,0.8664068040744723,0.1759759908250697,-257.4275762625096
0.7120764167335062,3.422707932570574,0.03215272516378548,-261.4785363316442
0.8122247047317602,1.170148112560355,0.1396854047592629,-236.9019164784064
0.8581833000313842,0.9847018223612167,0.1605203761485607,-293.4554687775457
0.6051902588107116,8.793869147582427,0.001511222695311232,-228.9459297521652
0.5840916965169107,8.498372060913084,0.001777321882625194,-257.3092724616265
1.04062658171635,0.06328404374539787,0.4006893529470649,-286.4868050700792
0.5912768055884736,10.39527562279511,0.0006316907007741235,-260.6592867905978
0.3302957559296634,28.89770150072872,3.815170229737319e-08,-168.0642373449265
1.171465616587239,1.130564037695649,0.1438275303370773,-279.504838818665
0.8390088831937658,1.111170113902006,0.145913866599829,-232.7842946083583
1.010758815503968,0.00333255235739216,0.4769825402791066,-225.405906808366
0.3454919890074081,24.41212955507564,3.88887249180847e-07,-162.2870519763894
1.024656493146356,0.03251967716516901,0.4284459164631101,-313.6636240727026
1.042102798018814,0.0643908871692247,0.3998429628545577,-309.0381645536483
0.7104336131168976,4.378790478877477,0.01819440534335165,-257.4134050699921
0.5976317360947131,9.397041286414435,0.001086679440883254,-214.0902857361521
0.5787820320865245,9.588449713363957,0.0009790260099832859,-258.8236263512183
0.7131588222154726,3.794172223421242,0.02571564897281298,-247.4664009606613
0.9662801203764042,0.05687274442971102,0.4057543851515629,-293.6556103633624
0.9308067357065625,0.1735160344545648,0.3385028579274236,-261.6067648228396
0.5948787585057208,7.561449635323811,0.002981500397942982,-196.5513190659854
0.7535955476643271,3.012358485884647,0.04131598996463715,-288.6692724418191
0.6449593635349973,7.667730674261747,0.002810855811098911,-229.5678988706865
0.8692097658609692,0.6629053733683463,0.207768053640743,-196.8730310926068
0.7350216830443893,4.00760048841596,0.02264778576690057,-291.2324738360479
1.070259190209683,0.2101912544680999,0.3233087710254022,-319.0385651928474
0.8177317637212462,1.432048841566825,0.1157151786916527,-250.1825126711103
0.7652357227586175,2.747029709165986,0.04871764116161209,-272.0505658745741
1.021278617639255,0.02400847544561202,0.438431674057618,-322.9285528203606
0.3195495487784741,21.44185412927223,1.823610859652547e-06,-77.6687073093956
1.036953884016766,0.05089571004396021,0.4107559687075389,-303.1840130853407
0.8798617786009439,0.7529903350954328,0.1927655607044276,-296.45467082277
0.4907100349570176,10.89360882466957,0.0004824831832802023,-118.5861234561507
0.7022713051477011,5.239689796478046,0.01103860509630189,-294.8379151303441
0.7189670618634955,5.110781032186196,0.01188880688543587,-238.0171226641449