dN,dS,dN/dS,dS=dN,LRT,p-value,Full Log(L)
0,0,0,0,0,1,0
0,0,0,0,0,1,0
0,0,0,0,0,1,0
0,0,0,0,0,1,0
0,3.977855828966442,0,1.248548708285494,2.303146145698598,0.12911224306762,-9.012027034747167
0,0,0,0,0,1,0
0,0,0,0,0,1,0
0,0,0,0,0,1,0
0,3.704708955442395,0,1.220858225965548,2.208810159896277,0.1372244733333968,-8.38318824714732
0,0,0,0,0,1,0
0,0,0,0,0,1,0
0,0,0,0,0,1,0
0,0,0,0,0,1,0
0,4.026643312070426,0,1.289770566186273,2.263205806655524,0.1324795635162602,-8.703298906401495
0,3.977845599225231,0,1.248547829631417,2.303142889560469,0.1291125136695019,-9.011186761371649
0,0,0,0,0,1,0
0,0,0,0,0,1,0
0,0,0,0,0,1,0
0,0,0,0,0,1,0
1.499362146938923,0,inf,1.165941250838494,0.5021023725598788,0.4785778117268981,-9.583234405638724
0,0,0,0,0,1,0
0,0,0,0,0,1,0
0,0,0,0,0,1,0
0,3.213532580795343,0,1.162734239641714,2.025310261564861,0.1546973261032988,-11.64147086256302
0,0,0,0,0,1,0
0,0,0,0,0,1,0
0,0,0,0,0,1,0
1.512922214702856,5.400319692801911,0.2801541947080337,2.360391666690592,0.746146990788958,0.3876988648817804,-16.60233933643053
0,0,0,0,0,1,0
0,0,0,0,0,1,0
0,0,0,0,0,1,0
0,0,0,0,0,1,0
0,0,0,0,0,1,0
0,0,0,0,0,1,0
0,0,0,0,0,1,0
2.391793698657368,2.675388507327229,0.8939986443489741,2.526199146032704,0.006190246912154862,0.9372886474896559,-14.50363990953393
1.219041732657275,0,inf,0.9297154314284222,0.5411585580510518,0.4619529787295514,-10.72471229009309
0,0,0,0,0,1,0
0,0,0,0,0,1,0
3.522842419957946,0,inf,2.264173324601787,1.755990197992062,0.1851254498003874,-14.27676246789997
0,0,0,0,0,1,0
0,4.476248176804551,0,1.292244305879766,2.462875858282953,0.1165651883296348,-8.795966163910535
0,0,0,0,0,1,0
1.838283495374935,3.98966348058379,0.4607615414987198,2.516711482184859,0.2888661994181696,0.590948014061015,-14.57742781303368
0,0,0,0,0,1,0
0,0,0,0,0,1,0
0,4.002782354018237,0,1.28735621342589,2.255332064745275,0.1331548902669263,-8.705839174661627
0,0,0,0,0,1,0
0,0,0,0,0,1,0
0,0,0,0,0,1,0
0,3.977862184655582,0,1.248549236876634,2.30314816601652,0.1291120751690918,-9.012548791903763
0,0,0,0,0,1,0
0,0,0,0,0,1,0
0,0,0,0,0,1,0
0,0,0,0,0,1,0
2.654886019018982,0,inf,2.615766263632837,0.02954644009402685,0.8635233955608166,-10.90114659231741
0,0,0,0,0,1,0
0,4.002742047555052,0,1.287351050705348,2.25531839026317,0.1331560664602595,-8.709980426274512
1.538033845141172,0,inf,1.185179560995558,0.5203712256274251,0.470683370707613,-9.559815393214221
1.499315446893006,0,inf,1.083226274358803,0.6484386531060125,0.4206714555245815,-9.876693376261441
0,3.977854584764595,0,1.248548585745283,2.303145753197619,0.1291122756864436,-9.011925704879355
1.915745294467968,0,inf,1.28458153284345,0.7957843756804053,0.3723567682986723,-9.736025487001804
0,5.392812528726298,0,1.161752321979247,3.040851101015118,0.08119333724434508,-8.134134190320914
0,3.162857063766676,0,1.296294885640027,1.777970461203061,0.1823987397849368,-8.715409234236006
2.160049000276122,0,inf,1.428175657542462,0.8228223043246388,0.364356280632942,-10.11651201630171
1.162125600732922,1.501088948211459e-13,7741883664639.521,1.161377917655259,0.001318893710472224,0.9710299327249982,-10.48016621134702
0,0,0,0,0,1,0
0,0,0,0,0,1,0
0,0,0,0,0,1,0
0,0,0,0,0,1,0
0,0,0,0,0,1,0
1.613048430858135,3.162993838586277,0.5099752048771293,2.136736531052784,0.220186281893973,0.6388980175990473,-17.25446213287182
0,0,0,0,0,1,0
1.773922037745645,0,inf,1.325841209790185,0.580814333136491,0.4459933053077164,-11.1802136555242
0,0,0,0,0,1,0
0,3.177584625564104,0,1.158007233969987,2.011136379156699,0.1561483184920858,-9.231304781615485
0,0,0,0,0,1,0
0,0,0,0,0,1,0
1.357039148429153,0,inf,1.007856104222679,0.5940436709039751,0.4408597025140465,-13.14036395632382
0,0,0,0,0,1,0
0,1.972911878684673,0,1.215073994370102,0.964945971141205,0.3259438818906377,-10.05444262511313
0,0,0,0,0,1,0
0,5.422839388223537,0,1.309891322406667,2.811329206552546,0.0936007921793286,-8.641698546466692
0,0,0,0,0,1,0
0,0,0,0,0,1,0
1.587091648836171,3.373034409282129,0.4705234089722631,2.158728917800065,0.2747322329414388,0.6001748708166945,-16.21152454426743
0,0,0,0,0,1,0
1.590893608283869,6.270088907600717,0.2537274401891429,2.530377532000926,0.8518895964304321,0.3560183292363727,-15.61235533289167
0,0,0,0,0,1,0
0,0,0,0,0,1,0
2.908909514688843,3.990082231356525,0.7290349787352349,3.196980101497484,0.06304196744913071,0.8017510251291852,-20.25985823646106
0,0,0,0,0,1,0
0,0,0,0,0,1,0
0,0,0,0,0,1,0
0,6.185579279876517,0,1.051284246668193,3.496623774919495,0.0614940750332682,-9.248954093392845
0,0,0,0,0,1,0
0,0,0,0,0,1,0
0,0,0,0,0,1,0
0,0,0,0,0,1,0
3.522931818152294,0,inf,2.433462632312563,1.470794236371873,0.2252204229652245,-13.98835205612055