Codon,alpha,beta,beta-alpha,Prob[alpha<beta],Prob[alpha>beta],BayesFactor,PSRF,Neff
1,0.901361,0.129638,-0.771723,0.000484312,0.998772,0.000972394,1.0071,209.167
2,0.934781,0.139795,-0.794986,0.00124734,0.9972,0.0025063,1.00727,206.351
3,0.89927,0.223994,-0.675277,0.00503244,0.989921,0.0101503,1.02115,98.8274
4,0.80373,0.0448512,-0.758879,0.000505752,0.998626,0.00101546,0.99783,878.923
5,0.95861,0.170367,-0.788243,0.000775336,0.998223,0.00155716,1.01829,110.495
6,0.839594,0.0395419,-0.800052,2.81941e-05,0.999915,5.65819e-05,1.00265,328.514
7,1.04859,0.131391,-0.917203,3.95258e-05,0.999893,7.93241e-05,1.0053,244.949
8,0.828574,0.129842,-0.698731,0.00141204,0.996506,0.00283771,1.00726,206.473
9,0.79099,0.0378974,-0.753092,9.00971e-05,0.999727,0.000180824,1.00148,386.788
10,0.927962,0.301515,-0.626447,0.018408,0.96839,0.0376341,1.02046,101.408
11,0.974498,0.170256,-0.804242,0.000528186,0.998763,0.00106053,1.01959,104.88
12,0.727727,0.0361308,-0.691596,0.00025389,0.999231,0.00050964,1.00028,474.103
13,0.870784,0.137631,-0.733154,0.0013983,0.99678,0.00281006,1.00914,179.465
14,0.871487,0.0410821,-0.830405,2.59128e-05,0.999922,5.20035e-05,1.00158,381.086
15,0.968607,0.0502689,-0.918338,4.9806e-05,0.999864,9.99563e-05,1.0008,432.025
16,0.825163,0.0440889,-0.781074,0.000147491,0.999591,0.000296031,1.00114,408.361
17,1.01351,0.538889,-0.474617,0.0472315,0.919837,0.0994837,1.00585,232.662
18,1.32931,0.514894,-0.814412,0.029431,0.949972,0.0608535,1.00977,172.059
19,0.552365,0.333985,-0.218381,0.247948,0.676389,0.661636,1.00722,207.11
20,0.851902,0.0403002,-0.811602,4.53615e-05,0.999863,9.10362e-05,1.001,417.148
21,0.936426,0.206989,-0.729437,0.00445455,0.991037,0.00897945,1.01719,115.797
22,0.804529,0.0448808,-0.759648,0.000502428,0.998635,0.00100879,0.997831,878.41
23,0.934753,0.188093,-0.74666,0.00404269,0.992061,0.00814585,1.01803,111.702
24,0.927347,0.262138,-0.665209,0.0105536,0.980568,0.0214051,1.01964,104.667
25,0.775872,0.609044,-0.166827,0.256823,0.658189,0.693505,1.0044,267.915
26,1.12224,0.281405,-0.840838,0.000876168,0.997947,0.00175985,1.01905,107.137
27,0.92403,0.747748,-0.176282,0.241426,0.656262,0.638694,1.00003,497.15
28,0.704286,0.139827,-0.564459,0.0113946,0.975578,0.0231304,1.00456,263.622
29,0.680821,0.504112,-0.176708,0.266935,0.657386,0.730751,1.01235,147.023
30,0.948186,0.284761,-0.663425,0.00687779,0.986663,0.013898,1.02088,99.8243
31,0.825658,0.0441143,-0.781544,0.000146809,0.999593,0.000294661,1.00113,408.577
32,0.846784,0.209121,-0.637663,0.0124922,0.976622,0.0253866,1.01346,138.386
33,0.946033,0.129751,-0.816282,0.000170171,0.999557,0.000341559,1.00799,195.079
34,1.24026,0.69891,-0.541346,0.0637393,0.882396,0.136621,1.00272,325.338
35,0.84606,0.179792,-0.666268,0.00887921,0.982873,0.0179786,1.01175,152.166
36,0.784567,0.673372,-0.111195,0.318934,0.585865,0.939762,1.00149,386.34
37,0.564489,0.0339134,-0.530575,0.00248544,0.99247,0.00500025,0.996569,1576.1
38,1.0574,0.292866,-0.764537,0.00396533,0.992093,0.00798935,1.02147,97.7076
39,0.912892,0.909298,-0.00359435,0.432596,0.426854,1.53002,1.00136,394.344
40,0.791744,0.931077,0.139332,0.611142,0.271293,3.15398,1.00008,492.277
41,0.873811,0.368825,-0.504986,0.0370855,0.93889,0.0772901,1.01381,135.904
42,0.841654,0.948377,0.106723,0.566021,0.303817,2.6174,1.00137,393.696
43,1.1303,0.141328,-0.988974,0.000169318,0.999597,0.000339847,1.00755,201.839
44,0.365267,0.311009,-0.054258,0.478924,0.447642,1.84447,0.997306,1076.82
45,0.862384,0.588284,-0.2741,0.152942,0.778949,0.362343,1.00521,247.026
46,0.837866,1.08325,0.245383,0.722741,0.144925,5.23123,1.00359,292.756
47,0.645971,1.05014,0.404173,0.869784,0.0691238,13.4046,1.00172,373.079
48,0.700172,0.682463,-0.0177093,0.437279,0.466264,1.55945,1.00008,492.346
49,0.760121,1.26072,0.500598,0.89773,0.0312646,17.6159,1.00458,263.07
50,0.730171,0.213538,-0.516632,0.0395915,0.932762,0.082728,1.00743,203.684
51,0.640969,0.548355,-0.0926138,0.344139,0.565863,1.053,1.00765,200.232
52,0.884952,0.444614,-0.440338,0.0650693,0.899112,0.13967,1.01043,164.819
53,0.975478,0.170212,-0.805266,0.000521506,0.998778,0.00104711,1.01957,104.943
54,0.523661,1.18597,0.66231,0.985314,0.0037807,134.645,0.999787,521.995
55,0.868526,0.201782,-0.666744,0.00482884,0.989896,0.0097376,1.01561,124.409
56,0.851328,0.140142,-0.711186,0.00388521,0.991611,0.00782731,1.00546,241.383
57,0.807954,2.81481,2.00686,0.999811,1.18443e-09,10617.2,1.00028,473.668
58,0.691881,0.647547,-0.0443331,0.41175,0.499525,1.40469,1.00186,365.773
59,0.917318,0.897,-0.0203184,0.413016,0.446686,1.41204,1.0011,410.749
60,1.14752,0.308641,-0.838881,0.00227115,0.995161,0.00456816,1.01927,106.184
61,0.762672,0.993915,0.231243,0.709898,0.184814,4.9108,1.00122,402.615
62,0.74157,2.81479,2.07322,0.996803,5.23185e-08,625.628,1.0018,368.898
63,1.15326,0.700045,-0.453216,0.0509559,0.896274,0.107749,1.00129,398.646
64,1.2313,0.22451,-1.00679,0.000133036,0.999651,0.000267014,1.01846,109.745
65,0.929336,0.65935,-0.269986,0.156392,0.767721,0.372032,1.00254,333.212
66,0.918985,0.224741,-0.694244,0.0036219,0.992562,0.0072949,1.02297,92.654
67,0.937521,0.227145,-0.710376,0.00274239,0.99401,0.00551861,1.0186,109.112
68,1.25151,0.27515,-0.97636,0.158918,0.80123,0.379177,0.99718,1138.13
69,0.59835,1.11671,0.518362,0.937536,0.0271068,30.1209,1.00014,486.584
70,0.969092,0.549996,-0.419096,0.0626858,0.896901,0.134212,1.00565,237.066
71,0.855551,0.701407,-0.154144,0.266048,0.637507,0.727443,1.00098,418.581
72,0.902448,0.35296,-0.549488,0.0204185,0.963539,0.0418303,1.01363,137.197
73,1.23478,0.432369,-0.802414,0.00722875,0.985267,0.0146124,1.01099,159.222
74,0.80117,0.685241,-0.115929,0.323055,0.583753,0.957701,1.00057,448.953
75,0.776884,0.722268,-0.0546156,0.385274,0.511977,1.25775,0.999719,529.51
76,0.874001,0.988975,0.114974,0.582627,0.278207,2.80139,1.00365,290.989
77,0.745317,0.869469,0.124152,0.597325,0.29713,2.97689,0.997988,832.88
78,0.418555,0.540615,0.122061,0.641,0.284406,3.5832,1.00453,264.36
79,0.570345,0.481868,-0.0884776,0.362919,0.550639,1.1432,1.01131,156.129
80,0.841027,1.04549,0.204467,0.680736,0.186186,4.27894,1.00259,331.145
81,0.985994,0.310882,-0.675113,0.00803719,0.984808,0.0162598,1.01975,104.23
82,1.48225,0.737654,-0.744592,0.0518187,0.895712,0.109674,1.0036,292.444
83,0.935203,0.636894,-0.298309,0.13418,0.797368,0.311006,1.00323,305.678
84,0.278276,0.383949,0.105673,0.656303,0.278388,3.83208,0.998926,635.255
85,0.540836,1.10705,0.566215,0.935211,0.0288826,28.9677,1.00161,379.542
86,0.869805,0.440821,-0.428984,0.0536922,0.912257,0.113864,1.00909,180.197
87,1.06343,0.648446,-0.414985,0.0646714,0.881638,0.138757,1.0009,424.72
88,0.781325,0.594344,-0.186981,0.235563,0.682893,0.618406,1.00515,248.634
89,2.19225,0.559084,-1.63317,0.00456124,0.990053,0.00919549,1.01128,156.396
90,0.661663,0.785167,0.123504,0.605908,0.302838,3.08543,0.996741,1422.67
91,1.072,0.906241,-0.165761,0.28237,0.56474,0.789631,1.00258,331.2
92,0.649966,0.757423,0.107458,0.596535,0.308559,2.96714,0.997457,1010.82
93,0.774971,0.657078,-0.117893,0.310595,0.595832,0.904124,1.00213,351.908
94,0.779983,0.726306,-0.0536772,0.38612,0.509938,1.26225,0.999581,545.238
95,0.723922,0.758988,0.0350657,0.4973,0.390157,1.98526,0.999454,560.652
96,0.944472,0.914509,-0.0299628,0.382376,0.463145,1.24243,1.00121,403.34
97,0.749329,0.574911,-0.174418,0.242979,0.673773,0.644121,1.00627,224.243
98,0.84059,1.1674,0.326811,0.796624,0.0749035,7.86068,1.00553,239.724
99,0.929075,0.642919,-0.286156,0.134402,0.794583,0.3116,1.00307,311.604
100,0.615271,0.610103,-0.00516773,0.468198,0.451968,1.7668,1.00516,248.352