ObservedSChanges	ObservedNSChanges	E[SSites]	E[NSSites]	ObservedS.Prop.	P{S}	dS	dN	dN-dS	P{Sleq.observed}	P{Sgeq.observed}	ScaleddN-dS
1	0	0.666773180135225	2.184789773370053	1	0.2338272698190287	1.499760382979404	0	-1.499760382979404	1	0.2338272698190287	-1.692676378281995
2	0	1	2.000000000000001	1	0.3333333333333333	1.999999999999999	0	-1.999999999999999	1	0.1111111111111109	-2.257262423373721
2	0	1	2.000000000000001	1	0.3333333333333333	1.999999999999999	0	-1.999999999999999	1	0.1111111111111109	-2.257262423373721
1	0	0.666773180135225	2.184789773370053	1	0.2338272698190287	1.499760382979404	0	-1.499760382979404	1	0.2338272698190287	-1.692676378281995
3	0	1	2	1	0.3333333333333333	3	0	-3	1	0.03703703703703698	-3.385893635060583
2	1	1	2	0.6666666666666666	0.3333333333333333	2	0.4999999999999999	-1.5	0.962962962962963	0.2592592592592592	-1.692946817530291
2	0	1	2.000000000000001	1	0.3333333333333333	1.999999999999999	0	-1.999999999999999	1	0.1111111111111109	-2.257262423373721
1	1	0.9968540183671166	2.003145981632885	0.5	0.3322846727890387	1.003155910067992	0.4992147397988636	-0.5039411702691288	0.8895868962294815	0.554156241807559	-0.5687637336197415
2	0	0.6667731801352251	2.333226819864776	1	0.2222577267117417	2.999520765958807	0	-2.999520765958807	1	0.0493984970830712	-3.38535275656399
0	0	1	2	0	0.3333333333333333	0	0	0	0	0	0
1	0	1	2	1	0.3333333333333333	0.9999999999999998	0	-0.9999999999999998	1	0.3333333333333333	-1.128631211686861
1	0	1	2	1	0.3333333333333333	0.9999999999999998	0	-0.9999999999999998	1	0.3333333333333333	-1.128631211686861
0	2	0.8150250069971793	2.075230606202126	0	0.2819906319963877	0	0.9637483150174787	0.9637483150174787	0.5155374525409467	0.4844625474590533	1.087716428539348
2	0	0.666773180135225	2.184789773370053	1	0.2338272698190287	2.999520765958807	0	-2.999520765958807	1	0.0546751921110209	-3.38535275656399
2	0	0.666773180135225	2.184789773370053	1	0.2338272698190287	2.999520765958807	0	-2.999520765958807	1	0.0546751921110209	-3.38535275656399
1	0	0.666773180135225	2.184789773370052	1	0.2338272698190287	1.499760382979404	0	-1.499760382979404	1	0.2338272698190287	-1.692676378281995
0	2	0.6686603589515254	2.331339641048475	0	0.2228867863171751	0	0.8578758602073693	0.8578758602073693	0.6039049468804479	0.3960950531195521	0.9682254715827514
1	1	0.666773180135225	2.333226819864775	0.5	0.2222577267117416	1.499760382979404	0.4285909931628319	-1.071169389816572	0.9506015029169288	0.395116956340412	-1.208955206350553
1	1	0.8139821543476697	2.07648092286032	0.5	0.2816096011625676	1.228528162022675	0.4815840054155257	-0.7469441566071493	0.9206960325330598	0.4839152348581947	-0.8430244885339474
1	0	0.6667731801352249	2.184789773370053	1	0.2338272698190287	1.499760382979404	0	-1.499760382979404	1	0.2338272698190287	-1.692676378281995
0	0	1	2	0	0.3333333333333333	0	0	0	0	0	0
1	0	1	2.000000000000001	1	0.3333333333333333	0.9999999999999996	0	-0.9999999999999996	1	0.3333333333333333	-1.12863121168686
3	5	0.992541436796787	2.003315969051227	0.375	0.3313046324766035	3.022543834222027	2.495861899592407	-0.5266819346296194	0.7454934103101801	0.5267843222409599	-0.5944296700546075
1	0	0.666773180135225	2.333226819864776	1	0.2222577267117416	1.499760382979404	0	-1.499760382979404	1	0.2222577267117416	-1.692676378281995
2	3	0.6672028393137526	2.332382588037694	0.4	0.2224316844687683	2.997589162026181	1.28623837932352	-1.711350782702661	0.9234010363439462	0.3091985661889497	-1.931483907502962
2	0	0.666773180135225	2.184789773370052	1	0.2338272698190287	2.999520765958807	0	-2.999520765958807	1	0.0546751921110209	-3.38535275656399
0	0	0.814324843139023	2.075930770060282	0	0.2817483821915751	0	0	0	0	0	0
4	2	0.6670518772294503	2.331688714750147	0.6666666666666666	0.2224440083325449	5.996535107005019	0.8577474288690849	-5.138787678135934	0.9973379561346225	0.02486636258994945	-5.79979616377607
0	0	1	2	0	0.3333333333333333	0	0	0	0	0	0
1	1	0.6667731801352249	2.333226819864775	0.5	0.2222577267117416	1.499760382979404	0.4285909931628319	-1.071169389816572	0.9506015029169288	0.395116956340412	-1.208955206350553
0	1	1	2	0	0.3333333333333333	0	0.4999999999999999	0.4999999999999999	0.6666666666666667	0.3333333333333333	0.5643156058434303
0	0	0.6667731801352249	2.333226819864775	0	0.2222577267117416	0	0	0	0	0	0
1	0	1	2	1	0.3333333333333333	0.9999999999999998	0	-0.9999999999999998	1	0.3333333333333333	-1.128631211686861
2	0	1	2	1	0.3333333333333333	2	0	-2	1	0.1111111111111109	-2.257262423373721
1	0	0.6667731801352249	2.333226819864775	1	0.2222577267117416	1.499760382979404	0	-1.499760382979404	1	0.2222577267117416	-1.692676378281995
1	0	1	2	1	0.3333333333333333	0.9999999999999998	0	-0.9999999999999998	1	0.3333333333333333	-1.128631211686861
0	0	0.6667731801352249	2.333226819864775	0	0.2222577267117416	0	0	0	0	0	0
1	3	0.6680301164559983	2.331969883544002	0.25	0.2226767054853328	1.496938499277776	1.286466013635117	-0.210472485642659	0.7834457619763142	0.6349042893380833	-0.2375458164976197
1	1	0.667403145935787	2.332596854064214	0.5	0.2224677153119289	1.49834475023019	0.4287067429837454	-1.069638007246445	0.9505081156438905	0.3954435462677485	-1.207226840184874
0	2	0.001889917398287932	2.998110082601713	0	0.0006299724660959773	0	0.6670869130543836	0.6670869130543836	0.9987404519331161	0.001259548066883887	0.7528951109810167
0	0	1	2	0	0.3333333333333333	0	0	0	0	0	0
1	0	0.666773180135225	2.333226819864776	1	0.2222577267117416	1.499760382979404	0	-1.499760382979404	1	0.2222577267117416	-1.692676378281995
1	0	1	2.000000000000001	1	0.3333333333333333	0.9999999999999996	0	-0.9999999999999996	1	0.3333333333333333	-1.12863121168686
0	0	0.6667731801352249	2.333226819864775	0	0.2222577267117416	0	0	0	0	0	0
1	4	0.7892753312211577	2.105397776172524	0.2	0.2726647541669425	1.266984992997072	1.89987851477251	0.6328935217754381	0.5850887394323927	0.7964490341387704	0.7143033823501774
3	6	0.7793835354667584	2.113359074147836	0.3333333333333333	0.2694271978697051	3.849196016443118	2.839082138665604	-1.010113877777514	0.7961576359425115	0.4536378524592443	-1.140046049817749
2	1	1.665794753804625	1.334205246195376	0.6666666666666666	0.5552649179348748	1.200628105852813	0.7495098695283976	-0.4511182363244152	0.8288012040885201	0.5825597954447106	-0.5091461216768645
1	0	0.666773180135225	2.184789773370053	1	0.2338272698190287	1.499760382979404	0	-1.499760382979404	1	0.2338272698190287	-1.692676378281995
1	0	0.6667731801352251	2.184789773370053	1	0.2338272698190288	1.499760382979404	0	-1.499760382979404	1	0.2338272698190288	-1.692676378281995
1	0	0.6667731801352249	2.184789773370052	1	0.2338272698190287	1.499760382979404	0	-1.499760382979404	1	0.2338272698190287	-1.692676378281995
5	1	0.6674025823713949	2.332597417628606	0.8333333333333334	0.2224675274571316	7.491730077270827	0.4287066394065686	-7.063023437864258	0.9998787728854859	0.002663387379377657	-7.971548700849437
1	0	0.666773180135225	2.184789773370052	1	0.2338272698190287	1.499760382979404	0	-1.499760382979404	1	0.2338272698190287	-1.692676378281995
1	1	0.814612096104318	2.075850981103387	0.5	0.2818275391676214	1.227578137842851	0.4817301478300073	-0.7458479900128434	0.9205732381667227	0.4842283165019657	-0.8417873207024053
0	2	0.8150252258074384	2.075230387391867	0	0.2819907077025841	0	0.9637484166341568	0.9637484166341568	0.5155373438254361	0.4844626561745639	1.087716543227102
1	4	0.7824303005504956	2.109067765744646	0.2	0.2705968610772818	1.278069112733017	1.896572535490686	0.6185034227576685	0.5894297449295824	0.7935389462220404	0.6980622674594582
1	0	0.666773180135225	2.184789773370053	1	0.2338272698190287	1.499760382979404	0	-1.499760382979404	1	0.2338272698190287	-1.692676378281995
1	3	0.1873525164991814	2.81247375538378	0.25	0.06245445553138051	5.337531721941773	1.066676620273255	-4.270855101668518	0.9784998611405267	0.2273736828289393	-4.820220368335152
2	0	0.666773180135225	2.184789773370053	1	0.2338272698190287	2.999520765958807	0	-2.999520765958807	1	0.0546751921110209	-3.38535275656399
2	0	1	2.000000000000001	1	0.3333333333333333	1.999999999999999	0	-1.999999999999999	1	0.1111111111111109	-2.257262423373721
1	7	0.1947532298473494	2.804616828399278	0.125	0.06493137761107019	5.134703033083537	2.49588461750592	-2.638818415577616	0.9091257894335558	0.4155493166195052	-2.978252825794968
0	1	0.6686621971063866	2.331337802893615	0	0.2228873990354621	0	0.4289382683019243	0.4289382683019243	0.7771126009645379	0.2228873990354621	0.4841131174924647
1	1	1	2	0.5	0.3333333333333333	0.9999999999999998	0.4999999999999999	-0.4999999999999999	0.8888888888888891	0.5555555555555555	-0.5643156058434303
2	9	0.9907989228999835	1.996852326620065	0.1818181818181818	0.3316313853764393	2.018573046230381	4.507093429003676	2.488520382773296	0.2377817068054098	0.9232155113558242	2.808621774916876
0	0	1	2	0	0.3333333333333333	0	0	0	0	0	0
2	1	0.6698541290766133	2.328885127343532	0.6666666666666666	0.2233785840641164	2.985724672261076	0.4293900065138296	-2.556334665747246	0.9888538572399427	0.1274016899353547	-2.885159091279442
1	1	1.664463535815593	1.333646972564725	0.5	0.5551708421564463	0.6007941769117801	0.7498236194222437	0.1490294425104637	0.6917853360193021	0.8021270203321949	0.168199280277602
1	0	1	2	1	0.3333333333333333	0.9999999999999998	0	-0.9999999999999998	1	0.3333333333333333	-1.128631211686861
0	1	0.780511226398609	2.127481237397563	0	0.2684020801689798	0	0.4700393979611533	0.4700393979611533	0.7315979198310203	0.2684020801689797	0.5305011352614591
2	5	0.6669880179163413	2.332838253966671	0.2857142857142857	0.2223422150035602	2.998554616090352	2.14331190407144	-0.8552427120189123	0.81148920680485	0.4837715784518766	-0.9652536183522622
1	3	0.812881842033445	2.095183699488007	0.25	0.27952665798865	1.230191090870567	1.431855355085618	0.201664264215051	0.6876006431181405	0.7305540469649132	0.2276045828749723
0	1	0.814324843139023	2.076031220958642	0	0.2817385903605775	0	0.481688324291305	0.481688324291305	0.7182614096394225	0.2817385903605775	0.5436484771003092
1	1	1	2.000000000000001	0.5	0.3333333333333333	0.9999999999999996	0.4999999999999998	-0.4999999999999998	0.8888888888888891	0.5555555555555555	-0.5643156058434302
3	0	0.666773180135225	2.184789773370052	1	0.2338272698190287	4.499281148938211	0	-4.499281148938211	1	0.01278455089815078	-5.078029134845985
1	4	0.7808840746446336	2.127148216000017	0.2	0.2685266175196176	1.280599813045339	1.88045194496215	0.5998521319168115	0.593779439247702	0.7905923051011992	0.6770118384782178
0	4	0.8174841116842098	2.072804985147841	0	0.282838181336333	0	1.929752209523321	1.929752209523321	0.2645261673137589	0.7354738326862411	2.177978574489703
3	5	0.9901481566131165	2.009644631028683	0.375	0.3300721838829052	3.029849603782274	2.488002069022837	-0.5418475347594365	0.7479977683011625	0.5237430379565939	-0.6115460397050814
2	0	0.8141973773400519	2.076058235859254	1	0.281704280279485	2.456406831638189	0	-2.456406831638189	1	0.07935730152778264	-2.772377418787692
0	5	0.9060202963622881	2.002089668922298	0	0.3115495311999405	0	2.497390640196172	2.497390640196172	0.1546548343017679	0.845345165698232	2.818633024300031
2	1	0.666773180135225	2.333226819864775	0.6666666666666666	0.2222577267117416	2.999520765958807	0.4285909931628319	-2.570929772795976	0.98902080233534	0.1262370959198937	-2.901631584632548
0	1	0.001049358118187233	2.998950641881814	0	0.0003497860393957441	0	0.3334499694774934	0.3334499694774934	0.9996502139606043	0.0003497860393957275	0.3763420430883302
0	1	0.00548751824784434	1.438845982600766	0	0.003799342911190649	0	0.6950014192571634	0.6950014192571634	0.9962006570888093	0.003799342911190662	0.7844002939403004
4	2	0.6681623517920441	2.330804425074209	0.6666666666666666	0.2227975171136224	5.986568966766542	0.8580728517950722	-5.128496114971469	0.9973177064853175	0.02500778376911172	-5.788180784371608
1	4	0.6686575436144255	2.18262832636614	0.2	0.2345108747790986	1.495533864157883	1.832652839551296	0.3371189753934132	0.6654564240454988	0.7371577799221395	0.380482997680901
3	6	0.9979769740255648	2.002023025974436	0.3333333333333333	0.3326589913418548	3.006081380714451	2.996968527412239	-0.00911285330221201	0.6519641707265584	0.621162408670241	-0.01028505066440015
3	7	0.8145623773648804	2.061721350722557	0.3	0.2831995916851073	3.682959197925441	3.395221181342842	-0.2877380165825989	0.6938093149202482	0.5711912641362764	-0.3247501063039927
0	3	0.8114360517710767	2.098467222448996	0	0.2788532728767633	0	1.429614896009135	1.429614896009135	0.3750342318934702	0.6249657681065298	1.613507992328376
0	2	1	1.999792843310114	0	0.333356352332834	0	1.000103589074528	1.000103589074528	0.4444137529749845	0.5555862470250155	1.128748125549563
0	1	0.6655137240806702	2.183381021860856	0	0.2336041810701314	0	0.4580052633908663	0.4580052633908663	0.7663958189298686	0.2336041810701314	0.5169190353797934
0	0	1	2	0	0.3333333333333333	0	0	0	0	0	0
0	3	1.663002741321886	1.336997258678115	0	0.5543342471072953	0	2.243834069612148	2.243834069612148	0.08851722415274353	0.9114827758472565	2.532461164810619
1	3	0.2236099031239314	2.776216437372757	0.25	0.07454094928938712	4.472073848383046	1.0806073905531	-3.391466457829945	0.9698826687839965	0.2664515087166603	-3.827714897695957
0	6	0.6667731801352249	2.008237181019807	0	0.2492600364535865	0	2.987694908104992	2.987694908104992	0.1790346986598469	0.8209653013401531	3.372005724285203
2	1	0.8135353745106422	2.094664350057838	0.6666666666666666	0.2797384813834803	2.458405697727699	0.4774034560584315	-1.981002241669267	0.9781094517472225	0.1909797573946517	-2.235820960369573
1	2	0.6705451251736048	2.182698054374898	0.3333333333333333	0.2350115580683564	1.491323942950296	0.9162971470063364	-0.5750267959439597	0.860268282677164	0.5523231669050765	-0.6489931894586446
0	5	0.6674014519492181	2.331968606294475	0	0.2225138742433205	0	2.144111197082132	2.144111197082132	0.2840947701229591	0.715905229877041	2.419910818354173
0	2	0.9993704525376417	2.000629547462359	0	0.3331234841792138	0	0.9996853253201435	0.9996853253201435	0.4447242873532713	0.5552757126467287	1.128276060021647
0	1	0.8149296602430264	2.185070339756974	0	0.2716432200810088	0	0.4576511711340245	0.4576511711340245	0.7283567799189912	0.2716432200810088	0.5165193958069051
0	3	1	2.000000000000001	0	0.3333333333333333	0	1.499999999999999	1.499999999999999	0.2962962962962963	0.7037037037037037	1.692946817530291
1	3	0.9808999236484139	2.019100076351588	0.25	0.3269666412161378	1.019471992902746	1.485810453447582	0.466338460544836	0.6039101191377286	0.7948146440743826	0.5263241417809036
0	0	0	1.438977547202783	0	0	0	0	0	0	0	0