dN/dS,LRT,p-value,Log(L)
0.005151086725280153,352.4185000467976,0,-154.8624413907769
0.06489160901979041,261.0830693998811,0,-359.8166524264455
0.2854414308914167,130.1094027127294,0,-489.6330350616546
0.03639995198923589,302.1633121599848,0,-209.9121726479532
0.01537875435464973,336.0138900555057,0,-166.548407873389
0.04306063876865792,285.6301398251017,0,-308.7219313695086
0.01027987468840525,343.3394468594171,0,-185.1061089103015
0.04118235143520032,298.7932112230669,0,-208.6793942273203
0.01031563418461184,342.4740849956923,0,-162.199735563361
0.04289610514242859,287.0171490568971,0,-315.3839297313958
0.015491556126453,333.3609430334338,0,-177.6377116292479
0.08044449913551992,248.6934434269772,0,-349.0163046266603
0.08745458150109686,250.9745332181101,0,-256.2889151029808
0.04613112970747652,294.4132077198233,0,-216.4329083744748
0.03776480477346129,291.1337613200685,0,-307.4942811608706
0.2610720080272919,161.9912381079737,0,-473.5966180326335
0.1412678348526985,210.5225406311628,0,-328.1942607365121
0.05209738082483573,283.1867701297202,0,-216.0518773163553
0.1760451899922834,173.4520711190814,0,-425.8387790367302
0.149242778442515,190.1679401887187,0,-420.4889833819756
0.1461155435104677,189.082827270669,0,-436.9269040974772
0.3367206356606743,102.6100282339891,0,-492.6198479301073
0.09556472918644159,236.4280521422384,0,-288.6164083578729
0.3864619939705236,84.14876472442256,0,-522.6207659048553
0.2005081872590809,159.8850391298877,0,-374.8913453565714
0.08374888642851061,250.2321375016669,0,-248.496164558031
0.2081241182739499,165.4444826097761,0,-382.5023609868481
0.1693190745979929,179.5489287883463,0,-447.9858973844233
0.4037251736933715,76.44863090616036,0,-525.026362194769
0.09463870817365386,239.8379658749585,0,-270.734311450845
0.07763505125277043,260.2056915404099,0,-255.4983454762798
0.1482754570105505,190.8372366986079,0,-399.0488415701862
0.2258569330279449,155.9486653612427,0,-399.3421633440418
0.4492558898233622,65.6080280449612,2.775557561562891e-16,-545.4352592810949
0.2289703538315243,145.5198479650377,0,-473.7473874199315
0.4823434977433417,57.99806024791087,1.310063169057685e-14,-577.1127235864245
0.1919300746212646,162.4937779028999,0,-361.9565925999698
0.4710932425011075,52.50731253328922,2.143285549038865e-13,-626.0434184357781
0.1872518943518011,165.8573823483301,0,-474.3336093505853
0.2188847701294863,146.2987240975567,0,-474.830173810928
0.202881943494748,158.0066793847851,0,-466.9048627971334
0.2499200791104986,131.120559715643,0,-485.0141820166772
0.2397480233015929,137.907518585332,0,-404.7662611675496
0.3742914109897923,89.88760333617824,0,-530.2778105880468
0.2258568474924473,141.3220883594286,0,-496.2079196183385
0.4856227418431336,56.07923734119163,3.480549182199866e-14,-554.8682330808169
0.464574376721092,53.75501368849609,1.135758154191535e-13,-594.8314342782837
0.2715896418577742,124.1099933107353,0,-425.4480294026583
0.2488884273097754,134.4737731508109,0,-399.8842066128881
0.6989723585389808,12.80298339712112,0.0001730335209468303,-698.3574970424536
0.4544167797999418,61.44441292731995,2.275957200481571e-15,-570.4065846407859
0.6262750520276912,24.95480400627093,2.934505316520841e-07,-655.288782122628
0.2518852504207241,133.1856371688868,0,-394.9563176074549
0.4590309578130284,57.27765615064595,1.892930256985892e-14,-548.6261888206772
0.412736133429232,69.97199533356638,5.551115123125783e-17,-557.5692132374327
0.555045630466049,37.89331372246602,3.736044251745341e-10,-625.2433868291899
0.5120125150463509,48.90276484286369,1.344868660879683e-12,-598.7542647670367
0.59918392299208,30.9372448750114,1.332539278919853e-08,-613.033070808674
0.5409253059732619,42.79358124969963,3.041572549378202e-11,-608.3774939790763
0.5440472710431916,38.44571446374175,2.814903865555607e-10,-611.240643479816
0.367090997401009,86.61387224695602,0,-486.3973143705265
0.4583284126970527,55.7919992738307,4.030109579389318e-14,-639.8482145595856
0.4659762647370828,54.06952119208859,9.675593659608239e-14,-621.5260227303086
0.2446581348474496,131.4183038441374,0,-508.9093833088128
0.3303212643039731,95.43615118877403,0,-458.9108570459271
0.4009876398147819,72.28106337136376,0,-476.6542655792135
0.4256060889602597,66.81098881899095,1.665334536937735e-16,-476.5921839369229
0.5180229351686184,44.31763260672551,1.395950022242687e-11,-589.3806619974239
0.6376988231709161,20.80327091778418,2.544798246517654e-06,-650.0924082230083
0.7208260827290082,11.91446750138107,0.0002784982881621767,-715.1488546475655
0.3256075143665146,97.81241394965411,0,-424.5558989595028
0.7469962567265573,10.37890739237469,0.000637315513119574,-721.740413962082
0.5905556797429485,30.45765225956825,1.706173152760115e-08,-642.0644834596475
0.8786864952106193,2.335842639823568,0.06321328085091044,-740.3811032465026
0.7984252321126665,5.875766081972188,0.007675345980648451,-724.1426638738944
0.7914149376421361,7.303489936884262,0.003441040462295708,-708.4392963869021
0.5985216614976512,28.32820071304764,5.119669188591303e-08,-599.7583366216452
0.7737331715394665,8.504877379277104,0.001770978899541475,-743.6220182505631
0.664129422598661,18.86067229680589,7.03110593536227e-06,-668.2189768910602
0.8394411047372565,3.382213574836896,0.03295174352450247,-731.0966038410476
0.6860617702464153,17.59823534477368,1.364207037946041e-05,-689.2397252347961
0.8033456975399695,5.897517991865243,0.007581118272497578,-717.3669328576078
0.9821920390188847,0.04333863053670939,0.4175444763765401,-784.7159968378057
0.8282308491870637,4.326171699859287,0.0187652834588678,-664.246387770486
0.8344726869039772,4.646109728784722,0.0155620036868897,-724.4406838777199
0.7108299225227031,13.16852658749326,0.0001423452491615684,-679.5250284925465
0.7262171970297308,11.3041046280282,0.0003866796672969963,-631.1260581901563
0.6266599170981078,22.66532906897032,9.640789188636312e-07,-620.2715313858652
0.6797182456493459,15.7067093049202,3.698067722235354e-05,-587.5178790468129
0.878542570794076,2.353001638980459,0.06252101563200846,-765.6549889884591
1.061803123824668,0.4600936832171101,0.2487900967505859,-751.5441704235155
0.9084852832729953,1.067343140351568,0.1507731697746291,-696.3822932906919
0.9638775927777072,0.1855346871655001,0.3333296694326938,-717.5854718497438
1.028397343951889,0.1025705040901812,0.3743832330646051,-754.058595499048
0.987784569572298,0.01993419687710229,0.4438605092971426,-777.9295327307109
0.9101116919632807,1.176828980866503,0.1390012493906705,-760.1964296079882
0.7775840842675082,7.621850102737653,0.002883264963003562,-705.8909916255268
0.9054854509675325,1.340436093750441,0.1234785384567416,-738.7023075542249
0.7688428135580754,8.853211148133141,0.001462868564919506,-683.8738584677099
0.8916423907274788,1.817391769625829,0.08881202776835678,-752.2999454620572