ObservedSChanges	ObservedNSChanges	E[SSites]	E[NSSites]	ObservedS.Prop.	P{S}	dS	dN	dN-dS	P{Sleq.observed}	P{Sgeq.observed}	ScaleddN-dS
3	0	0.7009395232101163	2.158684834693287	1	0.245115943733262	4.279969812888848	0	-4.279969812888848	0.9999999999999999	0.01472701344989358	-4.122513474019013
2	0	0.9999999999999999	2	1	0.3333333333333334	2	0	-2	1	0.111111111111111	-1.926421752604112
1	0	1	2	1	0.3333333333333333	0.9999999999999998	0	-0.9999999999999998	1	0.3333333333333333	-0.9632108763020555
1	1	0.6961043421311469	2.293994242493758	0.5	0.2328031409099744	1.436566243702009	0.4359208848374959	-1.000645358864513	0.9458026975824505	0.4114089794023995	-0.9638324929794729
1	0	1	2	1	0.3333333333333333	1	0	-1	1	0.3333333333333333	-0.9632108763020557
0	0	0.7009395232101164	2.158684834693288	0	0.245115943733262	0	0	0	0	0	0
4	0	1	2	1	0.3333333333333333	4	0	-4	1	0.01234567901234551	-3.852843505208223
3	0	1	2	1	0.3333333333333333	3	0	-3	1	0.03703703703703698	-2.889632628906166
2	0	0.7009395232101164	2.158684834693288	1	0.245115943733262	2.853313208592565	0	-2.853313208592565	0.9999999999999999	0.06008182587224775	-2.748342316012675
2	0	1	2	1	0.3333333333333333	2	0	-2	1	0.1111111111111109	-1.926421752604111
1	0	1	2	1	0.3333333333333333	1	0	-1	1	0.3333333333333333	-0.9632108763020557
2	0	1	2	1	0.3333333333333333	2	0	-2	1	0.1111111111111109	-1.926421752604111
1	2	0.7006236033905875	2.298729460474593	0.3333333333333333	0.2335915740735483	1.427299901345908	0.8700458380983563	-0.5572540632475514	0.861796789012772	0.5498255815097941	-0.5367531745835552
2	1	0.6065875596635198	2.196531076705177	0.6666666666666666	0.2163973910320558	3.297133230212337	0.4552633061308707	-2.841869924081466	0.9898665795773475	0.1202166516911367	-2.737320019910966
3	0	1	2	1	0.3333333333333333	3	0	-3	1	0.03703703703703698	-2.889632628906166
0	0	0.7009395232101164	2.299060476789884	0	0.2336465077367054	0	0	0	0	0	0
1	0	0.7009395232101163	2.158684834693288	1	0.245115943733262	1.426656604296283	0	-1.426656604296283	1	0.2451159437332621	-1.374171158006338
3	0	0.7009395232101164	2.158684834693288	1	0.245115943733262	4.279969812888847	0	-4.279969812888847	0.9999999999999999	0.01472701344989358	-4.122513474019012
0	1	0.9990328395153552	2.000967160484645	0	0.3330109465051183	0	0.4997583267472488	0.4997583267472488	0.6669890534948817	0.3330109465051183	0.4813726558454666
0	0	0.7009395232101164	2.158684834693288	0	0.245115943733262	0	0	0	0	0	0
0	0	0.7009395232101164	2.158684834693288	0	0.245115943733262	0	0	0	0	0	0
0	1	0.7009395232101163	2.158911186280182	0	0.2450965432860104	0	0.463196451227346	0.463196451227346	0.7549034567139896	0.2450965432860104	0.4461558596866944
0	1	0.7008613389334276	2.298498921715807	0	0.2336702756679589	0	0.4350665517186799	0.4350665517186799	0.7663297243320411	0.2336702756679589	0.4190608345306633
2	0	0.7009395232101163	2.158684834693287	1	0.245115943733262	2.853313208592565	0	-2.853313208592565	0.9999999999999999	0.06008182587224775	-2.748342316012675
2	0	0.7009395232101164	2.299060476789884	1	0.2336465077367054	2.853313208592565	0	-2.853313208592565	1	0.05459069057755828	-2.748342316012675
0	2	0.6080710759484461	2.201754232233418	0	0.216408854378889	0	0.9083665972887616	0.9083665972887616	0.6140150834958051	0.3859849165041949	0.8749485861780245
1	2	0.700822908243717	2.298222895004027	0.3333333333333333	0.233681962271059	1.426893995954027	0.8702376102629922	-0.5566563856910353	0.861699684631577	0.5499848398926863	-0.5361774850605971
5	0	0.7009395232101162	2.158684834693287	1	0.245115943733262	7.133283021481414	0	-7.133283021481414	0.9999999999999999	0.0008848258577148771	-6.870855790031689
1	2	0.6992607206721525	2.287002552569124	0.3333333333333333	0.2341591000826856	1.430081756971516	0.8745071131439195	-0.5555746438275961	0.8611866611974426	0.5508249046194782	-0.5351355395323814
1	0	0.7009395232101164	2.158684834693288	1	0.245115943733262	1.426656604296282	0	-1.426656604296282	1	0.2451159437332621	-1.374171158006337
0	0	0.3232384030775653	2.676761596922435	0	0.1077461343591884	0	0	0	0	0	0
0	3	0.7009395232101164	2.298579248911357	0	0.2336839928207424	0	1.305154043055443	1.305154043055443	0.4500115828364889	0.5499884171635111	1.257138569520604
0	1	0.3287045951797811	2.671295404820219	0	0.1095681983932603	0	0.3743502115848176	0.3743502115848176	0.8904318016067396	0.1095681983932604	0.3605781953444721
3	0	0.9999999999999999	2	1	0.3333333333333334	3	0	-3	0.9999999999999999	0.0370370370370372	-2.889632628906167
1	1	0.6066215232888311	2.198090174577988	0.5	0.2162865879406463	1.648474314888213	0.4549403894187328	-1.19353392546948	0.953220111876993	0.3857932877582858	-1.149624858247691
2	1	0.999032926695789	2.000967073304211	0.6666666666666666	0.333010975565263	2.001936018880598	0.4997583485212942	-1.502177670359303	0.9630703116712866	0.2588295528833582	-1.446913870228165
1	3	0.6056139460802591	2.198799633602943	0.25	0.2159502972270844	1.651216928659491	1.364380798574272	-0.2868361300852189	0.7942344027797561	0.6221021874156647	-0.2762836802144741
0	1	0.7019139882467218	2.297859660148372	0	0.2339889840095943	0	0.4351875866672512	0.4351875866672512	0.7660110159904057	0.2339889840095943	0.4191774167095398
2	1	0.7062450860928193	2.293754913907181	0.6666666666666666	0.2354150286976064	2.831878110564506	0.4359663684803187	-2.395911742084187	0.9869532436136179	0.1401671944373202	-2.307768248635295
2	0	1	2	1	0.3333333333333333	2	0	-2	1	0.1111111111111109	-1.926421752604111
3	3	0.6975482707751297	2.274801355055162	0.5	0.2346790783672623	4.300777631727679	1.318796471319691	-2.981981160407988	0.9699156191912519	0.145957814087704	-2.872276686632799
1	2	0.7072215208035503	2.29277847919645	0.3333333333333333	0.2357405069345167	1.4139841203698	0.8723040704311477	-0.5416800499386519	0.8594811311298711	0.5536017064538716	-0.5217521155767502
0	4	1.133940199192968	1.16674782198523	0	0.4928700409420438	0	3.428332947897834	3.428332947897834	0.06614196150926717	0.9338580384907328	3.302207582999882
1	0	1	2	1	0.3333333333333333	0.9999999999999998	0	-0.9999999999999998	1	0.3333333333333333	-0.9632108763020555
2	1	0.9995179421635242	2.000482057836476	0.6666666666666666	0.3331726473878414	2.000964580656616	0.499879514581351	-1.501085066075265	0.9630164991289694	0.2590450371602075	-1.445861461898285
0	1	0.7009395232101163	2.158910912593555	0	0.2450965667416588	0	0.4631965099470799	0.4631965099470799	0.7549034332583413	0.2450965667416587	0.4461559162461807
3	4	0.8365902787428645	2.163409721257135	0.4285714285714285	0.2788634262476215	3.585984772029707	1.848933172804475	-1.737051599225232	0.8997026628928451	0.3055613476042653	-1.673146993071623
0	1	0.7009395232101163	2.299060476789884	0	0.2336465077367054	0	0.4349602849057163	0.4349602849057163	0.7663534922632946	0.2336465077367054	0.4189584771806267
0	3	0.7100589458568795	2.28962175349738	0	0.2367115093315544	0	1.310260087902084	1.310260087902084	0.4446989885021809	0.5553010114978191	1.262056767451774
0	2	0.7033521444416754	2.296647855558325	0	0.2344507148138918	0	0.8708344185895192	0.8708344185895192	0.5860657080489612	0.4139342919510388	0.8387971834436019
0	0	0.7009395232101164	2.158684834693288	0	0.245115943733262	0	0	0	0	0	0
0	1	0.7011653807029419	2.298834619297059	0	0.2337217935676472	0	0.435003019184469	0.435003019184469	0.7662782064323528	0.2337217935676472	0.4189996393027124
1	3	0.7023851133226366	2.297614886677364	0.25	0.2341283711075455	1.423720379364953	1.305701846464954	-0.1180185328999996	0.7647610452036571	0.6559481266489333	-0.1136767344944916
0	3	0.8390490801036071	2.160950919896393	0	0.2796830267012024	0	1.388277712546954	1.388277712546954	0.3737411739258129	0.6262588260741871	1.337204192052965
2	1	0.7009395232101167	2.299060476789885	0.6666666666666666	0.2336465077367054	2.853313208592564	0.4349602849057162	-2.418352923686848	0.9872450757916184	0.138262223315912	-2.329383838832047
0	2	0.7009395232101163	2.297698643065162	0	0.2337526184697301	0	0.8704361670910732	0.8704361670910732	0.587135049701995	0.412864950298005	0.8384135832687951
0	1	0.8399531126362216	2.160046887363779	0	0.2799843708787405	0	0.4629529135918185	0.4629529135918185	0.7200156291212595	0.2799843708787405	0.4459212815873654
0	1	0.7028639890813796	2.297136010918621	0	0.2342879963604598	0	0.4353246804920801	0.4353246804920801	0.7657120036395402	0.2342879963604598	0.4193094669726889
3	0	0.7009395232101163	2.299060476789884	1	0.2336465077367054	4.279969812888848	0	-4.279969812888848	0.9999999999999999	0.01275492420838165	-4.122513474019013
1	2	0.7014208302850926	2.298579169714908	0.3333333333333333	0.2338069434283641	1.425677648600128	0.8701027253492684	-0.5555749232508593	0.8615653738941065	0.5502049870391743	-0.5351358086759076
0	2	0.70116624833801	2.296909285790727	0	0.2338721090767228	0	0.8707353017258956	0.8707353017258956	0.5869519452505488	0.4130480547494512	0.8387017130025348
0	0	0.7009395232101164	2.299060476789884	0	0.2336465077367054	0	0	0	0	0	0
1	1	0.7009395232101162	2.299060476789884	0.5	0.2336465077367054	1.426656604296283	0.4349602849057164	-0.9916963193905666	0.9454093094224416	0.4127023248958525	-0.955212680825711
0	2	0.6779829792933215	2.129917654609425	0	0.2414554742811472	0	0.9390034378426482	0.9390034378426482	0.5753897974980393	0.4246102025019607	0.90445832421506
2	3	1.00974792628136	1.99025207371864	0.4	0.3365826420937867	1.980692356918703	1.507346752511967	-0.4733456044067361	0.7852863187044541	0.5454972448436208	-0.4559316344143385
0	1	0.7009395232101163	2.157917963053619	0	0.2451816946378044	0	0.4634096462985662	0.4634096462985662	0.7548183053621955	0.2451816946378045	0.4463612114980676
3	2	0.6073116260254416	2.195823335453751	0.6	0.2166544366829087	4.939803342204293	0.9108200863466615	-4.028983255857631	0.9908929877965471	0.07151059678240768	-3.880760492480939
0	8	0.01871041620188375	2.980198732052472	0	0.006239074035562216	0	2.684384740507012	2.684384740507012	0.9511638422106959	0.04883615778930406	2.585628578235625
2	1	0.6059059562308439	1.694285406727146	0.6666666666666666	0.2634154557695859	3.300842283250341	0.5902193314240378	-2.710622951826303	0.9817222067637528	0.1716075205424014	-2.610901508753078
0	2	0.7009395232101162	2.297101670871857	0	0.2337991634650471	0	0.8706623765768744	0.8706623765768744	0.5870637219068615	0.4129362780931385	0.8386314707058415
1	0	0.7009395232101164	2.158684834693288	1	0.245115943733262	1.426656604296282	0	-1.426656604296282	1	0.2451159437332621	-1.374171158006337
3	4	0.9391528747742598	2.06084712522574	0.4285714285714285	0.3130509582580867	3.19436811682134	1.940949404270756	-1.253418712550584	0.8564156621135708	0.3827017738136653	-1.207306536489243
3	4	0.9917750072087448	2.004700774316653	0.4285714285714285	0.3309804849161397	3.024879613011434	1.995310248415247	-1.029569364596187	0.8302988668485152	0.4239332144056283	-0.9916924098864435
0	8	0.9791692929077197	2.020830707092281	0	0.3263897643025732	0	3.958768031346368	3.958768031346368	0.04239058618841492	0.957609413811585	3.813128424549699
1	5	1.004066363509144	1.994349748607328	0.1666666666666667	0.334865584350269	0.9959501048367634	2.507082824109234	1.51113271927247	0.3481462791300267	0.9134122371282974	1.455539470739144
0	4	0.9985243231835972	1.999722867849447	0	0.3330360239042053	0	2.00027717055699	2.00027717055699	0.1978834667128282	0.8021165332871718	1.926688726299195
4	1	0.6166186916124827	2.191281942290264	0.8	0.2196013221292074	6.486991157436112	0.456353872452775	-6.030637284983337	0.999489289540445	0.009585286230479384	-5.80877542392865
2	6	0.7033452245563875	2.228040684306736	0.25	0.2399360733876098	2.843553819906058	2.692949030177573	-0.1506047897284852	0.7034344994095787	0.6073432030443295	-0.1450641714896611
1	3	0.7008605547530311	2.298499334830172	0.25	0.2336700431272434	1.42681735078154	1.305199420569621	-0.1216179302119185	0.7655160646170495	0.6551238098760691	-0.1171437131334642
1	0	0.7009395232101164	2.158684834693288	1	0.245115943733262	1.426656604296282	0	-1.426656604296282	1	0.2451159437332621	-1.374171158006337
0	3	0.8423387337712838	2.157661266228717	0	0.2807795779237612	0	1.390394334344969	1.390394334344969	0.3720369126613413	0.6279630873386587	1.339242945189831
2	1	1	1.999042956230876	0.6666666666666666	0.3334397054641644	2	0.5002393754886909	-1.499760624511309	0.9629274942697852	0.2594011000796572	-1.444585745378856
0	5	0.6773863136638912	2.129899547582179	0	0.2412958092423191	0	2.347528551605123	2.347528551605123	0.2513983451837343	0.7486016548162657	2.261165033335666
3	4	0.7014213012646048	2.298578698735396	0.4285714285714285	0.2338071004215349	4.27703007392454	1.740205807267192	-2.536824266657349	0.9434270907421944	0.2107406912645935	-2.443496724911345
1	5	0.838552776478774	2.161447223521226	0.1666666666666667	0.2795175921595913	1.192530784048167	2.313264902140184	1.120734118092016	0.4654697414906018	0.8601249398940145	1.079503291989023
2	1	1.37359294232944	1.329848953881458	0.6666666666666666	0.5080904251186779	1.456035436967413	0.7519650988041005	-0.7040703381633127	0.8688334691344874	0.5121345785608106	-0.678168207400569
5	3	1.668760335169969	1.3256050918225	0.625	0.5573001612051294	2.996236124878132	2.263117438599658	-0.7331186862784738	0.7671591641560984	0.4940340934268669	-0.7061478922437006
1	1	0.8376954854971669	2.162304514502833	0.5	0.2792318284990556	1.193751210687863	0.4624695519492658	-0.731281658738597	0.922029585953074	0.4804932429511851	-0.7043784473372248
0	2	0.6767615969224348	1.6784788661847	0	0.2873428881353463	0	1.191555068278065	1.191555068278065	0.5078801590912695	0.4921198409087305	1.147718801478271
5	6	0.9845040760000781	2.000672562566717	0.4545454545454545	0.3297975949834397	5.078699135827248	2.998991495291182	-2.079707640536067	0.8831559552888035	0.280192596583952	-2.003197018892826
1	2	0.7023900251255786	2.156891185258436	0.3333333333333333	0.2456526565399436	1.423710423309631	0.9272605005154037	-0.4964499227942275	0.8486122479755003	0.5707462521098834	-0.4781859651747158
2	8	0.7116885554560478	2.284466439149823	0.2	0.2375339582689603	2.810218015545306	3.501911808771087	0.691693793225781	0.5633017434607946	0.7267182739781162	0.6662469847056974
1	4	0.8228171909930386	2.072527356604513	0.2	0.2841862781670601	1.215336785553938	1.93001071240542	0.7146739268514828	0.5609869993206275	0.8120682764159248	0.688381699352848
2	9	0.7156474470669068	2.2604188253519	0.1818181818181818	0.2404675775197916	2.794672164621049	3.981563017906156	1.186890853285107	0.4850822963848993	0.782460094404668	1.143226178867643
1	2	1.135889702391661	1.164299968592499	0.3333333333333333	0.4938243644515013	0.8803671675995128	1.717770380443936	0.8374032128444229	0.5092629822641113	0.8703108300976656	0.8065958824620334
1	3	0.6955339795569673	2.107271201286469	0.25	0.24815637715771	1.437744279060195	1.423642100821445	-0.01410217823874915	0.7413885083665083	0.6804711462029658	-0.01358337145911335
2	2	0.6954962261413671	2.293461356111818	0.5	0.232688556796807	2.875644647413915	0.8720443423518883	-2.003600305062026	0.9583999828619842	0.2328690458453577	-1.92988960559786
2	2	0.7009395232101167	2.08417256531502	0.5	0.2516737211755456	2.853313208592564	0.9596134376222838	-1.89369977097028	0.9482720246563068	0.2645462825743388	-1.824032215849286
1	2	0.7007841380452869	2.29890064346121	0.3333333333333333	0.2336192597187963	1.42697293747162	0.8699810518947931	-0.5569918855768264	0.8617670489941918	0.5498743658861471	-0.5365006421995894
1	0	0.6754762761044174	2.128539871044088	1	0.2408960008277167	1.480436893753196	0	-1.480436893753196	1	0.2408960008277167	-1.425972917741909