dN,dS,dN/dS,dS=dN,LRT,p-value,Full Log(L)
0.03500895295761271,0.8346530329050628,0.04194431886955689,0.2494417950896122,65.78403623948282,5.551115123125783e-16,-153.1119828225168
0.04515089057913814,0.9399143409075958,0.04803723979308555,0.2800828482415713,66.82887052922206,3.33066907387547e-16,-172.3228419131745
0.1691186726392253,1.140416963234553,0.1482954727011038,0.3589368478797835,43.38103505577476,4.505340545080116e-11,-216.1389035939561
0.07884883735538287,0.8731166681142717,0.09030733261074715,0.295043966730163,53.6015042089706,2.455813330470846e-13,-196.9366470066817
0,0.6023317937187646,0,0.1871002570089326,70.2714238587792,0,-118.6186436218977
0.2001647908366844,1.014539585456652,0.1972961860789185,0.3348999035694784,26.97954160507317,2.056203213252061e-07,-213.286505122861
0.07013208487281401,0.7159502507504434,0.09795664545029922,0.2506713090773738,43.94405789740199,3.378963775446664e-11,-173.0991056879863
0.02658856751720612,0.7385997044198328,0.03599861651459952,0.2364284669975428,63.64006712600496,1.443289932012704e-15,-148.9452590111671
0,0.8996403314046775,0,0.2453125034437209,95.83725671088411,0,-131.7630539607518
0.08210702332928355,0.8174577539849534,0.1004419163302656,0.2764637375676878,45.78405593009103,1.320343834265714e-11,-191.1391148552489
0.1863404887461959,1.064405169534504,0.1750653736750341,0.3823804900265028,35.80397729627066,2.182019898100407e-09,-245.595076213674
0.3559070012889653,0.6841582413421516,0.5202115238585192,0.4293418717364614,5.106305974671159,0.02383902589917097,-278.1128576369034
0.2335005916500063,1.045730113036913,0.2232895359318815,0.3856334507960337,25.88156923476447,3.630187559444664e-07,-244.4724484708752
0.04068839818212257,0.9158049242599714,0.04442911050625917,0.192005715276875,54.86283551298501,1.292299600663682e-13,-109.4628241621941
0.07762051771713169,1.168280461268695,0.06643996907458299,0.2347486178925321,54.41657799215517,1.622035838977354e-13,-147.0292281225589
0.05707941899154778,1.477805528778377,0.03862444542262086,0.2580356059557455,75.20558360381631,0,-130.6817044456371
0.1048452283866125,1.05316344430761,0.09955266578355447,0.2539895477637882,42.64882654389714,6.550371356439655e-11,-157.8910191425551
0.04004130749171386,1.107995505975555,0.03613851073922791,0.2048412716123473,64.11973970849351,1.221245327087672e-15,-113.9036037094939
0.08069245928638998,0.9293014502995752,0.08683130674161486,0.29790679120712,54.53262092190715,1.528777104908841e-13,-192.1589220043137
0.08908758489240649,1.006158628212503,0.08854228587263181,0.3196298237375088,57.15623696542724,4.030109579389318e-14,-202.1911864183323
0.3913476415952743,0.7486810926722007,0.522716074207874,0.4562506420794968,4.660069966132369,0.03087193345727601,-288.112607689563
0.1609831517545809,1.46988592903098,0.1095208468732732,0.3506071229774764,50.84163610229791,1.001310145909429e-12,-193.9933535423113
0.2717288666967803,1.164984058780603,0.233246854022364,0.4009503474329767,23.6339267339323,1.165150506077239e-06,-252.0005982751046
0.1039292755151442,0.8317215932985693,0.1249568080864241,0.2302821929298144,33.37595796882147,7.595717943509328e-09,-148.886879152684
0.09167192583312543,1.24872294175514,0.07341254234047799,0.2658347068393835,52.73827442496093,3.811395643538162e-13,-149.1580372751783
0.1605581889002483,0.7177184631797341,0.223706365569755,0.3078654117655239,23.42580358852643,1.298253884396416e-06,-208.0682520017214
0.08689952090141756,0.9544199134713354,0.09104956809351764,0.2966491284029648,53.98404267625938,2.02171612784241e-13,-190.4159449418455
0.3816342383587827,0.8252941661746219,0.4624220720324754,0.4634448528082024,6.465526728430859,0.01099870363383459,-287.0242120333893
0.09868370662859328,1.134401224269563,0.08699189009791077,0.3664215430084545,64.95820701226228,7.771561172376096e-16,-214.2717642863062
0.1110877364443244,1.303338490587362,0.0852332201086624,0.3690421884392979,62.59975169680587,2.55351295663786e-15,-216.530382917473
0.04883963849635371,1.303178405197026,0.03747732336691821,0.2283082724573897,68.78495289295665,1.110223024625157e-16,-121.9994717706417
0.2805232513216796,0.996422189678149,0.281530514100946,0.3954307543516582,17.40717094392375,3.016856544002522e-05,-255.3166579517852
0.04070859037940836,1.040692651602796,0.03911682312420683,0.2068468226706716,61.986087401433,3.441691376337985e-15,-114.5600989335162
0.299551654113424,1.248467274426998,0.2399355275458923,0.454602276086341,25.85302758821524,3.684263621961392e-07,-259.0747910803631
0.1617471597015507,1.160353135014358,0.1393947711440011,0.3186132730623603,35.22300492016649,2.940296450759661e-09,-183.0174325696196
0.3329817012664091,0.8148351634577424,0.4086491553130888,0.434603325076636,9.838661885461875,0.001708817591929868,-277.4036842889076
0.1379854442908125,1.25348574513692,0.1100813829165166,0.4000312654743424,57.86174609727698,2.808864252301646e-14,-232.7181841585433
0.3796489889105704,1.770874815486426,0.2143849952523538,0.604037885650641,33.22719620832106,8.199568912736765e-09,-295.5287235225383
0.2174289082769303,1.159264544808957,0.1875576280242073,0.4401983191135572,37.14388448506884,1.097263280236405e-09,-257.5444094292388
0.09932297263333394,1.010464240893178,0.09829439639104845,0.3268546676378061,53.95169072005399,2.055022818581165e-13,-201.3628031853095
0.2202151293350591,1.115587151034984,0.197398409555681,0.3709086627784033,27.64452953459067,1.457837673912721e-07,-221.8976380329818
0.1775793259617437,1.009066109577021,0.1759838372098148,0.3090598147343808,29.70376228727952,5.033703220913566e-08,-203.0226144758339
0.3198684768754044,0.883860551097215,0.3618992571603327,0.4198116062440237,11.03846994122011,0.0008924048406340201,-258.8092165106201
0.1661313958148517,1.543528376370642,0.1076309307675203,0.3662914535925028,51.72598460580514,6.3815619455454e-13,-196.9217580692463
0.4577213978312322,0.8784578828766771,0.5210510449656808,0.5338936124728386,4.250784681690561,0.03923219919932641,-301.4785498900322
0.1490533837750267,0.9334121495827176,0.1596865691556095,0.303189767927754,31.07652661515863,2.480530625348365e-08,-176.6299903012028
0.3441279502521871,1.086280538478578,0.316794730331969,0.467919677873781,16.49486821120036,4.878192974955287e-05,-275.9829252289815
0.1797679309297361,1.070753216773073,0.1678892279880348,0.4042329465313642,39.47654241824262,3.320239638782141e-10,-238.087330826851
0.2371884670180758,0.8790097200646443,0.2698360002215134,0.4278750441925111,24.44090657454774,7.662432012223164e-07,-264.5728122397573
0.1260693799615642,1.282043072977852,0.09833474601499761,0.3036750408958467,47.10719427393343,6.720846101870848e-12,-172.5137695517228
0.3669164865064648,1.114268747668017,0.3292890402556486,0.4948873286997444,15.49692403471931,8.26396228521542e-05,-297.3850627861106
0.2975240961042351,1.50054843809872,0.198276902331267,0.4593870024314624,32.91554214297412,9.625069186114388e-09,-272.3532857186175
0.2715734080662653,0.7334591619401071,0.3702638431128378,0.3561654267610749,9.719085347552777,0.00182364250900835,-217.9961588581307
0.4499079146016984,0.9880548606670032,0.4553470991458717,0.5542470587360029,7.79050657333778,0.005252146754520348,-305.5257494814844
0.4157169138144701,0.9154275819211518,0.4541232119552597,0.5352030634557733,8.254002334917573,0.004066224880326264,-289.6401023520208
0.470023650439081,1.391944029043409,0.337674245969572,0.6637066460572917,18.70813031605633,1.523315880891385e-05,-327.1740960677391
0.5409917299635122,1.134519785287177,0.4768464481442013,0.6405785677463915,7.439713586767652,0.006380004281892893,-345.3839788218739
0.4305222639498398,0.8273316644589417,0.5203744549429191,0.5361027042163086,6.570214141988686,0.01036994728254947,-307.1359685935407
0.4967255000474951,0.8313401076298993,0.5974997422698992,0.5592670565351588,3.170626617420908,0.07497367653826736,-311.6615039073258
0.5553739060761527,0.6699893598693633,0.8289294417816446,0.5712910311170685,0.2794888493583585,0.5970364388149345,-336.1326686689935
0.3329534895995545,1.214620170224439,0.2741214889738172,0.4760284845682682,19.54656802495151,9.817695216463029e-06,-251.3939538537674
0.5137618243035945,0.8668084545113063,0.5927051375995701,0.5742138691144658,3.08386008696607,0.07907265352697812,-337.0558078840123
0.5096151865698881,0.8835706144228753,0.5767679212631523,0.5805715424879679,3.923388055628834,0.04761882107107973,-328.6360145216047
0.5271133120436653,1.433812806051824,0.3676304952911778,0.6678656010722391,13.32574334776507,0.0002617871107151171,-340.4027457904078
0.3625744143391198,0.9467036402844167,0.3829861837546036,0.5193865350480397,14.05796970136043,0.0001772610512152939,-302.0659169535822
0.4011585390522803,1.749223711604811,0.2293351824531584,0.4978410245995318,17.35406104106846,3.102346390482236e-05,-309.4471083505105
0.562073685332286,0.5825090621236383,0.9649183538589913,0.5679788403543019,0.01789777498674994,0.8935745135188212,-304.2217073002083
0.6059341223535754,1.191888661410136,0.5083814805626964,0.6928890351573077,5.256867887726457,0.0218603253311711,-348.8579886966766
0.5808859349060882,0.8378778706986139,0.6932823448622071,0.6338150557349566,1.730472604866236,0.1883505528677709,-336.7963477366658
0.3062691979310312,0.7840485915906108,0.3906252765657016,0.3972709738173223,9.068261610170453,0.002600842064200304,-242.0567162896569
0.6897473358732636,0.9214218434210559,0.74856846600507,0.7359324913263429,1.041464337007255,0.3074811503365986,-349.7009588945266
0.5523311592157713,0.8473622980489575,0.6518240904598986,0.5994043042722252,1.98679946230277,0.1586759264559425,-324.6007705088913
0.51521015143099,1.24171875822724,0.4149169431623454,0.6506155753977167,10.86667619823038,0.0009791009339747969,-333.6607948852201
0.5779331267886427,1.518801957424083,0.3805190821381532,0.7787138824531717,13.92512404657589,0.0001902385567587039,-355.2899496709404
0.3719069428151297,1.501245483047228,0.2477322643197787,0.5395618208410095,22.95631867891018,1.657245757291648e-06,-274.4098610575179
0.5685271644864449,0.7965193321579614,0.7137644267166358,0.6132204044930083,1.461492836722869,0.226692744191675,-335.41820732569
0.6545267511903505,0.8391738965820127,0.7799655754978354,0.6995292231172955,0.8753342683634173,0.3494827782330372,-340.6363554047488
0.8201883694009687,1.069828895499411,0.7666537825360319,0.8723372487904831,1.040019624032766,0.3078169079787741,-395.9957514788246
0.7185047061650222,0.6143616224473322,1.16951430543925,0.6889594901346299,0.3351015138745197,0.5626704611621673,-355.2378203302404
0.6635740803610896,0.9629175226184992,0.6891286790135532,0.7469496346799935,2.05592808766346,0.1516148475364225,-361.0366464848001
0.5375745891063318,1.308359753235748,0.4108767391971804,0.6929370765321267,12.05560826584929,0.000516367967492215,-340.1578526182519
0.4924955830584143,0.9109268109156407,0.5406532963536007,0.590427903998481,5.706425326261183,0.01690292477829236,-304.2548882009934
0.6028522815246947,1.17028821752096,0.5151314629157989,0.7048134400144157,6.045576359729694,0.01394118128884125,-347.5884571669305
0.6646676581489531,0.6338096214664953,1.048686601839617,0.6583805463491678,0.02462607442816989,0.8753024029231902,-341.3426323214495
0.6703137144286146,1.296802985513012,0.5168971092115742,0.7618210990767768,5.44286875858279,0.01964837299774569,-373.3935948667355
0.7009309141766241,0.9256422096278185,0.7572374151546675,0.7505275891498591,1.042564067183207,0.307225886724297,-378.1489854851238
0.755161056343475,0.8907441914108752,0.8477866750355719,0.7874614715767414,0.3933582947015566,0.5305394008089166,-375.4315757658082
0.712617540849158,1.61310249223142,0.4417682969811715,0.8770742755557879,8.811020453725178,0.002994165306814289,-378.5127558666181
0.6734100533907816,1.088805155347005,0.6184853645151634,0.7541067565169915,3.085555725142171,0.07899027757568444,-374.9116770492793
0.8328325300984603,1.32805881229066,0.6271051570841021,0.9590472360419726,3.694113036141744,0.05460480729282202,-402.1098592181207
0.82044660378247,0.617689738024061,1.328250338765562,0.7741761361418233,0.9575035657943545,0.3278166551016289,-372.9911984733836
0.5155309021548347,0.9749852599107524,0.5287576370149688,0.5967361636554561,4.824812242498069,0.02805292043247909,-300.2703917118801
0.8666574424336086,1.15805722336515,0.748371863624515,0.9470252078361244,1.380919149283386,0.2399446448884049,-385.506144439506
0.9766972492189786,1.065017845630762,0.9170712521164613,0.9950098073358516,0.09975861849034118,0.7521194937859874,-385.9087955255139
0.6830617008518159,1.183713477284749,0.5770498638054296,0.7826960159180074,4.267831118097092,0.03884047595667039,-360.6181606070547
0.7740198677666732,0.7743944527642203,0.9995162865691897,0.7741093763202515,3.122777911812591e-06,0.9985900283358641,-351.7571807858843
0.9189965990069625,0.8783974309977036,1.046219588738033,0.9067477895173973,0.0339568626440041,0.8537986042166812,-398.6361804645051
0.7019041281034942,1.042001193500269,0.6736116354585662,0.7854581715150959,2.55952794600114,0.1096313142326995,-373.6076334290858
0.6362211719498875,0.4586700971957474,1.387099738656751,0.5794069720426381,1.399073224889094,0.2368788046817102,-327.8749360658151
1.170413789045297,1.029728131664558,1.136624078778269,1.133273480570091,0.2588925895619241,0.6108819832854098,-430.9436713072199