dN,dS,dN/dS,dS=dN,LRT,p-value,Full Log(L)
0.07663464492885982,0.6085461674862171,0.1259307001232499,0.269069541086261,9.659314561780377,0.001883939001408153,-91.43602695528241
0.3598627808584247,0.707173268697358,0.5088749770212704,0.4352624924651262,1.628076993511797,0.2019692338650857,-133.6591697190785
0,1.154140018658064,0,0.4163368897315373,34.63081633945131,3.985468288725258e-09,-115.5971121663917
0.07663165736290489,1.235805705458813,0.06200947044054481,0.4609310451551736,24.32191271037027,8.150655901317805e-07,-135.4137285414757
0.03830023678255013,0.7680719187925861,0.04986543036589379,0.2968015893936615,16.80117826391174,4.150752251286249e-05,-92.88239211931581
0,1.064509221726594,0,0.2503902207170871,25.9987407562235,3.416401226363774e-07,-60.71964084037208
0.09652886052008468,0.7074936090773219,0.1364377844288556,0.2274463132945189,8.454896182112037,0.003640620298493991,-72.0334252294295
0.03640114332653632,0.7121036910779397,0.05111775684161174,0.2144397182027739,13.23517116041332,0.0002747447858322261,-59.16115312814716
0.03830335976168586,1.313677686237197,0.0291573497540323,0.4609028273140614,30.56431998865645,3.229791378789315e-08,-126.8265620779216
0.03830336415324506,1.122383676699793,0.03412680079762971,0.4211757001068134,26.52170421873222,2.605937834410099e-07,-118.9515654198761
0.1533232035999614,1.314822810632211,0.1166113048542552,0.538137879510196,20.26797031686084,6.731816689753423e-06,-150.6536098947346
0.2614913532458603,1.225018535904778,0.2134590992557735,0.4951097286085563,11.48220794674188,0.0007026560493639256,-145.7461127128173
0.03828102168564618,1.239876715666325,0.03087486134867327,0.467646682574921,30.05613609296739,4.197183323118026e-08,-127.435773160847
0.03834019659499702,1.014832929789359,0.03777981130643344,0.3916497268436004,23.89041308580386,1.019783504863092e-06,-107.3121159428858
0.2900846529373181,1.187689808398223,0.2442427735643707,0.4815059262224112,8.887518205679612,0.002871267514091946,-140.1396105901091
0.2301932850300326,0.4732114181018122,0.4864491350470884,0.3181960839163372,1.670571676401153,0.1961819806888171,-113.8782973844694
0.03639436284418453,0.945010171657141,0.03851213874276559,0.2503321266589979,17.35935719377846,3.093713116608665e-05,-64.60218842114314
0.03833694114502329,1.607084863063839,0.02385495752348481,0.5276270097525,36.9944794302732,1.184641829077293e-09,-134.3932357848622
0.1632258154634371,1.063927568688526,0.1534181651713763,0.3580511066450408,11.70562825935582,0.0006231133983629622,-104.2463676752618
0.0382885691514557,0.9077744306886977,0.04217850586781505,0.3462085816604655,20.62848108685074,5.576039282417788e-06,-99.28964486390797
0.4842753955075427,0.6099448250173228,0.7939659058403996,0.5144421917376353,0.2196838189426558,0.6392809381544216,-166.5126359468408
0.1918406766528276,1.119445384870448,0.1713711800911387,0.4777539492367818,12.98390079362764,0.0003141807306492606,-138.4581105580104
0.1615379776599385,0.9111867769441928,0.1772830573789507,0.3428012183448605,10.04260469917742,0.001529607665088584,-106.1211623045106
0.06524663528162104,0.7070231457445815,0.09228359166786314,0.2043694438379377,10.30681154385988,0.001325400812473121,-64.01750405834689
0.1533354868798277,1.122267525451204,0.1366300667197688,0.4957422827308405,16.71993943199448,4.332326441325307e-05,-143.8688638766136
0,0.4713630606572812,0,0.1112146038785971,11.54361324391736,0.0006798238907308463,-31.85543325976447
0.4846139860657395,0.8165027501005677,0.5935240095713702,0.5643403289298272,1.330060709356985,0.2487944178764028,-172.9260154408568
0.07665557763791118,1.464562229273429,0.05234026667200077,0.5040081178859983,28.6675424599095,8.593200384598987e-08,-135.3379940369887
0.5548363258212891,0.9194663112979611,0.6034330121764402,0.6220392768412805,1.020147521184299,0.3124840193222248,-167.7121675512961
0.03641012418807416,0.8252507542099222,0.04412007381069581,0.2224949807023105,14.70184685384268,0.0001259230244836651,-59.31684688335595
0.1632024346712037,1.122985864319596,0.1453290195866233,0.3956778479808514,14.05002590125912,0.0001780113805324168,-117.049135536333
0,0.8810119159166654,0,0.3181492470204836,26.46129172196643,2.688721705279562e-07,-93.68740068718552
0.1532338387187867,1.081602344911877,0.1416729904845679,0.4609222397217781,15.03337855963946,0.0001056263835754745,-133.3636175942916
1.396656731353301,1.267123273534882,1.102226405689054,1.351566570101633,0.10254187652788,0.7488003461526278,-325.6478282434697
0.1092562992431829,1.421509186239942,0.07685936911331444,0.4176391507394996,21.26787169711659,3.993693733383985e-06,-103.2000861702687
0.4566285316285143,1.18600563957091,0.3850137945328153,0.6374775124343968,5.522527450799259,0.01877311649168767,-191.3852657495824
0.1533064011803864,0.9082309189109234,0.1687967211733102,0.4207406436323411,11.90684013324991,0.000559281920797905,-124.5107769747067
0.07280735231344634,1.062772026635896,0.06850702736682966,0.3059779675805248,16.62236872701888,4.560991739799292e-05,-81.04590136853113
0.1149928335405411,1.018435051844993,0.1129113077286769,0.4410933499485711,17.016367296564,3.705898522798901e-05,-132.5196732908243
0.1456814063368818,1.123544950668148,0.1296622856524327,0.4026330596342619,14.39955475795185,0.0001478372610661527,-107.245361567178
0.2615067943113573,1.336285973468124,0.1956967292208095,0.5207527299072555,13.42421797721255,0.0002483965471656857,-145.7399498225346
0.1532811478420811,0.4891602539233522,0.3133556878603206,0.2722354742175096,3.604498786937029,0.05762343612546383,-95.52625176222091
0.5378097683730104,0.9738879989790828,0.5522295879370021,0.6320678756954776,1.733953821365617,0.1879067447124617,-170.9773859541027
0.1092630969843938,0.8277166524080233,0.1320054352736792,0.278375641747403,9.618612920991296,0.001926151564126677,-77.51599207290941
0.3457027108886594,0.9268068595810169,0.3730040485942689,0.538677544431034,5.022487458097999,0.02502020146462325,-162.8949255370895
0.5512989498518176,0.8194684599154525,0.6727518834693127,0.6093891880366458,0.7308862382005259,0.3925960750126842,-179.0953170043432
0.2576260402136185,1.301887950140574,0.1978864926016105,0.4807663330381729,11.87078025646696,0.000570215183221312,-136.9882616178432
0.4607042683260771,0.4014698651548556,1.147543834076746,0.4460811404481812,0.06027370394082254,0.8060638621664318,-142.3421469671871
0.07663499628460564,0.8049211180637624,0.09520808258696344,0.3269296292059606,13.99802392357773,0.0001830028617013646,-98.61639613804724
0.3844283555751862,1.292221804213217,0.2974940945291119,0.6645311685498272,8.975554771970337,0.00273615493064705,-176.8637293686578
0.4319949795900241,1.112085675487281e-13,3884547648729.829,0.4300432464964735,0.1538349125572722,0.694897189685614,-136.4647008130104
1.326647485310892,0.967452582019204,1.371279078652103,1.180405967201923,0.9557105322267034,0.3282699775323561,-276.9208348989752
0.7261494514685947,0.7676324240726621,0.9459598483555708,0.7360779386768476,0.01596433776120421,0.8994548312863162,-202.3710879817068
0.1149826398822872,1.195784638696259,0.09615664573819124,0.4961965953250235,21.08695338088563,4.38906261823746e-06,-145.5326839629294
0.1822693429297912,1.540815701584065,0.1182940586225892,0.5015984795998127,18.96435324153194,1.331835632167877e-05,-120.3346766457973
1.153435497568906,1.191771522110804,0.9678327398912844,1.173115350219516,0.0121987386390856,0.9120541666778832,-300.1942787338706
0.7617532287940509,0.7288674878565951,1.045118957129181,0.7535509653920757,0.01037737476150369,0.9188603384353378,-205.8717539338836
1.35438714973141,0.7084436744671626,1.911778167474043,1.134301714875021,3.688637315923529,0.05478435734103992,-307.0154443631841
0.3222356581326299,1.128631176481462,0.2855101514537356,0.5148292329920996,7.858343334408232,0.005058672214126148,-147.6451978068809
0.182733066905127,0.6057117455771726,0.3016832152247663,0.2951325555251854,3.824544533335285,0.05050707331642601,-87.53796009169332
0.268533678281467,1.083635686014514,0.2478080795484897,0.5633945356156682,10.5435859670884,0.001165919877921584,-167.7211105791922
0.3853221463734217,2.066947863267623,0.1864208349040157,0.7298497040938273,20.70628663032085,5.353993412615665e-06,-215.7557909253507
0.2613570113661215,0.7120446267075571,0.3670514481298981,0.3708864460454772,3.520014797286251,0.06063190613772296,-120.1693862183376
0.538870196706515,0.9628985091426566,0.5596334313429492,0.6910920625846982,2.319976431456837,0.1277219613788918,-203.6341117239928
0.2288870617091903,0.8155338410309219,0.2806591832165452,0.3711766635604128,5.799914541442234,0.0160269534947558,-117.7433576326321
0.3859683791870855,0.5074086618134602,0.7606657281088747,0.4134378391947557,0.2583287491596593,0.6112706582096498,-142.1815826512955
0.4579192031935904,0.9170901812990809,0.4993175289969156,0.5694462018631752,2.46120566282957,0.1166891833985808,-171.2646264308337
0.346160735917324,0.9527143843162204,0.3633415655477581,0.5652777287236537,5.782855828265212,0.01618322639855885,-174.1204160021975
0.8379298075048541,0.7910050305023678,1.059322981767492,0.821687703036277,0.02219238466784645,0.8815764478450379,-204.8901483510332
0.1092951478758975,1.637431279134466,0.0667479296802429,0.5103230454357394,27.95585529178342,1.241148229746969e-07,-122.921582627146
0.7282722593659863,0.9292317094793026,0.7837359099315235,0.7787781634132398,0.3600552491253097,0.5484755531914888,-214.0564433904427
0.1823396591885517,0.5905387047699105,0.3087683461147497,0.2786028400587532,3.263584517718272,0.07083412929466926,-80.16265160385971
0.2684615355142587,1.080925093957505,0.2483627561382278,0.5380450021090627,9.769000083346441,0.001774789513069197,-157.9458209729706
0.4836748525691109,1.143520553666803,0.4229699685048626,0.6482282420222659,4.270114614775196,0.03878831409157457,-171.7742436137235
0.7821135904286076,0.307579166045685,2.542804184313444,0.7021044034250993,2.098975788452663,0.147397845033601,-194.7264098979728
0.5888706334246701,1.071129312831733,0.549766145291906,0.6777649873717619,1.60994867847154,0.2044990165410575,-165.5882352038376
1.946460579518004,1.184840275916156,1.642804198239243,1.769385540881061,2.300215524043551,0.1293560486925551,-384.6418871841989
0.5885519582881836,1.387502631961054,0.4241807869267549,0.7971459914132588,5.665226246675616,0.01730448484275948,-230.0813094362109
0.730441633974191,0.7209850687185981,1.013116173504675,0.7279855411094226,0.0009537846183889087,0.9753625256147325,-195.8833018523803
0.6250998009288115,1.013065897226336,0.6170376504038549,0.7201576639892433,1.435351359311369,0.2308930754505447,-206.6335972249092
0.8567073396756619,0.579973565189608,1.477148944530916,0.7864469676191718,0.7982798100416062,0.3716081762252245,-230.6761946291638
0.7653416658291228,0.8391518478874681,0.9120419239448027,0.7837144407911819,0.04880730476571671,0.8251518019149431,-221.2575786156513
0.9120568347406603,1.236187256552595,0.7377982825062848,0.9839209909377898,0.7584269852607122,0.3838212423485163,-286.306784693777
0.5338592531261355,4.971466724733726e-14,10738465782544.87,0.531952355866112,0.1499897525645224,0.6985451513350713,-164.9333801706105
0.9722766280343215,0.713978880718749,1.36177225166037,0.9145027008083578,0.5845636493671691,0.4445290551881106,-272.8591719466346
0.5862312756931974,0.8978924840453605,0.6528969627321012,0.6628713918694267,1.0288140342563,0.3104373798060273,-195.5580871391477
0.4013927002671704,1.231500914020247,0.3259378013426072,0.6190179737849635,6.941461751352449,0.008422026055980969,-163.9875833076591
1.218421648749892,0.6738063431412331,1.808266813087132,0.9090954917977253,3.290898898912701,0.06966487337324467,-267.9164771516807
0.8482210462583157,1.164445362465921,0.7284335303307456,0.9621867848127406,0.9426042841695335,0.3316089852140998,-265.7781898741982
0.7665043887791579,0,inf,0.7610976794082522,0.424178015846735,0.514859623641466,-209.2885805747709
0.7949135272836843,1.41667102081478,0.5611137064316456,0.9347987574636482,2.84896636341864,0.09143270434709783,-271.9850972553147
1.247723593785086,0.7706565273040442,1.619039805125567,1.093868178596524,1.937440632885455,0.163946695906571,-301.7350508046799
1.31924666126424,1.372037092345181,0.9615240496226612,1.337464855515275,0.01672837547687323,0.8970900292321247,-315.0562574554577
0.6555481177365071,0.7054955504870501,0.9292023419338917,0.6656306690943579,0.02494905276580539,0.8744940773262586,-205.8939683306162
1.522116019793089,1.226916940421993,1.240602333903355,1.401062557553907,0.5402576288167893,0.4623259763786027,-334.445456413847
0.6910088522524921,1.192173598878497,0.5796209989069868,0.8683023680855677,2.545648255802803,0.1105985090492556,-248.8397428698414
0.7708573213901512,1.010065398055187,0.7631756546401698,0.8345703726796744,0.4757564167085775,0.490350799337938,-222.9810052019008
0.6859693965398175,0.8113697958018568,0.8454460593543427,0.7144335975206511,0.1620045263570091,0.6873176638711467,-220.7604625321763
0.6244778404267943,1.298363554341159,0.4809730204909202,0.7598624798823049,3.505618002853566,0.0611610228191436,-223.0676719938178
1.065552380847758,1.41438053764229,0.7533703642613658,1.188169013011818,0.8191458399297744,0.3654300206041984,-291.3407338546284