dN,dS,dN/dS,dS=dN,LRT,p-value,Full Log(L)
0,0,0,0,0,1,0
0,4.932115839006978,0,1.570093612434019,2.279806830903883,0.1310681973097483,-9.33426613791357
0,0,0,0,0,1,0
0,0,0,0,0,1,0
0,0,0,0,0,1,0
0,0,0,0,0,1,0
0,0,0,0,0,1,0
0,0,0,0,0,1,0
0,0,0,0,0,1,0
0,0,0,0,0,1,0
0,0,0,0,0,1,0
0,0,0,0,0,1,0
0,0,0,0,0,1,0
0,0,0,0,0,1,0
0,0,0,0,0,1,0
0,0,0,0,0,1,0
0,0,0,0,0,1,0
0,0,0,0,0,1,0
0,0,0,0,0,1,0
0,0,0,0,0,1,0
0,0,0,0,0,1,0
0,0,0,0,0,1,0
2.326390553518715,0,inf,1.576858736755691,0.7761089309787153,0.3783338150795775,-10.83273912869047
0,0,0,0,0,1,0
0,0,0,0,0,1,0
0,0,0,0,0,1,0
0,0,0,0,0,1,0
0,0,0,0,0,1,0
1.888189825548566,8.313121318330413,0.2271336785841332,3.077984569967661,0.9981383524887661,0.3177613918090771,-16.20333792175405
0,12.63415040559269,0,1.749372293987367,3.912132572668146,0.04793872929455889,-8.667787080324917
0,0,0,0,0,1,0
0,0,0,0,0,1,0
1.818764348234995,1.000001016241097e-06,1818762.499933798,1.559203101164529,0.3077665568471453,0.5790539600192725,-10.79710407046017
0,4.36485716935874,0,1.508538245938132,2.118892268691745,0.1454917407412355,-10.46818443193605
2.326395661759527,0,inf,1.508532177834716,0.8643054140654556,0.3525366502247496,-11.0963289132413
0,12.45184231204017,0,1.74596165804326,3.888240810774143,0.04862533148112802,-8.683053432847824
0,0,0,0,0,1,0
0,4.98540542471864,0,1.667738167472943,2.181008078424007,0.1397229166868125,-9.381767466663955
0,0,0,0,0,1,0
0,0,0,0,0,1,0
1.931005660529225,3.920679633951352e-14,49251809400787.82,1.634117286815314,0.3333602241282314,0.5636871334421838,-10.35325206954709
0,5.087769287110527,0,1.585602620595695,2.3220945070236,0.1275481796040566,-9.425969606352368
0,0,0,0,0,1,0
1.931944845202544,8.532431146762635,0.2264237251929727,3.151860493680248,0.9999202980197772,0.3173297942330013,-15.63600857951838
1.832186104647353,0,inf,1.55936039643904,0.322221355329912,0.5702757400178839,-11.07102851259097
0,0,0,0,0,1,0
0,0,0,0,0,1,0
0,0,0,0,0,1,0
0,0,0,0,0,1,0
0,0,0,0,0,1,0
0,0,0,0,0,1,0
0,0,0,0,0,1,0
0,0,0,0,0,1,0
0,4.19506405805036,0,1.488136214809855,2.068146663587573,0.1504041979129688,-9.614788828400677
0,0,0,0,0,1,0
1.690842040188317,8.356449469340376,0.2023397671932294,2.812026634075919,1.145649984519057,0.2844616151279944,-15.55609636851659
1.926855890895776,3.920679633951352e-14,49145966281204.31,1.627264891424307,0.3374645655262043,0.5612963916311737,-10.01859635769696
0,0,0,0,0,1,0
0,10.99044922704853,0,1.552224011406971,3.878609490224381,0.04890504541166307,-8.68141451021118
0,0,0,0,0,1,0
0,0,0,0,0,1,0
1.828937866310737,0,inf,1.493764287018852,0.4043330463846715,0.5248599329757481,-11.07169012865362
0,0,0,0,0,1,0
0,0,0,0,0,1,0
0,0,0,0,0,1,0
1.561346197586853,3.398904786794558e-13,4593674420222.076,1.557063251189859,0.005462961247832965,0.9410805284463514,-10.9528163992176
0,0,0,0,0,1,0
0,4.327251845997929,0,1.587857383339828,1.999591447655884,0.1573416119007398,-9.184470592318156
0,0,0,0,0,1,0
0,0,0,0,0,1,0
0,0,0,0,0,1,0
0,0,0,0,0,1,0
0,0,0,0,0,1,0
2.255292704214025,3.920679633951352e-14,57523004039508.55,1.86077413319984,0.384107712606383,0.5354130154464152,-10.61229659086008
4.596456988116318,0,inf,2.986597132470697,1.716792928292076,0.190106389512766,-14.46322545788231
2.125753263334968,0,inf,1.690870569671118,0.4573231927741688,0.4988776468970684,-11.59893308497851
0,0,0,0,0,1,0
0,8.412894503112515,0,1.691479775452876,3.189047145687908,0.07413321106730308,-8.540618971191032
4.466489447959805,0,inf,3.035833042092479,1.537307115978528,0.2150190810846091,-16.70606095880711
0,0,0,0,0,1,0
0,0,0,0,0,1,0
0,0,0,0,0,1,0
2.489063014586685,0,inf,1.649746670477436,0.8203625353965442,0.3650741903862861,-10.49950604993949
2.039965427723671,0,inf,1.627183294766614,0.4514422143644161,0.5016508643417493,-10.88491603622042
4.305971032156931,1.000001002002524e-06,4305966.717567413,2.832006350455909,1.669873982319839,0.1962754144054855,-15.20187346337281
0,0,0,0,0,1,0
0,0,0,0,0,1,0
0,0,0,0,0,1,0
0,0,0,0,0,1,0
0,0,0,0,0,1,0
0,0,0,0,0,1,0
0,0,0,0,0,1,0
0,0,0,0,0,1,0
0,0,0,0,0,1,0
0,0,0,0,0,1,0
1.695082482254942,0,inf,1.418402347206256,0.3561432360769388,0.550656024981479,-10.84978194721492
0,0,0,0,0,1,0
0,0,0,0,0,1,0
0,7.371819565105937,0,1.53702411855599,3.116520091681132,0.0775021320940158,-9.086374534698606
5.17719624075696,2.505661013528868e-15,2066199782334329,3.430337436438029,1.638375305785473,0.2005485285188012,-15.03892142866547