ObservedSChanges	ObservedNSChanges	E[SSites]	E[NSSites]	ObservedS.Prop.	P{S}	dS	dN	dN-dS	P{Sleq.observed}	P{Sgeq.observed}	ScaleddN-dS
9	24	0.6746984290641185	2.168175091395138	0.2727272727272727	0.2373297384524948	13.33929295268109	11.06921673219524	-2.270076220485855	0.7584619371976683	0.3797259347466034	-0.158448408005995
29	7	0.992673246814425	2.004073830048151	0.8055555555555556	0.3312502594825912	29.21404409060436	3.492885289476494	-25.72115880112787	0.9999999992261015	6.840448318889969e-09	-1.795303887741638
17	14	0.702215948083161	2.292883619800951	0.5483870967741935	0.2344549595655818	24.20907706013357	6.10584849536121	-18.10322856477236	0.9999632037596469	0.0001598643620679407	-1.263582129961661
25.5	36.5	0.7730308429669872	2.216031070138415	0.4112903225806452	0.2586198832408488	32.9870408561292	16.47088819820572	-16.51615265792348	0.9969359939188368	0.006617042943875551	-1.152806267655569
9	1	0.9995284553672623	2.000471544632737	0.9	0.3331761517890875	9.004245903827801	0.4998821416295568	-8.504363762198244	0.9999831445994506	0.0003542019662380325	-0.5935936807160536
29	3	0.998909261517298	2.001090738482699	0.90625	0.3329697538390997	29.03166595527437	1.499182392036211	-27.53248356323816	0.9999999999989296	2.185096548146248e-11	-1.921732032465689
13	1	0.9983506204374676	2.000824689781266	0.9285714285714286	0.3328750463622138	13.0214773586293	0.4997939125337973	-12.5216834460955	0.9999997949133652	5.959371270458647e-06	-0.8739974410040815
11	2	0.6563337026871542	2.198424182449089	0.8461538461538461	0.2299087099835896	16.75976710469677	0.909742540118877	-15.8500245645779	0.9999997766368577	4.611586213010277e-06	-1.106311381287354
19	28	0.7399307173746037	2.20275261920385	0.4042553191489361	0.2514476186333197	25.6780797902473	12.71136838330949	-12.96671140693781	0.9932091848060955	0.01530526551594569	-0.905059821763493
6	0	0.9999999999999999	2	1	0.3333333333333334	6.000000000000001	0	-6.000000000000001	0.9999999999999999	0.001371742112482921	-0.4187923028560239
10	1	0.9996131062582384	2.00019344687088	0.9090909090909091	0.333225855919121	10.00387043486464	0.4999516429595391	-9.503918791905104	0.9999943749600169	0.0001294357908084853	-0.6633613395030964
9	0	0.9999999999999997	1.999999999999999	1	0.3333333333333333	9.000000000000004	0	-9.000000000000004	1.000000000000001	5.080526342449154e-05	-0.628188454284036
24	19	0.7407746228906364	2.251280578569938	0.5581395348837209	0.2475805334503944	32.39851806254872	8.439641056233519	-23.9588770063152	0.9999967455690196	1.337681203628094e-05	-1.67229887921983
18	9	0.6602077944152417	2.267050160440893	0.6666666666666666	0.2255379623514214	27.26414342918041	3.969916571342953	-23.29422685783745	0.9999998332211022	1.237887956029304e-06	-1.625907151507398
23	10	0.6585590528468779	2.324039404642324	0.696969696969697	0.2208004403654333	34.92473438877432	4.302853032536696	-30.62188135623762	0.9999999991815295	7.054579809206984e-09	-2.13736803516045
36	11	0.9810444618943343	2.018563675775489	0.7659574468085106	0.3270575411415027	36.6955845512713	5.449419372799343	-31.24616517847196	0.999999999876012	8.742344626000431e-10	-2.180942245085329
10	2	0.6563337026871543	2.201790713199693	0.8333333333333334	0.2296379048577913	15.2361519133607	0.9083515467705618	-14.32780036659014	0.9999991128196016	1.68595556669926e-05	-1.000062085064278
11	5	0.9958071456562051	2.004192854343795	0.6875	0.3319357152187351	11.04631559231416	2.494769896601134	-8.551545695713029	0.9992409364021075	0.003892116461959638	-0.5968869191476963
12	19	0.6210447475892011	2.19044551010423	0.3870967741935484	0.2208952159409975	19.32227918613293	8.674034534233133	-10.64824465189979	0.9895059314735791	0.02709557339876201	-0.7432338165239092
13	3	0.6590753496193666	2.195931244359963	0.8125	0.2308489763243393	19.72460357910191	1.366162992445784	-18.35844058665612	0.9999999098117338	1.437556437666743e-06	-1.281395601688535
15	18	0.7045756772942835	2.293841189675714	0.4545454545454545	0.2349825619832113	21.28940933300892	7.847099477076138	-13.44230985593278	0.9984959348644876	0.004576364975606317	-0.9382559833783859
17	20	0.7624758474679627	2.232991759296742	0.4594594594594595	0.254543179083644	22.29578819637863	8.956593734272804	-13.33919446210583	0.9980109635820893	0.005520367887511757	-0.9310586611716035
35	7	0.9953255580886357	2.003945238909239	0.8333333333333334	0.3318558494567774	35.16437382278411	3.493109424392328	-31.67126439839178	0.9999999999971239	3.031319639745789e-11	-2.210613625294083
15	6	0.9964351985183001	2.003399190091989	0.7142857142857143	0.332163402853686	15.05366332131283	2.994909866028499	-12.05875345528433	0.999930912915336	0.0003873674193168863	-0.8416855215185931
12	26	0.6866018705796878	2.261289949890908	0.3157894736842105	0.2329128449734224	17.47737737718159	11.49786209471029	-5.979515282471302	0.9155055238813261	0.1544542237679204	-0.4173624958514908
6	12	0.6644186083075797	2.328142365049191	0.3333333333333333	0.2220234154702278	9.030451472879905	5.154323970968353	-3.876127501911552	0.916750585227316	0.192560082047464	-0.270548727114851
18	23	0.6647847017765482	2.30491025615332	0.4390243902439024	0.2238562246945256	27.07643535102027	9.978696540829686	-17.09773881019058	0.999404235101109	0.001780738679888594	-1.193400234991755
13	3	0.9995683091267219	2.000215845436639	0.8125	0.333213410573607	13.00561440504003	1.499838133391605	-11.50577627164843	0.9999881387581376	0.0001155044219729451	-0.8030884234916401
14	16	0.6639083796175047	2.32460575205535	0.4666666666666667	0.2221533345220872	21.08724702053885	6.88288755452543	-14.20435946601342	0.9992360514923173	0.00262636044719633	-0.9914460685610866
16	32	0.6564495557846531	2.315309805647563	0.3333333333333333	0.2208959326599992	24.37354075268621	13.82104456256557	-10.55249619012064	0.9757261354000893	0.04888751612245323	-0.7365506967233401
8	8	0.6588735250537999	2.198677663844534	0.5	0.2305727812028502	12.14193573697891	3.638550630478262	-8.503385106500644	0.9957990322599355	0.01683038222394939	-0.5935253718038368
19	25	0.6884023967313244	2.306119858469418	0.4318181818181818	0.2298872200851873	27.60013633046005	10.84072014218403	-16.75941618827602	0.9991565068677544	0.002362287763487347	-1.169785750001773
14	7	0.9910705788397806	2.005320336225733	0.6666666666666666	0.3307547669620776	14.12613823769183	3.490714113623805	-10.63542412406803	0.9996324124495822	0.001678843880731251	-0.7423389601281598
15	15	0.6752251608030103	2.322266661254045	0.5	0.2252633871540076	22.21481199273036	6.459206537418	-15.75560545531236	0.9997666498645393	0.0008915097221229296	-1.099721048586866
9	2	0.9982090811491393	2.001672718979051	0.8181818181818182	0.3327494706979736	9.016147187961055	0.9991643394231282	-8.016982848537927	0.9998723235114497	0.001352283955808442	-0.5595751181827406
3	7	0.9974655274059694	2.002534472594029	0.3	0.3324885091353234	3.007622737401126	3.49557028645424	0.4879475490531133	0.5615717893583084	0.6988770291407371	0.03405811295681767
21	33	0.6417746540155208	2.179655096573232	0.3888888888888889	0.2274643392704002	32.72176591675142	15.14001001896185	-17.58175589778956	0.997632167468588	0.005624548040364385	-1.227184006781295
27	48	0.8717037231475275	2.098755610340616	0.36	0.2934575516049585	30.97382663746006	22.87069526509085	-8.103131372369212	0.9160125155102469	0.1282544140528766	-0.5655881746298992
15	3	0.9953602243441489	2.00463977565585	0.8333333333333334	0.3317867414480498	15.06992105283655	1.496528222392725	-13.57339283044382	0.9999984383534423	1.738581262278327e-05	-0.9474054068385022
9	30	0.6809587413373573	2.312567049889252	0.2307692307692308	0.2274771586512143	13.21665976755743	12.97259683840807	-0.2440629291493615	0.6073913986429165	0.5425570575226973	-0.01703527935670794
15	9	0.6655518194605009	2.333633184169359	0.625	0.2219108920106614	22.53768911962267	3.856647249042051	-18.68104187058061	0.9999960684894514	2.523184078617735e-05	-1.303912757455043
9	7	0.979969146238182	2.019817230006276	0.5625	0.3266796442568824	9.183962612035691	3.465660108255562	-5.718302503780128	0.9862927391305757	0.0441214960450953	-0.3991301789975745
9	31	0.6644795329122988	2.27849505889857	0.225	0.225785004995042	13.54443523723682	13.60547168137616	0.06103644413934539	0.583423624039404	0.5661396839702248	0.004260265499876586
13	11	0.667684362544212	2.32023696457179	0.5416666666666666	0.2234611589283957	19.47027776787146	4.740895075788131	-14.72938269208333	0.9998513864669777	0.0006840294276544423	-1.028092016210873
6	4	0.9978817787598946	2.002118221240105	0.6	0.3326272595866316	6.012736305754001	1.997884019816979	-4.014852285937022	0.9805782781932147	0.07584264333649804	-0.2802315390757228
21	52	0.725118288467157	2.144636666810606	0.2876712328767123	0.2526760297542454	28.96079209971706	24.24653126784956	-4.714260831867509	0.7967297119458772	0.28485988936141	-0.3290493583402915
25	26	1.456185716830622	1.515888307475202	0.4901960784313725	0.4899560727363572	17.1681398265685	17.15165944073048	-0.01648038583801892	0.5573190335438551	0.5538812957409966	-0.001150309789509958
15.25	24.75	1.150827572001633	1.700381987419845	0.38125	0.4036278456625057	13.25133353685269	14.55555291876244	1.304219381909748	0.4536917865236435	0.6688685473655378	0.09103283972990724
12	6	0.6569257159913808	2.193161334004377	0.6666666666666666	0.2304932110730999	18.26690553876482	2.735776847316981	-15.53112869144784	0.9999866288483039	0.0001000361939270666	-1.084052858440784
11	21	0.6973117731682352	2.112488593282252	0.34375	0.2481712870046787	15.774866312699	9.940882079449015	-5.833984233249986	0.9232566996745274	0.1477723563802692	-0.407204615311416
8	24	0.7816797135692208	2.207856866933647	0.25	0.2614718678029139	10.23437075457833	10.87026988000906	0.6358991254307327	0.5341566377486348	0.6251208307800815	0.04438494318721135
18	17	0.6876284448552247	2.303697596700877	0.5142857142857142	0.2298741211431159	26.17692757574881	7.379440784391877	-18.79748679135693	0.9999402703744412	0.0002315971344735157	-1.31204046354301
16	21	0.964154717774656	2.025496246974098	0.4324324324324325	0.3224974183083885	16.59484697324227	10.36782962761449	-6.227017345627779	0.943131878102315	0.1064500360297044	-0.4346378223499771
16	11	0.9936688331031672	2.002809845051813	0.5925925925925926	0.3316121821080329	16.10194409543165	5.492283766817327	-10.60966032861432	0.9985568153982733	0.004759141566757719	-0.7405406802567651
25	12	0.9511181251426961	2.04859881707364	0.6756756756756757	0.3170692913578586	26.28485288959166	5.857662271396616	-20.42719061819504	0.9999983076794166	8.135919197571617e-06	-1.425791699978811
22	38	0.6784522332883918	2.304899522776844	0.3666666666666666	0.2274127520863337	32.42674859122823	16.48661888489578	-15.94012970633244	0.9952524286996242	0.01027877998649496	-1.11260060458978
15	27	0.6376444537566452	2.198093100956072	0.3571428571428572	0.224860178861384	23.52408134600461	12.28337416111093	-11.24070718489369	0.983738528846664	0.03558762341616428	-0.7845869412819801
19	34	0.8490640139983128	2.106694813365424	0.3584905660377358	0.2872575414942088	22.37758247523344	16.13902487645343	-6.238557598780005	0.9007938729008287	0.1598143887160129	-0.4354433172155042
8	32	0.2012892720922836	2.79692337855397	0.2	0.0671364227780496	39.7437971574178	11.44114288055479	-28.30265427686302	0.9988788748678625	0.004555112959933272	-1.975488960257559
9	46	0.6121980004525371	2.245321397271813	0.1636363636363636	0.214241065499004	14.70112609539266	20.48704477492286	5.785918679530207	0.2308567304660465	0.8613540173482204	0.4038497013230233
20	40	0.6175789179907023	2.21096222001094	0.3333333333333333	0.2183383192464439	32.38452514711828	18.09167051248939	-14.29285463462889	0.9866078910377969	0.02675059701775329	-0.9976229178037712
5.5	46.5	0.3009345589117537	2.686737131889589	0.1057692307692308	0.1007254444450147	18.27639876220671	17.30723837776286	-0.9691603844438532	0.6526838865605938	0.5194866369068921	-0.06764615153967844
12	41	0.2782876330222685	2.700685191519163	0.2264150943396226	0.0934173117423811	43.12085258578401	15.18133254803277	-27.93952003775124	0.9990397965726889	0.003073648902708781	-1.950142656216977
15	13	0.6714448762767006	2.319173730323437	0.5357142857142857	0.2245170530253698	22.33988303429773	5.605444659028194	-16.73443837526953	0.9999252087056025	0.0003297912869766328	-1.168042330696891
23	16	0.6720274573702507	2.325350661706343	0.5897435897435898	0.2242050988139205	34.22479207918472	6.880682670139391	-27.34410940904532	0.9999998250395777	9.287809226155019e-07	-1.908583758160193
29	43	0.8095089154645558	2.185731361062317	0.4027777777777778	0.2702651008697108	35.8241885246658	19.6730489235882	-16.1511396010776	0.9949201287317002	0.01006090532549975	-1.127328824547401
14.5	33.5	0.6470177383319132	2.279741169033336	0.3020833333333333	0.2210697084422224	22.41051387150943	14.69465062746785	-7.715863244041582	0.9296628905228764	0.1243361524181865	-0.5385573560823875
17.5	48.5	0.5353215818521013	2.377205480223054	0.2651515151515151	0.183799693682739	32.69063044208612	20.40210676085486	-12.28852368123126	0.9625359110071731	0.06760883585523769	-0.8577231885272704
17.83333333333334	52.16666666666666	0.7855202127574274	1.911872803277142	0.2547619047619048	0.2912145942722943	22.7025772777159	27.28563666853138	4.583059390815475	0.3003241109260225	0.7858316444648223	0.3198916660675897
7	43	0.6807370941527986	2.167085433336734	0.14	0.2390377516793137	10.28297129703465	19.84231878380146	9.559347486766809	0.06420581958932491	0.9710618641806741	0.667230191297336
12	24	0.6690017449102946	2.323339600119053	0.3333333333333333	0.2235713335383979	17.93717294655048	10.32995778954148	-7.607215157008996	0.9573403302740853	0.08762972274407566	-0.5309738589875077
13	28	0.6572580311107817	2.31030993166981	0.3170731707317073	0.2214803635010722	19.77914210957558	12.11958604175787	-7.659556067817714	0.946830326921249	0.102250711053933	-0.5346271874160352
22	17	0.6709010139674307	2.186105886475516	0.5641025641025641	0.2348265290725812	32.79172268633358	7.776384531587234	-25.01533815474635	0.9999978093744911	9.919314643669352e-06	-1.746038512091397
19.5	18.5	0.6663136402492486	2.18965213792662	0.5131578947368421	0.2333058908972044	29.26549724046714	8.448830606270471	-20.81666663419667	0.9999461646574721	0.0001970514751634678	-1.452976626253563
14	18	0.6723405984418558	2.319444029631827	0.4375	0.2247289434315848	20.82277945500375	7.760480429811104	-13.06229902519264	0.9980058420958992	0.006038173159872762	-0.9117317148924038
23	46	0.8020867733750506	2.19041916622924	0.3333333333333333	0.2680318066406622	28.67520169073446	21.00054670320841	-7.674654987526047	0.9108203327624047	0.1387441069120231	-0.535681072641917
8	10	0.6576784426983667	2.3376602142657	0.4444444444444444	0.2195673070787122	12.16399912269751	4.27778166346608	-7.886217459231433	0.99185701633047	0.02795612820524018	-0.5504478617624855
22	50	0.9634170661413528	2.035136342046884	0.3055555555555556	0.3212939491124359	22.83538539348664	24.56837852431615	1.732993130829513	0.4424287942179729	0.6550918352411269	0.1209606973489604
19	46	0.7159662686292294	2.19601556949513	0.2923076923076923	0.2458690707667296	26.53756305639498	20.94702817183374	-5.59053488456124	0.8446658035428586	0.2305987814327226	-0.3902121630837229
11	37	0.6441392448744153	2.176116849929636	0.2291666666666667	0.2283974303117921	17.07705296258516	17.00276343211826	-0.07428953046689202	0.5849569264158793	0.5509323420576908	-0.005185313923720409
28.5	53.5	0.7126239713595126	2.128010539265822	0.3475609756097561	0.2508678848665527	39.99304141513645	25.14085292944925	-14.85218848568721	0.9808189012907594	0.03329425164082667	-1.036663703062111
20	22	0.6692822699110649	2.187215884028772	0.4761904761904762	0.2343016637304507	29.88275784245357	10.05844926449455	-19.82430857795902	0.9998394229689291	0.0005199653280717476	-1.383711306981981
13	35	0.6895727286984664	2.158242152181338	0.2708333333333333	0.2421409949530953	18.85225366225959	16.21690131694697	-2.635352345312619	0.7419991292963203	0.3738462069969998	-0.1839442129217491
17.5	49.5	0.835736694366877	2.143169863816347	0.2611940298507462	0.2805514970152592	20.93960947024989	23.09662935995901	2.157019889709115	0.4223869009587248	0.6803454372514947	0.1505572211529212
17	29	0.9970923381763855	2.00280144068653	0.3695652173913043	0.3323758811734744	17.04957439658181	14.47971796448241	-2.569856432099407	0.7582190098700416	0.3469995617610274	-0.1793726822013793
14.5	39.5	0.8988848271205295	2.08980464474301	0.2685185185185185	0.3007622021568026	16.13109884883587	18.90128826125633	2.770189412420461	0.3642957581673171	0.7409464745134886	0.1933556672291567
7.833333333333333	43.16666666666666	0.805388686799889	2.194519667441649	0.15359477124183	0.2684710970124	9.726152678476403	19.67021180402086	9.944059125544459	0.0409425590378204	0.9819114111079239	0.6940825701538705
4	27	0.1182021225139904	2.880984877240005	0.1290322580645161	0.03941138799404165	33.8403398765243	9.371795115379468	-24.46854476114483	0.9931425819663303	0.03249194843059822	-1.707873034675923
10	40	0.8234893556014432	2.176151895976058	0.2	0.2745292808492926	12.14344779562622	18.38106984809487	6.237622052468653	0.1528268038327991	0.9136008685656534	0.4353780172831442
15	44	0.9340813130163383	2.056118858759041	0.2542372881355932	0.3123808639412069	16.05855913288957	21.39954108808474	5.340981955195165	0.20692527370067	0.8662730200131428	0.3727936887547753
26.5	39.5	0.9513598235751249	2.042485261979686	0.4015151515151515	0.3177718941321981	27.8548655759031	19.33918483294929	-8.515680742953815	0.9406926354881359	0.09542065964598878	-0.5943835914547207
27	49	0.8386517739181857	1.642298274192006	0.3552631578947368	0.3380365415083669	32.19453036372397	29.8362366751603	-2.358293688563673	0.6732632670570928	0.4173565120581484	-0.1646058741074012
20.5	46.5	0.7188157202699927	2.085031863523424	0.3059701492537313	0.2563676158521725	28.51913142954086	22.30181745108741	-6.217313978453447	0.8549411069294544	0.2144960297574645	-0.4339605397692444
20	48	0.8648517079493114	1.963697087197911	0.2941176470588235	0.3057581009148888	23.12535179866025	24.4436885469405	1.318336748280252	0.4762589591649951	0.6271369469710741	0.09201821379200152
15	49	0.7279611368832011	2.230750997692938	0.234375	0.2460398659187193	20.60549559585445	21.96569677685955	1.360201181005095	0.4813612020504331	0.6329175292047637	0.0949402974901012
10.33333333333333	52.66666666666666	0.8337017769733435	2.057115765074748	0.164021164021164	0.288396540026072	12.39451998153019	25.60218902641726	13.20766904488707	0.01787531365474948	0.9920065582337765	0.9218783557780794
12	36	0.9384160593118224	2.04442290535945	0.25	0.3146050022902399	12.78750494615371	17.60888116916813	4.821376223014417	0.2114850944270763	0.8698162365996127	0.336525875228581
26	56	0.8996255035358329	2.083823417819453	0.3170731707317073	0.3015387651172394	28.90091476710164	26.87367822106506	-2.027236546036573	0.6698636168237512	0.4201752450665532	-0.1414985102580913
14	41	0.7986206572033145	2.201379342796684	0.2545454545454545	0.2662068857344383	17.53022523738182	18.62468644223428	1.094461204852458	0.4923969294501953	0.6279492585439466	0.0763919880611232
26	45	0.6776702784439635	2.073305853423671	0.3661971830985916	0.2463381163485028	38.36674091668893	21.70446773479708	-16.66227318189185	0.9915474261498075	0.01637757498539338	-1.163005292776776