Codon,alpha,beta,beta-alpha,Prob[alpha<beta],Prob[alpha>beta],BayesFactor,PSRF,Neff
1,0.9812813816342031,0.07143159757067069,-0.9098497840635325,5.949747535795445e-43,1,3.427095828447783e-42,1.211671093016076,15.35246834282185
2,1.180381906112145,0.08806705595890989,-1.092314850153236,3.857265296571116e-39,1,2.221811552097721e-38,1.292312817227964,12.27863661589876
3,1.159788070216106,0.07143502019119322,-1.088353050024913,9.38577094683089e-47,1,5.406269134132287e-46,1.236682657653606,14.17713547135939
4,1.223374563656429,0.0714288581217502,-1.151945705534678,4.111105815535368e-56,1,2.368025450821931e-55,1.223722057862176,14.75377770655996
5,1.056713905586544,3.093917147517845e-07,-1.05671359619483,1.241498738758357e-51,1,7.151118804662219e-51,1.034019619091386,67.50270476833052
6,1.137526801078887,0.07142890812891184,-1.066097892949975,3.923053725786752e-44,1,2.259706143417536e-43,1.181158900793671,17.21810882470878
7,1.035827103050637,0.07142901711634217,-0.9643980859342943,8.634155811756964e-41,1,4.97333360560558e-40,1.189537036510574,16.64710373392943
8,1.071827721798833,0.374112733271842,-0.697714988526991,5.048998810225793e-13,0.9999999999230941,2.908258317898192e-12,1.400820345361512,10.09103364696864
9,1.216219689690358,0.07142887054648706,-1.144790819143871,1.8605000996402e-53,1,1.071660955686444e-52,1.215935001825186,15.13310335530332
10,1.078300280970674,0.07156880271550406,-1.00673147825517,5.753740562821651e-42,1,3.314194453156847e-41,1.261944486288862,13.21571463872466
11,0.9273448237469338,0.294462421450039,-0.6328824022968949,6.775109061571008e-12,0.9999999985732078,3.90250978930686e-11,1.109219877183332,25.59336036640107
12,0.9562000919988677,0.3574005303021828,-0.5987995616966849,3.623831568760433e-10,0.9999999496185691,2.087352107308602e-09,1.308372195221989,11.85749622916012
13,1.140903521437532,0.07144270257010912,-1.069460818867423,5.443294343615124e-48,1,3.135375278662607e-47,1.257409113092804,13.37453381652808
14,1.13086229451273,0.07144931763632356,-1.059412976876406,1.235871805637992e-39,1,7.118707279790382e-39,1.183419219477775,17.05902199798176
15,0.9783952807467446,0.1115550146628023,-0.8668402660839424,3.726155655056948e-30,1,2.146291489641422e-29,1.219754164633492,14.94374807370102
16,1.177310671491726,0.07143311109997943,-1.105877560391747,4.660207316618669e-43,1,2.684311722203261e-42,1.175150116367682,17.66056551204498
17,1.092747560712852,0.1322413092066099,-0.9605062515062419,1.65292442713851e-30,1,9.520959292650878e-30,1.156784083533375,19.21803333196506
18,1.086352446285867,0.09228104446998692,-0.9940714018158798,7.274588982428053e-37,1,4.190213686439773e-36,1.238853768714643,14.08659257964134
19,0.9929699237343821,0.5064112858429258,-0.4865586378914563,9.99672012555115e-06,0.9997936968114484,5.758237660094358e-05,1.236991032891081,14.16417510644609
20,1.080660686727738,0.2815781968582861,-0.7990824898694517,3.795665307348755e-19,1,2.186329531251243e-18,1.31440676951714,11.71036168836056
21,1.124332321692835,0.5680785246754497,-0.5562537970173852,2.725244000721396e-06,0.9999446878830573,1.569763715710566e-05,1.254887717756406,13.46525472028611
22,1.056781998040012,0.3311225338994863,-0.7256594641405256,1.791740909703582e-15,0.9999999999991871,1.032055185595946e-14,1.672447708618674,7.739223683923126
23,0.9306954897714451,0.0752745617854997,-0.8554209279859454,5.409671626372239e-27,1,3.11600836043441e-26,1.185613315835162,16.90822913300473
24,1.004952485615159,0.1421984446203692,-0.8627540409947902,2.681571556499266e-29,1,1.544603807081407e-28,1.176871057939553,17.53083702875731
25,1.069620544861454,0.1533001137890139,-0.9163204310724401,1.256111497823146e-28,1,7.235289309934514e-28,1.284941047719568,12.48782098978816
26,1.170338065734351,0.07705467362853738,-1.093283392105814,1.852667446033881e-40,1,1.067149292907748e-39,1.27714600432898,12.72108127207085
27,1.062377584928375,0.1618983940478211,-0.9004791908805534,4.802272755374304e-24,1,2.766142399823929e-23,1.190691028817549,16.57231186958391
28,1.075123026459823,0.1385861066358867,-0.9365369198239368,4.945923461740418e-29,1,2.848886202578421e-28,1.159959225252744,18.92383896514191
29,1.192202742807749,0.5328483074802923,-0.6593544353274565,4.609944687482571e-09,0.9999998203714255,2.655360111606077e-08,1.160684852183447,18.85819686778361
30,0.9164814405015143,0.2334921802800687,-0.6829892602214456,3.982696531370104e-17,0.9999999999999577,2.294060812919374e-16,1.140918670859593,20.88088815347801
31,1.06435308065854,0.7617812327670025,-0.302571847891537,0.001725575808803237,0.9894161994512423,0.009956617185496664,2.286211993810865,6.168344166388852
32,0.9712310507675568,0.28016638042711,-0.6910646703404468,2.43073551095708e-15,0.9999999999987498,1.400120505877432e-14,1.167896180661597,18.23594923329208
33,1.156251658869496,0.07995287194800435,-1.076298786921492,1.315428322182079e-33,1,7.576958330500933e-33,1.185378974752718,16.92416767648492
34,1.028613413399575,0.4497713912965741,-0.5788420221030006,3.64370618619074e-07,0.9999907362405095,2.098800788718189e-06,1.262422790006527,13.19928332305863
35,1.03507609927191,0.13646094825229,-0.8986151510196199,2.200435239449677e-27,1,1.267465952885897e-26,1.153702186077092,19.51490594247472
36,0.9941053396994253,0.4894741744956159,-0.5046311652038094,2.859022748357027e-06,0.9999266910237961,1.646821632108307e-05,1.227632837680797,14.57294263295368
37,1.049475532958944,0.139301081363723,-0.9101744515952215,9.127748784242294e-28,1,5.257646579690364e-27,1.155625567307204,19.32828762635733
38,1.105683057327427,0.1340079000397154,-0.9716751572877111,2.131562288485052e-30,1,1.227794655654593e-29,1.163349641356781,18.62201406246379
39,1.111473642111062,0.2821679735333502,-0.829305668577712,2.6249615832334e-22,1,1.511996070020165e-21,1.436439396098188,9.611694663410459
40,1.052265806039303,0.1364233003072736,-0.9158425057320297,1.016188874455122e-27,1,5.853318366212991e-27,1.15267543063724,19.61640147286978
41,1.00423910427876,0.4024479817260872,-0.6017911225526728,2.459886319058468e-10,0.9999999721011307,1.416911573786252e-09,1.334139090957003,11.2664009275637
42,1.224291390018726,0.5079394483872155,-0.7163519416315107,1.058804929670846e-13,0.9999999999897616,6.098789798700534e-13,1.174994080189645,17.67245131021016
43,0.9957548027063032,0.4376089949832175,-0.5581458077230858,5.852975014566937e-09,0.9999995930243195,3.371354205057515e-08,1.233308825639208,14.32114462600756
44,0.9459756897510804,0.819207815358701,-0.1267678743923794,0.07772320428775847,0.7824459616415727,0.4854193958878457,2.066079961140072,6.509750975636573
45,0.8990078400906064,0.2656575717939892,-0.6333502682966172,1.980776776660755e-15,0.9999999999984247,1.140941155492706e-14,1.070001601567536,36.95539365690736
46,1.076343135076443,0.4151418102374383,-0.6612013248390042,3.02371629532718e-13,0.9999999999511342,1.741681548634498e-12,1.250451132373153,13.62928536036008
47,1.084808984773141,0.1858262203349689,-0.8989827644381723,1.424279554502743e-24,1,8.203948975000062e-24,1.244715330438606,13.85009145740713
48,1.001791555927844,0.1407512725046899,-0.8610402834231539,3.686140596383531e-24,1,2.123242538433036e-23,1.150945505725693,19.79044374244193
49,1.040189014097295,0.3944179481639374,-0.6457710659333573,1.339812178046932e-13,0.9999999999709299,7.717411030743708e-13,1.327634595333976,11.40682467926463
50,1.014276121406131,0.483354127111068,-0.5309219942950634,3.823750240718601e-07,0.9999880324856907,2.202507489760616e-06,1.17383263471571,17.76157837993624
51,1.014817575493254,0.4347001804314911,-0.5801173950617632,2.270845138149077e-10,0.9999999756052432,1.308022542964663e-09,1.214262606881635,15.21811698894194
52,1.068448461518495,0.7658787627972217,-0.3025696987212732,0.002108081898931751,0.9880529762569186,0.01216834976276813,2.251804721703204,6.213049618830905
53,1.040506887582604,0.8219770417547304,-0.2185298458278736,0.01574685776378308,0.9313118310870377,0.09215413038572125,2.055341153673948,6.530410055684054
54,1.018083786805665,0.8115915542153787,-0.2064922325902863,0.0134640958975696,0.9357601673908679,0.07861257301757693,2.186464456997376,6.305852628817546
55,1.024181749015765,0.4786201759465702,-0.5455615730691947,3.057569417893436e-07,0.9999894707338461,1.761181720419299e-06,1.252021341054863,13.57057613737251
56,1.203275846369985,0.9260691308409499,-0.2772067155290348,0.0001542085194417092,0.9433880116080353,0.000888388759917481,1.32210475961704,11.53067905872184
57,0.9977670958957974,0.2724152096904192,-0.7253518862053782,1.149363404977225e-15,0.9999999999995041,6.620412894614315e-15,1.198327111241176,16.09895668137776
58,1.07507368044366,0.4861750596763327,-0.5888986207673277,4.518557803228836e-08,0.9999981781581442,2.602720738082223e-07,1.184879033968283,16.95830320460035
59,1.055378904041083,0.9840912183627406,-0.07128768567834243,0.01707013685416735,0.338393139297779,0.100032744337548,1.226056917512657,14.6450699038848
60,0.9995519399644339,0.475624937232609,-0.523927002731825,1.965043833787552e-07,0.9999922732261105,1.13187909374513e-06,1.159676441204526,18.94957783907059
61,1.190263083796571,0.7439090627863783,-0.4463540210101931,5.586973041217147e-05,0.9995675320455947,0.0003218315010955082,1.829576083131204,7.09981667865332
62,1.101574469850342,0.4017460525386681,-0.6998284173116743,7.343376485222769e-14,0.9999999999849155,4.229835764933132e-13,1.320442790069443,11.56874013776206
63,1.003658629454043,0.418011350910034,-0.5856472785440088,2.056791764588914e-11,0.9999999971639797,1.184726315552987e-10,1.194620181835307,16.32418942720362
64,0.996317618342929,0.8241703916672304,-0.1721472266756986,0.02908149229982988,0.8880175861102628,0.172528806951214,2.05249860370536,6.53595507068465
65,1.018106681831404,0.8612503940526866,-0.1568562877787174,0.01805359466585859,0.7974115841284957,0.1059018662448973,1.501301224713804,8.916432454486657
66,1.129820662694609,0.7545044403679053,-0.3753162223267041,0.0003682573148474883,0.9973408478433388,0.002121969094346474,2.092369122236025,6.461035276674222
67,1.140616360095885,0.4695524212616499,-0.6710639388342353,5.800485138223821e-11,0.9999999959139927,3.341119652848533e-10,1.191034787770345,16.5502038235437
68,0.9339531496282417,0.8045129291484286,-0.1294402204798131,0.08461096676608131,0.7824941148086934,0.5324130142541198,2.03600838339574,6.568774037794345
69,1.123365116525337,0.51417567962208,-0.6091894369032567,6.293785681915307e-09,0.9999996893326127,3.625264208543575e-08,1.16844984217521,18.19032590969133
70,1.126207167637543,0.7922231495768246,-0.3339840180607188,0.0007994067387677087,0.9931769027341856,0.004608322159581736,2.150009710627039,6.362682202375046
71,0.9429691170385572,1.059359198505156,0.1163900814665986,0.4273705033295844,0.009816984245371339,4.298911847569079,1.817501203034853,7.139790459056347
72,0.9804133656817925,0.4367380328349208,-0.5436753328468718,1.645780198853577e-07,0.9999937495741212,9.47980960260986e-07,1.256804837933476,13.39611477763257
73,1.093353071711324,0.7207487193074634,-0.3726043524038606,0.0006602941266882585,0.9954955537226743,0.003805852928287374,1.808165473377036,7.171564683566575
74,1.167796222208786,0.7776045373716152,-0.3901916848371709,0.0001810984001284113,0.9979629391468346,0.001043328284836152,2.039675554012236,6.561378072163225
75,1.15337205979952,0.9841704691945641,-0.1692015906049558,0.001850330226426185,0.7051294629980397,0.01067778781565133,1.249182726116765,13.67724614985396
76,1.058649673144872,1.080679374109292,0.02202970096442014,0.2196885556801518,0.1369969268342522,1.621687494503757,1.159466816497841,18.96871521435767
77,1.04036468959578,0.283149507457727,-0.7572151821380531,1.111363418765976e-16,0.9999999999999428,6.401530339611522e-16,1.368225600765847,10.61198214908402
78,1.013251216200394,0.9953530102283228,-0.01789820597207159,0.06989678924526797,0.1407578571352087,0.4328663175589942,1.298149542105054,12.12033270838736
79,0.7960428105181536,0.6733298800813552,-0.1227129304367984,0.07700940863929635,0.7674251512167656,0.4805894412657056,1.185220771654038,16.93495010785572
80,1.212730581114382,0.9330712377450837,-0.2796593433692988,0.000102738558589344,0.9643200780163841,0.0005918420250298038,1.299293865608024,12.0900191160163
81,1.189967686312057,0.7679496904637386,-0.4220179958483179,7.930741415636874e-06,0.9994045158064877,4.56819826607685e-05,1.921514656101245,6.831828131276459
82,1.148288396200991,0.5557928501160194,-0.5924955460849717,1.750388565790476e-06,0.9999690201690422,1.008237713626263e-05,1.225329600785187,14.67869413137796
83,1.083466221212514,0.7388185509748215,-0.3446476702376924,0.0008454578503535391,0.994382397690577,0.004874016606716802,1.983643965483775,6.68090433283893
84,0.8951559760650956,0.8739918976390595,-0.02116407842603607,0.2987342390011034,0.3861915306781892,2.453748668053271,1.794079149003815,7.221005786187043
85,1.099785974306203,0.8442609568944057,-0.2555250174117969,0.00639287714831223,0.9256337672200431,0.03706033775980563,1.714888070917194,7.53736709295425
86,1.221100676522878,0.6221613004782307,-0.5989393760446473,1.104141712299053e-08,0.9999996731833759,6.359932879925292e-08,1.534835103163152,8.624465023182342
87,1.026391157956148,0.9803379586754396,-0.04605319928070883,0.0575693433769837,0.267268160063875,0.3518597433480755,1.219141960957006,14.97366306242896
88,1.191672132705224,0.5527714276743095,-0.6389007050309149,3.736692838151405e-08,0.9999989357051898,2.152361060582106e-07,1.205008816833549,15.71321326490446
89,1.008062077719408,0.8891273206575206,-0.1189347570618874,0.04523300501094593,0.6570996817734436,0.2728888263839746,1.452592835359994,9.419540476360089
90,1.034821616215523,0.9987298661039695,-0.03609175011155352,0.03714206492858364,0.1924541652735473,0.2221935979804091,1.290097350605701,12.34038908888663
91,0.9528552621834908,0.8568819486201826,-0.09597331356330818,0.1176926513122991,0.6497642354739135,0.7683465765626023,1.793448891915602,7.223261313263605
92,0.9435235013621888,0.8658121048441565,-0.07771139651803227,0.1605568282538567,0.5814843822201652,1.101704668995906,1.731160407909739,7.466470503606105
93,1.162713622771712,0.7664130530157016,-0.39630056975601,0.0002515593804230525,0.9979393673870363,0.001449364072228251,2.026827738024233,6.587540505084521
94,0.9963129511339293,0.9890802518993287,-0.00723269923460057,0.07014079725685404,0.1061955821893165,0.4344914301653517,1.300382707908603,12.06138942406793
95,1.020860072738416,0.9845765901222334,-0.03628348261618219,0.07456755021866857,0.2332802961123191,0.464122755699173,1.244458336302569,13.86022510337014
96,1.178436480776628,0.9874601949846393,-0.1909762857919888,0.001004624623566613,0.7975113633206556,0.005792526794430423,1.212161690079217,15.32678618582401
97,1.039939346605615,0.8504267051613033,-0.1895126414443118,0.01109097274129227,0.8672711425848074,0.06460126273806881,1.617334582588639,8.044708963987594
98,0.9008018743775187,1.007744776355127,0.1069429019776084,0.4908738613320333,0.01005415465484387,5.553569650724475,1.694591168221974,7.630684951651395
99,1.179655592876038,0.7335001463756162,-0.4461554465004217,3.952861105426931e-05,0.9996339379227568,0.0002276965406015893,1.850508688645905,7.033369936566516
100,1.013381320903107,0.9837591081470342,-0.02962221275607246,0.08174367566359882,0.2121849929016072,0.5127644933003258,1.267131108737338,13.04065815839469