Codon,alpha,beta,beta-alpha,Prob[alpha<beta],Prob[alpha>beta],BayesFactor,PSRF,Neff
1,1,0.0789888,-0.921011,9.15976e-10,1,7.49837e-09,1.00035,467.861
2,1,0.424559,-0.575441,0.000192996,0.999716,0.00158021,0.998874,643.708
3,1,0.227341,-0.772659,3.65934e-08,1,2.99561e-07,1.00118,405.73
4,1,0.0203438,-0.979656,3.12282e-13,1,2.5564e-12,0.997863,868.736
5,1,0.0243083,-0.975692,1.57125e-11,1,1.28626e-10,0.997927,849.993
6,1,0.0245902,-0.97541,1.98318e-11,1,1.62347e-10,0.997929,849.285
7,1,0.0246199,-0.97538,2.02516e-11,1,1.65784e-10,0.99793,849.149
8,1,0.0663424,-0.933658,1.73196e-11,1,1.41782e-10,1.00052,453.222
9,1,0.271044,-0.728956,8.06321e-07,0.999999,6.60071e-06,1.00255,332.618
10,1,0.0242218,-0.975778,1.46412e-11,1,1.19856e-10,0.997926,850.261
11,1,0.0663209,-0.933679,1.71898e-11,1,1.40719e-10,1.00052,453.213
12,1,0.273326,-0.726674,9.88628e-07,0.999999,8.09312e-06,1.00255,332.536
13,1,0.125969,-0.874031,1.16773e-08,1,9.55928e-08,1.0005,455.29
14,1,0.0245816,-0.975418,1.96765e-11,1,1.61076e-10,0.997929,849.288
15,1,0.1963,-0.8037,6.11406e-09,1,5.00509e-08,0.999795,521.207
16,1,0.105441,-0.894559,2.8439e-10,1,2.32807e-09,1.00103,415.278
17,1,0.0203438,-0.979656,3.12323e-13,1,2.55673e-12,0.997863,868.737
18,1,0.825706,-0.174294,0.0856027,0.887319,0.766364,1.0001,490.769
19,1,0.205097,-0.794903,1.97043e-08,1,1.61303e-07,1.00017,484.035
20,1,0.656169,-0.343831,0.0106649,0.984932,0.0882461,1.00029,473.237
21,1,0.279499,-0.720501,1.37013e-07,1,1.12162e-06,1.0032,306.471
22,1,0.0245948,-0.975405,1.98514e-11,1,1.62508e-10,0.99793,849.219
23,1,0.701973,-0.298027,0.0180548,0.97473,0.150518,1.00089,425.255
24,1,0.196069,-0.803931,8.40787e-08,1,6.88285e-07,0.999985,501.533
25,1,0.324827,-0.675173,1.27928e-06,0.999998,1.04725e-05,1.00218,349.64
26,1,0.0203438,-0.979656,3.12329e-13,1,2.55679e-12,0.997863,868.737
27,1,0.147163,-0.852837,3.06401e-09,1,2.50826e-08,0.999776,523.234
28,1,0.0203439,-0.979656,3.12329e-13,1,2.55678e-12,0.997863,868.737
29,1,0.342368,-0.657632,1.07531e-05,0.999984,8.80284e-05,1.00136,393.904
30,1,0.778264,-0.221736,0.055247,0.926243,0.47871,1.00054,451.754
31,1,0.144309,-0.855691,1.98257e-09,1,1.62297e-08,0.999797,520.976
32,1,0.553027,-0.446973,0.00251209,0.996379,0.0206162,0.998792,657.513
33,1,0.145943,-0.854057,2.5536e-09,1,2.09042e-08,0.999784,522.359
34,1,0.372334,-0.627666,3.16354e-05,0.999953,0.000258982,1.00021,479.688
35,1,0.28772,-0.71228,3.37886e-06,0.999995,2.76601e-05,1.00244,337.511
36,1,0.17055,-0.82945,7.71102e-08,1,6.31239e-07,0.999831,517.297
37,1,0.312467,-0.687533,7.69234e-06,0.999989,6.29715e-05,1.0022,348.862
38,1,0.896028,-0.103972,0.201597,0.753676,2.06702,0.999746,526.468
39,1,0.301505,-0.698495,9.9703e-06,0.999985,8.16197e-05,1.00217,349.959
40,1,0.254243,-0.745757,3.38432e-06,0.999995,2.77049e-05,1.00154,383.181
41,1,0.546151,-0.453849,0.00224358,0.996763,0.0184077,0.998711,671.755
42,1,0.252366,-0.747634,2.94536e-06,0.999996,2.41114e-05,1.00152,384.532
43,1,0.875273,-0.124727,0.14843,0.811047,1.42687,0.999229,590.186
44,1,0.0788453,-0.921155,8.83156e-10,1,7.22969e-09,1.00035,467.66
45,1,0.750365,-0.249635,0.0408542,0.944828,0.348686,1.00065,443.223
46,1,0.756278,-0.243722,0.0467862,0.937377,0.401799,1.00054,451.733
47,1,0.27996,-0.72004,1.41544e-07,1,1.15871e-06,1.0032,306.596
48,1,0.868285,-0.131715,0.138152,0.823303,1.31222,0.999343,574.816
49,1,0.836733,-0.163267,0.100815,0.868914,0.917822,0.999885,511.634
50,1,0.172405,-0.827595,9.6114e-08,1,7.86808e-07,0.999849,515.447
51,1,0.344512,-0.655488,2.61738e-05,0.999961,0.00021427,1.00122,402.553
52,1,0.316774,-0.683226,1.04526e-05,0.999984,8.55676e-05,1.00206,355.591
53,1,0.214109,-0.785891,5.7543e-07,0.999999,4.71059e-06,1.00047,457.28
54,1,0.411712,-0.588288,0.000300083,0.999565,0.00245728,0.999325,577.194
55,1,0.3538,-0.6462,2.1751e-05,0.999968,0.000178062,1.00091,423.55
56,1,0.319023,-0.680977,1.25446e-05,0.999981,0.000102694,1.00198,359.454
57,1,0.48452,-0.51548,0.000345725,0.999486,0.00283116,0.998165,786.487
58,1,0.43353,-0.56647,0.000376956,0.999452,0.003087,0.99888,642.731
59,1,0.878805,-0.121195,0.156997,0.801461,1.52456,0.999233,589.619
60,1,0.457774,-0.542226,0.000196021,0.999708,0.00160498,0.998239,768.653
61,1,0.602068,-0.397932,0.00550459,0.992153,0.0453111,0.999438,562.665
62,1,0.399525,-0.600475,0.000315275,0.999546,0.00258172,0.999663,535.738
63,1,0.853455,-0.146545,0.117037,0.848655,1.08508,0.999603,542.647
64,1,0.897343,-0.102657,0.198913,0.755414,2.03267,0.999453,560.747
65,1,0.734839,-0.265161,0.0312075,0.95727,0.263701,1.0008,431.656
66,1,0.35178,-0.64822,3.88128e-05,0.999943,0.000317742,1.00097,419.809
67,1,0.413148,-0.586852,0.000314393,0.999545,0.00257449,0.999301,580.438
68,1,1.0106,0.010601,0.432506,0.502305,6.23896,0.999002,623.354
69,1,1.1934,0.193405,0.716687,0.235827,20.7084,1.00295,316.344
70,1,0.951351,-0.0486486,0.300205,0.640314,3.51179,0.998679,677.572
71,1,0.773694,-0.226306,0.0518054,0.93059,0.44726,1.00059,447.931
72,1,0.874662,-0.125338,0.142693,0.817087,1.36254,0.999187,596.103
73,1,1.29759,0.297589,0.827115,0.138978,39.1644,1.00652,219.5
74,1,0.282595,-0.717405,2.23361e-06,0.999997,1.82848e-05,1.0025,334.788
75,1,1.00396,0.00395878,0.397363,0.547092,5.39777,1.0003,472.388
76,1,0.906741,-0.0932591,0.201516,0.748581,2.06598,0.998702,673.428
77,1,0.629867,-0.370133,0.00898682,0.987338,0.074235,0.999786,522.139
78,1,0.830924,-0.169076,0.0858968,0.886432,0.769244,1.00008,492.252
79,1,0.752872,-0.247128,0.0354095,0.951517,0.30051,1.00094,421.701
80,1,0.656592,-0.343408,0.0107071,0.984872,0.0885992,1.00029,472.567
81,1,1.20508,0.205084,0.723618,0.230495,21.433,1.00332,302.416
82,1,0.875108,-0.124892,0.139247,0.820562,1.32431,0.999161,599.688
83,1,0.542268,-0.457732,0.00167037,0.997569,0.0136969,0.998652,682.476
84,1,1.67633,0.676334,0.988691,0.00805515,715.659,1.00406,278.014
85,1,0.957057,-0.0429426,0.313094,0.626619,3.7313,0.99871,671.923
86,1,0.41519,-0.58481,0.00033834,0.99951,0.00277066,0.999268,584.928
87,1,0.843718,-0.156282,0.0992981,0.869692,0.90249,0.999828,517.582
88,1,0.863292,-0.136708,0.134145,0.828592,1.26827,0.999466,559.158
89,1,1.2375,0.237501,0.798816,0.159903,32.5038,1.00422,273.091
90,1,0.93308,-0.0669202,0.260962,0.683764,2.89064,0.998825,651.987
91,1,0.81453,-0.18547,0.0695363,0.906981,0.611779,1.00042,461.909
92,1,0.853686,-0.146314,0.11502,0.85081,1.06395,0.999601,542.919
93,1,0.813284,-0.186716,0.0705681,0.905868,0.621545,1.00038,465.015
94,1,0.756823,-0.243177,0.0465521,0.937627,0.399691,1.00055,451.155
95,1,0.772794,-0.227206,0.0707494,0.908307,0.623264,1.00039,463.81
96,1,0.798803,-0.201197,0.073682,0.903306,0.651154,1.00031,471.484
97,1,0.471237,-0.528763,0.000222927,0.999667,0.00182533,0.998132,794.746
98,1,0.961292,-0.0387084,0.322498,0.616813,3.89672,0.998758,663.401
99,1,1.09559,0.09559,0.599326,0.339423,12.2449,1.0002,481.304
100,1,0.847065,-0.152935,0.10604,0.861707,0.971038,0.999733,527.888