ObservedSChanges	ObservedNSChanges	E[SSites]	E[NSSites]	ObservedS.Prop.	P{S}	dS	dN	dN-dS	P{Sleq.observed}	P{Sgeq.observed}	ScaleddN-dS
28	0	0.5990558028307935	2.223341228759401	1	0.2122507202657004	46.74021997230991	0	-46.74021997230991	0.9999999999999994	5.551115123125783e-16	-2.123947950552321
18	3	0.9965849010866574	2.003415098913343	0.8571428571428571	0.3321949670288857	18.06168243204682	1.497443041947326	-16.56423939009949	0.9999999206480988	1.040688716202887e-06	-0.7527046797362595
15	2	0.5990558028307935	2.224181015584471	0.8823529411764706	0.2121875851587451	25.03940355659459	0.8992073873422749	-24.14019616925232	0.9999999997702705	6.946864861134827e-09	-1.096967883548464
14.5	20.5	0.744419855640966	2.19306359167846	0.4142857142857143	0.2534209533402749	19.47825530192918	9.347654157310751	-10.13060114461843	0.9875227853075846	0.02913795200690905	-0.4603501984312963
27	1	0.9956965271705728	2.004303472829429	0.9642857142857143	0.3318988423901908	27.11669596430623	0.4989264418069003	-26.61776952249933	0.9999999999999631	2.220335026947851e-12	-1.20955265206452
31	6	0.5993663686466928	2.229425745028637	0.8378378378378378	0.2118806701097457	51.72128704851223	2.691275999382043	-49.03001104913019	0.9999999999999987	1.998401444325282e-15	-2.227999601735962
32	1	0.999190816030788	2.000335195353647	0.9696969696969697	0.333116236444841	32.02591485690155	0.4999162152037255	-31.52599864169783	0.9999999999999983	1.332267629550188e-14	-1.432590181300343
28	4	0.996538476306135	2.002167461094202	0.875	0.3323228409552097	28.09725932889965	1.99783488530673	-26.09942444359292	0.9999999999792885	3.076383592315324e-10	-1.185998249268077
24	1	0.9986039731141865	2.000698013442908	0.96	0.3329454578398376	24.03355148403329	0.4998255575208707	-23.53372592651242	0.9999999999988533	5.856570783890902e-11	-1.069408936887505
24	8	0.8779516259174028	2.119085672926139	0.75	0.2929398397064246	27.33635805380683	3.775213103561406	-23.56114495024543	0.9999999844050695	1.203750868983278e-07	-1.070654899771257
27	20	0.7039100106184041	2.284023189589445	0.574468085106383	0.2355842528773529	38.35717576495292	8.756478520515818	-29.6006972444371	0.9999998611488844	6.447941240939059e-07	-1.34510150539488
18	11	0.9273921976849013	2.040262133839902	0.6206896551724138	0.3125000738237598	19.40926400387491	5.391464075891713	-14.0177999279832	0.9998473238471781	0.0006059321232063652	-0.6369905286267525
21	7	0.6007908796646575	2.247623806590863	0.75	0.2109211424037584	34.95392608443314	3.114400185419559	-31.83952589901358	0.9999999998680767	1.576470065600688e-09	-1.446837345220679
17.5	25.5	0.6477315135171648	2.336861898793377	0.4069767441860465	0.2170250429574323	27.01736697196569	10.91206973470138	-16.10529723726432	0.9984130743704515	0.00426476442345558	-0.7318496378576842
21.5	20.5	0.6405067331055766	2.336769077536984	0.5119047619047619	0.2151318096953004	33.56717250379957	8.772796677713458	-24.79437582608611	0.9999932291685331	2.71142743663022e-05	-1.126694819841197
15	5	0.5992068338032633	2.23261164804546	0.75	0.2115978964202809	25.0330923377368	2.239529657733915	-22.79356268000289	0.9999999677710334	3.926854321711915e-07	-1.035774773175195
16.5	16.5	0.7719050744907311	2.207584531439824	0.5	0.259072920729203	21.37568535986886	7.474232476723516	-13.90145288314534	0.9990518649266649	0.002930243483134198	-0.6317035388012323
20	22	0.6298044191806159	2.319280728052961	0.4761904761904762	0.2135592523570949	31.75589022703313	9.485699481696216	-22.27019074533692	0.9999614616416866	0.00013988444975499	-1.011991942271341
24.5	27.5	0.7293951299095468	2.193183674300228	0.4711538461538461	0.2495724422756037	33.58947571124896	12.5388494918349	-21.05062621941406	0.9998251597376971	0.0004966828354384667	-0.9565730422975127
21	11	0.6044279662510332	2.268862077910406	0.65625	0.2103609301397324	34.74359422885837	4.84824534161674	-29.89534888724163	0.9999999912572884	6.690664378083966e-08	-1.358490932171911
30.5	9.5	0.961241861066304	2.01811608558741	0.7625	0.3226338957176761	31.72978751275605	4.707360526901925	-27.02242698585412	0.9999999968528667	2.129390508365248e-08	-1.227940913619072
13	14	0.8293024029904517	2.141045404566379	0.4814814814814815	0.2791937027982488	15.67582579421234	6.538861796270682	-9.13696399794166	0.9927193729207702	0.02011950808401941	-0.4151977883115526
21	30	0.7298696508429491	2.170965188852824	0.4117647058823529	0.2516067584597455	28.77226087664619	13.81873839066601	-14.95352248598019	0.9961611234496465	0.008824335257516247	-0.679511210183679
40	16	0.9440596437970982	2.036220964069416	0.7142857142857143	0.3167687100688548	42.37020432217204	7.857693385114636	-34.5125109370574	0.999999999782695	1.22279797398761e-09	-1.568301923195998
21	29	0.7838973619687664	2.150433462263818	0.42	0.2671468927413047	26.78922141957243	13.48565324568142	-13.30356817389101	0.9937599494507813	0.01374652281833733	-0.6045347320724744
10	19	0.8081739396979106	2.19182606030209	0.3448275862068966	0.2693913132326368	12.37357394094881	8.668571080581692	-3.705002860367115	0.86852201036057	0.2351183322087957	-0.168361065410671
12	36	0.701019454489081	2.133794173394052	0.25	0.2472894329256346	17.11792721750622	16.87135547040029	-0.2465717471059321	0.5938911423817568	0.5379684858588523	-0.01120460188762496
19	36	0.6428156470277823	2.330361028498424	0.3454545454545455	0.2162049945834496	29.55746346227136	15.44825010363167	-14.10921335863969	0.9911456766573379	0.01889561005857088	-0.6411444964260236
24.5	37.5	0.6195491666916018	2.269343106708307	0.3951612903225806	0.2144590756797104	39.54488411441213	16.5246056839743	-23.02027843043783	0.9995881093423161	0.00105025630130906	-1.046077087836519
24	36	0.6663555274025351	2.309040555541732	0.4	0.2239552344718929	36.01680936534345	15.59089116628959	-20.42591819905385	0.9993404071046512	0.001652085120634639	-0.9281853427889584
19	34	0.6477679492184913	2.312839604108592	0.3584905660377358	0.218795614599625	29.3314913510661	14.7005438421244	-14.63094750894169	0.9936309651381099	0.01413861503264224	-0.6648529038730484
25.66666666666667	35.33333333333333	0.6740993243720421	2.196747285826397	0.4207650273224044	0.2348085481047163	38.07549679800744	16.08438693030693	-21.99110986770051	0.9995671932782146	0.001090301905440572	-0.9993100751674771
19	6	0.607720482889151	2.221848643761744	0.76	0.2147749200276491	31.2643732356568	2.700453974147214	-28.56391926150959	0.9999999992608217	9.170026848970281e-09	-1.297988708892827
28	13	0.60828584893438	2.237030662937936	0.6829268292682927	0.2137849502493861	46.03099028039456	5.811274836495466	-40.2197154438991	0.9999999999816931	1.52399537434178e-10	-1.827646130879887
17.83333333333333	58.16666666666667	0.6690152756888257	2.181223356043109	0.2346491228070175	0.2347225485756263	26.65609288961591	26.6669924038339	0.01089951421799285	0.5622055762345808	0.5447027375128226	0.0004952907987817866
16.5	25.5	0.9492030079630971	2.044993026920216	0.3928571428571428	0.3170143159982137	17.38300433266377	12.46948017148171	-4.913524161182059	0.8847221003415678	0.1886180255910175	-0.2232781441404114
26	43	0.622088768158814	2.353538080476751	0.3768115942028986	0.209061417914032	41.79467839766948	18.27036509699881	-23.52431330067067	0.9995753206931279	0.001046694799687997	-1.06898121259828
17	12	0.6217947755118796	2.215015104923796	0.5862068965517241	0.2191880322330183	27.34021041911313	5.417570279012993	-21.92264014010014	0.9999963126659127	2.026705129409834e-05	-0.9961987047524931
33	27	0.8356972488261951	2.087886130019561	0.55	0.285846901057473	39.48798449001859	12.93173972076104	-26.55624476925755	0.9999949864741844	1.621505363058606e-05	-1.206756872035382
18	35	0.6694534682231064	2.261016379261146	0.3396226415094339	0.2284457793680485	26.88760437342481	15.47976402162875	-11.40784035179606	0.9780226192001393	0.04317430691458468	-0.518389925203167
20.5	34.5	0.6407555169195174	2.347512510918027	0.3727272727272727	0.2144237099719596	31.9934818486704	14.69640729902151	-17.29707454964889	0.9975515672372312	0.00577641470349477	-0.7860058438330424
14	15	0.9197755612969327	2.075934055207105	0.4827586206896552	0.3070309472686145	15.22110457061857	7.225663051470836	-7.99544151914773	0.9854322879502624	0.03550346529194992	-0.3633252397702721
17.5	30.5	0.6569242514328141	2.322183036788487	0.3645833333333333	0.2205104374824432	26.63929663401959	13.13419291968502	-13.50510371433457	0.992216687829536	0.01741213356089821	-0.6136928190122053
29.33333333333334	25.66666666666666	0.6161744357299086	2.336785940021897	0.5333333333333333	0.2086632928736927	47.60556691805239	10.98374747428776	-36.62181944376462	0.9999999683348931	1.422635923509219e-07	-1.664152167002242
20	51	0.6451826485925148	2.295798729319739	0.2816901408450704	0.2193766521060115	30.99897376910336	22.21449090840452	-8.784482860698841	0.9178053146719388	0.1313103667447977	-0.3991804997857656
11.5	20.5	0.9710451897612156	2.013292126476117	0.359375	0.3253805072496008	11.84290918822007	10.18232760681448	-1.660581581405586	0.7262870260453022	0.4061347531533638	-0.07545939768021638
15.5	22.5	0.6037674546145633	2.316375759067534	0.4078947368421053	0.206759535554852	25.67213565675709	9.713449949526956	-15.95868570723014	0.9985162600569436	0.004269830573349731	-0.7251873829746752
23	47	0.7673730579526303	2.217369515701612	0.3285714285714286	0.2570985735004711	29.972384046639	21.19628671143178	-8.776097335207218	0.9308244629016977	0.110795475574589	-0.3987994485264265
30.5	38.5	0.845632124799872	2.117816835063953	0.4420289855072464	0.28535403722247	36.06769315583671	18.17909809883884	-17.88859505699787	0.9980191277053783	0.004203501249100849	-0.8128854513752797
26.66666666666667	46.33333333333334	0.6038762889385981	2.351240789529206	0.3652968036529681	0.2043493617693487	44.15915503742874	19.70590742541973	-24.45324761200901	0.9995047280585764	0.001180738690981453	-1.111193425718664
17	8	0.5988504564720472	2.229843490303959	0.68	0.2117056379162493	28.38772153594162	3.587695744022595	-24.80002579191902	0.999999926514572	6.294091536851454e-07	-1.12695156303493
26	49	0.6436689536631481	2.28384326091423	0.3466666666666667	0.2198689216250015	40.39343493582044	21.45506254242033	-18.93837239340012	0.9960544433464743	0.008088979202208524	-0.8605889586225444
24.5	23.5	0.5883496458466083	2.303597577718971	0.5104166666666666	0.2034441158027816	41.64190489950175	10.20143458531927	-31.44047031418248	0.9999993330362593	2.827570644514665e-06	-1.42870364169809
20.5	57.5	0.6489604172095743	2.316369968347733	0.2628205128205128	0.2188492791124886	31.58898363654707	24.82332303807874	-6.765660598468322	0.8563746094894672	0.2106304889576764	-0.3074420910034759
24.5	52.5	0.6411182899732812	2.310928220606379	0.3181818181818182	0.2171775707718752	38.21447677155029	22.71814396131447	-15.49633281023581	0.9854890002799194	0.02669695404288497	-0.7041773516015924
19.66666666666666	25.33333333333334	0.8736488485654229	2.070155539199231	0.437037037037037	0.2967754420764413	22.51095128089548	12.23740576668585	-10.27354551420962	0.983632321392948	0.0334365200187039	-0.4668458118669215
13	47	0.5979902273835312	2.214798147539478	0.2166666666666667	0.2125969492461015	21.73948570511041	21.22089548079787	-0.5185902243125398	0.6038035120744606	0.5199996462751443	-0.02356554258318894
20.5	57.5	0.6355870689101595	2.295341072884628	0.2628205128205128	0.2168552206540794	32.25364549211382	25.05074329878911	-7.202902193324711	0.8660145991760346	0.198344798759016	-0.3273110259344973
19	50	0.8941123631338641	1.860990599646679	0.2753623188405797	0.3245295639446795	21.25012558086659	26.86741137192892	5.617285791062333	0.2306983884222639	0.8416261782835628	0.2552581620424901
23	30	0.6300202209801317	2.235011806782829	0.4339622641509434	0.2198998876365289	36.50676475783359	13.42274788390638	-23.0840168739272	0.9998610257625687	0.0004084099402479335	-1.048973461377354
22	47	0.6535817809241633	2.265823348282316	0.3188405797101449	0.2238749854843931	33.66066901205851	20.74301160133685	-12.91765741072166	0.9755964197549124	0.0442090165317236	-0.5869983495947025
17.75	45.25	0.6292620878360213	2.321308679172367	0.2817460317460317	0.2132679191673942	28.20764248016393	19.49331444197818	-8.714328038185748	0.9251642425794359	0.1239963652538082	-0.3959925560493793
15.66666666666667	27.33333333333334	0.9533145450702475	2.043515327653636	0.3643410852713178	0.3181076622823969	16.43389031215529	13.37564390315461	-3.058246409000683	0.791545956976394	0.3099510847957249	-0.1389714510656802
15	43	0.6282493784343363	2.350555949017281	0.2586206896551724	0.2109064908151641	23.87586922470434	18.29354456250123	-5.58232466220311	0.8531972162482457	0.2283480482198967	-0.2536694742264393
29.5	33.5	0.6181927309905698	2.253611030830891	0.4682539682539683	0.2152628738805178	47.71974583513828	14.86503196057253	-32.85471387456575	0.9999974665446214	8.473592154500942e-06	-1.492969058365735
25.5	27.5	0.6081156637261855	2.368477202273832	0.4811320754716981	0.2042992411465996	41.93281232677113	11.61083584574887	-30.32197648102226	0.9999980177524997	7.462397656032849e-06	-1.377877550463316
18	58	0.705050730048226	2.27396277830418	0.2368421052631579	0.2366725521960343	25.5300778126544	25.50613429268786	-0.02394351996654009	0.5641956855777782	0.5429083384668005	-0.00108803061243762
21.25	63.75	0.7434817351154178	2.159595613530258	0.25	0.256101249063261	28.58173778364731	29.51941539452789	0.9376776108805736	0.5060524236304319	0.5920628656244471	0.04260952218642643
21.5	30.5	0.6723466110507351	2.318311187060937	0.4134615384615384	0.2248156280117574	31.97755390839267	13.15612855177854	-18.82142535661413	0.9992332818183915	0.001999738255974215	-0.8552747042340987
23.5	53.5	0.6279915013514443	2.245775291381398	0.3051948051948052	0.2185255612736232	37.42088857799469	23.82250806895806	-13.59838050903663	0.9714089313355565	0.04962838587870477	-0.61793146095824
22	33	0.5893654089320706	2.239580761204902	0.4	0.2083339072173065	37.32828507846087	14.73490064374633	-22.59338443471454	0.9996566124130506	0.0009443329582322635	-1.026678363828443
16.5	63.5	0.6815436400877027	2.253334608845521	0.20625	0.2322221169942678	24.20974832642667	28.18045742107239	3.97070909464572	0.3466432625735821	0.7465406934816885	0.1804351680160792
20.75	44.25	0.7567855491895201	2.105543425190995	0.3192307692307692	0.2643950279521273	27.41859965775275	21.0159522100505	-6.402647447702243	0.8707435439618447	0.1944665054418745	-0.2909462114793759
16.75	54.25	0.7311828411780249	2.218592704182258	0.2359154929577465	0.2478774503124844	22.90808681042584	24.4524377537768	1.544350943350967	0.4712013746791706	0.6359730961146638	0.07017769755912695
6.5	41.5	0.618155963636203	2.350530964634263	0.1354166666666667	0.2082253799649853	10.51514566285957	17.65558532280697	7.140439659947393	0.1460245963757156	0.9250320496546921	0.3244726317242935
22	58	0.6812705994449006	2.277889634381426	0.275	0.2302243020358472	32.29260152709599	25.46216424385733	-6.830437283238656	0.8602091689361728	0.2042431505250009	-0.3103856438353417
17	34	0.6195259312674813	2.204769985909715	0.3333333333333333	0.2193558853020897	27.44033646052537	15.42110978346396	-12.01922667706141	0.9798270758075213	0.04070131621636008	-0.5461722662642992
20.5	68.5	0.9437276581792458	1.975513037867667	0.2303370786516854	0.3232784673963999	21.72236854809479	34.67453703769916	12.95216848960437	0.03727336780678791	0.9784638187451031	0.5885665864431321
24.5	57.5	0.6058739936875823	2.233277263774363	0.298780487804878	0.2133996884087121	40.43745111237333	25.74691505291277	-14.69053605946056	0.9739613331763515	0.04502918288260449	-0.6675606998531682
15.5	48.5	0.7335871018184466	2.169941621587709	0.2421875	0.2526536403462435	21.12905197157631	22.35083170786566	1.221779736289353	0.4899824872049501	0.6224457447237566	0.05551956256208182
10	55	0.6116444077489787	2.336614142635824	0.1538461538461539	0.2074595552921055	16.34936880532069	23.53833223741302	7.188963432092329	0.1818065056066753	0.8920518815951815	0.3266776270465526
21	61	0.6054002956019134	2.335979159045881	0.2560975609756098	0.2058218957929061	34.68779277539161	26.11324667165059	-8.574546103741021	0.894315619841019	0.1608277772053952	-0.389640648562337
21.5	63.5	0.8859626980481958	2.111555138276603	0.2529411764705882	0.2955654466211478	24.26738738252207	30.0726222341639	5.805234851641824	0.2328230933832599	0.8346311475505945	0.2637988583049924
27	46	0.5980535250600529	2.199756770132868	0.3698630136986301	0.2137577111956458	45.14646075748625	20.9114028535171	-24.23505790396916	0.9992864844249698	0.001660295325891847	-1.101278547622297
23	71	0.604278917434105	2.217711980304658	0.2446808510638298	0.2141321284623237	38.06189383151546	32.01497788285672	-6.046915948658736	0.8036490571311364	0.270433692019031	-0.2747812214817257
29.5	69.5	0.5728927727369754	2.28000710332384	0.297979797979798	0.200810683033155	51.49305664839299	30.4823611727707	-21.01069547562229	0.9921326380190143	0.0143344296069674	-0.9547585274858406
23.5	53.5	0.7028661369181558	2.174438783267359	0.3051948051948052	0.244279336537206	33.43453150700931	24.604049749154	-8.830481757855306	0.9113398872361074	0.1360127176392948	-0.40127076087998
17.25	54.75	0.6099659900542612	2.309640896934066	0.2395833333333333	0.2089205888548446	28.28026526276568	23.70498378023956	-4.575281482526119	0.7851628565468225	0.3044871704993692	-0.2079078732142965
10.5	51.5	0.7325654396760677	2.223212393271086	0.1693548387096774	0.247841847756751	14.33319049919006	23.16467835276249	8.83148785357243	0.09869891639293053	0.9457767984864494	0.401316479426827
27	77	0.6766098626237463	2.134192118042877	0.2596153846153846	0.2407177265697238	39.90482771755625	36.07922611513133	-3.825601602424925	0.7186061996878037	0.3618697264383218	-0.173841258939598
26	75	0.6933578979114488	2.252325708528642	0.2574257425742574	0.2353809813095927	37.49867143407163	33.29891396968275	-4.199757464388881	0.7426480149493111	0.3365167797392995	-0.1908434805097206
20.83333333333334	64.16666666666666	0.6331597195945197	2.174358874355549	0.2450980392156863	0.2255228944730474	32.90375664875707	29.51061456480353	-3.393142083953538	0.7173510813952821	0.3737342908376302	-0.1541896289622829
16.66666666666666	67.33333333333333	0.4105275862458707	2.557750231905251	0.1984126984126984	0.1383049739264567	40.59816495908942	26.32521834752301	-14.27294661156641	0.9530561688670618	0.08196536129247445	-0.6485847889021177
25.5	68.5	0.7057400421875064	2.184821471349274	0.2712765957446808	0.2441532687965494	36.13228451790889	31.35267613316554	-4.779608384743348	0.7692382898663747	0.3072779699782844	-0.2171928039541194
23	60	0.6968471891872889	1.989526861140849	0.2771084337349398	0.2594006553563045	33.00580149691667	30.15792406320886	-2.847877433707811	0.6943279851240465	0.3968246858172234	-0.1294119591720223
19.83333333333333	76.16666666666666	0.6864033454455469	2.235122691192887	0.2065972222222222	0.2349468520346771	28.89457556541984	34.07717480869761	5.182599243277767	0.3026164757567389	0.7774530378141822	0.2355053324056881
20.5	78.5	0.6446826762340017	2.210994994620506	0.2070707070707071	0.2257547071273953	31.79858984229798	35.5043770750253	3.705787232727328	0.3811842078874111	0.7073135183759696	0.1683967085049468
13	43	0.7975633976365948	1.662318260744062	0.2321428571428572	0.3242283607096903	16.29964469097085	25.86748940648284	9.567844715511985	0.08925842646694296	0.9504518671098769	0.4347776751319007
21	49	0.68312686465259	2.247445065135347	0.3	0.2331035992356695	30.74099568705987	21.80253513651471	-8.938460550545159	0.9252764978457851	0.1200741084687007	-0.4061774843736348
16.5	64.5	0.6226720108149624	2.158887384080497	0.2037037037037037	0.2238571687369504	26.49870190632875	29.87650049540289	3.377798589074136	0.3909462006438755	0.7076301423049458	0.1534923968028552