Codon,alpha,beta,beta-alpha,Prob[alpha<beta],Prob[alpha>beta],BayesFactor,PSRF,Neff
1,1.3575,0.161884,-1.19561,4.48143e-06,0.999984,9.05002e-06,0.999134,603.697
2,1.18167,0.282389,-0.899281,4.44873e-05,0.999843,8.98433e-05,1.05272,46.8739
3,1.35996,0.129596,-1.23037,1.00048e-06,0.999996,2.0204e-06,1.00224,346.626
4,0.852875,0.0271637,-0.825711,1.97159e-06,0.999992,3.98152e-06,1.01246,146.101
5,0.352502,0.0124321,-0.34007,0.000872892,0.994896,0.00176429,0.999782,522.55
6,0.992039,0.381953,-0.610087,0.0125837,0.974046,0.0257359,1.0108,161.034
7,1.17286,0.145101,-1.02776,4.03202e-08,1,8.14243e-08,0.998571,697.835
8,0.951881,0.0320966,-0.919784,3.87798e-07,0.999998,7.83135e-07,1.00928,177.834
9,0.713532,0.01623,-0.697302,5.41897e-06,0.999969,1.09433e-05,1.00442,267.503
10,0.344189,0.012617,-0.331572,0.00219883,0.987288,0.0044502,0.999453,560.843
11,0.350654,0.0124868,-0.338167,0.00133123,0.992246,0.00269193,0.999688,532.904
12,0.651276,0.193054,-0.458222,0.028152,0.939442,0.0584981,1.00535,243.812
13,1.12593,2.74856,1.62263,0.966,0.000146336,57.375,1.00634,222.818
14,1.28187,0.393091,-0.888776,0.000224716,0.99924,0.000453903,1.02333,91.5467
15,0.522039,0.0133013,-0.508738,4.6182e-05,0.999731,9.3266e-05,1.0004,463.462
16,1.10796,0.126555,-0.981403,7.24328e-06,0.999974,1.46275e-05,1.00887,182.988
17,0.630506,0.318209,-0.312297,0.115415,0.816499,0.263484,1.00046,457.884
18,1.15726,0.234389,-0.922869,1.5724e-05,0.999942,3.17541e-05,1.03683,63.2241
19,0.893425,0.0297832,-0.863642,3.92625e-06,0.999984,7.92886e-06,1.01347,138.329
20,0.966108,0.825457,-0.140651,0.24536,0.599167,0.65659,1.02643,82.8924
21,0.959629,0.251016,-0.708613,0.00247339,0.993866,0.00500725,1.00812,193.143
22,0.719118,0.12323,-0.595888,0.000536412,0.998001,0.00108383,1.00745,203.371
23,1.34197,0.233489,-1.10848,5.27631e-05,0.999841,0.000106557,1.02668,82.2574
24,0.766195,0.216497,-0.549698,0.0157312,0.966475,0.0322759,1.00287,319.211
25,0.803665,0.498572,-0.305093,0.114772,0.816568,0.261826,1.00457,263.33
26,0.62236,0.0989922,-0.523368,0.00108041,0.995309,0.00218419,1.00515,248.477
27,0.900452,0.1044,-0.796051,1.46333e-05,0.999932,2.95515e-05,1.01298,142.044
28,1.54386,0.275231,-1.26863,3.69917e-05,0.99988,7.47053e-05,1.05163,47.701
29,1.03127,0.49799,-0.533285,0.0249047,0.951148,0.051578,1.00549,240.573
30,0.81943,0.188236,-0.631194,0.00244125,0.993639,0.00494202,0.999861,514.143
31,0.40561,0.519001,0.113391,0.647826,0.257535,3.71477,0.998959,630.023
32,0.58036,0.0140166,-0.566344,5.25038e-05,0.999693,0.000106034,0.999599,543.178
33,0.899023,0.46648,-0.432543,0.0541684,0.905219,0.115655,1.00409,276.986
34,1.67223,0.205647,-1.46659,1.01443e-08,1,2.04858e-08,1.04317,55.4051
35,2.80533,0.872379,-1.93295,5.3871e-05,0.998912,0.000108795,1.00211,352.994
36,0.958136,0.19054,-0.767596,0.000485426,0.998619,0.000980764,0.999133,603.817
37,0.814527,0.728709,-0.0858183,0.319373,0.546442,0.947588,1.02014,102.67
38,1.49775,0.413136,-1.08461,0.000759991,0.997893,0.00153592,1.0127,144.167
39,1.02688,0.249878,-0.777,0.00104565,0.997097,0.00211384,1.0157,123.836
40,1.06085,0.233107,-0.82774,0.000346199,0.999023,0.000699371,1.01566,124.107
41,0.943725,0.193187,-0.750538,0.0015946,0.995999,0.00322534,1.00158,381.048
42,0.313496,0.145915,-0.167581,0.126581,0.739421,0.292668,1.00249,335.178
43,0.803738,0.69953,-0.104208,0.312689,0.567103,0.918735,1.0144,131.9
44,0.538912,0.098614,-0.440298,0.00343109,0.985833,0.00695273,1.00251,334.256
45,0.568554,0.654258,0.0857046,0.592029,0.291456,2.93052,1.01054,163.66
46,0.650853,0.572948,-0.077905,0.471103,0.459044,1.79877,1.00329,303.358
47,0.671138,0.0221903,-0.648947,0.000117246,0.999497,0.000236799,1.0011,410.573
48,1.07926,0.598988,-0.480276,0.0553059,0.900818,0.118226,1.00401,279.364
49,0.399199,0.593103,0.193903,0.763451,0.154836,6.51765,1.00043,461.205
50,1.10754,1.13832,0.0307748,0.370453,0.188808,1.18833,0.99913,604.242
51,0.759406,0.393989,-0.365418,0.0810775,0.865721,0.178177,1.00092,423.252
52,0.771266,0.626059,-0.145207,0.243951,0.641382,0.651604,1.01325,139.938
53,0.847909,0.149321,-0.698587,0.00156046,0.995709,0.00315618,1.00571,235.734
54,1.13004,0.31986,-0.810176,0.00188479,0.995532,0.0038134,1.03467,66.4565
55,1.20175,0.709872,-0.491879,0.060199,0.877279,0.129355,1.01824,110.738
56,1.00912,0.284713,-0.72441,0.00170742,0.995549,0.00345393,1.01941,105.628
57,0.951415,0.518069,-0.433347,0.055407,0.902575,0.118454,1.00664,217.202
58,0.988523,0.733561,-0.254962,0.543021,0.384197,2.39966,1.0008,432.039
59,1.00494,0.815251,-0.189685,0.202037,0.649792,0.511304,1.0249,86.9236
60,0.870161,1.01988,0.149723,0.600296,0.194205,3.0329,1.01231,147.319
61,0.734402,0.397784,-0.336618,0.10737,0.831778,0.242908,0.999903,509.831
62,1.00424,1.02428,0.0200461,0.384163,0.317485,1.25974,1.01141,155.204
63,2.81452,1.12473,-1.6898,2.12216e-06,0.999342,4.28559e-06,0.999252,586.992
64,1.24725,0.352052,-0.895198,0.0001576,0.999472,0.000318314,1.04321,55.3626
65,0.941244,1.18603,0.244791,0.662167,0.0384252,3.95819,0.99736,1052.28
66,0.356069,0.547101,0.191032,0.747218,0.181117,5.96942,0.99933,576.61
67,0.840915,0.248825,-0.59209,0.00580915,0.985993,0.0117998,1.00278,323.007
68,0.734151,2.81481,2.08066,0.999912,3.11395e-10,22940.2,0.998358,741.813
69,0.279539,0.373099,0.0935596,0.639438,0.229058,3.58138,1.00239,339.663
70,1.20478,1.0257,-0.179072,0.203862,0.453833,0.517106,1.00782,197.619
71,0.804713,0.6557,-0.149013,0.503458,0.42507,2.04757,0.99838,736.877
72,0.963657,1.15899,0.195336,0.596721,0.0861012,2.98811,0.997912,854.262
73,0.814718,1.08929,0.274575,0.740442,0.0870807,5.76085,1.004,279.687
74,0.86578,1.00214,0.136359,0.58723,0.213521,2.87298,1.01357,137.631
75,0.387012,0.391376,0.00436378,0.455836,0.407096,1.69165,1.00279,322.495
76,0.770722,0.580741,-0.189981,0.195256,0.703616,0.489978,1.01159,153.573
77,2.79244,0.836823,-1.95562,0.000156594,0.998361,0.000316281,1.00333,302.063
78,0.684273,0.801461,0.117188,0.618389,0.261387,3.27244,1.01308,141.214
79,0.699685,0.593216,-0.106469,0.310312,0.576652,0.908607,1.00816,192.637
80,0.640275,0.567483,-0.0727918,0.344585,0.535916,1.06172,1.0071,209.044
81,0.869107,1.76178,0.892676,0.844743,0.00347812,10.9876,1.00124,401.887
82,1.38382,1.19202,-0.191805,0.19667,0.21954,0.494396,1.0003,472.304
83,1.08391,0.52559,-0.558323,0.011467,0.973185,0.0234255,1.00783,197.426
84,0.83474,0.653548,-0.181193,0.195827,0.694206,0.49176,1.01773,113.162
85,0.841297,0.9459,0.104603,0.568871,0.255769,2.66464,1.01819,110.976
86,0.637156,0.617704,-0.0194525,0.422053,0.447927,1.47472,1.01041,165.051
87,2.71143,0.877667,-1.83376,0.000842816,0.987109,0.00170345,1.00307,311.536
88,1.24561,0.449514,-0.796095,0.297028,0.646313,0.853279,1.00389,283.302
89,0.41538,1.20868,0.793298,0.9949,0.00030799,393.93,1.00341,299.064
90,1.10654,0.50789,-0.598654,0.0177814,0.96351,0.0365585,1.00739,204.355
91,0.230653,0.788738,0.558085,0.982619,0.00870433,114.166,1.0145,131.215
92,0.620117,0.807947,0.18783,0.711144,0.190307,4.97172,1.01114,157.715
93,5.45924,0.414528,-5.04471,0.0585201,0.917151,0.125523,0.996246,1980
94,3.07989,0.660479,-2.41941,0.19457,0.74922,0.487841,1.00366,290.709
95,0.517267,0.588687,0.0714203,0.573531,0.320273,2.71581,1.00252,333.767
96,1.04708,1.11643,0.069351,0.43967,0.188271,1.58458,1.00067,441.11
97,1.35626,2.43037,1.07411,0.708603,0.034944,4.91077,1.00534,243.998
98,0.771505,2.59083,1.81932,0.975618,0.000118462,80.8045,1.01193,150.559
99,0.723908,1.02441,0.300503,0.792043,0.0930456,7.69141,1.00692,212.174
100,1.64461,0.727861,-0.916749,0.0159648,0.951132,0.032763,1.02364,90.5969