dN,dS,dN/dS,dS=dN,LRT,p-value,Full Log(L)
0,0,0,0,0,1,0
0,0,0,0,0,1,0
0,7.064449810635358,0,1.463669923619171,3.125287815069694,0.07708625816162917,-8.937426694644977
0,0,0,0,0,1,0
0,0,0,0,0,1,0
0,0,0,0,0,1,0
0,0,0,0,0,1,0
0,6.977265207527317,0,1.459920039651569,3.106010429693548,0.07800381419071589,-8.951044294125063
0,0,0,0,0,1,0
0,4.424629594915539,0,1.453470368974235,2.216444948968476,0.1365471630869647,-10.48979016074042
0,0,0,0,0,1,0
0,0,0,0,0,1,0
0,0,0,0,0,1,0
0,0,0,0,0,1,0
0,0,0,0,0,1,0
0,0,0,0,0,1,0
0,0,0,0,0,1,0
0,0,0,0,0,1,0
0,0,0,0,0,1,0
1.817388048006039,0,inf,1.418816713554881,0.4944893778290904,0.4819315012718173,-9.695301682467056
0,0,0,0,0,1,0
0,3.577064538342277,0,1.349241621675557,1.944365250569131,0.1631953449362878,-10.82774936537388
0,0,0,0,0,1,0
1.671624653015676,0,inf,1.34787339819277,0.4299638789082039,0.5120066728820216,-11.72031937605188
0,0,0,0,0,1,0
1.674788676354286,0,inf,1.291293589374928,0.5192401944459597,0.4711659735079033,-10.14128383605545
0,4.8608019458444,0,1.310079949359354,2.60969203948644,0.1062123866507368,-9.03246919211502
0,0,0,0,0,1,0
0,3.629307763627882,0,1.356746103653403,1.962537363835484,0.1612422118279982,-10.11866919872671
0,0,0,0,0,1,0
1.861796145949574,0,inf,1.319935934201166,0.6865196386100543,0.4073507094697639,-9.987135623717458
1.658800469065568,0,inf,1.282758831601547,0.5136704604056632,0.473554244235019,-12.3257410156805
0,0,0,0,0,1,0
0,0,0,0,0,1,0
0,0,0,0,0,1,0
0,0,0,0,0,1,0
0,0,0,0,0,1,0
1.674848744970152,0,inf,1.343069015485546,0.4409278375367762,0.5066749674014768,-9.956641553237541
0,7.819755155646502,0,2.790764050279301,4.100752154259109,0.04286414048952847,-12.55016388115703
0,4.36606663102924,0,1.447028122932557,2.198667918310026,0.1381300584106308,-9.00401385760537
2.880948965626927,0,inf,1.389021335997879,1.457253404959467,0.227367638870859,-8.94438301840389
0,0,0,0,0,1,0
0,0,0,0,0,1,0
0,0,0,0,0,1,0
1.801845577738082,0,inf,1.313366923389281,0.6312602565660477,0.4268934201061884,-11.83169771600769
0,0,0,0,0,1,0
0,0,0,0,0,1,0
0,7.901242845366999,0,2.800600419066687,4.126513680942718,0.04221623769805005,-13.22584383749826
3.024370990731315,2.543904783585226,1.188869571788355,2.780444518369797,0.01292286360765615,0.9094924395057473,-17.36919701592303
0,0,0,0,0,1,0
0,0,0,0,0,1,0
1.637303302265269,0,inf,1.308015292537411,0.448758077689817,0.5029253142493204,-10.11540096093774
0,0,0,0,0,1,0
1.811913201921409,0,inf,1.311395201524551,0.6453684730354254,0.4217734547739966,-11.64370884945859
0,0,0,0,0,1,0
0,0,0,0,0,1,0
0,0,0,0,0,1,0
0,0,0,0,0,1,0
0,0,0,0,0,1,0
0,0,0,0,0,1,0
0,0,0,0,0,1,0
0,0,0,0,0,1,0
0,3.53400349341661,0,1.343095338944551,1.92946115824526,0.1648174090114609,-9.211811689971668
1.653458231619805,0,inf,1.280064620515031,0.5112649486401963,0.4745917816804853,-12.09583749777109
2.183035290664855,0,inf,1.454379737485224,0.8106139317702983,0.367938803875559,-9.913984041890986
0,3.857644017202154,0,1.387612540412137,2.039490225276392,0.1532610004205079,-10.93656109019886
1.810832003487269,0,inf,1.413369301876099,0.4950371267972002,0.4816889204492681,-9.003884997313994
3.652151831845058,0,inf,2.76288582919235,1.112714587128675,0.2914926179762501,-15.08222051931894
0,3.861093413548433,0,1.393178038702389,2.033799743401353,0.1538355797541614,-9.171796362741377
0,0,0,0,0,1,0
0,0,0,0,0,1,0
1.645695850719115,0,inf,1.313379195631514,0.4508036636951012,0.5019535542281821,-11.73885061045329
0,0,0,0,0,1,0
0,0,0,0,0,1,0
2.163933373377282,0,inf,1.38593362399887,0.8888496583264356,0.345789230088708,-11.69029634434192
0,0,0,0,0,1,0
0,3.573545503655273,0,1.252647887115638,2.090334489619359,0.1482336118645161,-9.513066685507422
0,0,0,0,0,1,0
0,3.133003916128265,0,1.668344712240475,1.257096871853999,0.2622013293775347,-9.332106959679683
0,0,0,0,0,1,0
0,0,0,0,0,1,0
0,0,0,0,0,1,0
0,5.776253103780536,0,1.28658598752884,2.988493031459839,0.08385817435603338,-9.26358462184422
0,0,0,0,0,1,0
0,5.776248560421474,0,1.286585499982788,2.98849197967024,0.08385822882761118,-9.264198264586895
1.801852724047424,0,inf,1.410894442943742,0.4885963530491857,0.4845541082030375,-10.02009106841341
0,0,0,0,0,1,0
0,3.573586850516858,0,1.348722391258408,1.943133240550466,0.1633287352887184,-9.199737235282786
1.526413938112792,0,inf,1.20767295874681,0.4678750673613763,0.4939663645853786,-11.99870120957169
2.604958404434503,3.020984598925191e-13,8622878797069.33,2.601090336130929,0.005764379422359411,0.9394799522998128,-17.02247349783729
2.184282148338315,0,inf,1.335854111078411,0.9811280191241174,0.3219204750638669,-10.23136291497669
0,0,0,0,0,1,0
0,0,0,0,0,1,0
6.58060512774537,3.417400377234875e-15,1925617253273069,4.425385453991057,2.359756576391391,0.1245016154058215,-19.55760705827712
7.20722203521503,3.676424798813908e-16,19603888096773344,4.456310263751753,2.85805642547318,0.09091729088768885,-18.23701937846834
0,0,0,0,0,1,0
0,0,0,0,0,1,0
1.641584733552907,0,inf,1.313381470183114,0.445775299658191,0.5043480551638038,-11.92511286914302
0,0,0,0,0,1,0
0,0,0,0,0,1,0