dN,dS,dN/dS,dS=dN,LRT,p-value,Full Log(L)
0,0.7671284907834174,0,0.2719520768136273,47.61198452152757,5.194955576826032e-12,-146.8630093587778
0.01831347897330924,0.863162815683994,0.02121671443735344,0.3187072263060459,45.97116777623131,1.200062271777824e-11,-174.8202677159819
0.0183177979148503,1.315989356122915,0.01391941190832807,0.4596166625913474,71.14653154588405,0,-219.252741222048
0.03665505258593341,0.6979210906326143,0.0525203394451202,0.2717282203865719,31.53133154482163,1.962480333794758e-08,-159.2112714309177
0,0.7920629128826233,0,0.1978403599650385,41.50927374705242,1.173130481646467e-10,-89.10089623444682
0.1823024699209619,1.257242170496817,0.1450018733056993,0.5155629543097431,34.2569751508446,4.829413979834385e-09,-256.7164021020033
0,1.236056863768421,0,0.3888973210971046,71.40261455602297,0,-193.0923537438002
0.07331879912865895,0.9842292111661983,0.07449362231566427,0.3626803950390791,36.98039941033579,1.193227294749022e-09,-189.1667560311857
0,1.221060388806102,0,0.3874778907100849,70.90272276935042,0,-182.1424008776065
0.05500083464839817,0.8147693229812745,0.06750479319367088,0.2988122531180444,31.87611278685563,1.643256042349606e-08,-161.131852408633
0.5357808467792371,1.065894805966892,0.5026582771394791,0.6471975039317093,4.77091401689529,0.02894445502365639,-326.2804765870972
0.1096726811033338,0.9582301976818902,0.1144533759932105,0.3982349804229449,31.834807527664,1.67857487909373e-08,-218.8648912721847
0.146826597855975,1.187707401781507,0.1236218597574974,0.476493724349856,35.77336029585399,2.216581473923895e-09,-241.1743944668279
0.03641449926509445,0.8604944183587105,0.0423181121087929,0.3215504939821359,40.38890600600257,2.081195216163678e-10,-171.9666149876326
0.2452008708693788,1.013653381808695,0.2418981431619741,0.4026032364239099,14.53610684469851,0.000137498836193406,-213.7189935152447
0.1864009887707886,0.7555375078529009,0.2467130841730228,0.2918592441167906,11.09370130175034,0.0008662142395592376,-182.2641540672412
0.5725372277780216,0.5980953781589241,0.957267433733435,0.5793687676814209,0.01762374599229588,0.8943875731025226,-310.4578674304116
0.01759208428571183,0.75067784162133,0.02343493215107571,0.1784407883693702,29.75084428647958,4.912922935140784e-08,-80.90988046999531
0.05501742737813484,0.837081130868579,0.06572532261125896,0.3318130178417737,35.38108507563169,2.711069591043724e-09,-185.3510022773955
0.4050743337221502,1.203519363178855,0.3365748371943329,0.5863729669336833,12.26906838254706,0.0004605281175433795,-299.4379615130963
0.3608542673471939,1.12400432203424,0.321043487354314,0.5193498228922205,11.63079988330458,0.0006486865309058842,-273.8778115695154
0.1101720589451166,1.139977099308995,0.09664409838750111,0.4746183712168227,41.87010909906013,9.754241858672685e-11,-245.1165082923769
0.4487875170055651,1.038735957231641,0.4320515852764346,0.5837041727455541,7.613291859235574,0.005793961603367759,-318.6922607516103
0.09184320780256747,0.8239348941842298,0.1114690110236205,0.325285914510441,26.29495152569507,2.930537243983622e-07,-181.8450250728121
0.1959037999311538,1.277833094388622,0.1533093803810769,0.4158266935106668,26.60284232510952,2.498758733260331e-07,-209.7034018035208
0.05284258907210013,1.152193711807347,0.0458625910995561,0.2899049786221456,39.24028337799047,3.747285814981183e-10,-129.0571227610897
0.3528714601687486,1.06890273110808,0.3301249495386206,0.512422490378284,12.12667911712344,0.0004970555563633683,-280.0045995595832
1.272814307273449,1.224392190103825,1.039547881439457,1.249021399890542,0.03046917204005695,0.861429931631589,-535.5944157316519
0.05281654953727249,0.9570710673084982,0.05518560882401832,0.277708277106751,34.44941745655535,4.374737017087682e-09,-136.0924028205131
0.01758937446647474,0.7365587724002574,0.02388047651534371,0.1977059230114334,31.89711377911601,1.625585177578159e-08,-96.88298817045494
0.05500091599708239,0.8914249090945816,0.06169999899705148,0.3235944956665964,35.85755748720157,2.122830022877054e-09,-171.7724758600019
0.2181159671416258,0.9237300236470791,0.2361252330853753,0.4311693030600638,17.05736765666711,3.626739090056841e-05,-231.496328693534
0.128573497172831,0.8780109294007797,0.146437239978982,0.3647081025760138,23.94663915550291,9.904303894803235e-07,-204.6927763773429
0.1655222587642442,1.213614853561031,0.1363877990439578,0.4928935842978546,34.18512299695522,5.011058124004819e-09,-251.0437884966368
0.03520507462687246,0.8495831011746702,0.0414380589470252,0.2379201541576897,32.97169916226056,9.351020735515192e-09,-113.3950813103142
0.6215601044932941,0.6178923520037326,1.005935908540812,0.6212230118146537,0.0001580825869496039,0.9899683900776841,-349.219391069905
0.2452619134825143,1.079331533224605,0.2272350116092422,0.4158448577911854,16.43259516894585,5.041089554491673e-05,-214.1435209839802
0.07041454073812911,1.171849945647827,0.06008835943513422,0.3148075275729804,37.73763954907866,8.092787551206015e-10,-135.4697325716381
0.3032436123358307,1.199560700818345,0.2527955543466509,0.4698400235353241,17.05145776407153,3.638043627107734e-05,-264.6873393605238
0.5074188874359631,0.6471702030295222,0.7840578646245491,0.5446818801781255,0.5390035696710811,0.4628459731086408,-300.8677463062097
0.1653733442921758,0.9876813904168416,0.1674359220460574,0.4471175337787648,26.38182208932972,2.801647911443439e-07,-248.9244548622398
0.2206909282103353,1.103310450271918,0.200026137843564,0.5339699148676519,26.56095600412641,2.553524829362885e-07,-290.6119077288798
0.4692212512513201,1.128507866628149,0.4157890832017847,0.6079514427028857,7.631307513418506,0.005736370198143215,-283.3783950476518
0.3294669810936861,0.97659754253509,0.3373620828887638,0.5359250672214981,12.41346387153476,0.0004262494915446835,-293.1003211405474
0.5259091960892882,0.9380919147784282,0.5606158499015578,0.6382670686730593,4.01833188528758,0.04500820915233572,-346.3703716500366
0.2473586246284013,0.8479650635473971,0.2917085093029604,0.3974729183711174,10.89770652245778,0.0009628340024917525,-201.3054417986562
0.317855265738629,1.139009901497211,0.2790627766455876,0.5762756982293762,17.77276779718363,2.489206794287213e-05,-304.0325650448181
1.092102715122468,0.8168733101514019,1.336930343482582,1.040582181142899,0.9839568883350012,0.3212238628065266,-509.9894606444082
0.2573668010807119,0.6581956514582921,0.3910186895195865,0.401046460583629,7.371024418500497,0.006628316335174911,-239.5180144835459
0.3459296228241016,1.367723083495913,0.2529237292244145,0.5378151438069279,19.6273957132554,9.411008305315605e-06,-289.753980546405
0.1411749369426296,1.459269728341714,0.09674355206631888,0.4277583265699543,38.39960509765086,5.764405619501645e-10,-190.6173397283372
0.312296478158724,0.8526930131290795,0.3662472582163036,0.4965264938894211,10.14787476934623,0.001444676957191526,-286.3883624402766
1.623107737418753,0.6829845844655081,2.376492492416896,1.389346172909202,10.40853759338029,0.001254340384230446,-553.1956098907852
0.2309662077185214,1.100563984065886,0.2098616809767368,0.4315449039164498,19.83470586880799,8.443559691317937e-06,-227.2394959190564
0.7291317435509032,1.21706913892278,0.5990881867206432,0.8473244211941504,3.656422588174337,0.05585343783942431,-408.5383038058313
0.349480277920873,0.9438601126746237,0.3702670271027219,0.5593911550617839,11.37095400004671,0.0007460155117979816,-310.3417208479516
1.284075892113673,1.151502173778025,1.11513110557202,1.239529647673927,0.2369502420156095,0.6264175402499825,-531.3067192914665
0.7514986540036924,1.166975888479833,0.6439710206717605,0.8851614170751814,2.99789322864126,0.08337286704893843,-398.6467989286519
0.9879356541023102,1.101395858534512,0.8969850816552287,1.02303524446434,0.2156641923394318,0.6423636331410425,-503.4414765721381
1.099447162673771,1.199811796720123,0.9163496855750918,1.130960551484565,0.138770135401046,0.7095067380933693,-488.5666142282844
0.68955442716479,0.8843888411929388,0.779695983312793,0.7619490925197402,0.8615838715511472,0.353295835748247,-350.9779638572351
0.5395802302444103,0.9991694644103857,0.5400287433351648,0.6302863984564273,3.779385426923909,0.05188771549655513,-313.9736499402703
1.013210935070326,1.073167160568474,0.9441315130567463,1.024342329174644,0.04397607602663811,0.8338981294557384,-519.5418309783254
0.2115389553489498,0.9008768920262747,0.2348144982086854,0.3678423407813703,13.49619443008578,0.0002390477590652473,-180.882180675529
0.8951882089356379,0.9209608407396537,0.9720154965727783,0.901236768348413,0.01073801088932669,0.9174674441339717,-459.2800787216361
0.7469474268778364,0.8124747733638268,0.9193484540883743,0.765142069199098,0.08778552992907862,0.7670115012096026,-371.9874989690632
0.5631224446713009,1.175847830133852,0.4789075850122531,0.6911243435521659,6.267305487461954,0.01229860315508646,-352.2069493576968
0.8050149397485574,0.8958544728695454,0.8986001232655384,0.8274262698626618,0.1546987259075649,0.6940849287377905,-415.0269511812471
1.207727764587516,0.7246316907641788,1.666678093134287,1.057762574193438,3.704252714468339,0.05427396973537713,-458.5736315218772
0.5336049228848788,0.7877462500013136,0.6773817366747084,0.5883276381073868,1.31006246143852,0.2523833467500226,-306.1927995006914
0.5872144679591832,0.9746096073099968,0.6025124968549651,0.6694632413024405,2.531839844064621,0.1115700587280427,-328.9710179345273
1.096010145688587,1.187588920433095,0.922886806058185,1.138713883266967,0.1295721341134595,0.7188760779847936,-480.6600936205217
0.557741728289919,1.346689801971971,0.4141575346254293,0.7391695239602301,10.76530512758222,0.001034205132715793,-375.5757144809465
0.7446625539802572,1.184258119987132,0.6288008850539684,0.8838434923701017,3.394898570450664,0.06539838539033693,-415.2235936726192
1.295284707464961,1.012475912354701,1.279323973695863,1.203016250468202,1.262702946993386,0.2611400791283934,-578.2264496554909
0.9400946184293191,1.087381272277472,0.8645492086325268,1.002097023034713,0.3713966958207493,0.5422439319200075,-439.6885097790717
0.6108197788421305,0.8965959553949834,0.6812653739588218,0.7028057229351046,1.926378193855385,0.1651552340151677,-364.1341240238618
0.5537879547420518,0.9312753733377432,0.5946554269520138,0.649974348492102,3.055373521926754,0.08047049036090637,-339.7796179844475
0.4769133702004171,1.159884378779832,0.4111731987477213,0.6391468084279612,9.132427282769413,0.002511183329187539,-322.9127104824846
0.9214449754627778,1.907178360852198,0.4831456744565002,1.104984091916864,9.546793286063576,0.002002990381052672,-544.3903158226742
0.6388796503353267,0.8639941926194811,0.7394490099503493,0.6864683761665907,0.8618624545465536,0.3532180213467726,-323.583636150082
0.812688323753284,0.8779059704016631,0.9257122643572633,0.8248463038042604,0.06435437227582952,0.7997415226816078,-438.6641860509841
1.060795935426478,1.361761882342603,0.7789878312657859,1.120509588102944,1.022862460339411,0.3118409865245734,-562.888070262523
0.4652238356273864,0.8669848105481645,0.5365997534988433,0.5551464685031602,3.244930740603081,0.07164471848007892,-265.3878116856776
1.082549823611691,1.03440155934539,1.046546975718764,1.059876719941711,0.03857124074318108,0.8443005218857236,-461.6619415547578
0.4273466828526689,0.8009493263567504,0.5335502119672482,0.520710058538739,3.400089543796071,0.06519287997221535,-260.2315520276626
0.7058464619790599,0.8968979552006322,0.7869863654903362,0.747255399569979,0.6808089637725061,0.4093082995517467,-404.3374767506014
0.2298354913629412,1.288854522746531,0.1783253946094435,0.4664656317684843,24.07322826536279,9.274074030951596e-07,-223.7703175241163
0.5980687806373366,1.277744325370488,0.4680660823627008,0.7645994412682285,7.872590089805954,0.005018971292750418,-366.7284910793711
0.6427125646962012,0.7050619106948709,0.9115689770601542,0.657390914189802,0.07990575108897247,0.7774251746123895,-327.8535288116893
0.7852842410514862,0.990527357054247,0.7927940964567216,0.8354062635242794,0.5835555505126422,0.4449220236833233,-348.8316162148503
0.7834343124366775,0.9765831110903549,0.8022198044792862,0.8200681244868191,0.5585154053211454,0.4548590275284797,-423.0722387293968
0.5607582990072864,1.06486668473556,0.526599533111077,0.7156204096684083,5.7722184998388,0.01628146806950714,-371.2961311603614
0.7622755582527564,0.7119546079416443,1.070679998064198,0.7593044312059937,0.008907228098394171,0.9248088019763853,-236.9592585444142
0.7670843040552298,0.9012065113427776,0.8511748355127742,0.8070143967769123,0.3192314651952302,0.5720698726745086,-360.1566918668966
1.254300769636082,0.9551068262510339,1.313257046397038,1.16075928476292,1.277806981320055,0.2583071885864704,-530.1701627443613
0.7420648045009094,0.4154832849606296,1.786028057834447,0.6533202208892034,2.801707767909193,0.09416396184916498,-337.2717122091306
0.7060299564195819,1.178823873133998,0.5989274331054598,0.7978885113800894,3.243195035549775,0.07172064650127219,-403.8437846603383
0.492784243444514,0.8729882567130536,0.564479807895617,0.5719035362064856,2.858985513579228,0.09086478882801341,-295.5658473056785
1.048827839620056,1.034091268671101,1.014250744973307,1.044112099661071,0.003792047350998473,0.950897621561808,-531.5152021632601