ObservedSChanges	ObservedNSChanges	E[SSites]	E[NSSites]	ObservedS.Prop.	P{S}	dS	dN	dN-dS	P{Sleq.observed}	P{Sgeq.observed}	ScaleddN-dS
7	0	0.9999999999999981	1.999999999999996	1	0.3333333333333334	7.000000000000013	0	-7.000000000000013	1	0.0004572473708274183	-0.4973629280518701
10	0	0.9999999999999981	1.999999999999996	1	0.3333333333333334	10.00000000000002	0	-10.00000000000002	1	1.693508780831188e-05	-0.7105184686455288
18	1	0.9994572961187781	2.000271351940606	0.9473684210526315	0.3331825686184507	18.00977397423575	0.4999321712175843	-17.50984180301816	0.9999999991469728	3.329008402275235e-08	-1.244106598410591
31	4	0.9991691593670057	2.000438040183286	0.8857142857142857	0.3331000003989868	31.0257774765978	1.999562055735308	-29.02621542086249	0.9999999999989284	1.747957334430339e-11	-2.062366213140641
2	0	0.9999999999999984	1.999999999999997	1	0.3333333333333333	2.000000000000003	0	-2.000000000000003	1	0.1111111111111109	-0.1421036937291057
20	0	0.6863437148184686	2.196504219696406	1	0.2380783622338257	29.13991862705381	0	-29.13991862705381	1.000000000000001	3.413935800722356e-13	-2.070445035934955
30	2	0.9998867715282047	2.000113228471788	0.9375	0.3332955905094024	30.00339723881802	0.9999433889690965	-29.00345384984892	0.9999999999999658	1.101341240428155e-12	-2.060748961482588
18	2	0.6863437148184682	2.19654627483698	0.9	0.2380748891845496	26.22592676434844	0.9105203122335461	-25.31540645211489	0.9999999999777555	6.881657466095703e-10	-1.798706382549578
6	0	0.9999999999999981	1.999999999999996	1	0.3333333333333334	6.000000000000012	0	-6.000000000000012	0.9999999999999999	0.001371742112482921	-0.4263110811873173
8	1	0.9999624388925148	2.000037561107479	0.8888888888888888	0.3333208129641723	8.000300500147	0.4999906098994814	-7.500309890247519	0.9999492119087122	0.0009650252431412376	-0.5329108697585571
13	2	0.6863437148184686	2.196644547958472	0.8666666666666667	0.2380667738679488	18.94094710758498	0.9104795775259905	-18.03046753005898	0.9999999780848398	5.028733798262408e-07	-1.281098017842041
7	2	0.9975321599867935	2.000650928408024	0.7777777777777778	0.3327122228952526	7.017317617201108	0.9996746416884716	-6.017642975512636	0.9990482497706308	0.008186277061263514	-0.4275646471816753
9	3	0.6867422482497164	2.196282552254166	0.75	0.2382019912314631	13.10535360673977	1.365944466899732	-11.73940913984004	0.9999761603531228	0.0002639719956396558	-0.8341067004842452
13	11	0.6900269231015412	2.30859196866397	0.5416666666666666	0.230114912233902	18.8398445984795	4.764809091130092	-14.07503550734941	0.9997926189182657	0.0009206224815750952	-1.000057267481332
25	17	0.6846586832260059	2.30147551810077	0.5952380952380952	0.2292792744953672	36.51454456431322	7.386565647254327	-29.12797891705889	0.9999999269357374	3.837588119504076e-07	-2.069596697488789
35	19	0.9914831853501724	2.008022458952041	0.6481481481481481	0.330548864688276	35.30064908527792	9.462045563930515	-25.8386035213474	0.9999995450720713	1.791209450430209e-06	-1.835880500592669
16	2	0.6896380335581119	2.194440344161469	0.8888888888888888	0.2391190332710041	23.20057656543354	0.9113941079880358	-22.28918245744551	0.9999999996193333	1.049998399338392e-08	-1.583687578702493
9	2	0.6872073494255757	2.196160513071108	0.8181818181818182	0.2383349548851976	13.09648391787855	0.9106802476851762	-12.18580367019338	0.9999949041586995	8.426944568173944e-05	-0.8658238562960845
29	3	0.9998672600837264	1.999961886749873	0.90625	0.3333080689408973	29.00384996861645	1.500028585482338	-27.50382138313411	0.9999999999988969	2.247224628604272e-11	-1.954197305104456
17	18	0.6999226610785221	2.296991670263608	0.4857142857142857	0.2335477707049005	24.28839776926843	7.836336645458656	-16.45206112380978	0.9997139826511077	0.0009777561053484485	-1.168949327575194
15	0	0.6863437148184686	2.196504219696406	1	0.2380783622338257	21.85493897029036	0	-21.85493897029036	1.000000000000001	4.475053660968342e-10	-1.552833776951217
11	8	0.6928204640927564	2.189352394602331	0.5789473684210527	0.2403813019065182	15.87712916997107	3.654048576064477	-12.2230805939066	0.9996725918768514	0.001624859417992619	-0.8684724505713379
7	3	0.9983470587208163	2.001652941279179	0.7	0.3327823529069394	7.01158974612407	1.498761317775107	-5.512828428348963	0.9966361574814508	0.01947422441415725	-0.3916966412816035
10	3	0.9999999999999977	1.999999999999995	0.7692307692307693	0.3333333333333334	10.00000000000002	1.500000000000004	-8.50000000000002	0.9997873705641825	0.00164772132121338	-0.6039406983486997
13	20	0.6890437543455239	2.304602696721589	0.3939393939393939	0.2301687141779577	18.86672641325633	8.678285427874828	-10.1884409853815	0.9896313856898626	0.0259567321261639	-0.723907548681859
15	10	0.6890610397514807	2.309981174457914	0.6	0.2297603669887423	21.76875361493367	4.32903960888197	-17.4397140060517	0.9999861104653448	7.69516297720596e-05	-1.239123888919581
5	9	0.6902183663440568	2.306711511430872	0.3571428571428572	0.2303084805095638	7.244084254790207	3.901658250457694	-3.342426004332513	0.9198286823865279	0.2031596850781461	-0.2374855406159326
11	33	0.6597718473383954	2.171527564111935	0.25	0.2330279322173235	16.67243008984912	15.1966756238232	-1.475754466025919	0.6806644875478467	0.4523720134532445	-0.1048550803297534
18	19	0.6913255260921484	2.304496210733114	0.4864864864864865	0.2307632385446141	26.03693820152786	8.244752111766612	-17.79218608976124	0.9998309860940288	0.000585347131341396	-1.264167681435341
15	11	0.6877695504462819	2.19665114124716	0.5769230769230769	0.2384428708429812	21.80963084257911	5.007622645876619	-16.8020081967025	0.9999536770359561	0.000223112354001076	-1.193813713409066
7	3	0.9999999999999982	1.999999999999996	0.7	0.3333333333333333	7.000000000000012	1.500000000000003	-5.50000000000001	0.9965960473505063	0.01966163694558676	-0.3907851577550407
9	1	0.9999999999999982	1.999950945578154	0.9	0.3333387839137742	9.000000000000016	0.500012263906261	-8.499987736093756	0.9999830621428062	0.0003556866923050128	-0.6039398269755099
25	5	0.6866066114248638	2.196747753422198	0.8333333333333334	0.2381277236664882	36.41095145897205	2.276092005652794	-34.13485945331926	0.9999999999993938	1.023325868487746e-11	-2.425344806620271
20	22	0.6916964953077126	2.30452522092506	0.4761904761904762	0.2308562452372185	28.9144156948528	9.54643490131515	-19.36798079353765	0.9998716498801825	0.0004233249492979763	-1.376130805418035
18	36	0.6873523616861161	2.285040957381301	0.3333333333333333	0.2312454268003037	26.18744184692249	15.75464102020152	-10.43280082672097	0.9698227495623646	0.05697610584273416	-0.7412697667085574
15	7	0.9970578567408226	2.002942143259172	0.6818181818181818	0.3323526189136082	15.0442623751363	3.494858812351741	-11.54940356278456	0.9998238623702403	0.0008485769079192851	-0.8206064533198885
11	83	0.6864466845485736	2.306823491876025	0.1170212765957447	0.2293300116892624	16.0245511379138	35.98021274375883	19.95566160584503	0.004414359236112942	0.9981814114475016	1.417886612499336
20	3	0.6863437148184685	2.196950050501149	0.8695652173913043	0.2380415492426892	29.13991862705381	1.365529452668105	-27.77438917438571	0.9999999999877263	2.796161080453885e-10	-1.973421646374945
15	3	0.6877785643165657	2.195676114843574	0.8333333333333334	0.2385258798369233	21.80934501049077	1.366321735577895	-20.44302327491288	0.9999999898945627	1.759450211080704e-07	-1.452514559177597
19	9	0.6879285305554089	2.197630210542206	0.6785714285714286	0.2384039252979246	27.61914814706126	4.095320476041096	-23.52382767102017	0.999999859889492	1.018647543871154e-06	-1.671411401349453
20	7	0.6863810596454193	2.20197422157296	0.7407407407407407	0.2376373377986544	29.1383331736046	3.178965462638166	-25.95936771096644	0.9999999950301589	4.880802273454776e-08	-1.844461019300202
10	14	0.718481314285412	2.081382370552228	0.4166666666666667	0.2566129623296556	13.91824644729392	6.726298924250786	-7.191947523043131	0.9742295941249991	0.06399386300283061	-0.5110011540651599
13	72	0.9361675582947799	2.051330120488722	0.1529411764705882	0.313361769263695	13.88640301067404	35.09917749506172	21.21277448438768	0.0005795176442442804	0.9997848496875799	1.507206804237005
14	5	0.9971485790574869	2.002752750502212	0.7368421052631579	0.3323937921664378	14.04003404711554	2.496563791384731	-11.54347025573081	0.9999415683103828	0.0003683501988753779	-0.820184880895705
8	2	0.6864186609179801	2.19703220040462	0.8	0.2380545720842037	11.65469480287908	0.9103189291589204	-10.74437587372016	0.9999807081613219	0.0002887382875748079	-0.7634077492347597
19	61	0.5684592092535048	2.286883681124101	0.2375	0.1990861451943969	33.42368228135598	26.67385337675587	-6.749828904600108	0.8417293240283812	0.231492800789887	-0.4795878096915786
16	11	0.6876322940873771	2.196632490604114	0.5925925925925926	0.238408171724403	23.26824981545571	5.007665163404187	-18.26058465205152	0.9999826936469873	8.831164314493378e-05	-1.297448264354767
2	43	0.1035068402513157	2.894360160002457	0.04444444444444445	0.03452682865602568	19.32239449242175	14.85647867678067	-4.465915815641074	0.7973017287557371	0.4631802045911508	-0.3173115666429137
19	46	0.5799195549667375	2.27084346873463	0.2923076923076923	0.2034260828224799	32.76316488601559	20.25679032189407	-12.50637456412152	0.9691267757731339	0.05638800244049225	-0.8886010103606996
14	27	0.7113769924928535	2.092919210060865	0.3414634146341464	0.2536739848825675	19.68014167978682	12.90064130053773	-6.779500379249088	0.9257230474408914	0.1339766990685607	-0.4816960227645834
15	4	0.6861798973029694	2.19665205222397	0.7894736842105263	0.2380228571476629	21.86015658423908	1.820952934239292	-20.03920364999979	0.9999999518992442	6.30782624466697e-07	-1.423822429027371
30	24	0.996214398529547	2.002064505447446	0.5555555555555556	0.3322620844939219	30.11399960117142	11.98762574067821	-18.1263738604932	0.9997754082402708	0.0006064663189511155	-1.287912339745395
9	2	0.6864956865200449	2.196338279687354	0.8181818181818182	0.2381322318826379	13.11006052437477	0.910606539300812	-12.19945398507396	0.9999949461486558	8.36652515824321e-05	-0.8667937363786328
20	8	0.999177991447956	2.000397158582178	0.7142857142857143	0.333106503912035	20.0164536961198	3.999205840539266	-16.01724785558054	0.9999922622393552	4.214182769146646e-05	-1.138055041826294
11	33	0.7230293554229854	2.078681964293766	0.25	0.2580670429300627	15.21376679590665	15.87544442432866	0.6616776284220105	0.5310529792280323	0.6056726167444648	0.04701341752834112
17	30	0.6939477355133379	2.303825346044386	0.3617021276595745	0.2314877466151454	24.49752211875797	13.02182044811222	-11.47570167064575	0.9857898775844195	0.03022187896393158	-0.8153697977660137
20	4	0.6872487958779231	2.196587971022044	0.8333333333333334	0.2383105742204313	29.10154243988319	1.821006057016169	-27.28053638286702	0.999999999922344	1.326038834292831e-09	-1.938332493458327
19	27	0.6072995687599723	2.19502555944343	0.4130434782608696	0.2167127442308301	31.28604230494608	12.30054013897046	-18.98550216597562	0.9992374409495366	0.00213080917538544	-1.348954992543534
14	34	0.6028236662376294	2.205628141907477	0.2916666666666667	0.2146462561648068	23.2240384445711	15.415109806586	-7.808928637985098	0.9257243038887392	0.1317777171002351	-0.5548388017623376
29.5	66.5	0.87504752870851	2.069531197014445	0.3072916666666667	0.2971724006100966	33.71245450351628	32.13288115488884	-1.579573348627449	0.6329214651856272	0.4525327502750226	-0.1122316036780062
18	13	0.6885448144366227	2.194526060328396	0.5806451612903226	0.2388234089086491	26.1420892621606	5.923830313527758	-20.21825894863284	0.9999900291618926	4.791063621623071e-05	-1.436544638686134
19	5	0.9998488093697453	2.00015119063025	0.7916666666666666	0.3332829364565824	19.00287305635404	2.499811025997737	-16.5030620303563	0.9999993384276818	5.46538602153035e-06	-1.172573036177091
22	52	0.5912969872347587	2.244014888615874	0.2972972972972973	0.2085474237494108	37.20634549972007	23.17275177798576	-14.03359372173431	0.9746276565623929	0.04545107939489712	-0.9971127520760151
11	3	0.9999999999999981	1.999457730171824	0.7857142857142857	0.3333935964294165	11.00000000000002	1.500406812672251	-9.49959318732777	0.9999176682094676	0.000692205091439857	-0.6749636404215612
24	69	0.6892774548631252	2.304355913250603	0.2580645161290323	0.230247785919568	34.81907007210305	29.94329113972079	-4.875778932382254	0.7792555641784944	0.2980377133275535	-0.3464330980490363
25	29	0.7170247218877177	2.083225377229986	0.462962962962963	0.25605738648617	34.86630130992174	13.92072135688007	-20.94557995304167	0.9997000668378505	0.0008118623364441468	-1.488222139312762
14	46	0.9096388063076477	2.08768614163557	0.2333333333333333	0.3034835468646293	15.39072421154499	22.03396338300254	6.64323917145755	0.1483166430859018	0.9097507582499091	0.472014412295
12.5	57.5	0.9572827408442199	2.041228074635213	0.1785714285714286	0.3192527223521652	13.05779313327675	28.16931665525706	15.11152352198031	0.006705007470096049	0.9970877296038163	1.073701655173831
30	63	0.9507602153056739	2.03741560320903	0.3225806451612903	0.3181741212865636	31.55369725936088	30.92152622212764	-0.6321710372332419	0.5852558061065642	0.5025909755679763	-0.04491691972970177
35.5	95.5	0.979199316716389	2.017994298032103	0.2709923664122137	0.3267053926372915	36.25411026535884	47.3242169678721	11.07010670251326	0.1023613134825146	0.9278437763272021	0.7865515262012314
34	82	0.9438667013097034	2.056058227639786	0.293103448275862	0.3146301069741188	36.02203568874908	39.88213898695388	3.860103298204805	0.3487940409554593	0.722732610230767	0.2742674684254028
16	59	0.9881126202042574	1.923507481750759	0.2133333333333333	0.3393686626702385	16.1924862336973	30.673132576692	14.4806463429947	0.0122748984467721	0.9940391425951892	1.028876666462205
33	65	0.693131905967647	2.299872773830508	0.336734693877551	0.2315839699971304	47.60998551052175	28.26243292220922	-19.34755258831253	0.9936193364118463	0.0116106419618317	-1.374679343708663
8	23	0.6926346045803004	2.306340156652178	0.2580645161290323	0.2309571302612932	11.5501015212019	9.972509880496634	-1.577591640705261	0.7245378644038327	0.4275590703450326	-0.1120907996701887
9	32	0.7059644493361128	2.286130820759134	0.2195121951219512	0.2359431721282191	12.74851730630852	13.99744918769524	1.248931881386721	0.4876600116335927	0.6568114362388515	0.08873891678054703
19	17	0.9986626832086821	2.000396293918655	0.5277777777777778	0.3329920121028284	19.0254430444456	8.498316084508453	-10.52712695993715	0.9950735882189934	0.0123539022683482	-0.7479718126811586
14	20	0.6901061745042154	2.301540930069513	0.4117647058823529	0.2306776669778861	20.28673342918262	8.689830251854763	-11.59690317732785	0.9946406747827592	0.01422835554406454	-0.8239813886585439
19	55	0.8276535754275155	2.172255843283497	0.2567567567567567	0.2758928553859929	22.95646459351759	25.31930120941194	2.362836615894349	0.4131560159495705	0.6854718297025805	0.1678839053984833
29	44	0.6007731216425376	2.26194175375553	0.3972602739726027	0.20986131968836	48.27113423568759	19.45231345013471	-28.81882078555288	0.9999210670124683	0.0002089997585364989	-2.047630441272092
12.5	6.5	0.9984374266550378	2.001492196772975	0.6578947368421053	0.3328202831352175	12.51956273502033	3.247576988049222	-9.271985746971104	0.9988904545995441	0.004583646184302959	-0.6587917114241065
9	30	0.5953317730972834	2.20431044694996	0.2307692307692308	0.2126456619472031	15.11762080692661	13.60969823534164	-1.50792257158497	0.6917717229549472	0.4528313274995652	-0.1071406836398579
2	51	0.1692843237328825	1.857750329777866	0.03773584905660377	0.08351328549795059	11.81444303818613	27.45255871175011	15.63811567356398	0.1698330269638014	0.9426780336209867	1.11111700008823
14	45	0.4830411489718395	2.503097814301721	0.2372881355932203	0.1617611085461022	28.98303804924118	17.97772334060923	-11.00531470863194	0.9543252171617641	0.08544814389790445	-0.7819479353739266
12	35	0.6880326873568018	2.307672518652539	0.2553191489361702	0.2296730285665686	17.44103182960697	15.16679672574888	-2.274235103858089	0.7295011995065613	0.3921304362529595	-0.1615886043333152
16	38	0.7049348017469771	2.281956052990024	0.2962962962962963	0.2360095617919883	22.69713448725843	16.65238029023784	-6.044754197020598	0.8837375341526506	0.1867955077680368	-0.42949094954057
14	15	0.6853193576752937	2.195858971637396	0.4827586206896552	0.2378607914348634	20.42843215094654	6.831039786136576	-13.59739236480996	0.9989653338491519	0.003481843594718037	-0.9661198400617161
15	31	0.9697905037599979	1.829649007277228	0.3260869565217391	0.3464230964578616	15.46725807464926	16.94314039288459	1.475882318235334	0.4526754331554306	0.6668192252550295	0.104864164465358
8	30	0.721894488427239	1.616993236824544	0.2105263157894737	0.3086486284199583	11.08195190328889	18.55295329429707	7.47100139100818	0.1266908152683641	0.9358292677397037	0.5308284467587737
28	65	0.9809474579185962	2.017415436837839	0.3010752688172043	0.3271610183123885	28.54383257122786	32.21944216996926	3.675609598741392	0.3391410352666571	0.738541740270228	0.2611588503436535
24	49	0.9962259159745833	2.001399606843596	0.3287671232876712	0.3323383485999926	24.09092116071021	24.48286680603371	0.3919456453234993	0.5292205714700112	0.5695674677990628	0.02784846197075357
16	30	0.6819749920164032	2.187242487761937	0.3478260869565217	0.2376867549507223	23.46127084908586	13.71590034843235	-9.745370500653502	0.9689018276299757	0.06104657722757434	-0.6924265724507623
13	33	0.7280432963471973	1.624880128954803	0.2826086956521739	0.3094207352939045	17.85608090236493	20.30919045162249	2.453109549257562	0.4152683515967144	0.7046243357358632	0.1742979640358203
19	26	0.9723212554007397	2.027678744599254	0.4222222222222222	0.3241070851335806	19.54086665746004	12.82254403921297	-6.718322618247072	0.9387599203295526	0.1076921880199903	-0.477349229858352
16	52	0.6865360197745231	2.051475854157231	0.2352941176470588	0.2507425282961484	23.30540501757626	25.34760518610256	2.042200168526303	0.4479507184569798	0.6606053780754003	0.1451020936408947
48	50	1.022555970884678	1.955560399370682	0.4897959183673469	0.3433566200091094	46.94119575525257	25.56811848720729	-21.37307726804528	0.998993087523362	0.00196112193650233	-1.518596613073406
13	30	0.6899994070802672	2.191409850756337	0.3023255813953488	0.2394659506294246	18.8405958999436	13.6898170780997	-5.150778821843909	0.8724011126168674	0.2121141536523709	-0.3659723480828348
17	21	1.604047423587123	1.353093399751492	0.4473684210526316	0.5424318689619088	10.59819039638055	15.51999293164599	4.921802535265444	0.1554414728649278	0.9095037995386518	0.3497031600332478
8	50	0.687747023714009	2.046086648574224	0.1379310344827586	0.2515687149095509	11.63218410862466	24.4368927556619	12.80470864703724	0.02726118243423047	0.9884217003538612	0.9097981979345046
17.5	54.5	0.8669647761233596	2.132218111774917	0.2430555555555556	0.2890669920869343	20.18536448303171	25.56023687212408	5.374872389092367	0.2369248684176402	0.837117589578829	0.3818946099063036
14	51	0.6884231600524677	2.289980339793761	0.2153846153846154	0.2311383128874278	20.33632918295921	22.2709335594528	1.934604376493592	0.4491294640311704	0.6650908190798003	0.1374572139021162