dN,dS,dN/dS,dS=dN,LRT,p-value,Full Log(L)
0.06283095344034387,0.7925901326833922,0.07927294429924767,0.2689810591738877,665.7228105639433,0,-2404.930999643355
0.1081820430881227,0.9302827821793858,0.1162894177560539,0.3287554361228416,630.7925320963104,0,-2787.325459114544
0.02559098599771915,1.515192064809394,0.01688959874597707,0.2444792241728215,1115.995941118596,0,-1410.620627845595
0.04577715060684631,0.672092476831718,0.06811138672856805,0.2134471423788298,576.4790581869106,0,-1937.093469556414
0.007090214164487057,0.5785742031929987,0.01225463237966372,0.09849663785051181,488.7772006130115,0,-724.7221499569112
0.2940444966001979,1.20052624985292,0.2449296686650727,0.4597177295381089,320.6874730101108,0,-3667.251268732628
0.02565543866384101,0.8518010998475491,0.03011904852956011,0.2461820006853384,891.0298814097773,0,-1953.742235916479
0.05063238158853257,1.569167378075464,0.03226703683493066,0.2845281632085352,1057.086541138015,0,-1700.795257200375
0.02421990327329632,0.9687121032673047,0.0250021685406909,0.2704991742661909,1023.852281058951,0,-2067.381894769535
0.03221777435936004,0.4554093189026018,0.07074465326488068,0.1541693095534207,407.8959285024735,0,-1489.9101313795
0.1836496953276533,1.201857586435007,0.1528048725576561,0.3583651481045363,465.1669351682222,0,-2588.621740551368
0.05776732293422713,1.218946623293733,0.04739118336300338,0.2291313827281714,728.8634498589226,0,-1549.800216507216
0.2759106662578463,1.302835747821854,0.2117770154212667,0.4504006575516347,390.5486976246566,0,-3536.777859572995
0.07247651789391504,0.3716727230148273,0.1950009064588356,0.1686813142166893,210.2349040422955,0,-1795.539272515147
0.1600035992404569,1.076626443423873,0.1486157062347601,0.3893157359153476,589.4081662587423,0,-3177.349364482975
0.2567015670517395,0.87933174103842,0.2919280120021547,0.3659396784768996,205.5987834145335,0,-3174.654533032827
0.277769805924129,1.110513102482537,0.2501274458654997,0.4276692862957181,292.8432854213916,0,-3414.785274945193
0.1084697007491996,1.394544327892803,0.07778146494138377,0.3177094787507933,751.1184945606001,0,-2202.435233788435
0.09462611952972691,1.555432785052934,0.06083587824497774,0.3188299549521187,864.9006535912463,0,-2033.590123663228
0.09435930768260734,1.266972869774607,0.07447618645487944,0.2732631516422459,654.7900634080388,0,-1861.618083866498
0.349556360126619,0.9347878857684373,0.3739419021666804,0.4683162690913975,155.5170705715091,0,-3686.831641374607
0.4367516406756125,1.065898321512484,0.4097498155882939,0.5526779207697164,132.7201407819193,0,-4076.418109473057
0.1802938759122747,0.6437120825229489,0.2800846540049947,0.3170275535183627,232.2621624035646,0,-2922.97635273379
0.2242956320658268,0.6674120299153056,0.3360677093193688,0.3371529191247453,169.4554406032257,0,-2978.736635798279
0.302554952843882,0.9903432084115597,0.3055051524300941,0.4583735271388648,244.7001654175783,0,-3641.213578816541
0.4052610154833047,1.077141277382002,0.376237568825042,0.529755783742768,161.222142308302,0,-3878.764628312073
0.1300700144652083,0.5566403560960042,0.2336697529037493,0.2490149218941881,231.0881603092721,0,-2348.565009078046
0.1650866261487449,1.654858585564703,0.09975875134515544,0.3938531795217901,720.8114573662315,0,-2532.637263750195
0.08108732236941907,1.364092908157541,0.05944413454868149,0.2698399619500222,745.4647177112538,0,-1812.796468235733
0.1576921848346813,1.364875022487377,0.1155359884506493,0.3722492288660934,632.5124153125671,0,-2496.351845996494
0.1457111608544927,0.7780024671191124,0.187288815926318,0.2504859030152465,249.3796310846833,0,-2014.743232268719
0.3853021101447459,1.025088480566607,0.3758720514855207,0.5125168766902454,161.1846559045034,0,-3705.038686378412
0.4222599940234094,1.314387318019904,0.3212599423581893,0.5660393331726737,207.5790722135698,0,-4031.355457883063
0.1531198141754026,1.498275513523143,0.1021973681031112,0.3687937606789837,674.8189309820327,0,-2460.977129600636
0.3076911133730079,0.6536549754223625,0.4707240439410588,0.399737597907373,89.31876540460689,0,-3339.966232341483
0.2392756124278739,1.281028391328331,0.1867840042013143,0.428919499381288,426.6340974126042,0,-2913.2656211268
0.4643300455217731,1.078779840281282,0.4304215078775508,0.5813816725563031,125.8293174771097,0,-4126.173266265434
0.2502478305226053,0.9073871070056719,0.2757894933601266,0.4311795848322661,304.4049343471625,0,-3547.185981914034
0.4491047674286955,0.9313485320726367,0.4822091322023681,0.5235685331847538,67.36334238847576,2.220446049250313e-16,-3992.522972061075
0.4117214684414081,1.064817263813501,0.3866592723777625,0.546218877828888,161.5518727879789,0,-3913.33969519717
0.1768149045806004,1.474789046639369,0.1198916583924406,0.3706184605034628,571.7632159478189,0,-2515.348714536799
0.3046254455910783,0.5636636101783441,0.5404383751058444,0.356897334933734,44.72162511620081,2.271349774929377e-11,-3156.549826105011
0.4842212980066716,0.9273995403349677,0.5221280332226341,0.5605372184014434,65.02337141347107,7.771561172376096e-16,-4047.993606947298
0.3237245230167647,0.9385537840320511,0.344918457018026,0.4708556056910838,201.3393995228371,0,-3736.395099887394
0.5192986500529972,0.5982862215707739,0.8679769503793714,0.5375708438560982,3.159727082467725,0.07547580017055144,-4192.476584791829
0.6039293604021124,1.215985596388523,0.4966583174963442,0.7089545906369582,90.41641121106477,0,-4735.810733925211
0.4412026044697673,1.205472760173113,0.3659996468160824,0.5690145596552109,174.8867135502496,0,-4184.571765034209
0.5086242164168281,1.03610731434879,0.4908991659194169,0.5953334486514547,82.19256918275642,0,-4284.505388495809
0.5927269704004088,1.383906320383885,0.4282999229572063,0.7377955153908964,144.7407020005576,0,-4662.294225757541
0.2174901255615374,1.377784996877801,0.1578549091871314,0.3881169517518512,435.1696361668437,0,-2665.138068393329
0.2393584469477847,0.3506363824529209,0.6826400765183652,0.273578484887457,16.8869141942705,3.967415679473341e-05,-2653.292198879582
0.563429831883635,1.236542557836965,0.4556493654931056,0.6698434023733491,101.7596170098113,0,-4475.446698077068
0.3418401040324457,1.047324864356009,0.3263935724877879,0.4697317366872721,177.9100477952861,0,-3346.166651506797
0.5415090494777784,1.281978225230016,0.4224011288340092,0.7074744247879375,171.1675942202783,0,-4794.464499298012
0.199801553286267,1.35319749366918,0.1476514361141088,0.3774844964013623,463.1886115300304,0,-2607.163406460016
0.5771577686350138,0.7890001800814638,0.7315052432249415,0.6249750211453777,17.44946718944811,2.950469728713045e-05,-4375.892822008249
0.5629542329076989,0.8187775796267895,0.687554528745525,0.602868739879704,18.18602031238879,2.003440257858369e-05,-4326.549166474848
0.5680174257205406,1.067629429471446,0.5320361260571006,0.6852648306359717,86.14511321464488,0,-4700.598332962349
0.5879747618405019,1.391884867721383,0.4224306014642284,0.7241343289183022,138.9761852255251,0,-4612.728364150611
0.6337861619658888,0.9820310299886077,0.6453830302829038,0.7010707242153853,36.56006988739136,1.480332412207019e-09,-4766.041693333323
0.6898002330898686,1.215207133581457,0.5676400459046764,0.7858613200673239,61.60595893029858,4.218847493575595e-15,-4927.881141215397
0.522314697171985,1.378179971048215,0.3789887446809457,0.6726040253872866,171.4943285654717,0,-4307.995583966172
0.6436062879887874,1.140843373591233,0.5641495606559863,0.7361282536185956,62.6230377435113,2.55351295663786e-15,-4798.591636384355
0.5567309190313995,1.008248914304524,0.552176065982104,0.6294179368080524,52.77094638337439,3.748112931134528e-13,-4442.480016822343
0.4050629287898815,1.35403048517542,0.2991534778756506,0.5793445147457407,262.6964841082818,0,-3735.454267765141
0.4957089839569259,1.10505182295601,0.448584377365132,0.6393575696747971,136.6584406779366,0,-4447.033325472114
0.6889322179193356,1.21064416681864,0.5690625179566416,0.7906508248687235,63.61439818884901,1.554312234475219e-15,-4988.332459562233
0.8107944472614952,1.243142998117196,0.6522133402910887,0.8894927637072324,33.9293983592961,5.714861806005445e-09,-5263.05379607103
0.6907306403239364,0.6546767421033103,1.055071298401092,0.6824991140700447,0.4681545176335931,0.4938374040882623,-4640.960098103704
0.6123138346259541,1.241767437492189,0.4930986400018285,0.7226844613867238,91.74673154098673,0,-4520.338649443709
0.507020168161219,1.388443473812575,0.3651716312000621,0.6679494252511448,190.3637348881512,0,-4129.88047193064
0.353013292557154,1.140044497248238,0.3096486965282789,0.479326428323484,191.8701171160001,0,-3424.182600177438
0.740471515007155,1.022556958161343,0.7241371828700819,0.7961226807006219,19.38912065250952,1.066126771576137e-05,-4958.021248178457
0.8412121631778754,1.046268817638097,0.8040115016300237,0.8869498095998629,9.793349829216822,0.001751441111992325,-5118.616165543988
0.5889752927115527,0.7325056617613086,0.8040556182123734,0.6153592107085372,6.981841274171529,0.008234085009002245,-4366.7070129713
0.7426991476590131,1.084756130945902,0.6846692325319083,0.8032439232413014,25.27403280158978,4.973596987589701e-07,-4934.542384293354
0.3687422653139224,0.9772230769409324,0.3773368374273572,0.4713374702666344,129.9643359889096,0,-3393.142332719711
0.7448470263706723,1.080665757903639,0.6892482906237225,0.8050853036765875,25.43293434291445,4.58031494732225e-07,-5071.87392983666
0.8257745296771316,1.115278609616628,0.7404199475868976,0.8885193527760132,19.61163006189963,9.488983421235275e-06,-5414.747143887278
0.7838911043226364,0.9296104423767677,0.8432468791103879,0.814259540755251,5.631900118885824,0.01763650411316542,-5010.50423879206
0.7784972374752878,0.7948945697416109,0.9793716891641954,0.7821206254188972,0.0777066447881225,0.7804296918421301,-4836.323223085289
0.7299931938732345,1.156027733317421,0.6314668522513668,0.8209251978256031,44.16453436767006,3.019018368632942e-11,-5129.989957920748
0.7988590909742572,0.9995625305700939,0.799208720357528,0.8450459335310103,10.42681065601573,0.00124199033543293,-5108.875168457609
0.9083332600372375,1.242247862442952,0.7312013065178051,0.9768856710100972,21.38413641588522,3.758683045251843e-06,-5592.952884115578
0.8048300737930266,1.070389189158427,0.7519041503266758,0.8523411426125185,14.73583298778976,0.0001236733195102424,-5236.21748090714
0.8396457750630228,1.064681036672262,0.7886359821786594,0.8928305037203582,12.25357418832027,0.000464367838133195,-5374.864182159433
0.8163207445561158,1.081856740411141,0.7545553066905023,0.8697977583482887,15.47597094160483,8.356080439975155e-05,-5306.714245734418
0.6706244929561234,0.5234644782348297,1.281127031231481,0.6288310277802213,11.02075927439546,0.00090097159156588,-4522.416144883791
0.6948455347025765,0.818838794092971,0.8485742733675167,0.7218109027445438,4.916592835483243,0.02659992557393887,-4543.636341991346
0.8101523149399176,1.368202746805066,0.5921288470087711,0.9002477994582851,44.58084239127129,2.440680990645205e-11,-4670.252796889132
0.8922203400189919,0.8643127378616969,1.032288778048485,0.8849982168720929,0.2079633454268333,0.6483684176881768,-5155.737577161179
0.8759034855724775,0.7066668167814344,1.239485801189652,0.8372321467462303,8.024582813812231,0.004614665411998176,-5201.677907634989
0.8604102262541891,1.120882297486801,0.7676187126724792,0.9104044358541679,13.51985164507278,0.0002360530764523583,-5432.629821535094
0.8966316170733785,1.339509259972832,0.6693732129119915,0.9760084630979627,31.79947779251961,1.709386965309534e-08,-5445.086021473906
0.7526862629029166,1.010270549947983,0.7450343503942295,0.8006390435834715,14.90207305637705,0.0001132384782768225,-4942.902189281572
0.9379603223581379,1.25568120864385,0.7469732890015495,1.00082129212238,17.48552254692004,2.895038710704068e-05,-5379.152411599813
0.8429820748429756,0.7334791710533725,1.149292451798382,0.806880900105458,4.108759964276032,0.04266163155877478,-5095.299558086721
0.9251036245686816,0.9110331309868677,1.015444546529907,0.9224123728939858,0.03886694142602209,0.8437125008199876,-5348.824435593952
0.7607419340085624,1.105075247607347,0.6884073601826503,0.8361787293671057,27.88725592031733,1.285939618123066e-07,-4992.261509303884
0.8384715019152804,0.9995356849216361,0.8388609977251755,0.8737211372552407,6.32540530181177,0.01190202821377195,-5187.476343836654