ObservedSChanges	ObservedNSChanges	E[SSites]	E[NSSites]	ObservedS.Prop.	P{S}	dS	dN	dN-dS	P{Sleq.observed}	P{Sgeq.observed}	ScaleddN-dS
11	2	0.9990657677925673	2.000741518668382	0.8461538461538461	0.3330433165829211	11.01028616394741	0.9996293780773464	-10.01065678587007	0.999983234400506	0.0002107638489377006	-0.6645511732970484
18	1	0.9989442293151449	2.001055770684851	0.9473684210526315	0.3329814097717155	18.01902395726378	0.4997361965867425	-17.51928776067704	0.9999999991567058	3.293932426817747e-08	-1.163006932084592
19	11	0.6575663157407049	2.335798129282348	0.6333333333333333	0.2196746596740047	28.89442409865195	4.709311075345218	-24.18511302330673	0.9999998017302189	1.310671966514576e-06	-1.605513562171667
34	2	0.9942858341379346	2.002838973524238	0.9444444444444444	0.3317465564316959	34.19539817690219	0.9985825253244187	-33.19681565157777	1.000000000000002	1.27675647831893e-14	-2.203749790135715
17	1	0.9998780547791597	2.000121945220838	0.9444444444444444	0.3332926849263869	17.00207332158594	0.4999695155535069	-16.50210380603244	0.999999997424486	9.531101397008968e-08	-1.095481813106172
44	8	0.9974086654329493	2.002591334567049	0.8461538461538461	0.3324695551443166	44.1143149492297	3.994824037191573	-40.11949091203813	0.999999999999995	3.186340080674199e-14	-2.663307246264558
12	2	0.999265881515632	2.000367059242181	0.8571428571428571	0.3331293865786066	12.00881589372295	0.9998165040558505	-11.0089993896671	0.9999939832200478	8.160948623314734e-05	-0.7308255210143934
10	0	0.9999999999999988	1.999999999999998	1	0.3333333333333333	10.00000000000001	0	-10.00000000000001	1.000000000000001	1.693508780764574e-05	-0.6638437292496693
13	38	0.7064115341263792	2.128007746709444	0.2549019607843137	0.2492261956100123	18.40287052514952	17.85707785075488	-0.5457926743946437	0.6104932367207581	0.5162452237134645	-0.03623210443672904
19	0	0.6366672232154885	2.195349422168897	1	0.2248105512561614	29.84290584968467	0	-29.84290584968467	1	4.836131495267182e-13	-1.981102591090142
9	0	0.9999999999999982	1.999999999999996	1	0.3333333333333333	9.000000000000016	0	-9.000000000000016	1.000000000000001	5.080526342449154e-05	-0.5974593563247027
14	2	0.9999999999999994	1.999552882871632	0.875	0.3333830204195788	14.00000000000001	1.000223608553791	-12.99977639144622	0.9999992317272794	1.19405747081025e-05	-0.8629820039109455
37.5	8.5	0.9921090191292611	2.007736282305212	0.8152173913043478	0.3307200603493961	37.79826538913276	4.233623745764358	-33.5646416433684	0.9999999999964772	3.104083656779721e-11	-2.22816768794624
30	30	0.702569131303398	2.134509931034787	0.5	0.2476381926150392	42.70042429041018	14.05474838219953	-28.64567590821065	0.9999931981433797	2.194394237875485e-05	-1.901625232178394
16	6	0.9985149808152954	2.001485019184702	0.7272727272727273	0.3328383269384322	16.02379564394304	2.997774123957261	-13.02602151998578	0.9999696646626707	0.0001795922044516285	-0.8647242703113794
12	25	0.6884806730380015	2.311462883171573	0.3243243243243243	0.2294978755893315	17.42968317040564	10.81566145059502	-6.614021719810616	0.9367467334032276	0.1216574934306136	-0.4390676843817385
5	3	0.637424423448738	2.196032687228883	0.625	0.2249634981403682	7.844067180463322	1.366099884326231	-6.47796729613709	0.9976325495819006	0.01738900156191825	-0.4300357967825038
25.5	35.5	0.6660147077615564	2.192682575806814	0.4180327868852459	0.2329783959951867	38.28744275889084	16.1902139378006	-22.09722882109024	0.9995529706409243	0.001125796681290647	-1.46691067866758
16	5	0.6367431537547127	2.361888199094717	0.7619047619047619	0.2123445928588894	25.12787127062468	2.116950328942936	-23.01092094168175	0.9999999911192338	1.142912171570032e-07	-1.52756555713953
8	15	0.6452270718074996	2.354058971467269	0.3478260869565217	0.2151268876985834	12.39873580875844	6.37197291223788	-6.026762896520562	0.9578677952111413	0.101564653017997	-0.4000828756529743
16	11	0.9757436148955592	2.023635573322468	0.5925925925925926	0.3253151914664254	16.39775014229798	5.435761332234271	-10.96198881006371	0.9988665031307077	0.003838621225761729	-0.7277047531665828
22	2	0.638299894201704	2.195424759978082	0.9166666666666666	0.225251205426823	34.46655749099648	0.9109854441196913	-33.55557204687679	0.9999999999999761	9.742207041085749e-13	-2.227565608470462
8.5	14.5	0.6396632353226245	2.355328160321954	0.3695652173913043	0.2135776537631612	13.28824220406053	6.156254675789199	-7.131987528271329	0.972677289547618	0.06928751035461778	-0.4734525197729765
4	3	0.9983801450539521	2.001619854946044	0.5714285714285714	0.3327933816846512	4.006489932533506	1.498786091967932	-2.507703840565573	0.9550428382903542	0.1724682065610985	-0.1664723469374766
7	8	0.997832780303008	2.001083609848492	0.4666666666666667	0.3327311103370238	7.015203487175814	3.997833953877471	-3.017369533298343	0.9125954555414275	0.2015896433848514	-0.2003061843509104
6	1	0.6367898791172747	2.195283475023275	0.8571428571428571	0.2248493592816989	9.422260304006821	0.4555220368473815	-8.966738267159439	0.9999709436150513	0.0007302437415426244	-0.5952512970476832
4	1	0.9999999999999988	1.999999999999998	0.8	0.3333333333333333	4.000000000000005	0.5000000000000007	-3.500000000000004	0.9958847736625519	0.04526748971193373	-0.2323453052373843
13	22	0.677733806907047	2.171014671108607	0.3714285714285714	0.2379058074579944	19.18157227441214	10.13351051596806	-9.048061758444081	0.9756856609092344	0.05359909805057672	-0.6006499060206832
17	53	0.7014477931470106	2.150276029912711	0.2428571428571429	0.2459732557111372	24.23558840171176	24.64799833263802	0.412409930926259	0.5404824231599961	0.5699264884547308	0.02737757465256859
16	0	0.9999999999999993	1.999999999999999	1	0.3333333333333333	16.00000000000001	0	-16.00000000000001	1.000000000000001	2.323057235464887e-08	-1.06214996679947
10	3	0.637280248886589	2.197368997756192	0.7692307692307693	0.2248180263012619	15.69168355283456	1.365269102760347	-14.32641445007421	0.999996352530879	4.759033078582942e-05	-0.9510500395313601
9	14	0.6377395693286144	2.361220507588683	0.391304347826087	0.2126535708952025	14.11234371026221	5.929137052217553	-8.183206658044654	0.9861785140175258	0.03938963165209675	-0.5432370425097079
19	10	0.6826384740760107	2.171063025671828	0.6551724137931034	0.2392115903279761	27.8331806974659	4.606038554272526	-23.22714214319338	0.9999996292917657	2.418011557647759e-06	-1.541919266014963
14	8	0.6369849805926127	2.3610024009327	0.6363636363636364	0.2124708677954902	21.97854019568128	3.388391302287387	-18.59014889339389	0.9999970600753812	2.101841763080259e-05	-1.23409537686972
11	15	0.6634359434758824	2.170627890819747	0.4230769230769231	0.2340935075094281	16.58034978082232	6.910442855470352	-9.669906925351972	0.990927192472609	0.02543656447575171	-0.6419307074822849
10	3	0.9973209383471323	2.002679061652863	0.7692307692307693	0.332440312782378	10.02686258304481	1.497993391674062	-8.528869191370747	0.9997930685715926	0.001609658450013041	-0.5661836330282162
17	4	0.9972440132301031	2.001362316800863	0.8095238095238095	0.3325691682975286	17.04698125480492	1.998638610521017	-15.04834264428391	0.9999989396479368	9.90504882414367e-06	-0.9989747900008246
14	98	0.6425045045225791	2.346640403197027	0.125	0.2149459207759655	21.78973050220538	41.76183102723635	19.97210052503096	0.01045447193417217	0.9949586654350316	1.325835369348582
22	41	0.6674738734255001	2.329276824726526	0.3492063492063492	0.2227325328854028	32.96009158694887	17.60202976510261	-15.35806182184626	0.9927789047995569	0.01492430887320895	-1.019535303386138
13	11	0.6374992079888671	2.360273323035984	0.5416666666666666	0.2126576320888912	20.39218219738875	4.660477196704856	-15.73170500068389	0.9999158692972324	0.0004114127151438884	-1.044339371510965
9	6	0.6368297269760891	2.196895266599559	0.6	0.2247323676150116	14.13250609819275	2.73112700965806	-11.40137908853469	0.9996834662171372	0.001905463331464352	-0.7568734012722051
23.5	37.5	0.8638316091599996	2.006615038119568	0.3852459016393442	0.3009397892758905	27.20437612007702	18.68818846047415	-8.516187659602874	0.9381133318215393	0.1013115967352352	-0.5653417774940778
10	23	0.6651172604113194	2.328085809059439	0.303030303030303	0.2222092003029122	15.03494285175495	9.879360936997482	-5.155581914757466	0.9039611206749248	0.1799642036646634	-0.3422500724744743
19.5	50.5	0.7090452514988989	2.125323746821626	0.2785714285714286	0.2501598246096525	27.50177080909523	23.76108584657826	-3.740684962516969	0.7555905997735024	0.3352991455443902	-0.2483230255465421
10	2	0.6366672232154887	2.19568913982275	0.8333333333333334	0.2247835870951431	15.70679255246561	0.910875753642181	-14.79591679882343	0.9999992946834345	1.376810303255205e-05	-0.9822176585398764
20	12	0.6363210039270285	2.194685488449407	0.625	0.2247684721460602	31.43067708997634	5.467753836782444	-25.9629232531939	0.9999997774911676	1.374887357297183e-06	-1.723532379462317
12	9	0.6331110590326775	2.192989392905481	0.5714285714285714	0.2240228434196264	18.95402051313817	4.103987018412316	-14.85003349472585	0.9998860758443444	0.0005929864681873953	-0.9858101614621297
7	24	0.6374488318166303	2.351521863300109	0.2258064516129032	0.2132670062165777	10.98127355579441	10.2061564362062	-0.7751171195882094	0.6644706351222859	0.5023339569325871	-0.05145566392726982
22	7	0.6360447857117211	2.193639708688383	0.7586206896551724	0.2247758670517658	34.58875930471225	3.191043621372731	-31.39771568333952	0.999999999863324	1.574897212641702e-09	-2.084317666914891
28	54	0.7242976881003468	2.136950720756906	0.3414634146341464	0.2531404424230408	38.65813802807663	25.26965150645741	-13.38848652161922	0.9724154564096551	0.04657754709881501	-0.8887862821520626
7	24	0.6523758267204693	2.346508630727382	0.2258064516129032	0.2175395004299907	10.73001131140833	10.22796152791493	-0.5020497834934066	0.6425751366154445	0.5255956640773981	-0.03332826005432517
17	56	0.9570111403002738	2.02752548922025	0.2328767123287671	0.3206565236406634	17.76363856607358	27.61987471809126	9.856236152017672	0.06636944835640012	0.9616248615631307	0.6543000563520814
33	13	0.9909329805076533	2.008915213865367	0.7173913043478261	0.330327708704194	33.30194942456568	6.471154138449982	-26.83079528611569	0.999999983282704	9.067767670067894e-08	-1.781145520146947
24	25	0.6403979649114026	2.354258946363842	0.4897959183673469	0.213846855878624	37.4766962342242	10.61905277608165	-26.85764345814255	0.9999953483007916	1.756095704930072e-05	-1.782927819211132
16	24	0.6450315489091978	2.3332447953349	0.4	0.2165788108131082	24.8049882630661	10.28610459047662	-14.51888367258948	0.9975195089234501	0.006688365494557202	-0.9638269881753925
25	17	0.9852892156573241	2.014458588493958	0.5952380952380952	0.3284573504125263	25.37326056423093	8.438992043370558	-16.93426852086037	0.9998939331630431	0.0003449523698436652	-1.124170796700321
11	21	0.6787402613393098	2.163188850398514	0.34375	0.2388308204226333	16.20649403984741	9.707890273256204	-6.498603766591209	0.9402838423091567	0.1200792233304712	-0.431405735932985
14	46	0.337315535646352	2.658719622564034	0.2333333333333333	0.1125873088378041	41.50416604196335	17.30156110091752	-24.20260494104583	0.9977791478965512	0.005969098828389252	-1.606674752162032
8	12	0.4754651559156221	2.065797977152717	0.4	0.1870979631068516	16.82562833567495	5.808893286138058	-11.01673504953689	0.9936356754636982	0.02211423706852744	-0.7313390479440103
16	12	0.6372042045125228	2.196609740837514	0.5714285714285714	0.2248574595230932	25.10968993407757	5.462964029024424	-19.64672590505315	0.9999848743644351	7.625922871001833e-05	-1.304235579235655
24	53	0.6587882432206752	2.18224913641558	0.3116883116883117	0.2318829903269423	36.43052262540254	24.28686950338509	-12.14365312201745	0.9599874190074761	0.06707650707071544	-0.8061487975234444
12	13	0.9959833282621929	2.004016671737804	0.48	0.3319944427540646	12.04839444545501	6.486971981489013	-5.561422463965998	0.9597832813185966	0.08939112764457724	-0.3691915428412069
18.5	38.5	0.6601373154881275	2.169336136454867	0.3245614035087719	0.2333074781227625	28.02447243316413	17.74736489796218	-10.27710753520195	0.957185815368463	0.07627095449535071	-0.6822393392068331
16	13	0.6323546742029139	2.194633573609709	0.5517241379310345	0.2236849320799962	25.30225623803299	5.923540109986445	-19.37871612804655	0.9999731402124757	0.0001260161975397134	-1.286443918251312
33.5	85.5	0.6577324566231629	2.33729770408397	0.2815126050420168	0.2196079576266674	50.93256332824286	36.58070593686268	-14.35185739138019	0.9551417650867998	0.06824322769454638	-0.9527390532353242
24	118	0.9628307545341785	2.037169245465822	0.1690140845070423	0.3209435848447261	24.92649916610869	57.92351335689734	32.99701419078865	3.292921498568993e-05	0.9999864094270829	2.190486095451737
13	16	0.638862997933799	2.194023970606166	0.4482758620689655	0.2255165860934653	20.3486507154811	7.292536551266354	-13.05611416421475	0.9979536029545836	0.006484048659336161	-0.8667219516281738
21	38	0.6429052273513436	2.353740846260608	0.3559322033898305	0.2145415946890351	32.66422344474675	16.14451313124411	-16.51971031350265	0.9960002421906143	0.008915420652242378	-1.096650610063981
7	37	0.8154523389377624	2.029402345325657	0.1590909090909091	0.2866411221102131	8.584192681473516	18.23196868044549	9.647775998971978	0.03879628672490172	0.983965167882548	0.6404615598123004
23	35	0.6923970763852954	2.158295947051444	0.396551724137931	0.2428872806341509	33.21793344373003	16.21649711561347	-17.00143632811656	0.9969505843736566	0.006845826951458744	-1.128629689465769
41	28	0.9670710910068343	2.016396265977969	0.5942028985507246	0.3241433457425826	42.39605586525619	13.88615941838187	-28.50989644687432	0.9999988599240134	3.657100314802264e-06	-1.892611597781492
35	69	0.9768702787641634	2.022568459311378	0.3365384615384616	0.325684357664504	35.82870802894979	34.11503807564188	-1.713669953307914	0.6373364076056433	0.4429627140844348	-0.1137609052507031
9	45	0.6439331842947671	2.277361978339805	0.1666666666666667	0.2204272928429579	13.97660536761553	19.75970461788642	5.783099250270897	0.2186288021889517	0.8702257337025018	0.3839074172920794
26	44	0.7911374348416028	2.208790273178225	0.3714285714285714	0.2637188331994212	32.86407500765727	19.9204064479551	-12.94366855970218	0.9828849285750273	0.03116838993287274	-0.8592573206844377
11	26	0.7989934438225433	2.201006556177454	0.2972972972972973	0.266331147940848	13.76732197873091	11.81277717098439	-1.954544807746521	0.735535650176081	0.3946628008854177	-0.1297512314160026
14	52	0.6381188736851294	2.359328293719671	0.2121212121212121	0.2128874465659439	21.93948585026197	22.04017140743809	0.1006855571761243	0.5649000772289745	0.5544530516923151	0.006683947575737905
59	42	0.9955446491523108	2.004455350847687	0.5841584158415841	0.3318482163841038	59.26404210020866	20.95332279775558	-38.31071930245308	0.9999999399771535	1.761165159264166e-07	-2.543233077197771
13	59	0.6960078122626819	2.297663535298857	0.1805555555555556	0.2324930600112826	18.67795126858955	25.67825928104216	7.000308012452603	0.1842120070573181	0.8840027349548261	0.4647110576882871
12	37	0.7654721764988183	2.234455835885014	0.2448979591836735	0.2551635150373329	15.6765985341056	16.55884148873553	0.8822429546299251	0.51040335092374	0.6193470761512854	0.05856714531057755
40	48	0.6618095382346694	2.18473680778417	0.4545454545454545	0.2324956132051993	60.44034981226955	21.97060983683574	-38.46973997543381	0.9999986566506303	3.873937828080543e-06	-2.553789564855703
4	66	0.8248684936711909	2.014567253066243	0.05714285714285714	0.2905043703203992	4.849257827993222	32.76137835534934	27.91212052735612	1.104252814102552e-06	0.9999998455033319	1.852928618214631
23	40	0.6479188739273003	2.341054167445437	0.3650793650793651	0.2167697282507883	35.49827135083692	17.08631972563372	-18.41195162520319	0.9977458964171455	0.005115938454743119	-1.222265862963938
15	40	0.6458297157980255	2.327851743575623	0.2727272727272727	0.2171818752685292	23.22593654809629	17.18322488122	-6.042711666876293	0.875883990371338	0.1989889017757707	-0.4011416247719639
13	61	0.6628505480868295	2.307238674449146	0.1756756756756757	0.2231752982561455	19.61226408806873	26.43853047173967	6.826266383670944	0.2020946247684555	0.8706615261117603	0.4531574132987768
16	21	0.6418696379145319	2.208437201179281	0.4324324324324325	0.2251931718756985	24.92717999870634	9.508986711864042	-15.4181932868423	0.9986202280376599	0.004032660988617542	-1.023527092982959
34	39	0.9828787076348113	2.010926265286646	0.4657534246575342	0.3283041869877331	34.59226427014299	19.39404774467988	-15.19821652546311	0.9948195230756416	0.01000773364160679	-1.008924073620737
28	54	0.8285070175156962	2.17126343570897	0.3414634146341464	0.2761901386904705	33.79573064324652	24.87031242359023	-8.925418219656294	0.9234501324534292	0.1166475457364393	-0.5925082916049571
8	40	0.6465783896257551	2.349444806424361	0.1666666666666667	0.2158122108260671	12.37282304567968	17.02529886661876	4.652475820939076	0.2637177621491165	0.8424895275145954	0.3088516899216109
9	23	0.6595093629024837	2.328883345577349	0.28125	0.2206903266197467	13.64650830792035	9.875977705657951	-3.770530602262397	0.8505603658873702	0.2619766785326882	-0.2503043096255868
17.5	65.5	0.9139814444890397	2.083242348672409	0.2108433734939759	0.3049426761439723	19.14699702660086	31.44137312768305	12.29437610108219	0.03853597784195341	0.9784317267586272	0.8161544479740402
25	29	0.7127637173772973	1.672348674287127	0.462962962962963	0.2988386291012068	35.07473709799737	17.34088138788512	-17.73385571011225	0.9964051283644316	0.007967810158675204	-1.177250890857644
18	44	0.6414877922846016	2.355163338446316	0.2903225806451613	0.2140682262630069	28.05977014136871	18.68235603099464	-9.377414110374072	0.9429767363517358	0.09812205568542343	-0.6225137553749187
15	21	1.609429884661935	1.386116126446271	0.4166666666666667	0.5372742994745469	9.320070506302791	15.15024578340335	5.830175277100556	0.09968081405820545	0.9471388915132637	0.3870325298129653
17	34	0.654113789969636	2.187590591200386	0.3333333333333333	0.230183615967934	25.98936188272249	15.54221349130202	-10.44714839142047	0.968140960489478	0.06082180091247569	-0.693527394818524
19	29	0.6503600952552769	2.188697408684877	0.3958333333333333	0.2290760558222868	29.2145845641747	13.24989004186981	-15.96469452230489	0.9970732641193866	0.00714587740607886	-1.059806234801863
12	33	0.657413651035843	2.338193045070372	0.2666666666666667	0.2194592674299901	18.25334776832273	14.11346256014837	-4.139885208174357	0.8289537671416726	0.2719924798666322	-0.2748236835260006
19	41	0.7084819273116816	2.115149244421394	0.3166666666666667	0.2509116397368686	26.81790355908592	19.38397496447854	-7.433928594607384	0.9046905809555482	0.1525101618576308	-0.4934966881219913
10	28	0.6454110423611957	2.352291284193723	0.2631578947368421	0.2153019119489854	15.4940020291807	11.90328773827743	-3.590714290903279	0.8218347129755914	0.2921294024470855	-0.2383673165543311
30	46	0.6765178798744592	2.152610853871809	0.3947368421052632	0.239125873561303	44.34472597467353	21.36939889402759	-22.97532708064594	0.9991673060372918	0.001856887848222022	-1.52520268099469
18	60	0.6980375256068551	2.289598094360478	0.2307692307692308	0.2336421218644084	25.78657928791333	26.2054725446297	0.4188932567163697	0.5388461758587119	0.567644823599339	0.02780796616961336