dN,dS,dN/dS,dS=dN,LRT,p-value,Full Log(L)
0.03735320154980901,1.044197961335746,0.03577214563991918,0.3033984365492106,77.00423149230949,0,-175.5736728419429
0.1170781888865098,0.9300506266023912,0.125883672928874,0.2536271738185475,36.66194417799443,1.404955374262329e-09,-176.5981464224061
0.0248920576874325,1.092336734370683,0.02278789763650428,0.197212063535011,69.97158509763869,1.110223024625157e-16,-101.8813020992658
0.02685546629200825,0.8024257487096788,0.03346785211615221,0.2336158702488746,64.86100922010826,7.771561172376096e-16,-142.2123226571567
0,0.7619712071953677,0,0.2199453803891163,81.29937534293461,0,-121.3499287735435
0.2380869370416172,1.236663727981349,0.192523587176164,0.3982740199316593,31.21377579203147,2.311201419136211e-08,-250.1386235274611
0.02758651735569694,0.8949019196031965,0.03082630258288967,0.2629841198334762,71.49192322308477,0,-157.0748694185314
0.05687685062683245,0.7597385084471011,0.07486371954883297,0.2497816470748902,47.39879651976435,5.791811474864517e-12,-165.6729493993036
0.04622124034998267,0.9860110988162464,0.04687699804340285,0.2972562200541111,70.58968868581161,0,-177.6613244588258
0.02772355672813854,1.104978957297472,0.02508966939600739,0.3056774878653754,87.06202764085458,0,-173.1506756226047
0.01831719813334937,0.9445810044561227,0.01939187644779727,0.2629947936521197,80.44714617139664,0,-148.4308769760557
0.03653433671594711,0.9736793314806048,0.03752193924091204,0.2689011714282206,70.68080742543975,0,-159.6718161901947
0.06509599630934931,0.8972869396141118,0.07254758030618898,0.2902080897668151,56.83830834430046,4.729550084903167e-14,-179.9282362189253
0.2166600281135619,0.8517675925769848,0.2543651930429364,0.3349115125269756,20.17778941477479,7.056755265022474e-06,-231.7379101244802
0.03304320612498875,0.9284500762678356,0.03558964231853494,0.1827784615685345,56.61464835039214,5.306866057708248e-14,-105.1582603045867
0.09418388854881203,1.044465877163844,0.09017421306721879,0.2567417336070729,44.81866037412186,2.161526513333456e-11,-147.8840167551284
0.09327919816497289,0.9389437208742576,0.09934482343427349,0.2409400801906501,40.13983731099199,2.364182183356434e-10,-140.8842232589224
0.2194824949105142,1.103537893152777,0.1988898580396355,0.3831646600274863,30.66854887435693,3.060864361970062e-08,-230.990758040093
0.156554829230586,1.144381856536782,0.1368029633957712,0.300950571613408,37.14601581652062,1.096064572436717e-09,-202.193823962449
0.1157124710905227,1.0124652966972,0.1142878392652001,0.3564154618134578,49.95218345498222,1.575406471943097e-12,-216.9873417029703
0.04191496649824859,1.259133947774041,0.03328872720201685,0.2336492089975046,71.67104814904215,0,-116.0317227298186
0.2534975690962882,1.216122512760801,0.2084473944329888,0.4399249297612733,29.71864747661834,4.995199809343376e-08,-259.4041886045528
0.1618991181162125,1.230571335195852,0.1315641876953402,0.4104131075184239,49.11049383830704,2.419398015263141e-12,-228.5008475180707
0.09327186478981885,1.223364899245671,0.07624206387426223,0.3688108693353889,68.5326961821844,1.110223024625157e-16,-203.739289743369
0.1620188929259075,0.8858844926299599,0.1828894108360737,0.2910114185723823,25.88274939398423,3.627968796493519e-07,-182.1983296477308
0.09535442233045088,0.9773410066407818,0.09756515042604577,0.2493433901908344,40.92452182597998,1.582233233321517e-10,-143.6463102786096
0.03325189773573221,1.207155320995676,0.02754566637564556,0.2132598040286433,71.19788868912636,0,-109.5391523447419
0.2574968657045523,0.6867510424435562,0.3749493627098729,0.3660389034392701,11.14958928895351,0.000840502797349485,-231.1073128914763
0.1213242564497871,1.014655152389854,0.1195719118599336,0.2654639316337706,37.65193827927959,8.456261246791996e-10,-167.5439941215573
0.03311895966172426,1.526214503238724,0.021700068759302,0.2424651098196826,86.73342238502954,0,-115.4931755110734
0.2185587503300742,0.9137473751041657,0.2391894699617155,0.3603487629968266,21.78797331812996,3.045028951209616e-06,-232.4207197470628
0.160522269276721,0.8113781039612395,0.1978390450679322,0.3297009606655444,27.90975957654689,1.271070296793297e-07,-209.5878857965324
0.3323149062832786,1.223831453575082,0.2715364973767535,0.4784801610610627,20.27778882892585,6.697358009510879e-06,-271.4187034457913
0.2390837826903703,0.90804367310454,0.2632954666959563,0.4232120852031869,24.36732162662076,7.960769694559389e-07,-259.2898618559673
0.264966853024641,0.7409550363004292,0.357601797738786,0.3653719621312078,11.37691918391829,0.0007436235196887075,-229.3949113451282
0.6175771440381772,1.221163032732918,0.5057286598793136,0.7186750911220983,5.711040892306414,0.01685854044907686,-338.0418241991521
0.193775508523275,0.8319010186229073,0.232930966768189,0.3116226273053776,19.63389140197785,9.37906880427164e-06,-192.426198176748
0.3749446469833773,0.9408215595801827,0.3985289698831802,0.4925626737779015,11.24361113917462,0.0007989755619086658,-276.9053592902095
0.372194959028318,0.9995702957340143,0.3723549615437543,0.4674000329278303,9.945494998332038,0.001612435070121099,-274.8134620902907
0.1255412440620609,0.9007771115658241,0.1393699311962225,0.264067614704907,32.81054372395585,1.015923101199689e-08,-165.1175903161705
0.3744956215387928,1.462613376302104,0.2560455330209154,0.5341782393229731,22.83362623341691,1.766478329945365e-06,-305.3347468743306
0.266262904433439,1.182328124617354,0.2252022081599487,0.4803685721298563,31.37866432403007,2.123010800492153e-08,-275.7059150822944
0.2681333524433245,1.094899222571467,0.2448931800440865,0.452120741867309,26.2821080981638,2.950090853826026e-07,-265.9758587001666
0.1516663836154033,1.328036243007906,0.114203497392428,0.3295410019698659,47.40745021078345,5.766276345298138e-12,-191.086108545589
0.4546699670174518,1.05551822876312,0.4307552012154678,0.5619697405713341,9.111836882629746,0.002539607203128957,-297.8475922866451
0.3790879546304046,1.756191533656878,0.2158579786801718,0.5450732703746851,28.34912545722716,1.012925540111453e-07,-297.4337003675993
0.2721716511306231,0.8353282985876148,0.3258259675756404,0.4253299859482445,16.08006336148549,6.071992263334547e-05,-262.3287085750985
0.5083858610718498,1.153994656716799,0.4405443804378139,0.6182051771680157,8.80523956320144,0.003003667022140499,-332.282980525209
0.3151222757019815,1.00289715346418,0.3142119554467719,0.4884842823021652,18.39777570699221,1.792671222644593e-05,-281.8088169243645
0.155727026482358,1.376713852021574,0.1131150284089084,0.3449094083561446,46.26370278712011,1.033606533695774e-11,-189.3228665888532
0.1707181485470709,0.826590055270825,0.2065330298356138,0.289866536330623,22.20832389329388,2.446110070386531e-06,-177.9572689434282
0.3416946739022195,0.9795521725749778,0.3488274371379286,0.5105550981350186,16.43071653371169,5.046087864046811e-05,-292.4563962797605
0.4473174633928344,0.9778298329429822,0.4574594150462146,0.5603583971816603,8.593281794280188,0.003374054057924569,-300.6142980909815
0.3155384453414396,0.9737239273960023,0.3240532932011578,0.4869921084398695,17.94623792075606,2.272331067321165e-05,-288.8665229005822
0.2104004663904318,1.299959493411283,0.1618515557267945,0.3869977789062011,37.02420590340893,1.16671816652314e-09,-218.812979268874
0.4042301825959337,0.9372922327204831,0.4312744398005506,0.5532714121200432,10.79715078219351,0.001016564352674054,-297.8806341283727
0.2605705663639735,1.361085006670736,0.1914432714245664,0.4247704527310752,31.91011417713122,1.614741773625639e-08,-250.2494429577131
0.4644253374370031,1.157290031528327,0.4013041889107771,0.6004791789768004,11.49758282867356,0.0006968675496594745,-315.955856224057
0.6359221071568917,1.216182439579421,0.5228838095843629,0.7333800808693162,5.276661431871958,0.02161315240675032,-351.4774572621406
0.5207892543224103,0.8995904529508585,0.5789181650540028,0.5818791464703057,3.365442447909459,0.06657769793383561,-318.0448900363171
0.341482714696476,0.8373097207539408,0.4078332142005874,0.460456961533004,11.19075585560893,0.0008220585116501811,-281.9159332674227
0.3566915668180795,1.226652784345812,0.2907844594412322,0.5236067027960943,20.64749528869334,5.52093642791629e-06,-282.0135557106804
0.4182832535400737,0.8964878538986646,0.4665799449719647,0.4899457885038589,6.189010466560944,0.0128546045242165,-298.8613986307075
0.6255382929018539,1.091262331827935,0.5732244893434897,0.6976008663853439,3.377883870946107,0.06607684297181149,-334.9861590660108
0.5780081240057969,1.256335931350401,0.4600744988520003,0.6844269667614212,7.352477470105669,0.006697040603999227,-336.8599591051996
0.2295572349106628,0.6265840604010399,0.3663630299879264,0.3431516607872725,11.51949549466758,0.000688700780925755,-223.4503716259843
0.8268004426276141,0.8308406654164932,0.9951371869998037,0.82770150109393,0.0003007564594099676,0.9861635150773969,-352.7060083977475
0.7513742569477581,0.7672871968787921,0.9792607774562569,0.7555853088678881,0.006238177866862316,0.9370468317804475,-357.9621393312863
0.6343452770472018,0.6916808822057652,0.9171068528369317,0.6487401291012986,0.09821260305250235,0.7539852158445828,-331.6613128007448
0.7581933420796503,1.111747443375672,0.681983436613533,0.8110399332386318,1.759602996785588,0.1846740420269414,-381.5134125110092
0.5097798122319154,0.9176763735299583,0.5555115364591798,0.5785157164744542,4.098251978120743,0.04292757412484816,-334.9138043583432
0.5823934966307325,0.7020645124196498,0.8295441320962459,0.603341018056698,0.391006199589242,0.5317709742870522,-342.5258014906586
0.4094804013597334,0.9004012087109667,0.454775490523779,0.5029265080821419,7.752749823544832,0.005363081979421036,-288.4459526312147
0.4688859832295111,1.09392930115386,0.4286254904543988,0.5900652584067704,9.451798554623679,0.002109421530250177,-326.5491902062908
0.5994893701921209,1.034669582927074,0.5794017530661036,0.6869496161290201,4.284345572288885,0.0384648875461,-345.9579166732798
0.6286829456703925,0.6003199485162386,1.04724646786144,0.6227030589227874,0.02485585267231727,0.8747267782171995,-331.1207344329941
0.782311286116297,0.9975932505266248,0.7841986558182089,0.8356997510810701,0.8760560638675088,0.3492841719470914,-371.7612652937469
0.5730163051450099,1.353804242384786,0.4232637830530181,0.6397110215749067,5.647223822095157,0.01748302922406597,-344.4289244524626
0.4752933186826376,0.636159541216985,0.7471291207444481,0.4985114724499183,0.6276020734251233,0.4282362557454596,-295.3316029526343
0.5088721499233918,0.8590803738518953,0.5923452163640289,0.5848521493026307,3.742471892659751,0.05304591564008621,-312.3912862165424
0.5799405364406663,0.9771049155704641,0.5935294431530713,0.6654026587824339,3.908904784219771,0.0480308887044516,-346.6692588148925
0.6521617890842791,1.028885806884712,0.6338524496308408,0.7284822097261996,2.867626663851979,0.09037805737087157,-348.2507106164196
0.6355997627801151,0.6788305603349226,0.9363157758638941,0.6445994920689053,0.05459394824856645,0.8152540064445564,-336.6232217169222
0.6579858842962361,1.053016434229153,0.624858134125804,0.7213067775504842,2.583245681398921,0.1080000072092729,-351.7198499658159
0.6084021198934872,0.9567779961406778,0.6358864045239102,0.6667162634592712,2.370482898530099,0.1236487974226391,-327.8229332851053
0.7681710927475454,1.220778845967034,0.6292467266165989,0.8585396633166141,2.881032274238578,0.0896285475198475,-383.3917442949465
0.8587001428314543,0.9853346364709421,0.8714807244642899,0.8975467518400858,0.3468030207063748,0.5559284656131378,-381.7147072107197
0.5300164020497792,1.07387426490794,0.4935553624569035,0.6325104821421379,6.61604193850269,0.01010641928470224,-311.2824541052516
0.6027486507531769,0.9351155176030419,0.6445713277202236,0.6652015577990026,2.373493113300015,0.1234106308811549,-321.7642638682866
0.5120230859324187,1.278294452110586,0.4005517547909403,0.6539430607451903,11.47204809017535,0.0007065077711082557,-329.147442834701
0.9181784085544732,1.229955350468271,0.7465136097866497,0.9836516075756538,1.205446252783645,0.2722358588012579,-407.5128004064724
0.6619658017473616,0.7330933755932678,0.9029761061633588,0.6767728527869888,0.1268810780802596,0.7216880189621839,-330.1338215477423
0.6089686201216069,1.149408006128502,0.5298106650333575,0.7050583604981669,5.576725340869757,0.01820072405885309,-334.9470341975703
0.6188217554191008,2.08554133963513,0.2967199660148501,0.755695048825567,14.85098617667961,0.0001163472212784011,-356.2069905048099
0.8974030074818361,0.9819443251295721,0.9139041639284586,0.9167396578334328,0.1116553766242987,0.7382673267974367,-378.7569232331468
0.8383270634963403,0.7822093892911512,1.071742521853444,0.8268892347063495,0.05971083745225769,0.8069535586956026,-352.3431918721673
0.865800027695016,1.191761484797623,0.7264876728601787,0.941251160605526,1.551204069230266,0.212957775717724,-400.1377669096265
0.6884004038765025,0.8917794922739967,0.7719401599167897,0.7231960406979547,0.6815217431533256,0.4090632094537149,-321.5450814836153
0.651501767256092,1.10548094462816,0.5893378537386109,0.7218823656430984,3.536878790103856,0.06001830164949939,-348.7703527187841
1.065571721423952,0.8290863880400233,1.285236058383475,0.9904188158774838,1.160448977579676,0.2813724459608404,-402.791754834746