dN,dS,dN/dS,dS=dN,LRT,p-value,Full Log(L)
0,2.901222984567114,0,0.9228033260016709,11.41499924886135,0.0007285352629945452,-35.03770492895836
0,1.012252577059228,0,0.3528384693154091,4.212170018290784,0.04013496217900681,-17.33896186347727
0,2.543811417072686,0,0.8838651848876619,10.54913309325764,0.001162425948572743,-34.29618183852207
0,0,0,0,0,1,0
0,0.5145869004813443,0,0.1774246158107752,2.128709392710526,0.1445624297025352,-11.33911436968437
0.2728709662109068,1.011461535741532,0.2697788858682175,0.5317663971288924,1.23574760467293,0.2662921708110927,-26.43563016021081
0,2.071717373931122,0,0.7113928587978802,8.536298566344968,0.003481328659992844,-28.30608926037052
0,0.8639478558522128,0,0.332921107270633,3.811714702466155,0.050895322578555,-20.60314465675159
0.6861402725880934,0,inf,0.5464268818672925,1.365503289724955,0.2425859858304302,-27.415628931958
0,1.011576096990159,0,0.3527573410883692,4.210443359636557,0.04017583499068966,-16.64470200103509
0,0,0,0,0,1,0
0,2.36353981480636,0,0.5532074161145322,8.69096484260983,0.003197912961574567,-21.50835319816981
0,0,0,0,0,1,0
0,0,0,0,0,1,0
2.458145143210123,0.4402127923700581,5.583992982066095,1.62770967596234,3.952285213542694,0.04680776213025817,-59.73117601054246
0,0.8626622497763644,0,0.3327301328436139,3.808061749941025,0.05100644235637808,-18.87525802261847
0.2145997694855485,2.358978389045397,0.09097148599669462,0.6741401752420307,5.205863594995385,0.02251082963492945,-30.46819618017487
0,0.5049502005541797,0,0.1762660102002497,2.104055659541562,0.1469090144145668,-11.35692675861952
0.6846954385756834,0,inf,0.5457080120341773,1.36077384573489,0.2434034124633815,-27.9656042407347
0,1.548803606488395,0,0.532928636701928,6.392741018979066,0.01145879536655869,-22.10315304377333
0,0,0,0,0,1,0
0.5444091769315431,3.124598454251785,0.1742333246663233,1.4305248902438,5.489430558748992,0.01913177331704596,-54.36470872540452
0,0.780947864624676,0,0.1651221796714674,3.105216460495335,0.07804185630409721,-11.0603135296179
0,0.4299965216700083,0,0.1661564382305451,1.901023742410469,0.1679637745153857,-11.34437953416078
0.2097761643348583,1.569761620940779,0.1336356817088805,0.4965199584029613,2.872906509038714,0.0900820517714318,-26.24263394380604
0,0.8631062457452101,0,0.3327958673286048,3.809321274734565,0.05096809971332539,-17.1992164426089
0,1.522129246912561,0,0.5297430255449305,6.324877847601847,0.01190556877952031,-24.32448798913668
0,0,0,0,0,1,0
0.2709865757137033,1.014525325974799,0.2671067629123284,0.5299319498346196,1.254712274476056,0.2626543632865193,-28.38577284064955
0,0.804274259512847,0,0.1853264552063755,2.933128978944438,0.08677915468720543,-10.92298682501692
0,1.029826787437996,0,0.3549551140006446,4.257011531802696,0.03908862943552549,-18.8341248670104
0.4317258014103423,0.7670739824414817,0.5628215938653318,0.5053392049103268,0.2041144522341725,0.6514200766014601,-27.444075572504
0,0,0,0,0,1,0
0.2714533322282043,1.154560592790942,0.2351139766272594,0.5538426543142272,1.50813332601394,0.2194241454139968,-28.40532601406451
0,3.163246104680923,0,0.7382468458813891,11.60157136274253,0.0006589611820554397,-25.07029023477982
0,1.294164186859215,0,0.4991498147507188,5.710192555010508,0.01686668922656287,-22.5403395660545
0,2.310333707981896,0,0.7372090121448879,9.113061479511408,0.002537907619786783,-28.1961095574839
0,1.030811957008489,0,0.3550722174568089,4.259514840223382,0.03903106713794313,-17.33273168970228
0.2705521706463166,0.8677194955068702,0.3117968099682676,0.4999483615114739,0.9762290268780944,0.3231315753825048,-26.71250494035907
0,2.035984843706714,0,0.7071467732398066,8.44571901080365,0.003659037436946622,-30.11964837262528
0.2711967788786158,1.033023267312828,0.2625272706432564,0.5335233685458877,1.287850738878078,0.256444410252442,-28.34929236998405
0,1.728506642299477,0,0.5525160522969674,6.829088970155837,0.008968499829369869,-23.07702815251974
0,1.567120111979923,0,0.3364816708869692,6.143648968081827,0.01318848856766075,-16.11492589928399
0,0.8042103153057242,0,0.1853230636749686,2.933007013532762,0.08678570976821887,-10.92395883037225
0,0,0,0,0,1,0
0.2013334116450433,0.7833037684426848,0.2570310775413754,0.3203055255471072,0.8581406863527477,0.3542595309004525,-20.04149705209907
0.4201512168614852,0.778088563601922,0.5399786560498,0.4962211999976553,0.2331896485045704,0.6291687721395426,-24.91399697693704
0.22763835153071,0,inf,0.1642271606934429,0.6528436858198603,0.4190978188128577,-13.81814463035996
0.4298932992731814,0.802577406023107,0.5356409189281418,0.5085778195328954,0.2390153882352379,0.6249181593804878,-27.13594237680248
0.2413195217279692,0.8040841631005217,0.3001172424506525,0.3710651659620673,0.6827554874893167,0.408639493834745,-20.14477159125008
0.2411608980382575,0,inf,0.1854051106827967,0.5257091685179383,0.4684164216802374,-13.51968610171007
0.241160686471641,0,inf,0.184133581343346,0.5394628311735836,0.4626554319468777,-13.5493715599492
0,0.4303578151601138,0,0.1662108316266777,1.902058179114825,0.1678481242094223,-10.23519595487838
0,0,0,0,0,1,0
1.504601605575356,0,inf,1.212923243086153,3.444850033198719,0.06344917947911688,-54.92123418731985
0,1.612803782059271,0,0.3385056854088131,6.233740040076327,0.01253387376681958,-16.78169806645919
1.183728862897064,0.5622071173258057,2.10550316141067,0.9996301968374545,0.5381197228269485,0.4632130205897871,-43.24010137090271
0.861538027557169,0.5150888181068285,1.672600913224421,0.7374627592035266,0.2141455488884532,0.6435373883799932,-33.23658414411635
0.6453298764004071,1.608885314346122,0.4011037148801871,0.8484570968340519,0.9119438218977933,0.3395991911683256,-39.2726570648151
0.2712645621405398,1.143202453510803,0.2372847970256533,0.551832208647963,1.489146326585278,0.2223489593992871,-26.16616252580815
0.9120474434123088,3.651165929049915,0.2497962188340305,1.458302138637798,3.540784524795512,0.05987713391434013,-56.76593107079348
2.98741549091904,0.8686202984623943,3.4392651152722,2.171736442741452,3.323537585077844,0.06829472674673798,-83.07447395562502
1.494966524981169,1.317973620622694,1.13429168959759,1.45167711370841,0.02515022844696091,0.8739932981904024,-65.21084435710659
0,0,0,0,0,1,0
0.6841349961650183,1.180383262762142,0.5795871711736377,0.8224051543108061,0.3393720796185704,0.5601918939038917,-37.21661681220215
0.6050651993451425,0,inf,0.4811602420200604,1.374247968469987,0.2410833627817223,-26.83467587978649
0,0,0,0,0,1,0
0.6884485692228762,0,inf,0.5463872222931863,1.38612362811223,0.2390608184013918,-23.4652345853943
3.288550050427433,3.150396719452691,1.043852677385578,3.256903880032265,0.005707730410279055,0.9397774965184809,-107.2618080737897
0.5434470647466909,1.548959370719047,0.3508465586766266,0.8902477703145953,1.345875510569613,0.2460004619090118,-40.72998380049369
0.271028326615583,1.033947920869061,0.2621295726266138,0.5334691833657793,1.290775655879216,0.2559050564266907,-26.42874177418097
0.2713788918032808,0.5062229053613131,0.5360857616855286,0.3533477372532248,0.1910690095211152,0.6620283756228007,-21.29192082044349
0.5434015795794195,0.8656741608922321,0.6277206876769279,0.6677136461869001,0.214465307447,0.6432898287299595,-36.55232884634127
0.4272648399723189,0.7589564892135618,0.5629635506708097,0.5001035957002747,0.2039478590703965,0.6515529427068161,-25.8867186649443
0,0,0,0,0,1,0
1.72695857326335,2.008190736273578,0.8599574443152321,1.819643804950103,0.05671524043179943,0.8117650521811252,-72.3084029071188
2.218832035086496,0,inf,1.276475615736694,7.708537841260835,0.005496025083897904,-48.54469526091013
1.006950318501103,0,inf,0.9079782310913124,1.238683288233261,0.2657249673168597,-44.04989009550196
1.539874932368927,1.013515599541479,1.519340139476468,1.362906712642607,0.2790261992385865,0.5973401916549563,-58.29393473225907
1.009530562244624,0,inf,0.7522440610371741,2.939153029958334,0.08645605564720826,-40.98923194788949
0.5634158711192079,1.564388087101251,0.3601509598319654,0.7570771985571617,1.124538979975938,0.2889431892840174,-40.64814200613994
0.4299252027730848,1.607605764125276,0.2674319863533296,0.6782769484210026,1.620827303435647,0.202976470570875,-32.26268645706056
1.787163395756787,2.009160717922936,0.8895074345293544,1.869827852933111,0.0322386780524937,0.8575048211097608,-69.27175195352201
0.8240815832117668,1.789124620963661,0.4606060268556915,1.050294595346708,0.6664940300081668,0.4142766247335786,-40.32212167304021
0.8076535310561959,0.8023854432662328,1.006565532605525,0.806614508035874,3.418904168484005e-05,0.9953346841599932,-38.09471459018152
0.8136490927304636,1.743678447754127,0.4666279460977742,1.109453560864146,0.8474192267364202,0.3572834527142233,-44.03228951248622
1.263111467335043,0.4309452829153226,2.931025161222695,0.9109575271753595,1.111906095674343,0.2916679807498629,-39.24381914093851
0.686538067263748,1.79373404557587,0.3827423964868427,0.9113073276333455,1.000309700038187,0.3172355811783136,-37.90454885853153
1.01139808830598,1.496549563070725,0.675819975003516,1.060642134121564,0.1191274965902522,0.7299827230372418,-56.2245379770878
1.854604204774602,2.056820808741239,0.9016848705987216,1.959548574539879,0.02908384469952807,0.8645855877677252,-73.99619443934677
0.8075332294151386,0,inf,0.641078506888237,1.845629978990999,0.1742925103462892,-31.19498427903848
1.649132160677091,1.032713026682574,1.596892958709609,1.45579560047457,0.3682957475998165,0.5439347003625847,-62.63295677095491
0.5622053409591079,0.7809357282776429,0.7199124340220087,0.60451021370895,0.07629738000717623,0.7823792475095488,-35.79994884654585
0.3738790840834009,0,inf,0.301566716846644,0.8595538958474904,0.3538635608084715,-21.13371356515617
1.062590808550918,2.255393578596695e-15,471133206476566.3,0.8345280341328308,2.413503869966235,0.1202928488915602,-38.33762085469343
0.8385550831177033,1.579955905804681,0.5307458771709341,0.9098891380406807,0.2884410502401948,0.5912212781731406,-47.78765385047792
0.6289578602382171,1.570781061646967,0.4004109010448303,0.8273063426275367,0.9151804612876475,0.3387436160283236,-38.74266592988418
1.363864068807191,1.244374620213446,1.096023694675843,1.331909900683645,0.0127335473746939,0.9101550103752627,-59.49894217151892
0.7738517198579385,1.117519162409952,0.692472886271688,0.8823423276608167,0.1568356583957922,0.6920867179647971,-40.46975365296537
0.1868962279672352,0,inf,0.1507139399783658,0.4302870609171521,0.5118481254861115,-14.32768162501365