Codon,alpha,beta,beta-alpha,Prob[alpha<beta],Prob[alpha>beta],BayesFactor,PSRF,Neff
1,6.217422189471083,0.4844596852669432,-5.73296250420414,0.04253054207340692,0.9424735257147304,0.05289351195917615,1.0156451090924,124.1766335623407
2,0.6813834248344441,0.4610152096644778,-0.2203682151699664,0.4038842540288368,0.5338393033037094,0.8067755785943357,1.014748132471245,129.6418989334916
3,0.6555757425844151,0.4884001174217653,-0.1671756251626498,0.4229595587964776,0.5149140576885801,0.8728085827325885,1.013296661087184,139.6201629549067
4,7.410297935002684,0.4836138027065712,-6.926684132296113,0.01091883748220636,0.9825326265232961,0.01314531163661202,1.013931527208052,135.0675709534389
5,0.5725177583237341,0.9077784650733914,0.3352607067496574,0.6605557959762904,0.2857811734001058,2.317221370644464,1.002305921070053,343.6430879249343
6,5.868676115548904,0.4851166080755827,-5.383559507473322,0.01767545159893537,0.9726045789700761,0.02142604123852324,1.015985855049219,122.2228620632905
7,0.6555757425844151,0.4884001174217653,-0.1671756251626498,0.4229595587964776,0.5149140576885801,0.8728085827325885,1.013296661087184,139.6201629549067
8,0.6555757425844151,0.4884001174217653,-0.1671756251626498,0.4229595587964776,0.5149140576885801,0.8728085827325885,1.013296661087184,139.6201629549067
9,3.857938973559693,0.4866874443832693,-3.371251529176424,0.0696257836092178,0.9073311883360162,0.08911254456102655,1.015549060013174,124.7390608833885
10,0.6555757425844151,0.4884001174217653,-0.1671756251626498,0.4229595587964776,0.5149140576885801,0.8728085827325885,1.013296661087184,139.6201629549067
11,0.5722284068583134,0.4884648484373003,-0.08376355842101318,0.4407039369026986,0.4957163165543198,0.9382781069173363,1.013429541974705,138.6413418090391
12,0.6273555714593798,0.4582043960558903,-0.1691511754034896,0.4110507337046194,0.5257386633017076,0.8310821559770815,1.014839548495628,129.0622983302182
13,0.6813834248344441,0.4610152096644778,-0.2203682151699664,0.4038842540288368,0.5338393033037094,0.8067755785943357,1.014748132471245,129.6418989334916
14,0.6813834248344441,0.4610152096644778,-0.2203682151699664,0.4038842540288368,0.5338393033037094,0.8067755785943357,1.014748132471245,129.6418989334916
15,0.6273555714593798,0.4582043960558903,-0.1691511754034896,0.4110507337046194,0.5257386633017076,0.8310821559770815,1.014839548495628,129.0622983302182
16,2.36490074254417,0.4616580485512626,-1.903242693992907,0.1627475486315707,0.7994431798857166,0.2314645271389344,1.01155136447094,153.9341596232897
17,0.6555757425844151,0.4884001174217653,-0.1671756251626498,0.4229595587964776,0.5149140576885801,0.8728085827325885,1.013296661087184,139.6201629549067
18,0.6815398421143178,0.4208040794721405,-0.2607357626421773,0.3775991149578838,0.5593051820673602,0.7224157091125469,1.016908446263395,117.2378020821543
19,1.885118403321425,0.4550510609160104,-1.430067342405414,0.1744055226538328,0.7853059884842587,0.2515474209255747,1.010390149325935,165.2550931902956
20,0.6555757425844151,0.4884001174217653,-0.1671756251626498,0.4229595587964776,0.5149140576885801,0.8728085827325885,1.013296661087184,139.6201629549067
21,0.5383408499185172,0.9078991248130321,0.369558274894515,0.6725007155203153,0.2745041339011602,2.44516860149824,1.003137483400395,308.9642351827733
22,0.6273623713696352,0.4549911037829332,-0.1723712675867021,0.4090496513573444,0.5276672590023137,0.8242357523751809,1.015005501023193,128.0236465315976
23,0.5722284068583134,0.4884648484373003,-0.08376355842101318,0.4407039369026986,0.4957163165543198,0.9382781069173363,1.013429541974705,138.6413418090391
24,0.5722284068583134,0.4884648484373003,-0.08376355842101318,0.4407039369026986,0.4957163165543198,0.9382781069173363,1.013429541974705,138.6413418090391
25,0.5854764967138035,0.4372558508530885,-0.148220645860715,0.4064012991613449,0.5289962832525141,0.8152457828365985,1.01587419988107,122.856048524437
26,3.788994767702717,0.8887651225704325,-2.900229645132284,0.1521281951923872,0.796379544952468,0.2136514942669433,1.010704514227537,162.025137740399
27,0.6813834248344441,0.4610152096644778,-0.2203682151699664,0.4038842540288368,0.5338393033037094,0.8067755785943357,1.014748132471245,129.6418989334916
28,1.852948504673591,1.356656386183493,-0.4962921184900981,0.475916265701719,0.4451812888426439,1.081325095763118,1.006549878713565,218.8907262788198
29,0.5741947127398501,1.115331454482936,0.5411367417430855,0.6865611235650256,0.2620306102217396,2.608271290905307,0.999836135853702,516.7708029664211
30,2.322714280854866,0.8137750963247768,-1.508939184530089,0.3078151072861975,0.6331326913682293,0.5295344624425592,1.006519071050727,219.465453150866
31,0.5379689636718706,0.9106239228573291,0.3726549591854584,0.6730890446034844,0.273962558985298,2.451712053218375,1.003095666177418,310.5382887962627
32,0.573587113686022,0.9080526362615429,0.3344655225755209,0.6601607690810652,0.2861519159195633,2.313143709144766,1.002272471336477,345.2036884268316
33,0.6793414130812299,0.819907239938313,0.1405658268570832,0.6174840049311088,0.3269764302376465,1.922217502282421,1.002645029249452,328.5917046772288
34,0.5390762141369072,0.9063653190609159,0.3672891049240087,0.6719683139051628,0.274998029105181,2.439267411092035,1.003146292817274,308.6346951302338
35,1.432388375576908,0.4883427047225607,-0.9440456708543477,0.2095306553367854,0.7446062159837266,0.3156377611759877,1.006908827341544,212.4133592495877
36,0.8321830574653839,0.8726864133185973,0.04050335585321341,0.6066594062313193,0.3382608990438912,1.836549261094742,1.000790849588858,432.3753466653285
37,1.865691499591709,0.4550670192728932,-1.410624480318816,0.1751065198637099,0.784469459237331,0.2527731036200789,1.010314628362485,166.0507757762691
38,0.6813834248344441,0.4610152096644778,-0.2203682151699664,0.4038842540288368,0.5338393033037094,0.8067755785943357,1.014748132471245,129.6418989334916
39,0.6803641405157638,0.8146669518122531,0.1343028112964894,0.6160408977187295,0.3283577525915529,1.910517378817648,1.002776586343956,323.1053594483085
40,0.6543664812082366,0.9099037937441541,0.2555373125359175,0.6397184760929846,0.3057917771099582,2.114332658537062,1.001073275245543,412.4844635297434
41,0.8382176104576565,0.4789187002582979,-0.3592989101993587,0.3972330887283251,0.5425414060155852,0.784733925690639,1.014027080061005,134.4086551865898
42,0.6273555714593798,0.4582043960558903,-0.1691511754034896,0.4110507337046194,0.5257386633017076,0.8310821559770815,1.014839548495628,129.0622983302182
43,0.5722284068583134,0.4884648484373003,-0.08376355842101318,0.4407039369026986,0.4957163165543198,0.9382781069173363,1.013429541974705,138.6413418090391
44,0.5383453043922014,0.9064355157567178,0.3680902113645164,0.6722610888171536,0.2747232791204844,2.44251018351747,1.00316537778034,307.9232056821171
45,0.6274079498650067,0.4177869692186306,-0.2096209806463761,0.3839929919171713,0.5518368370273139,0.7422736784246168,1.016891765772169,117.324204208251
46,0.6813787190693369,0.462113127093618,-0.2192655919757189,0.4045549860998242,0.5331898811410749,0.8090256859074786,1.014689046442595,130.0193812540192
47,7.120330934768065,0.7167729513993937,-6.403557983368671,0.06450672469704313,0.9128598787181941,0.08210899499648007,1.012950393001947,142.2388699494336
48,0.6842690844015749,0.4727186397872792,-0.2115504446142956,0.4100543846710874,0.5279466799353955,0.8276674913456596,1.014118883378355,133.7817957268255
49,3.761411139665618,0.7134227219039713,-3.047988417761646,0.4752996433592047,0.4746157159156098,1.078654958229996,1.003820414848515,285.367078404592
50,0.6500597151906928,2.273762086022116,1.623702370831423,0.8115883353946778,0.1462784645855494,5.12925658908667,1.000632779710472,444.3766775496986
51,0.5390856796538162,0.9038495093483874,0.3647638296945712,0.671551792006572,0.2753792101909902,2.434663980903034,1.003194592950141,306.8404709103648
52,0.6537191492970236,1.030966033013033,0.3772468837160095,0.6571297721250073,0.2895498494927355,2.282168900861678,0.999669680769821,535.0086252499812
53,0.6814627452885503,0.4431136722355065,-0.2383490730530438,0.3927174269866974,0.5446534070449819,0.7700444060174588,1.015719543600588,123.7443575752511
54,0.6267646638324353,8.202794778225991,7.576030114393555,0.990456906592143,0.001061285587842353,123.5870099527174,1.006124689340916,227.103662226859
55,2.135378380707126,0.4875771793151287,-1.647801201391997,0.1792318192893393,0.7802306501645082,0.2600285395090337,1.010011883108024,169.3207854045331
56,0.6834953661581309,0.7925743429338516,0.1090789767757208,0.6098460589951041,0.3342806623362701,1.861275404898186,1.003351649706437,301.149465216306
57,0.679774710860824,1.525985889533219,0.8462111786723955,0.7611062730043229,0.1907178919366101,3.793734818832644,0.9991208275186904,605.5511981458034
58,0.538009034137052,1.027947747055031,0.4899387129179789,0.6893415687094777,0.2591991034084716,2.6422733125604,1.001352665777195,394.5441239055336
59,0.629343972810284,0.8083647578060944,0.1790207849958104,0.6252679309566599,0.3192195538648588,1.986880324270383,1.003557862754473,293.9939897401364
60,1.182769157653946,2.8182952763796,1.635526118725654,0.7407018496227742,0.1795962540542682,3.401499608860416,1.003909516269453,282.5547860826907
61,0.6842690844015749,0.4727186397872792,-0.2115504446142956,0.4100543846710874,0.5279466799353955,0.8276674913456596,1.014118883378355,133.7817957268255
62,0.8378020709699332,0.8054213929986975,-0.03238067797123567,0.5917080298264734,0.3526868205194449,1.72569102033656,1.002140939996141,351.4818259387467
63,2.361842873331184,0.7980926884719475,-1.563750184859236,0.3013251484077027,0.640490904781272,0.5135546700607844,1.006680152712003,216.4939044341432
64,0.5378556268405779,0.4884837538935314,-0.04937187294704642,0.4510131744191185,0.4846454245083207,0.978258704006428,1.013591863237161,137.4646321646102
65,0.6124880241474465,0.442603483203342,-0.1698845409441045,0.4040465636675747,0.5320872458542534,0.8073196148016805,1.015629531469993,124.2674946288573
66,0.5402357316536974,1.015030189483783,0.4747944578300851,0.686948213988604,0.2613815150472506,2.61296882341769,1.001450719438835,388.6155559591139
67,0.5378556268405779,0.4884837538935314,-0.04937187294704642,0.4510131744191185,0.4846454245083207,0.978258704006428,1.013591863237161,137.4646321646102
68,0.6273898745363919,0.43967436908287,-0.1877155054535219,0.3991824642034699,0.5371806189647497,0.7911435106645331,1.015796747657377,123.2992650910409
69,0.5722284068583134,0.4884648484373003,-0.08376355842101318,0.4407039369026986,0.4957163165543198,0.9382781069173363,1.013429541974705,138.6413418090391
70,0.5733242445590734,0.465578272948055,-0.1077459716110184,0.427448195617506,0.5084288257506016,0.888986396955352,1.014505501428381,131.2065717044257
71,0.6272157197535836,0.7996417771105596,0.172426057356976,0.6236110627767564,0.3207711304866431,1.972892290848793,1.00385570917632,284.246330691052
72,0.6842690844015749,0.4727186397872792,-0.2115504446142956,0.4100543846710874,0.5279466799353955,0.8276674913456596,1.014118883378355,133.7817957268255
73,0.68408989541576,0.7925373720105255,0.1084474765947655,0.6097254638829318,0.3344001522300883,1.860332321919403,1.003346857519798,301.3199487722506
74,0.6254759040718343,1.357079354897599,0.7316034508257643,0.7578832136571678,0.1937581892549927,3.727381130169424,0.9983906057473614,734.6793537518174
75,0.6815398421143178,0.4208040794721405,-0.2607357626421773,0.3775991149578838,0.5593051820673602,0.7224157091125469,1.016908446263395,117.2378020821543
76,2.106088787983742,0.4651477946029635,-1.640940993380779,0.1712015914743585,0.7893597873918747,0.245971791437161,1.010748359218994,161.5848896857846
77,0.6842690844015749,0.4727186397872792,-0.2115504446142956,0.4100543846710874,0.5279466799353955,0.8276674913456596,1.014118883378355,133.7817957268255
78,0.5363685029548149,1.449108997981632,0.9127404950268168,0.791136963900114,0.1647490544178309,4.510415018835108,0.9981964095838036,778.9124759645906
79,2.397852387264737,0.4722450550835247,-1.925607332181212,0.165614594749748,0.7962163521071163,0.2363514779446331,1.011282709820851,156.4098589460236
80,0.684214555326924,0.4830464814439924,-0.2011680738829316,0.4157259912426382,0.5224595174212914,0.8472606279851791,1.013577115931326,137.570690521854
81,0.8382176104576565,0.4789187002582979,-0.3592989101993587,0.3972330887283251,0.5425414060155852,0.784733925690639,1.014027080061005,134.4086551865898
82,0.6765332697018496,0.7229999357710587,0.04646666606920913,0.5905172129987235,0.3527453340276905,1.717209672224316,1.006148955626978,226.6180986550699
83,0.8385007540284024,0.4574674057914416,-0.3810333482369608,0.3851542297732662,0.5543227364824203,0.7459245432866419,1.015255075490744,126.4936553403993
84,2.326735369038995,0.7658083263190164,-1.560927042719979,0.2952287288681039,0.6474711134231393,0.4988119385070643,1.006405053750729,221.619463465765
85,4.063240864493886,0.4153849058500644,-3.647855958643822,0.2954960720352468,0.6531315231083455,0.4994530947753206,1.019051388597887,107.1340178744119
86,3.82962080569382,0.712141621856203,-3.117479183837617,0.4736682538647294,0.4763578214779883,1.071620783511388,1.003859086629914,284.1395494265489
87,0.5722284068583134,0.4884648484373003,-0.08376355842101318,0.4407039369026986,0.4957163165543198,0.9382781069173363,1.013429541974705,138.6413418090391
88,2.339953791137809,0.8144348117921745,-1.525518979345635,0.3071451899613068,0.6338906783363958,0.5278711138627548,1.006574016067749,218.4425715660512
89,1.867029349166308,0.4551541685927966,-1.411875180573511,0.1750936310289563,0.7844916550757034,0.2527505488947293,1.010315653636539,166.0399210719996
90,0.6813834248344441,0.4610152096644778,-0.2203682151699664,0.4038842540288368,0.5338393033037094,0.8067755785943357,1.014748132471245,129.6418989334916
91,0.5693160106741746,2.267903295866912,1.698587285192737,0.8291285229237835,0.1320396724359735,5.778015426936808,0.9994186011051224,565.1106041295363
92,0.6813786981932977,0.4621131345926554,-0.2192655636006423,0.4045549895858399,0.5331898780705118,0.8090256976152009,1.014689046076399,130.0193836005513
93,0.527941882999298,1.848116222317281,1.320174339317983,0.8203800720213815,0.1397853937991843,5.438598511484729,0.9984148631641901,729.506272291795
94,0.6273896165493573,0.4401037242389094,-0.1872858923104479,0.3994812166812018,0.5368923323125964,0.7921294920937477,1.015775526542786,123.4212783593252
95,2.358741549229567,0.8797418191010118,-1.478999730128555,0.3194776098077602,0.6197532201793264,0.5590162376646919,1.006819880918856,213.9818048107486
96,2.367631597304201,0.4210190874361303,-1.946612509868071,0.1451324062285173,0.8196542886205391,0.2021584767811836,1.013566610093553,137.6463481721911
97,0.5721785331433554,0.5170032402046209,-0.05517529293873458,0.4544304975201669,0.4826321903843001,0.9918449805385376,1.012182329868795,148.4239306432021
98,0.6556395494422723,0.4728434210647264,-0.1827961283775459,0.4145463548669451,0.5230322631261185,0.843154187909833,1.014089114472227,133.9844061827329
99,0.684214555326924,0.4830464814439924,-0.2011680738829316,0.4157259912426382,0.5224595174212914,0.8472606279851791,1.013577115931326,137.570690521854
100,0.8428910333737456,0.871450693985676,0.02855966061193038,0.6052861820643852,0.3396362311308803,1.826017117935441,1.000787796832643,432.6009303530283