dN,dS,dN/dS,dS=dN,LRT,p-value,Full Log(L)
0,0,0,0,0,1,0
0,0,0,0,0,1,0
0,0,0,0,0,1,0
0,0,0,0,0,1,0
0,0,0,0,0,1,0
0,0,0,0,0,1,0
0,6.215147471394505,0,1.736848351033051,2.531995578501267,0.1115590491421623,-8.46234598138804
0,0,0,0,0,1,0
0,0,0,0,0,1,0
0,0,0,0,0,1,0
0,0,0,0,0,1,0
0,0,0,0,0,1,0
0,0,0,0,0,1,0
0,0,0,0,0,1,0
0,0,0,0,0,1,0
0,0,0,0,0,1,0
2.333255996781029,0,inf,1.86251095860798,0.4497422003406051,0.5024574047692761,-10.48229912101188
0,0,0,0,0,1,0
0,0,0,0,0,1,0
0,6.215099196161028,0,1.47580626723953,2.856107295092659,0.0910275418038442,-8.735358769752146
0,0,0,0,0,1,0
0,0,0,0,0,1,0
0,0,0,0,0,1,0
0,0,0,0,0,1,0
0,0,0,0,0,1,0
0,0,0,0,0,1,0
0,0,0,0,0,1,0
0,9.146305838475305,0,1.593614154264885,3.44772019114674,0.06333907904645975,-8.363531070477872
0,0,0,0,0,1,0
0,0,0,0,0,1,0
0,0,0,0,0,1,0
0,9.537610041094819,0,1.605997832394437,3.514787965600194,0.06082343923629541,-7.623080253810291
0,0,0,0,0,1,0
0,0,0,0,0,1,0
0,0,0,0,0,1,0
0,0,0,0,0,1,0
0,0,0,0,0,1,0
2.337088428748431,0,inf,1.864959039848686,0.4504002358146302,0.5021449500644959,-10.89418920473227
0,5.445159075777065,0,1.631839076575329,2.389213821839952,0.1221750574427727,-10.34341924457862
0,0,0,0,0,1,0
0,0,0,0,0,1,0
0,0,0,0,0,1,0
0,0,0,0,0,1,0
2.454765768440448,0,inf,1.938717136843949,0.4704040887631677,0.4928013275923578,-10.43105239549662
0,0,0,0,0,1,0
0,0,0,0,0,1,0
0,0,0,0,0,1,0
2.148722906808949,0,inf,1.703122691460674,0.4639429206080159,0.4957869863113094,-10.69321790095181
1.752962274753305,6.214307743600489,0.2820848833176166,2.73388200251211,0.74187134299817,0.38906207895421,-14.67868206041068
0,6.215147856102127,0,1.475810322492967,2.856118521759829,0.09102690636144506,-8.733750586552233
0,0,0,0,0,1,0
1.898782815130026,0,inf,1.397472183008882,0.6115985264335606,0.4341865708289137,-11.64169169194907
0,0,0,0,0,1,0
0,0,0,0,0,1,0
0,0,0,0,0,1,0
0,6.359659672065257,0,1.747665269922514,2.564215161180815,0.1093067929645457,-8.437754187956454
2.078668585749713,0,inf,1.648727802646267,0.4623601741556982,0.4965230035612297,-10.17191075332749
0,0,0,0,0,1,0
0,0,0,0,0,1,0
0,0,0,0,0,1,0
0,6.289071330755851,0,1.742473670672576,2.548630463206198,0.1103899075801914,-8.450690117872146
0,0,0,0,0,1,0
0,0,0,0,0,1,0
0,0,0,0,0,1,0
0,4.029576133916295,0,1.697189709088711,1.722904402342024,0.189319613582248,-7.755793086469737
0,0,0,0,0,1,0
0,0,0,0,0,1,0
0,0,0,0,0,1,0
0,0,0,0,0,1,0
0,8.309612829284452,0,1.523063504651547,3.340820020741429,0.06758092113189462,-8.583089170510126
0,0,0,0,0,1,0
0,0,0,0,0,1,0
0,0,0,0,0,1,0
0,0,0,0,0,1,0
0,0,0,0,0,1,0
0,0,0,0,0,1,0
2.703217844041954,0,inf,1.811645419765797,0.7952624927887442,0.3725135917214661,-10.61749921897722
1.946653348587011,0,inf,1.607460055789312,0.3822017548954122,0.5364272436265191,-9.736466683029155
0,0,0,0,0,1,0
0,0,0,0,0,1,0
0,0,0,0,0,1,0
0,5.517609762851482,0,1.537621533716479,2.535249333825007,0.1113292994226897,-8.559208491823137
0,0,0,0,0,1,0
0,8.309614004777796,0,1.523063529197804,3.340820228293715,0.06758091260754662,-8.583101257362593
0,6.215151793370955,0,1.736848807535037,2.531996546520247,0.1115589807121742,-8.462202768788556
0,6.21515179125305,0,1.736848807314193,2.531996546045775,0.1115589807457151,-8.46220283897958
4.771115763999603,0,inf,3.156723771789029,1.637986826464292,0.2006019075299905,-14.14867508873035
0,0,0,0,0,1,0
0,0,0,0,0,1,0
1.615804379811776,6.415541737274161e-14,25185782370083.99,1.607898848999157,0.009789199674369087,0.9211856040525697,-10.07512981488004
1.626171794252699,5.262274785756263e-06,309024.4923458507,1.620777637991302,0.006616567126595641,0.9351697478122916,-11.38663319705795
0,0,0,0,0,1,0
0,0,0,0,0,1,0
0,8.310203911305605,0,1.691254840026037,3.132926202698187,0.07672590767578924,-8.171413116581778
0,0,0,0,0,1,0
0,0,0,0,0,1,0
0,0,0,0,0,1,0
0,0,0,0,0,1,0
0,0,0,0,0,1,0
4.917731971405662,2.925187625761266e-15,1681168048195146,3.885238137797225,0.9363067873525068,0.3332294548628123,-13.46656544190669