dN/dS,LRT,p-value,Log(L)
0.1610380843272456,59.81167640581123,5.218048215738236e-15,-142.6730638583668
0.1426042370141169,63.83622469798593,6.661338147750939e-16,-130.6240329568421
9.555848176237971e-17,93.83856520374576,0,-45.05278376565003
0.02027369476047615,87.67875676731461,0,-137.5325070909745
9.555848176237971e-17,97.51829568146746,0,-76.93916780483205
0.02103449667430156,84.07672902106009,0,-90.68283493252341
0.04214706209089102,76.9992823445285,0,-95.57556871512433
0.1251243231798167,68.01386751113108,5.551115123125783e-17,-105.9296666205875
9.555848176237971e-17,93.81977161786145,0,-67.23130684329305
0.1478463556984947,60.5497171173933,3.608224830031759e-15,-173.0028582523895
0.06092354495809954,74.61502593576415,0,-96.77762341136403
0.04212436061182354,77.05860992335195,0,-79.31956631016662
0.06101246622269594,74.47307154951594,0,-101.5590901549127
0.3597176705801486,26.62166460497212,1.237266811227045e-07,-176.0880578276933
0.02106823221858984,83.9274875714456,0,-67.74827895811723
0.08162964016961989,68.92052373552986,5.551115123125783e-17,-176.6581797202612
0.2489169294049853,44.63129469866789,1.189298659554083e-11,-154.8198067231157
0.04214555548219738,76.98549023856125,0,-111.1256947909603
0.1651676284507942,51.50519272848356,3.570477247194503e-13,-207.06943042032
0.4544116266013976,20.10386016130911,3.667424303410716e-06,-199.7694667026862
0.3087145074470011,31.29136464306788,1.110325942299539e-08,-228.5307584804711
0.08138215925626167,69.1939188304882,5.551115123125783e-17,-180.931984988048
0.4298256981675631,19.75950809460187,4.39118452111309e-06,-169.5433721619385
0.3322461635840038,30.17342085952453,1.975435159895511e-08,-149.1800206985873
0.6060705986390532,8.703488219450492,0.001588008518722261,-231.4885426121057
0.1298211269797266,55.31141658671501,5.145883719137601e-14,-89.09445898805645
0.3626230833504422,27.59460261365058,7.479780955721438e-08,-200.9848579370202
0.2773750321418223,33.71034914842448,3.197975495528027e-09,-166.3589517349058
0.1436919932109238,55.35301093555012,5.034861416675085e-14,-149.0615835250326
0.3076421112328684,35.85764160020165,1.06136915922761e-09,-189.9226003124729
0.3850861644872093,22.60297841714151,9.958779688123975e-07,-232.9340967971723
0.02104645001715568,84.02120781247439,0,-56.21410315639594
0.2243498115103863,42.40496094515578,3.710076690310871e-11,-240.0620102047612
0.21247785121296,42.36263902676734,3.791239544526093e-11,-144.8375327864871
0.2666146167941237,41.96473611161235,4.646716345035884e-11,-184.829177242956
0.2784315174154293,33.41336337328653,3.725511343866117e-09,-145.1823088949433
0.6410165125946075,5.850319968759834,0.007787109624351529,-230.3486110778518
0.06330053183484551,71.02593858420164,0,-90.99202505996212
0.3913057936006489,21.76638970325848,1.53973914329697e-06,-170.7651438498523
0.1698690780953397,48.8674180309207,1.369293567421437e-12,-133.2844342150852
0.1268248390517417,56.80250202558892,2.40918396343659e-14,-126.5756304393442
0.1201158068297876,61.48527390648641,2.220446049250313e-15,-101.2741848353949
0.4837283439618776,18.73097109842217,7.525891956627895e-06,-217.8744121202784
0.4823375325913091,19.66093726160551,4.623624598798504e-06,-213.2841180877015
1.081457443530477,0.2837352515783778,0.2971316933110926,-302.6896943448419
0.7648189149569183,2.98722162235299,0.0419620239095535,-269.434652060954
0.6309578440204426,7.740805527375755,0.002699335643109424,-260.0732243403646
0.3668656237714186,24.02626675820454,4.751520114032459e-07,-168.1098852343732
0.7833687659680647,2.386775429208569,0.06118290066955939,-268.0709961818528
0.1818071156184631,49.46244636273195,1.011024597374899e-12,-150.6122699137652
0.2473499253166833,38.79744443334658,2.350714622956218e-10,-135.685165281516
0.1838493802465773,48.58983169747489,1.577515895689885e-12,-146.6685706166182
0.2048850589576334,45.12745513400802,9.230949338245864e-12,-125.1189647457722
0.6774016159220846,5.541528377790655,0.009285178671522676,-273.3169174455028
0.8270752437099717,1.412344472990299,0.1173337935302223,-272.2162260903347
0.2344581720867248,39.1020566419175,2.011100175280944e-10,-135.4965801780318
0.9753174388084443,0.02803904546931335,0.4335085299496659,-307.8641223039198
0.6121838537934139,7.784461488675504,0.002634874810878873,-225.0361228396502
0.7126163674379713,4.391647642093972,0.0180576977725348,-254.9129616992639
0.9808347541917873,0.01543114211767715,0.4505696931468656,-312.1561871702301
0.4836764405373666,14.70698851933918,6.279002319714566e-05,-214.145017913645
1.338384320386924,4.137667739449967,0.02096945702719094,-370.4543948911493
0.3565381440350479,25.72244477968218,1.971077602247462e-07,-187.9349545425043
0.5906103622162537,8.188232631132962,0.002108148971086965,-210.7660325112881
0.5841954507416804,9.832458520593946,0.000857295108126821,-219.2769026684072
0.5205775886087664,12.55435347601963,0.0001976421664789396,-221.1023109222273
1.258846162634798,2.352260869891666,0.0625507267237681,-335.9151514698852
0.5462040314534669,13.20464306688888,0.0001396282112537395,-240.5364880510761
1.185090838549976,1.634012898898845,0.1005744527808473,-371.8679046280591
0.4889653048242201,16.01830250409216,3.136654697127872e-05,-192.7115484451838
0.44940224544965,17.49874639256711,1.437485944677519e-05,-176.6980477253453
0.3007390361476485,30.79695440944238,1.432435686732347e-08,-151.9811733835127
0.8466350488799311,1.139752626432255,0.1428523024590567,-317.2086052924193
0.7768191996810819,2.434944014874759,0.05932906566119789,-299.9587050232834
0.3945704463665707,29.61548042339541,2.634125562117617e-08,-178.8872750490465
0.8346538603199329,1.521133994567094,0.1087239833802411,-292.3401709488437
0.4750208691567815,19.10815746252251,6.175791383344897e-06,-215.0860816773838
1.286143083115321,3.292850609298284,0.03479106032454238,-331.3032677449916
0.5134882249984762,13.17696485500574,0.0001417057055093651,-227.686608062906
0.8504401984520308,1.009057933887107,0.1575643173791894,-253.5034043423088
0.642438467327031,7.767274710956372,0.002660062801918495,-244.5243415115111
1.006854157265744,0.00238943691329041,0.4805067198462645,-312.0463626418614
0.927457103097987,0.2535756152858539,0.3072842771397811,-307.7189152100935
0.6597173494559087,6.517423682246317,0.005341131915124253,-256.7826034320882
0.727996157881175,3.85374106207189,0.02481758178056515,-260.6633826476044
0.6571833814967968,6.33294978464528,0.005925751810697988,-271.4184993835296
0.7687670226606395,2.069288011221374,0.07514583488069376,-185.2789511707746
0.6152089469656082,4.963096569597553,0.01294689950963535,-158.206571699356
0.7063740588595897,3.055831704212494,0.04022389888068972,-193.8412339686195
1.08305668406321,0.3261683555740547,0.283962028838039,-364.9230628976178
0.7490147232278969,3.248301229446838,0.03574876159859541,-249.1479177183883
1.062126035938836,0.1892675202743703,0.3317634772225219,-334.5351874367469
0.6865952237974814,5.470483167540124,0.009670138992840249,-299.6154810394944
0.8582690338266832,1.149274021172801,0.1418505870143058,-324.7261615367651
0.8941163841546961,0.5920194449037126,0.2208196363619759,-324.9135077230477
1.12976203333122,0.6477901960430472,0.2104519259122815,-327.8164851445008
0.9972800497062501,0.000348008122500687,0.492558173048362,-336.0828157493259
1.094248505731126,0.4075750266864588,0.261601449613286,-347.4760169912071
1.046651351260517,0.0858175151757905,0.3847816118193901,-302.3898018276118
0.9525419475182177,0.109700753469042,0.3702425406057505,-298.7623157973476