dN,dS,dN/dS,dS=dN,LRT,p-value,Full Log(L)
0,1.166453005411243,0,0.4156403042656369,2.061304824625942,0.151080752424584,-10.57393019793174
0,0,0,0,0,1,0
0,1.281952509760617,0,0.4293614970817434,2.184164105827385,0.1394367476075304,-11.9481560831932
0,1.011917000853375,0,0.3942258367871931,1.883670905865909,0.169917511326984,-10.7053382593267
0,3.589272787221267,0,0.9090978404378575,5.465225003598508,0.01939855623336939,-14.61010563450314
0,0,0,0,0,1,0
0,0,0,0,0,1,0
1.028608808240248,0,inf,0.8257928030972027,0.8777393379565908,0.3488216049816412,-20.45041175217202
0,3.074706408341309,0,1.189213996967117,5.684263415904212,0.01711772372942844,-18.41534781287885
0,0,0,0,0,1,0
0.646911898578618,3.08323142478079,0.2098161991277096,1.366757855791648,1.743417161616868,0.18670643167903,-24.26035598210172
0.6147356171142048,0,inf,0.4753347147561804,0.5139152752346519,0.4734488577180413,-11.88048650327194
0.6503977054194723,1.20587984042686e-17,53935531851104088,0.4144372728556048,0.9002361810913797,0.3427183902710251,-11.52238769507383
0,0,0,0,0,1,0
0.5571859211463045,2.689131819486451,0.2071991849223336,0.9221807102967557,1.119085692530554,0.2901154132374811,-17.93523911401023
0,3.564975322623509,0,0.9077398555707361,5.444972478064216,0.01962472416608885,-13.23232954862356
0,0,0,0,0,1,0
0,2.157076614684909,0,0.4747154230605637,3.016981547909513,0.08239669570365593,-9.062537228761856
0.6127661764232432,0,inf,0.4537492183425043,0.6002566476791173,0.4384801201647627,-12.27381929927811
0,0,0,0,0,1,0
0.5797037814286389,0,inf,0.4647896955281134,0.4416734969918679,0.5063158337235334,-10.16438915549969
0.6503918331838792,1.491763234938641,0.4359886461544488,0.9057192300780779,0.3335225218186153,0.5635922245744136,-17.06511898567361
0,2.3197976108021,0,0.8297252556508304,4.102240489885208,0.04282642574357287,-14.97645004346039
0.6507661130518809,0,inf,0.4533692741555236,0.7221606698036673,0.3954360836452955,-11.31436360651804
0.6164166840009733,1.743480284229425,0.3535552937287239,0.9107797893795307,0.5150534606181765,0.472959396583963,-18.15044919783114
0,1.163747086592201,0,0.4152918534798011,2.058306072884609,0.1513783685897861,-10.52954510091296
0,0,0,0,0,1,0
0,7.41529305557355,0,1.832253844000509,11.06537295559922,0.0008795489605659679,-21.7816000765147
0,1.018132659897365,0,0.4603199944203846,1.586395456627031,0.2078418794275311,-10.29754815010816
1.096303401900742,4.353072661225564,0.2518458769746537,1.750171718900847,1.744131418344246,0.1866161990727786,-27.64644449299137
0,2.039678652961997,0,0.7910493444098362,3.781875970435415,0.05181054192589341,-15.03035016613185
0,0,0,0,0,1,0
0,2.654930064385551,0,0.4593669383227675,3.491148222311008,0.06169777745791272,-9.956577768067556
0,0,0,0,0,1,0
0.6498733707756817,1.000001000762702e-06,649872.7204073019,0.4519949941367006,0.7254732608656376,0.3943544277379059,-11.3249270213647
0,2.158828343519294,0,0.4107533769919854,3.307384620830703,0.06896917605347086,-10.15982473345314
0,0,0,0,0,1,0
1.754269094420391,0,inf,1.22808913994663,2.133885059627005,0.144075182473695,-22.98268424078702
1.022758376340703,0,inf,0.7940276723722428,1.011427816543502,0.3145610212693629,-17.17648187805702
0,0,0,0,0,1,0
2.454607694910958,0,inf,1.613480826809545,3.343175386534924,0.06748425823151361,-27.10035644700254
0.6113990713049448,3.582364616258623,0.1706691352773248,1.366970949479906,2.223924720495624,0.1358872337182777,-23.00980791858269
0,0,0,0,0,1,0
0,0,0,0,0,1,0
0,0,0,0,0,1,0
0.648059525468497,0,inf,0.3943031606173203,0.992487415274617,0.3191351875336944,-10.25422592964452
1.677224094534288,0,inf,1.642942201987589,0.1644094304628112,0.6851288853613835,-30.09155024662581
0.6369758135417074,0,inf,0.4315712453237136,0.7777391696559697,0.3778334751486333,-11.95205441579654
0,0,0,0,0,1,0
0.6133382306850897,2.149900669573554,0.2852867759731194,0.9540155265100396,0.7348863800059178,0.3913038933221458,-17.25887893130887
0,1.152249225545549,0,0.4138105556458787,2.045560998709647,0.1526507023683672,-12.25316257144073
1.309846445865032,1.158427409518776,1.130710854303039,1.255172383147088,0.0101286154922704,0.9198354304443326,-24.74174313645032
0.6109477755509292,0,inf,0.475657216625923,0.5002283167011896,0.4793998190345261,-11.88471604926388
0.5066037839197196,2.155708884369794,0.2350056575787698,0.8199528082109658,0.9621161157210167,0.3266542992719266,-17.87123011808049
0,0,0,0,0,1,0
0.5571476266793306,0,inf,0.4603107758984647,0.3817762218704672,0.5366541622192917,-11.68552825172858
0.5532018375843294,0,inf,0.4566101005632174,0.3837101720200913,0.5356242732095231,-10.81587467091632
0,4.349587435227119,0,1.339197610534049,7.021828237668501,0.008052197361088975,-18.40779704357924
0.557271869339815,0,inf,0.4013325287799058,0.6560037762132005,0.4179743157938667,-13.18154066150028
0.5103542738067518,0,inf,0.4114017528721376,0.430907225836151,0.5115441218726935,-10.08587673195053
0.695595668354861,2.609581755048036,0.2665544649096678,1.361439126573205,1.252831152206085,0.2630124307508334,-21.70205327989545
1.305042382398823,4.047285105267136,0.3224488387784791,2.198863548029438,1.556773863026464,0.2121382146938705,-35.94883756786608
1.8466828601387,0,inf,1.25453378040677,2.313411562980235,0.1282622658002361,-21.79665131912492
0,0,0,0,0,1,0
1.314883143195549,0,inf,0.8722005124811553,1.638142649061876,0.2005804947163664,-16.57692035253933
0.5092254324394696,3.585309785185405,0.1420310832117221,1.188997710826855,2.695150052435785,0.1006540128213538,-22.1173112585392
0,2.158831296732269,0,0.4747522403433354,3.018338422656615,0.08232777683331405,-9.760406642441438
0,1.011912612638149,0,0.39422516983364,1.883665628659191,0.1699181094335833,-10.7087703412381
0,0,0,0,0,1,0
1.875783782648189,0.8688352059887301,2.158963828489842,1.35419492610666,0.4156275508200409,0.5191269143198766,-23.22440050348054
0.9472121976947419,3.993221693199362e-16,2372050115093503,0.8043649568480298,0.6539458998059331,0.4187054401948793,-19.30165998211563
0.5461742671465898,0,inf,0.4349161657327883,0.4553309543502699,0.4998141806846542,-11.69699667740297
0.5674837612660857,0,inf,0.4625428631148514,0.4088257774433934,0.5225660968079697,-10.88074813356522
0,0,0,0,0,1,0
0.647819143535884,1.488958494715055,0.4350820696716993,0.9027073109622088,0.3351574561429871,0.5626378571252098,-16.6946083843877
1.670006281122435,1.576384321331069,1.059390313976425,1.645597796202914,0.002497190385724934,0.9601447841105269,-29.10978692992395
1.120240305632987,0,inf,0.8609482830101683,1.051650160540667,0.3051273460389746,-16.64070517733953
1.594299004191453,1.186364484139647,1.343852606433713,1.430834815596685,0.05945604492517731,0.807357758258511,-25.22742708564642
0.9279840915598668,1.017685153768488e-15,911857747087635.4,0.7332654932618016,0.9412862092568659,0.3319472809861105,-18.27732122835533
0.4115662719810914,9999.999999998339,4.115662719811597e-05,0.4116717779037,1.037671009579601,0.3083637527953014,-11.668694787211
0,0,0,0,0,1,0
1.234370266542603,4.121192406246845,0.2995177475022913,1.898618010005826,1.35528269236022,0.2443567083130855,-27.06051954986166
1.708246117801915,2.158821917918197,0.7912862583168592,1.801964190881239,0.03907024738018805,0.8433095600151453,-26.3639028114884
0.5099642709272699,1.768837672395398,0.2883047319071769,0.7915986583930779,0.7243750318141906,0.3947125583823159,-17.32757343732305
1.116855683862252,0,inf,0.9044018309436352,0.8434010496210789,0.3584258771644793,-17.29630088639376
0,1.435237149919189,0,0.3554359994474126,2.786909265592904,0.09503736820714426,-11.16783698542996
1.307053171980336,0,inf,0.9071924501451281,1.457898369186118,0.2272648084697397,-16.12668783211401
0.9282463989280012,0.8083707309863076,1.148292934598747,0.8642203966150295,0.009521967086165262,0.9222653560221222,-16.24228011936549
1.236732920191929,8.111423409085692e-15,152468051267876.2,1.233361892589735,0.01620259616074549,0.898711334697317,-24.74074584150637
0.6473445705314168,0,inf,0.4136820564898205,0.8944802852933869,0.3442660740854289,-12.83273928528645
1.01288330779606,1.795145837430247,0.5642345522445146,1.184802800504822,0.2014854772192578,0.6535244739915239,-25.04922560425556
1.877959383620579,0,inf,1.543891643429151,1.566051237300769,0.2107813977748377,-27.63810316110976
0,0,0,0,0,1,0
0,1.019636034224464,0,0.3661973753813624,2.046126339970272,0.1525940086134218,-11.88647416079743
0.5658947791266263,0,inf,0.4275574987355993,0.560268841599072,0.4541519425342144,-11.89734246483578
0.4787216406009805,0,inf,0.3583687407806346,0.5788314232346252,0.4467707306135857,-11.56651634243791
1.076574891087671,0,inf,0.7641078785991819,1.369633910008055,0.2418747930417017,-17.40464358078578
2.211102753032546,2.111794827713193,1.047025366297961,2.190571622385487,0.001679435549689856,0.9673111091934967,-33.71285209890151
0.7715504039231929,2.352693832774622,0.3279433954282415,1.396694220691757,0.8857718549641618,0.3466256729565931,-21.72422914394507
0.7400120676244937,5.262274785756263e-06,140625.8885658217,0.7400086619036774,2.295880999980682e-06,0.9987910326221119,-11.8951100259552