dN/dS,LRT,p-value,Log(L)
0.05069493458404387,2244.694017158251,0,-2672.474106296605
0.2180564945323984,1373.951945073132,0,-3583.464832706284
0.01737321014310382,2959.207212934242,0,-1430.773627080667
0.0787499135249661,2040.430734945602,0,-2837.24542780365
0.01661640140077111,2587.475883030473,0,-2379.381470115521
0.07474213042065357,2041.1253702211,0,-2850.250235035403
0.04632976698429975,2617.536799395376,0,-1779.309103877225
0.02324347594396753,2871.038094633679,0,-1558.611666821855
0.0250986180676663,2503.812083873321,0,-2408.83485719921
0.05491840306008504,2220.820118389549,0,-2648.223441613162
0.0829544270218916,2023.470272736277,0,-2803.396816702263
0.04209172499740751,2640.206671883367,0,-1718.289248343744
0.2670799910116222,1149.709548207614,0,-3761.443709850324
0.1312207984910627,1675.286836128887,0,-3198.399818479485
0.2021870666601799,1415.057767351259,0,-3446.667356387424
0.1337646236961962,1641.90781405343,0,-3208.505741085511
0.1312974198047005,1644.61734736058,0,-3243.595273393218
0.1286102992662624,1698.473407450738,0,-3226.4867887175
0.1333258617736556,1699.621155108519,0,-3125.20155160076
0.2612093114060723,1198.122980596442,0,-3683.656129637531
0.08997662551220763,2188.16183412235,0,-2221.799750629812
0.1845106395788844,1448.258843340908,0,-3401.796039557005
0.1187860533224414,1961.008074864792,0,-2467.76132015404
0.1758944031582752,1425.225750679664,0,-3440.776755890604
0.2407910224706021,1147.923869367492,0,-3711.653614054477
0.200030141104724,1304.754875593732,0,-3571.58396045422
0.2403376037375095,1217.386715928921,0,-3675.026647648228
0.1223925231409216,1937.608604459046,0,-2413.486543646814
0.1489265738419198,1539.253455437883,0,-3400.435392896788
0.1537914716787875,1535.471030329174,0,-3283.85779793261
0.3317662080734373,896.3951189850304,0,-4103.076898485434
0.1980160073924778,1296.418909879972,0,-3583.844690158286
0.2318259105996734,1164.180901833191,0,-3695.832954086417
0.129840271072361,1876.467929029769,0,-2515.64852746825
0.4608525070696247,511.7664846862481,0,-4525.276780285149
0.1902414051620953,1508.491552941611,0,-2943.519792534828
0.3312909302549815,914.0846954270337,0,-4075.111886086251
0.4222778561116876,599.3088502828323,0,-4398.191863022689
0.3818174812314767,740.0336814379552,0,-4274.981066887112
0.4121605881987143,625.9045647299627,0,-4420.149290403677
0.3657350526851815,794.6495417449769,0,-4331.246582041545
0.4635216417964216,497.8525616240622,0,-4520.87153752972
0.4163135057785425,608.6239679724313,0,-4493.657214794921
0.3920969134373523,693.5252615628615,0,-4400.630556222321
0.427006445077443,614.9434607444764,0,-4577.405861549752
0.5324745746318373,372.5185619767108,0,-4987.314163651326
0.5036859165412068,404.8262384623486,0,-4704.44333753401
0.436052180799187,535.3460840357639,0,-4610.078544297116
0.3378542079553263,866.8096103073676,0,-3913.590310866884
0.2298707720070737,1290.878758224012,0,-3156.167275451666
0.4491717062994563,547.1344230255436,0,-4534.462673197656
0.5096199545493617,410.9920023866307,0,-4897.998528580811
0.3980425382802698,599.8329303445316,0,-4630.227165651627
0.259234742575581,1153.416055583717,0,-3384.216672806692
0.4367936108532614,593.4393174702018,0,-4606.058152961217
0.4989525144035842,438.6021585157432,0,-4854.446010199405
0.5204945987816288,384.9789949383503,0,-4841.450395623415
0.5673128663730523,279.2618116582271,0,-5079.054181938764
0.5453152048073217,345.7603418900489,0,-5010.882076524784
0.6275925288611636,212.1552108959404,0,-5310.423958259463
0.5582818473805369,317.0134645394064,0,-4919.117468291473
0.5104157357921089,397.4848349135045,0,-4794.139927043781
0.3494979726732774,800.8716169726231,0,-3894.855921148904
0.5543505568019863,331.3599806909606,0,-5103.439353520759
0.4595615576202956,446.8557130047539,0,-4776.270730469678
0.5034035812211632,425.5425814337796,0,-4825.264194400108
0.5568838268828555,329.7358701831672,0,-5100.689343966883
0.7077677847077222,119.877103927065,0,-5485.347349156329
0.6285067975041544,208.7113044543858,0,-5238.27074174837
0.5898710742316345,257.0780067199776,0,-5250.84446214204
0.426460765898419,591.4203334407393,0,-4398.139164107732
0.4229254731809446,582.0960740813207,0,-4151.329072311311
0.6070849082170136,237.6881070217987,0,-5241.982131814521
0.5815831881580281,283.9879559354758,0,-5185.477536322545
0.7035074407537596,121.9460016443954,0,-5345.136473944031
0.516722284942507,368.977696617023,0,-4591.478036954561
0.6091068447207207,219.4619424608336,0,-5167.259818824964
0.735622177016221,91.51572404794206,0,-5619.967199347893
0.6869936930524131,143.4086305735855,0,-5434.197966688114
0.6429099063888376,177.5581182215155,0,-4992.79667057476
0.7113805294726481,115.4456660702963,0,-5491.768029474763
0.7255021598460697,100.7202828883674,0,-5539.073376263957
0.6110528283433566,227.1071896395933,0,-4994.27904622443
0.8022713803170021,50.31806747968585,6.536993168992922e-13,-5731.49431896386
0.8164233685471146,42.60613926934457,3.347444543777556e-11,-5810.830131252113
0.6728456225438922,158.7499729006904,0,-5461.900358351308
0.6914233929191492,132.3393580511729,0,-5220.55239104546
0.6664626339020018,167.9339395149782,0,-5329.584199437737
0.7648577634517781,74.85581385242767,0,-5513.951071946643
0.9391261593259792,4.097780661022625,0.0214697716398205,-6051.604669859933
0.8596892222500728,24.03198939109461,4.737419168066026e-07,-5811.149159139314
0.840682605095823,32.57451571553065,5.735450891997118e-09,-5876.761953106201
0.8412022621312978,33.09555363617437,4.386956686808219e-09,-5868.220490677134
0.8831238917862483,16.78187904052902,2.096591102929146e-05,-5980.984110115141
0.7478821746766003,85.17347753199283,0,-5602.716145124866
0.7356240735154616,101.7748019843912,0,-5652.751104767525
0.8564064823589842,24.11990142095419,4.525997432947015e-07,-5848.368833080544
0.9042168702063573,11.16230036579145,0.0004173817582913131,-5985.364107895648
0.8271988988644599,37.65877754348185,4.213331905589257e-10,-5810.367399354721
0.8428577100014681,31.8707620934747,8.238944748661936e-09,-5832.032064134811