Codon,alpha,beta,beta-alpha,Prob[alpha<beta],Prob[alpha>beta],BayesFactor,PSRF,Neff
1,1,0.2385923527510282,-0.7614076472489718,0.004899803615359267,0.9939794697520983,0.0360316320636743,1.004761751715498,258.246444053722
2,1,0.2385923156041784,-0.7614076843958216,0.00489980896905619,0.9939794641523024,0.03603167162694908,1.004761750256013,258.2464820529227
3,1,0.2385923368445695,-0.7614076631554305,0.004899800189599203,0.9939794737315946,0.03603160674765669,1.00476175206295,258.2464350074508
4,1,0.2385923519271131,-0.7614076480728869,0.004899803529319692,0.993979469856526,0.0360316314278506,1.00476175171786,258.2464439922348
5,1,0.2608261367861144,-0.7391738632138856,0.007066809338705647,0.9913848762947153,0.05208053278685959,1.004766315766606,258.127669788159
6,1,0.4432072553065939,-0.556792744693406,0.02262629415699648,0.972671333901302,0.1694044639111882,1.004871359095727,255.4243512610878
7,1,0.2385923344811034,-0.7614076655188966,0.004899800531938162,0.9939794733735493,0.03603160927750669,1.004761751969854,258.2464374313047
8,1,0.2604719831045562,-0.7395280168954438,0.007028434100566527,0.9914306095711088,0.0517957155196002,1.004766409909739,258.125220986738
9,1,0.2385923463435326,-0.7614076536564675,0.004899802873545221,0.9939794706433321,0.03603162658174412,1.004761751746888,258.2464432364548
10,1,0.238592334557274,-0.761407665442726,0.004899800513975712,0.9939794733926295,0.03603160914476602,1.004761751973957,258.2464373244689
11,1,0.2577158613505749,-0.742284138649425,0.006735076251398587,0.9917805042127202,0.0496191694025304,1.00476682624724,258.1143920008956
12,1,0.2054452694241826,-0.7945547305758174,0.002523512820618576,0.9968596110967288,0.01851291983478617,1.004714684417931,259.4778188836481
13,1,0.2385922773019361,-0.761407722698064,0.004899808995545159,0.9939794645059165,0.03603167182269987,1.00476174968566,258.2464969026472
14,1,0.4432423762065036,-0.5567576237934964,0.02263416707540192,0.9726620968517665,0.1694647740070583,1.004871114396053,255.4305818991389
15,1,0.238592346334022,-0.761407653665978,0.004899802872035598,0.9939794706451035,0.03603162657058816,1.004761751746999,258.246443233566
16,1,0.4602242985646793,-0.5397757014353207,0.02667691985497787,0.967937062359048,0.2005629618163359,1.00475391348473,258.4506841782339
17,1,0.6140884961660915,-0.3859115038339085,0.05204741864380593,0.9372841262809051,0.4017766133409497,1.004246154446617,272.418121011069
18,1,0.260859159658823,-0.739140840341177,0.007070153668560496,0.9913808778944752,0.05210535511912558,1.004766339045885,258.1270642554759
19,1,0.4429784938854202,-0.5570215061145798,0.02257490609643845,0.9727316175195504,0.1690108321224965,1.004872961726167,255.3835520888391
20,1,0.2576904367428215,-0.7423095632571785,0.006731710494221189,0.9917844835827105,0.04959420488466088,1.004766925253249,258.1118169790558
21,1,0.2576307525771677,-0.7423692474228323,0.006725199035657557,0.9917922416780774,0.04954590852855596,1.004766964689751,258.1107912997016
22,1,0.5619693020262868,-0.4380306979737132,0.04338089896131799,0.9479547259056135,0.3318421674704791,1.004343457477061,269.6240812902699
23,1,0.6276540980792326,-0.3723459019207674,0.07219806756919331,0.9151900069891747,0.5694326604951531,1.004081177623296,277.2920366744014
24,1,0.2385923345643586,-0.7614076654356414,0.004899800513680606,0.993979473392969,0.03603160914258521,1.004761751974145,258.2464373195765
25,1,0.5727903483781165,-0.4272096516218835,0.04748243380245516,0.9432237401941197,0.3647808660012078,1.004296722478332,270.9587788784492
26,1,0.2385923534479422,-0.7614076465520578,0.004899803715133622,0.9939794696344755,0.03603163280099662,1.004761751708556,258.2464442344688
27,1,0.443196937503801,-0.556803062496199,0.0226239856607974,0.9726740423486449,0.1693867799762626,1.004871430896211,255.4225231078661
28,1,0.2606232045597657,-0.7393767954402343,0.007045525134745099,0.9914102800785919,0.05192256078604186,1.004766273219879,258.1287765066393
29,1,0.4416123529039112,-0.5583876470960888,0.02227431045302092,0.973084701891364,0.166709102838117,1.004882295725673,255.1461932315587
30,1,0.2511720222710737,-0.7488279777289263,0.00606699310421526,0.9925788560187726,0.04466717235967028,1.004766793034212,258.1152558417156
31,1,0.4441811755855655,-0.5558188244144345,0.0228453917797428,0.9724143310928532,0.171083213046756,1.004864574508393,255.5972174421809
32,1,0.4690454729018258,-0.5309545270981741,0.0289530868021047,0.96529088095341,0.2181859256883702,1.00469434887919,260.0135316468246
33,1,0.6140030211084488,-0.3859969788915512,0.06544558804532516,0.9227727952922129,0.5124457013652721,1.004137380882663,275.6118827042677
34,1,0.2385923322716193,-0.7614076677283808,0.004899800842271682,0.9939794730492333,0.03603161157083976,1.004761751884307,258.2464396586188
35,1,0.4430518752630099,-0.5569481247369901,0.02259139641508571,0.9727122725549651,0.1691371432109812,1.004872446954245,255.3966555195538
36,1,0.238592336850322,-0.761407663149678,0.004899800188730513,0.9939794737325001,0.03603160674123716,1.004761752063181,258.2464350014546
37,1,0.2125684866378962,-0.7874315133621038,0.002954013420212706,0.9963344293663929,0.02168050263462228,1.00472892173689,259.1040867658131
38,1,0.6272828431252446,-0.3727171568747554,0.07201567450165693,0.9153950733178047,0.5678824720825,1.004082515769445,277.2517924882725
39,1,0.6895927561367303,-0.3104072438632697,0.09280852138423847,0.8910243441244627,0.7486192038904885,1.004065678482691,277.7590313926772
40,1,0.260859159658823,-0.739140840341177,0.007070153668560496,0.9913808778944752,0.05210535511912558,1.004766339045885,258.1270642554759
41,1,0.4922231640382662,-0.5077768359617338,0.03553664209781519,0.9576907184372299,0.2696265955404109,1.004538859865076,264.1850878114351
42,1,0.2608574150967022,-0.7391425849032978,0.007070205165964604,0.9913808297364659,0.05210573734519264,1.004766307125071,258.1278945695738
43,1,0.2505756308837976,-0.7494243691162024,0.006010826595440072,0.9926462161238796,0.04425115568837894,1.00476630375414,258.1279822534852
44,1,0.2385923367889845,-0.7614076632110155,0.004899800197488785,0.9939794737233502,0.0360316068059599,1.004761752060787,258.2464350637912
45,1,0.2385923462484778,-0.7614076537515222,0.004899802859622018,0.9939794706597436,0.03603162647885307,1.004761751747862,258.2464432110837
46,1,0.4682141103646632,-0.5317858896353368,0.02873254473592385,0.9655467824946513,0.2164747899485996,1.004699973987713,259.8651211876489
47,1,0.4436927793486005,-0.5563072206513995,0.02274219072993513,0.9725358804564763,0.1702923819223678,1.004867608584264,255.5198821255286
48,1,0.6460018414511,-0.3539981585489,0.08185722214874637,0.9044371703546139,0.6524073609801392,1.003991221041583,280.0248755635031
49,1,0.5453898165953898,-0.4546101834046102,0.03757686756009206,0.9546916964840431,0.2857107579613137,1.004423281954921,267.3749637567132
50,1,0.7768054345172074,-0.2231945654827926,0.1532394190197241,0.8254624445949361,1.32428645409319,1.003528830899835,294.9804811100611
51,1,0.5954447688428297,-0.4045552311571703,0.05689276187569771,0.9324570682715029,0.4414362679350258,1.004208061681497,273.5280103070164
52,1,0.2375818477406924,-0.7624181522593075,0.004814813501512858,0.994081878474525,0.03540361742300313,1.00476065332748,258.2750449206614
53,1,0.4435275855305456,-0.5564724144694544,0.02269839006839065,0.972586767269459,0.1699567873112951,1.00486911608694,255.4814751709027
54,1,0.5621078044445207,-0.4378921955554793,0.04343172633672079,0.9478959418283761,0.3322486245906135,1.004342836169507,269.6417376534864
55,1,0.4437863055125231,-0.5562136944874769,0.02275655281890589,0.9725185392902442,0.1704024288110567,1.00486731496218,255.5273641593355
56,1,3.655552797448808,2.655552797448808,0.9981653684611151,0.001570332123005158,3981.307435091624,0.9997841345924914,522.3324242568043
57,1,0.2576219874126147,-0.7423780125873853,0.0067240415010896,0.9917936103536797,0.04953732300666153,1.004766998539003,258.1099109422647
58,1,0.4607241246035543,-0.5392758753964457,0.02680536016401456,0.9677876983104964,0.2015552017096249,1.004750381686926,258.5428191177197
59,1,0.7689895390706858,-0.2310104609293142,0.1476914278082378,0.8313558021430063,1.268032850563219,1.003611906409028,292.175296275483
60,1,0.4608885240972543,-0.5391114759027457,0.02684562280168879,0.9677407209953163,0.2018662965773332,1.004749324462926,258.5704121642373
61,1,0.873576018773732,-0.126423981226268,0.2240363072038383,0.745399842203462,2.112754700490293,1.00349624901598,296.0956181100627
62,1,1.113124676819202,0.1131246768192016,0.3827611686264915,0.5875253017276355,4.537814136757458,1.000417177249059,461.8726718491299
63,1,0.4433988803656672,-0.5566011196343328,0.02266942025542821,0.9726207481910573,0.1697348411379229,1.004870016180449,255.4585488909146
64,1,0.6249661461379685,-0.3750338538620315,0.05697504962208663,0.9315863199145079,0.4421133214223127,1.004210381893653,273.4601452661965
65,1,0.6136564109444385,-0.3863435890555615,0.06528143203642509,0.9229581235908455,0.5110705725114673,1.004138665630787,275.5737174049544
66,1,0.4601266778779047,-0.5398733221220953,0.02665527826701666,0.96796249815047,0.2003957998402608,1.004754432996313,258.4371371644661
67,1,0.411560975670113,-0.588439024329887,0.01622378981061662,0.9802271224361245,0.1206779897658319,1.00510171253444,249.6927315652545
68,1,0.5129073111507231,-0.4870926888492769,0.02780024702817142,0.9661606018935555,0.2092498815476696,1.004614404191591,262.141506525805
69,1,0.6406889180951407,-0.3593110819048593,0.06468362037140836,0.9227368620272667,0.506066805870535,1.004167716595544,274.7135683188788
70,1,0.7081898097659103,-0.2918101902340897,0.1049645409802465,0.8775710527482614,0.8581722002234542,1.00401339221765,279.3462671022991
71,1,0.5554693611732207,-0.4445306388267793,0.04103716557157273,0.9506691068926963,0.3131465654226834,1.004373465312676,268.7740993006212
72,1,0.843063128088178,-0.156936871911822,0.1971937810698646,0.7752589325043229,1.797440647032186,1.003633528046348,291.4540461579898
73,1,1.619661265378042,0.6196612653780424,0.7064242666632944,0.268954697354934,17.60830398922797,0.999817573265778,518.7423584262717
74,1,0.8136748853944891,-0.1863251146055109,0.1703913051290384,0.8037130973204503,1.502955792443147,1.003815368027634,285.5280691675746
75,1,0.4438759211294315,-0.5561240788705686,0.0227770058205743,0.9724945692332501,0.1705591517912867,1.004866676278954,255.5436405251337
76,1,0.5722206232161755,-0.4277793767838245,0.04725746843662045,0.9434823405760095,0.3629668580443512,1.004299135205776,270.8895461860868
77,1,0.5108341966198713,-0.4891658033801287,0.04148343530156406,0.9508904519230328,0.3166993436915961,1.004409589490179,267.7580518584613
78,1,0.8243190038712639,-0.1756809961287361,0.180145920502857,0.7933046479011296,1.607903357042634,1.003760334719231,287.2956237013433
79,1,0.7057052372219734,-0.2942947627780266,0.1033032920965472,0.8794014188254662,0.8430253978957737,1.004021551869127,279.0973575404037
80,1,0.7889783108601449,-0.2110216891398551,0.1554831021973161,0.8212432663507295,1.347246070506319,1.003835324925268,284.8925281116374
81,1,0.2507639622823029,-0.7492360377176972,0.006027782580519385,0.9926258387521644,0.04437674110142474,1.004766572956479,258.1209800126194
82,1,0.4692324761970362,-0.5307675238029638,0.02900134321754242,0.9652347746177046,0.2185604398890291,1.004693159725824,260.0449277888845
83,1,0.7141391234705112,-0.2858608765294888,0.1089944115501366,0.8731443250370041,0.8951501221164812,1.003991484147777,280.0168028963272
84,1,0.2608418546831267,-0.7391581453168733,0.007069248886244724,0.9913820094613982,0.05209863961454778,1.004766212804908,258.1303480274446
85,1,0.2380380499257091,-0.7619619500742909,0.004853572484764437,0.9940351953377006,0.03569000459237943,1.004761063313932,258.2643685533816
86,1,0.6430456303532938,-0.3569543696467062,0.08026039730808375,0.9062076194056414,0.6385699690257947,1.004007144978394,279.5371430716016
87,1,0.4688728288196312,-0.5311271711803689,0.02891004016640472,0.9653410586981639,0.217851875584484,1.004695373634652,259.9864821243416
88,1,0.5947778427714678,-0.4052221572285322,0.05659895533789614,0.9327913568528061,0.4390198274853965,1.0042105860333,273.4541759182893
89,1,0.5357808646915405,-0.4642191353084595,0.05038117092945556,0.9408207736098827,0.3882317163014053,1.004218200137207,273.2317167389427
90,1,0.750781895865861,-0.249218104134139,0.1347019321120722,0.8452438884964539,1.139148029729693,1.003777874883374,286.7298675158646
91,1,0.958859322304412,-0.04114067769558805,0.2782293508227089,0.6942320623591355,2.820822747348886,1.001688797080492,374.9428200885901
92,1,0.6253474442085853,-0.3746525557914147,0.05715446904623293,0.9313795452080681,0.4435899722066716,1.004209226213281,273.4939440681652
93,1,0.6375597827618878,-0.3624402172381122,0.06310727690248912,0.9245418479679273,0.4929032106829149,1.004175460808814,274.4851937531267
94,1,0.8247072756871212,-0.1752927243128788,0.1845568167054685,0.7903886904351067,1.656183510483459,1.003541103678661,294.5626396723227
95,1,0.6268791213182519,-0.3731208786817481,0.05787514714670694,0.9305489763428685,0.4495269358590093,1.00420464964806,273.6278726399281
96,1,0.9696139293920755,-0.03038607060792453,0.266990856295492,0.7085817751222336,2.66537959287686,1.00093248851863,422.1636612629126
97,1,0.8025767971113476,-0.1974232028886524,0.1602383835554897,0.8146233696000997,1.396312440171443,1.003860598745848,284.0917688518166
98,1,0.184907656864993,-0.815092343135007,0.001512629997907564,0.998101003618898,0.01108567661171784,1.004657585045988,260.9877448193296
99,1,0.9678925826366183,-0.03210741736338174,0.30732825486661,0.6600030718099076,3.246736844152844,1.002429668531409,337.9915886181515
100,1,0.6905893268796024,-0.3094106731203976,0.09343985252215245,0.8903216610746432,0.7542365825010943,1.004063359310198,277.829046089525