dN,dS,dN/dS,dS=dN,LRT,p-value,Full Log(L)
0.4550058038385846,0,inf,0.3522465810409895,0.5115750466320854,0.4744578242734748,-13.42338942496597
0,0,0,0,0,1,0
0,0,0,0,0,1,0
0,0,0,0,0,1,0
0,2.643884300531526,0,0.4545905565407783,3.510459255827794,0.06098254882546006,-9.823558018007494
0,1.100540847184943,0,0.3559421269006662,2.254474627698933,0.1332286640937449,-10.63456637586767
0,2.643888843565608,0,0.4545906618583944,3.510462123087475,0.06098244328762437,-9.824308249142355
0,0,0,0,0,1,0
0,0,0,0,0,1,0
0.9118647174109243,2.652941816431475,0.3437183249791327,1.166956051311919,0.6499682256435477,0.4201240399868471,-26.18747616939706
0.5279934164902158,4.51948439092282,0.1168260294361602,1.797768920852806,4.882079539991651,0.02713690642785305,-33.33000026458792
0,0,0,0,0,1,0
0.8542122074143598,6.101514134812657e-15,140000037456372.8,0.7659591891786947,0.4351345110383988,0.5094802170653911,-18.41194671990912
0,0,0,0,0,1,0
0,1.017586321361619,0,0.3469527906203806,2.1508648581265,0.1424896051749225,-11.2888662578574
0,0,0,0,0,1,0
0.5125137091097356,0,inf,0.3853111572237357,0.5702078856290171,0.4501763200463351,-12.73265668768446
1.702250864386259,0.9874694546899651,1.723851665792248,1.372056273126,0.206323413092484,0.649664464933162,-25.93214926074299
0,5.225674449418118,0,0.912279603646565,6.939175092126391,0.008432799408003566,-14.58464708580072
0,1.100638471025926,0,0.3559557371758207,2.254614289980278,0.1332166444474689,-9.936895794145174
0.9144998133043739,2.612775614054831,0.3500108499118832,1.167209216725913,0.6299640171417167,0.4273685129981557,-26.71815822808382
0,0,0,0,0,1,0
0,0,0,0,0,1,0
0,0,0,0,0,1,0
0.4472553718581621,5.318954889298303,0.08408707747419263,1.147902908741828,4.209308569777555,0.04020272109756995,-21.79204213756938
0,0,0,0,0,1,0
0,0,0,0,0,1,0
0.5281991668023142,1.106141730179637,0.4775149082536962,0.7148977462139036,0.266447456044574,0.6057248662797253,-20.43731902003627
0.4541374193245562,1.581729568647724,0.2871144526385848,0.705769089296876,0.7307074861451213,0.3926539608409926,-18.94602782087724
0,5.329577654432842,0,0.9100856589796776,7.026940743566495,0.008029240410592164,-13.79637793287768
0,0,0,0,0,1,0
0.5282882894563995,1.100024599360556,0.4802513414368129,0.7136983873119956,0.2624357287344878,0.6084516932054393,-19.05456856833959
0,3.161172241615155,0,0.8155825633201177,5.406620200418878,0.02006051948645737,-14.99965890964203
0,0,0,0,0,1,0
0.529809252775398,0,inf,0.3825854641808522,0.650708046032733,0.4198596483906412,-11.64275569835585
0.5829858049312959,0,inf,0.3699598876264579,0.9089562577517647,0.3403915060369633,-12.41815233023586
1.828243285250535,1.067634324033599,1.712424604656116,1.55166430472276,0.2342276560159959,0.6284066505021704,-30.8497438386307
0.4397325283182201,2.643907949184306,0.1663191520922223,0.7537079948085422,1.423279330171887,0.2328643947746143,-18.99547130945315
0.3875925349533494,0,inf,0.3867238906289705,0.004486303475477627,0.9465977257102728,-11.04046167665557
1.024215465870325,4.095923600289098e-17,25005726810872012,0.7619557183636383,1.181669522917517,0.277016375865061,-18.56517912321974
0,1.571562558433148,0,0.4071037257920022,2.698392713195918,0.1004494658028054,-10.33954275081596
0.5424498265293612,1.837417200943206,0.2952240929555379,0.8376260373864693,0.6994888553269973,0.4029554996201526,-17.28501271248169
0.4547921017826025,2.614604239579857,0.1739429986756555,0.7746935742334621,1.359591345856884,0.2436083175273827,-16.3696916860563
0,0,0,0,0,1,0
0,0,0,0,0,1,0
0,0.9409682964277724,0,0.48462077860819,1.324434088948067,0.2497978181927322,-10.90577612598304
0.5025698578369546,0,inf,0.3756376588876949,0.5818694910251629,0.445580471767878,-12.33440473858282
0.4547706980915457,2.643830400706272,0.1720120541658264,0.7758554222316608,1.375441137961019,0.240879216378956,-18.96073324928226
0,0,0,0,0,1,0
0,1.375116117342116,0,0.3805973371047669,2.56606859066412,0.1091787614180195,-10.98977996182468
1.368354058219508,0,inf,1.165629093892841,0.9606680646380639,0.3270186168250042,-23.55674300925428
0.5512808403999281,1.581243571408256,0.3486375219909715,0.8176218166604104,0.5296603435976834,0.4667496931249856,-18.71246527277434
0,2.64389295078911,0,0.4545907543641721,3.510464710973135,0.06098234803312941,-9.824985876230089
0,2.220084105308196,0,0.713685214906704,4.526707661434145,0.03336975712626866,-16.97645895562066
0,2.626208526473579,0,0.4568695122180165,3.48711740089044,0.06184819186757462,-9.192628797940529
0,2.643893358105281,0,0.4545907664885969,3.510464971617075,0.06098233843939649,-9.825054150841451
0,0,0,0,0,1,0
0.5551663437081008,1.375636442044107,0.4035705414165674,0.7911451108176202,0.3972001409428856,0.5285387746195711,-18.31099862623668
0,0,0,0,0,1,0
0,0,0,0,0,1,0
0.5504701051483825,0,inf,0.4070561664029073,0.6031347596092971,0.437384466739233,-11.38193797489398
0.9091151321544038,2.093073364055165e-15,434344609112537.2,0.7061522607136608,1.009158238228494,0.315104583604504,-20.08101624540486
3.010178416378621,2.909442443583917,1.034623806708001,2.959116930489448,0.001714735763229669,0.966969544574229,-39.44032558014337
0.733579274116524,4.095923600289098e-17,17909984308905240,0.4329150497355668,1.054057202968938,0.3045745235829643,-11.15164947069952
1.286514926334168,3.070540622464079,0.4189864536954905,1.811934049469061,0.7273887584484129,0.3937309052034252,-28.83178292784208
0,0,0,0,0,1,0
0,0,0,0,0,1,0
0.5549802135259346,0,inf,0.4100263168885175,0.6050688007606126,0.4366505582762538,-12.76145096633853
0.5125091986849591,0,inf,0.3804106448024216,0.5957531181670106,0.4402030070760835,-12.78544749438622
0.5113979763178383,2.997020574645078,0.1706354573085974,1.143410285217809,2.228554512405111,0.1354805432101449,-21.644446007388
0.4261837892416055,0,inf,0.3819929799711061,0.2186694046154081,0.6400556408677526,-11.11748482101846
0,0,0,0,0,1,0
0.4547511061025957,0,inf,0.3874613782791518,0.3201132286540158,0.5715396066655611,-12.90561679683012
0.5054263734349461,2.962539047229646,0.1706058098736571,1.130257965076702,2.23049336770486,0.1353106349611788,-20.98124739052667
0,4.76812257115309,0,1.143197229693777,8.511007119100583,0.003530046369934148,-18.60704165069842
0,1.243627889287851,0,0.3763800783433205,2.388628463776531,0.1222208171389829,-9.511735989048654
0,1.372011379696563,0,0.3803599608480558,2.562814555648291,0.1094036537139912,-10.99215385663851
2.289226076306128,2.635964845577631,0.8684585001756652,2.340415374726513,0.01586467297610739,0.8997675111939041,-38.77768751273491
1.279254521327447,0,inf,1.149474020869315,0.6396075826056489,0.4238529329524031,-22.42484091778113
0.9109610133583265,0,inf,0.7750355932469943,0.6457274939940376,0.4216443665438154,-16.9002761547544
0.5273905854916006,2.070289398293173,0.2547424461171476,1.048504904196264,1.345409291444042,0.2460822768815683,-25.04442613123643
1.05793265422164,0,inf,0.6947819929052398,1.679380317190194,0.195006814193082,-18.33333542072764
1.540754973544233,3.036890600161291,0.5073462223046173,1.918342905976046,0.514130800563052,0.4733561110303806,-33.75463952829211
1.528798530385047,1.381240912799881,1.106829747235083,1.489071985003106,0.00782451568652931,0.9295140216339915,-31.93545649950183
0.5025718046970574,0,inf,0.3803833939884981,0.5568030124928853,0.4555512330466508,-12.28323995551718
1.797510636941835,0,inf,1.395850379783199,2.0173883448753,0.1555064033747342,-27.79218608973789
0.6413406035586033,6.452853793793818e-16,993886773283826,0.4473119756629171,0.7203774872545203,0.3960201144585902,-12.5583299279311
1.587327552986614,1.065862899070172,1.489241772437481,1.414471698442767,0.1259925370963302,0.7226238470927169,-29.47882441031151
1.099192246179665,9.761350223276945e-16,1126065780898352,0.7851087911459507,1.343343915106523,0.2464451219292085,-16.5247983881844
0,0,0,0,0,1,0
0,1.565538441257712,0,0.3799315805375766,2.825794267522024,0.09276099264519622,-9.81691319182231
1.863037623450766,1.297592625026627,1.435764651800896,1.529944859938341,0.1295909169977136,0.7188565677483185,-30.37416035762467
0.5493723111743066,0,inf,0.3668398897502026,0.8069995510880013,0.3690088238893906,-10.05687451884876
1.928001290915577,0,inf,1.366087586288833,2.065519730957696,0.1506635556711661,-26.34013642112593
0,0,0,0,0,1,0
0.4397306367319278,1.575586988482026,0.2790900406937095,0.6875706686560533,0.7624823805234087,0.3825527828474766,-19.55674113144133
0.9279839296364403,1.268772320576467,0.7314030378711369,1.130299157398908,0.06709562831387927,0.795613452735622,-23.85629258200789
0.5111579259611686,0,inf,0.3804139048042116,0.5904630835214171,0.4422401030934107,-12.78167407669355
2.399291688094253,0,inf,1.952831924852118,1.642908186928587,0.199926919939926,-29.42598924817765
0.455239084492874,0,inf,0.3518375205168355,0.5149205624527085,0.4730165053671044,-11.51636459750954