ObservedSChanges	ObservedNSChanges	E[SSites]	E[NSSites]	ObservedS.Prop.	P{S}	dS	dN	dN-dS	P{Sleq.observed}	P{Sgeq.observed}	ScaleddN-dS
43	2	0.9998534757861401	2.000121613821821	0.9555555555555556	0.3332872593674775	43.00630146451311	0.9999391967863451	-42.00636226772676	0.9999999999999991	8.881784197001252e-16	-2.805349681433737
18	1	0.9992285172872331	2.000771482712763	0.9473684210526315	0.3330761724290781	18.01389741044171	0.4998072036913188	-17.5140902067504	0.9999999991521332	3.310412666213125e-08	-1.169659659385875
30	2	0.999066629524788	2.000933370475211	0.9375	0.3330222098415961	30.02802727408649	0.999533532455911	-29.02849374163058	0.999999999999967	1.075028954744539e-12	-1.938636703448865
19	10	0.7160644417194751	2.281941898770034	0.6551724137931034	0.2388468736869173	26.53392473221485	4.38223252107777	-22.15169221113708	0.9999996389863249	2.359371162219404e-06	-1.479376916564753
12	1	0.9998706085460313	2.000129391453968	0.9230769230769231	0.3332902028486772	12.0015528983794	0.4999676542291412	-11.50158524415026	0.9999993738287558	1.690978382618002e-05	-0.7681209883163259
18	1	0.7156062051248018	2.160282696552949	0.9473684210526315	0.2488295722089013	25.15349904890889	0.4629023792097433	-24.69059666969914	0.9999999999966719	1.94193883196192e-10	-1.648934917531905
25	2	0.9998398311213454	2.000160168878654	0.9259259259259259	0.3332799437071152	25.00400486342085	0.9999199219736769	-24.00408494144717	0.9999999999928165	1.9059376299424e-10	-1.603086970835701
20	1	0.7156062051248023	2.160380483512597	0.9523809523809523	0.2488211117082207	27.94833227656541	0.4628814265041331	-27.48545085006128	0.9999999999997935	1.325939358309824e-11	-1.835586245122738
19	0	0.9999999999999996	1.999999999999999	1	0.3333333333333333	19.00000000000001	0	-19.00000000000001	1	8.60391091705992e-10	-1.268894545248265
10	0	0.999999999999999	1.999999999999998	1	0.3333333333333334	10.00000000000001	0	-10.00000000000001	1	1.693508780831188e-05	-0.6678392343411924
16	2	0.715606205124802	2.161121410223396	0.8888888888888888	0.2487570256241258	22.35866582125234	0.9254454611105162	-21.43322036014182	0.9999999992635368	1.929988202586941e-08	-1.431394547478316
30	15	0.7118075498466494	2.280364055247388	0.6666666666666666	0.2378899487699265	42.14622338083257	6.577897053535473	-35.5683263272971	0.9999999998000015	1.34603983514836e-09	-2.375392382121975
15	4	0.7157335447899511	2.160591268630287	0.7894736842105263	0.2488361333360235	20.95751988877663	1.851345073025224	-19.10617481575141	0.9999999058729789	1.165706003836142e-06	-1.275985316014038
7	15	0.8213915483989472	2.178608451601053	0.3181818181818182	0.2737971827996491	8.522123235434268	6.885128894536577	-1.636994340897691	0.7653047718062267	0.3967673104141651	-0.1093249047245978
35	3	0.9971829908261096	2.002817009173891	0.9210526315789473	0.3323943302753698	35.09887384962762	1.497890214761767	-33.60098363486586	0.9999999999999976	4.785061236134425e-14	-2.244005518381972
12	9	0.7153184679385701	2.283436135691509	0.5714285714285714	0.2385385143127939	16.77574470372899	3.941428384759475	-12.83431631896951	0.9997749630737147	0.001083610488851194	-0.8571259983753261
26	9	0.7177839057279514	2.159899412655503	0.7428571428571429	0.2494311660850743	36.22260097017877	4.166860709932268	-32.05574026024651	0.9999999998634997	1.253579462456855e-09	-2.140808103164314
14	5	0.7156062051248024	2.161946442808264	0.7368421052631579	0.2486857036790689	19.56383259359578	2.312730741611361	-17.25110185198442	0.9999988439739291	1.078820984790063e-05	-1.152096265237119
22.5	34.5	0.6797659766794121	2.102917612175458	0.3947368421052632	0.2442843230189708	33.09962659489111	16.40577823888684	-16.69384835600428	0.9958675721616188	0.009049453677356878	-1.114880690428186
20	14	0.7165083924540212	2.249398466693699	0.5882352941176471	0.2415815554841517	27.9131412983183	6.223886166588368	-21.68925513172994	0.9999965427267096	1.675053360528089e-05	-1.448493554060528
10	4	0.7156062051248024	2.160546814948972	0.7142857142857143	0.2488067220799146	13.9741661382827	1.851383164819075	-12.12278297346363	0.9999620581623598	0.0003277175256855003	-0.8096070099082385
15	2	0.9927378330661061	2.003008609019325	0.8823529411764706	0.3313824625207702	15.10972937706219	0.9984979550233695	-14.11123142203882	0.9999997526114941	4.127437853163052e-06	-0.942403398850577
8	14	0.7203965553497825	2.277925918510462	0.3636363636363636	0.2402665362482825	11.10499479847688	6.145941747374566	-4.959053051102318	0.9400975607158197	0.1356976215995774	-0.3311850192705523
5	0	0.9999999999999999	2	1	0.3333333333333334	5.000000000000001	0	-5.000000000000001	1	0.004115226337448541	-0.3339196171705959
21	27	0.7920285795068261	2.204835386956177	0.4375	0.2642857962090299	26.5141947441797	12.24581216345321	-14.26838258072649	0.9970436625365717	0.007061016154608635	-0.9528985697999578
6	1	0.7164703943728298	2.15978172799739	0.8571428571428571	0.2490986060646211	8.374386502392978	0.463009750956282	-7.911376751436697	0.9999404887488493	0.001315277291156436	-0.5283527792264188
10	12	0.7153433172180818	2.283139694828316	0.4545454545454545	0.2385684075394764	13.97930162944595	5.255920181836424	-8.723381447609523	0.9931162445564551	0.02155161074598977	-0.58258163868377
27	15	0.9932838534536579	2.006716146546343	0.6428571428571429	0.3310946178178859	27.18256207036964	7.474898742313773	-19.70766332805587	0.9999910566277828	3.484776624163022e-05	-1.316155078766281
40.5	7.5	0.998764621825185	2.000536184398515	0.84375	0.3329991509196737	40.55009470198151	3.748994923705898	-36.80109977827561	0.9999999999999315	7.093214904330125e-13	-2.457721829883738
5	23	0.3077521707379934	2.691253266054917	0.1785714285714286	0.1026180769672424	16.24683909786872	8.546204212773882	-7.700634885094834	0.9389694317397923	0.1537269523700668	-0.5142786105602805
23	36	0.7831281027571033	2.212735424517396	0.3898305084745763	0.2614031298914199	29.36939680625116	16.26945526388529	-13.09994154236587	0.989513557031049	0.02095316529042346	-0.8748654929567995
16	9	0.7160489358064471	2.281032211604296	0.64	0.2389154315775069	22.34484153234592	3.945582159784635	-18.39925937256129	0.9999962058480172	2.352140106742784e-05	-1.228774729181633
17	22	0.7243468901291548	2.272721653286674	0.4358974358974359	0.2416851265282041	23.46941808084357	9.680023934380579	-13.789394146463	0.9977684829072521	0.006030692264552773	-0.9209098428802759
31	19	0.7139050948529196	2.269835794736673	0.62	0.2392651109028156	43.42313876662652	8.370649561548664	-35.05248920507786	0.9999999978954305	1.14726901312423e-08	-2.340942755247209
3	20	0.3096265118079773	2.688512674208988	0.1304347826086956	0.103272894484701	9.689092779821534	7.439057361291549	-2.250035418529985	0.7913881980445564	0.4290990913029695	-0.1502661931151628
9	13	0.7172395916096371	2.281071306178765	0.4090909090909091	0.2392145498115901	12.5481081988267	5.69907655441842	-6.849031644408278	0.9780482953197436	0.05844559330978172	-0.4574052049380218
19	4	0.9992038792212534	2.000398060389372	0.8260869565217391	0.3331121593256999	19.01513834674859	1.999602018820899	-17.01553632792769	0.9999998402425727	1.64781244837986e-06	-1.136364275314796
5	20	0.7186642101011519	2.280860556373732	0.2	0.2395926908600738	6.957352167706043	8.76862022279756	1.811268055091517	0.4251345489049641	0.7501054717407473	0.1209635871098978
19	41	0.5716754491189054	2.220427293597557	0.3166666666666667	0.2047472825311281	33.23564100799456	18.46491444156742	-14.77072656642714	0.9862460292381893	0.02770183523966174	-0.9864470720785801
11	73	0.7081684724625478	2.280662807978958	0.130952380952381	0.2369382564672363	15.53302699532666	32.00823889643291	16.47521190110625	0.0117959997141697	0.9947617262475018	1.100279290164369
28	6	0.7163132233038498	2.163286871247543	0.8235294117647058	0.2487544102596798	39.08904525153908	2.773557256666504	-36.31548799487257	0.9999999999997905	3.126721104251828e-12	-2.425290769722244
16	5	0.7148011162824623	2.160053427748595	0.7619047619047619	0.2486390547189855	22.38384864759697	2.314757559127348	-20.06909108846962	0.9999998909668981	1.148703537512397e-06	-1.340292642644719
6	34	0.7342245982608052	2.256976025555954	0.15	0.2454615021188173	8.17188638764283	15.06440459048513	6.8925182028423	0.1076224561714171	0.9506168242211662	0.4603094079268928
29	16	0.9902489232465905	2.001648699133671	0.6444444444444445	0.3309768742884922	29.28556579988167	7.993410635405166	-21.2921551644765	0.9999957512088516	1.660380917933857e-05	-1.421973660251784
7	3	0.7156375588496784	2.284264950874026	0.7	0.2385536051688525	9.78148772858129	1.313332763282172	-8.468154965299117	0.9997067126887434	0.002622457057083305	-0.5655366128307924
19	36	0.7152811563017395	2.277729479203188	0.3454545454545455	0.2389838338082183	26.56298132923957	15.8052131865079	-10.75776814273167	0.9740815120914046	0.0492118761646414	-0.7184459639661985
33	19	0.9916549804385006	2.004018625218083	0.6346153846153846	0.3310290475457697	33.277703083191	9.480949808005086	-23.79675327518591	0.9999980650483098	7.197395625380132e-06	-1.589240548710641
7	31	1.133531148914701	1.754934111163986	0.1842105263157895	0.3924337137029723	6.175392715676274	17.66448085018918	11.4890881345129	0.005166711711614315	0.9983719252725474	0.7672863823031569
11	11	0.7162420354268978	2.15960579083669	0.5	0.2490542193803999	15.35793692064405	5.093522181998919	-10.26441473864513	0.9972261301305378	0.009682349696852222	-0.6854978880017211
12	44	0.9781280795032065	2.010659363038055	0.2142857142857143	0.3272658555710266	12.26833198173273	21.88336861472006	9.615036632987332	0.04490367430033061	0.9775275769197727	0.642129870313677
6	1	0.9999268898278363	2.00002312620107	0.8571428571428571	0.333314516737002	6.00043869310591	0.4999942185165844	-5.500444474589326	0.9995429332792009	0.006856542670301335	-0.3673412626445974
18	49	0.8730419358165503	2.108234109974803	0.2686567164179104	0.2928416967791418	20.61756630643947	23.24220055456063	2.624634248121161	0.3884613781282326	0.7108985286115517	0.1752833726690906
4	1	0.7156062051248023	2.160250886104055	0.8	0.2488323245641607	5.589666455313082	0.4629091956089733	-5.126757259704108	0.9990460316120376	0.01535302642192393	-0.3423849642973938
41	60	0.8918159959801033	2.099677076926569	0.405940594059406	0.2981173528553666	45.97360911310086	28.57582275833855	-17.39778635476232	0.9921928459665885	0.01350183083847623	-1.16189243183961
23	66	0.7126494306556406	2.278842411939381	0.2584269662921349	0.2382254300374226	32.27393303161682	28.96207287270536	-3.311860158911458	0.721105304254306	0.366111160291935	-0.2211790152772525
21	39	0.7068372230552005	2.270026668739944	0.35	0.2374435811470557	29.70981056887549	17.1804148986709	-12.52939567020459	0.9830617547689044	0.03270064118181759	-0.8367622011147279
4	3	0.9994107963244681	2.000589203675531	0.5714285714285714	0.3331369321081561	4.00235820416469	1.499558227390374	-2.502799976774315	0.9548455632815536	0.1729951456588235	-0.1671468020198111
17	143	0.7440387964321827	2.238910010736677	0.10625	0.2494306287268657	22.84827092554643	63.87036518406033	41.0220942585139	4.450199088652893e-06	0.9999984703893836	2.739616402067812
14	18	0.7162192684914388	2.281885283264443	0.4375	0.2388906911441681	19.54708650814153	7.888214246357458	-11.65887226178407	0.9962321823496968	0.01059526182549531	-0.7786252324591635
31	41	0.5633767299792664	2.223572692399145	0.4305555555555556	0.20214817156548	55.02534689556822	18.43879453104934	-36.58655236451888	0.9999970579959362	9.28247563758422e-06	-2.443393511830421
18	39	0.7475266695936779	2.244259312018362	0.3157894736842105	0.2498596738496963	24.07940844409471	17.3776710165126	-6.701737427582103	0.9012170407396842	0.1591648265444593	-0.4475683192392139
4.5	48.5	0.1288280334063504	2.864834191605998	0.08490566037735849	0.04303359020599559	34.93028559867917	16.9294265413704	-18.00085905730877	0.9485045794196103	0.1353097308475281	-1.20216799303168
20	13	0.718915663408546	2.158220631669872	0.6060606060606061	0.2498719524126512	27.81967484916848	6.023480551171249	-21.79619429799723	0.9999969214747428	1.536397934642775e-05	-1.455635371152632
10	36	0.6786814888050382	2.135170912773061	0.2173913043478261	0.2411929952062914	14.73445226509287	16.8604769691457	2.126024704052826	0.4303116571303557	0.7011037687604426	0.1419842710545098
13	52	0.7165245813473811	2.274746073227418	0.2	0.2395385319785558	18.14313191538285	22.85969436853328	4.716562453150438	0.2793965914868713	0.812499415132475	0.3149905457434402
20	12	0.7195897504829266	2.272132015101795	0.625	0.2405269630220059	27.79361432896692	5.281383264811037	-22.51223106415588	0.9999992522720934	4.240207214123437e-06	-1.503455115719786
15	46	0.7155967072836549	2.106579427534672	0.2459016393442623	0.2535620291218005	20.9615274180603	21.83634730252434	0.8748198844640456	0.5135685379365196	0.603222614783073	0.0584239041826918
19.5	21.5	0.7508629191207691	2.247418423380749	0.475609756097561	0.2504311081408762	25.97011984935111	9.566531882237555	-16.40358796711355	0.9994209705945762	0.001686672181264393	-1.09549596284055
5	65	0.9690345556068348	2.030965444393166	0.07142857142857142	0.3230115185356116	5.159774717083097	32.0044834733372	26.8447087562541	4.885042763973314e-07	0.9999999252731084	1.792794974188902
15	40	0.6101140111260946	2.232919593580436	0.2727272727272727	0.2145996481068936	24.58556880592583	17.91376640475482	-6.671802401171018	0.8855175800094763	0.1858687038982796	-0.4455691407273777
8	53	0.3394032819013461	2.653560651660864	0.1311475409836066	0.1134003915300744	23.57077973784989	19.97316321630987	-3.597616521540019	0.7485876600534278	0.3880390766991934	-0.2402629463198508
12	59	0.377310114373324	2.619924217526472	0.1690140845070423	0.1258860911733138	31.80407718444244	22.51973534398762	-9.284341840454822	0.8950681116005744	0.1773003965238606	-0.6200447746091239
6	24	0.9894639558799369	1.788446319173503	0.2	0.3561900342014834	6.063889406324216	13.41946903449199	7.355579628167772	0.05094475368300803	0.9802367585919226	0.4912344667011233
3	41	0.06113574301043634	2.933944121714515	0.06818181818181818	0.02041205769851838	49.07113011594342	13.97436293914171	-35.09676717680171	0.9876876780373348	0.06066941613357457	-2.343899811920632
8	10	0.7167546593232718	2.159853651988524	0.4444444444444444	0.2491665815275407	11.16142029345613	4.629943325462468	-6.531476967993663	0.9810665732641678	0.05595132493510635	-0.4361976577422016
39.5	85.5	0.8996550850367611	2.097628943824743	0.316	0.3001567673846673	43.90571526462942	40.76030713234835	-3.145408132281069	0.6884228097221782	0.3824178500076889	-0.2100626958753147
32	43	0.7580805802351385	2.233587236927308	0.4266666666666667	0.2533973109869421	42.21187144785369	19.25154267050436	-22.96032877734932	0.9996616127147199	0.0007931742492099936	-1.5333808390887
12	36	0.6744913025459506	2.100915446808594	0.25	0.2430243072309354	17.79118567534455	17.13538736396364	-0.6557983113809094	0.6206520486339884	0.5105023523276894	-0.0437967842154873
10	59	0.9739014559731076	2.026042190934698	0.1449275362318841	0.3246399168120899	10.26797931009165	29.12081508666946	18.85283577657782	0.0005771198165851824	0.9998102514983263	1.259066341018996
15	20	0.7217273875869035	2.275866415021279	0.4285714285714285	0.2407689083687503	20.78347068157206	8.787862006308925	-11.99560867526313	0.9958318215033443	0.01113595435162007	-0.8011138113144286
28	46	0.709895215808977	2.274185133299937	0.3783783783783784	0.2378941357999831	39.44244076654605	20.22702519968201	-19.21541556686404	0.9977069014245649	0.004841621402661866	-1.28328084197223
15	16	0.9935721270218139	2.003409205402466	0.4838709677419355	0.331524296221794	15.09704186747046	7.986386384196408	-7.110655483274051	0.9743324517508622	0.05635798189843844	-0.4748774713613739
19	46	0.7099995747345385	2.223481011068318	0.2923076923076923	0.2420331595752561	26.76057940894388	20.68828102017311	-6.072298388770772	0.8616785315797824	0.2088229062417579	-0.4055319106647924
25	42	0.6811780811648588	1.657612019929678	0.373134328358209	0.2912523363452207	36.70112220470802	25.33765410423471	-11.36346810047331	0.9435520115841082	0.09201189294244505	-0.7588969835680653
12	21	0.7141473312197067	2.155916703248645	0.3636363636363636	0.2488262709971189	16.8032554004017	9.740636068339805	-7.062619332061898	0.9532114158010953	0.09591417563212823	-0.4716694287167517
15	43	0.8202854573297592	2.179391570729703	0.2586206896551724	0.2734579255222068	18.28631711798094	19.73027728358275	1.443960165601812	0.4666107781501601	0.648494734069511	0.09643332514146945
27	52	0.8593497921521731	2.140352946160483	0.3417721518987342	0.2864783170600299	31.41910342746538	24.29505848242519	-7.124044945040186	0.8858319731541072	0.1674594228715149	-0.4757716721507875
54	57	1.244551829098179	1.60701785017897	0.4864864864864865	0.4364444741233408	43.38911304250721	35.46942555345731	-7.919687489049906	0.8765079315260518	0.1666179098894042	-0.5289078028908605
3	26	0.7795160698062088	2.016150964846292	0.103448275862069	0.2788300824611977	3.848541571113234	12.89585971156788	9.047318140454644	0.02170470327084477	0.99443015259334	0.6042154019762404
1	16	0.0354420350511503	1.902722784083633	0.05882352941176471	0.01828638859876323	28.21508411006281	8.409002159348049	-19.80608195071477	0.962088840019488	0.2692954484609044	-1.322727860526425
10	44	0.7129246723175752	2.272737578320965	0.1851851851851852	0.238782759893589	14.02672735043943	19.35991221322876	5.333184862789327	0.2260095498875346	0.8621692951051939	0.3561710095365258
21	63	0.749411259787345	2.238715508816701	0.25	0.2507963409254706	28.02199690188671	28.14113707252575	0.1191401706390351	0.5515863108287532	0.5484923091090259	0.007956648033885216
19	37	0.7409114128908819	2.25668763396332	0.3392857142857143	0.2471682841200604	25.64409141150352	16.39571176938589	-9.24837964211763	0.9563562972285082	0.07774115399352999	-0.6176430779088503
14	38	0.8216528015863115	2.177381913845125	0.2692307692307692	0.2739724209788314	17.03882707266514	17.45215194375078	0.4133248710856456	0.5406855278324059	0.5828619619912503	0.02760345654400094
27	60	0.9792006442719582	2.006024046637214	0.3103448275862069	0.3280157260034371	27.57351126956689	29.90991065165975	2.336399382092861	0.4113012729272391	0.6752683469208794	0.1560339174452129
11	41	0.6726488229056193	1.662261498452528	0.2115384615384615	0.2880833652379247	16.35325838003203	24.66519259344495	8.311934213412918	0.1423699277791582	0.9186341016276064	0.5551035780980039
8	39	0.7309097688531877	2.26594072425983	0.1702127659574468	0.2438926367974886	10.94526347972085	17.21139462407578	6.266131144354931	0.1567495385831765	0.9156784943092127	0.4184768225727493
12	40	0.3538795343988264	2.642310400197427	0.2307692307692308	0.1181098468800887	33.90984454748338	15.13826687319223	-18.77157767429116	0.9936165631883562	0.01635307450011991	-1.253639606137481
26	47	0.8348739485537597	2.093159160955585	0.3561643835616438	0.2851313210367559	31.14242580576317	22.45409755584148	-8.688328249921696	0.9272830019340127	0.1136275094593631	-0.5802406486132652
10	35	0.7089880448736712	2.149965683330922	0.2222222222222222	0.2479886392980945	14.1046101867371	16.27932960575205	2.17471941901495	0.4210711090047173	0.7095423982111576	0.1452362951701866