dN,dS,dN/dS,dS=dN,LRT,p-value,Full Log(L)
0.3345324446947312,0.6281677909059619,0.5325526866193804,0.3962323930035178,0.4852086889670773,0.4860724193371803,-50.39738902404232
0,0.4028163552506795,0,0.1336943515133906,4.407987406193101,0.03577102006356248,-20.7416853354446
0,0.810676762457892,0,0.2678911546681421,8.839187135685393,0.002948304314720485,-32.06800265147859
0,2.738559467442417,0,0.8820358787520842,29.28192225853982,6.257677420684615e-08,-66.94092868330482
0,0.4037723360849167,0,0.1338005291527068,4.414343810399679,0.03563798297152088,-17.30145155703104
0.1002258281176075,0.6093435567725165,0.1644816409456585,0.2684664844684992,2.941886411158322,0.08630988083489033,-33.48253517081509
0.1002263320288549,0.2001018159963807,0.5008766738562118,0.1335545294812651,0.2341225815038399,0.628483702977626,-20.06081554380948
0.08296318183632972,1.974614830010272,0.04201486820389076,0.4635962201821024,13.85499175847715,0.0001974714839978464,-43.43763226904455
0,1.292249570822395,0,0.287018661027101,11.99581638784029,0.0005332011332903619,-24.09968091455735
0,0.8139411029533651,0,0.2682367018871552,8.860326402983048,0.002914354561704857,-30.12309096653203
0,0.1897858685403978,0,0.06551663235373764,2.126342583824677,0.1447858638193474,-12.30528617973272
0.3333085373082421,0.9598527435972161,0.3472496583789614,0.4626645925132518,1.742429824891815,0.1868312462192575,-56.29778073085131
0,0.9648743552460254,0,0.329411034969892,10.7204140758918,0.001059599571776815,-34.73479259504745
0.1002143330516845,0.5747078684767646,0.1743743883606427,0.2631688915192661,2.748833204008761,0.09732542821070933,-32.22722945285549
0.08289484889206392,0.6548850415198871,0.1265792370210163,0.1984196829145231,3.02219113666051,0.08213242733599113,-27.06304053155137
0.8239641914313511,1.121954219186393e-15,734400902764878.2,0.6172296508341969,5.188681342648465,0.02273446013599023,-63.68876197662676
0.16593104118887,1.323355231273123,0.1253866212696627,0.397882013365391,6.079842769078184,0.01367329398841655,-41.28926575048848
1.044512597116477,4.437824387318063,0.2353659149067215,1.907146692373006,13.36894742618324,0.000255824890825096,-136.8234780547353
0.173219841855466,0.9767685974405038,0.1773396916212973,0.3419392279491866,3.558599547936666,0.05923769675132284,-39.19496802077606
0.1734828173513952,0.3150465639958056,0.5506577032647938,0.204030951731285,0.2192394418816832,0.6396200375178933,-28.23292662812039
0.09949709008488811,0.2078266718325483,0.4787503413664618,0.1345759517441654,0.2650683390860422,0.6066593245662606,-21.85071033526001
0.1002109493984556,1.686909961603851,0.05940503742308737,0.6114967040016133,12.56444395505979,0.0003931557078030723,-57.12336368765832
0,1.9790634989972,0,0.4323573231388664,18.15563030673225,2.03566679297662e-05,-33.58739578203576
0.2497612780952585,1.653890928262706,0.151014358823296,0.5319209103620628,6.754124465940905,0.009353122940373604,-52.81577228180971
0.8275924677258503,1.376555366407879,0.6012053622553903,0.9648363728198203,0.7773158380019254,0.377963311105726,-92.17410695487717
0.1798437774507569,0.7555475012039453,0.2380310664308737,0.3313362734442572,2.491784220916841,0.1144419197984772,-40.5347012050854
0.3013639370945825,0.8137908079344283,0.3703211367790051,0.4707976448706875,1.6968520387654,0.1927001769465864,-55.15074174567857
0.2777764754242171,0.647203786335013,0.4291947625912549,0.3599160487078585,0.7882245820811136,0.374637513374607,-39.41044448296334
0.09249706201614073,1.277490645179014,0.07240527542429023,0.3585004870173105,7.420702439533756,0.006447763892128755,-33.80090874824675
0.200609621926676,0.1923393378351758,1.042998401598883,0.1977832382533266,0.001185165145322742,0.9725372692825739,-29.30522737770286
1.022310925283314,3.690880483089143,0.2769829394279583,1.561784645700602,8.548174583027844,0.003458688850021763,-129.9523558158516
0.3331149165819851,1.948260021518598,0.1709807278816583,0.6624543912869774,7.36736437250849,0.006641821082140509,-63.70678420782554
0.1463097683259584,2.376630223256132,0.06156185631835685,0.3917383775474085,10.46451659399203,0.001216893867670321,-46.98235835389367
0.1001122231981303,1.207283392725152,0.08292354868905392,0.4678626225761019,8.254674056343205,0.0040647205217198,-45.19553943874249
0.2898527261043491,0,inf,0.2601258663810569,0.8640590360761706,0.3526052866290681,-34.60119829752661
0.1850982469825955,2.386354929376026,0.07756526269585313,0.6546940980211655,12.93748579931794,0.0003220672774419953,-56.34132436843716
0.2492001002780967,1.295548656109651,0.1923510159984337,0.462697279090843,4.495616032054357,0.03398186779898271,-48.64797657530183
0.3366326326903083,1.282502418154626,0.2624810900354357,0.533100305780654,3.31727859253192,0.06855522309850504,-58.8665624477195
0,0.648267849965377,0,0.1436365975002233,6.017810239743284,0.01416220812654412,-16.66938288998809
0.4173668307336804,0.6694358959264908,0.6234604885596252,0.4676804051694364,0.2951082895820178,0.5869654614161477,-51.77989797663974
0,0.3144223999480076,0,0.07134447112728041,2.964210250656578,0.08512601649428286,-10.61601248175303
0.08307088986477583,0.3143732693864448,0.2642428538116596,0.1314037094823395,0.8257807253022733,0.3634954206879571,-20.84554292978367
1.425975537311185,1.444210498936649,0.9873737508217184,1.43199488076326,0.0007432516760843555,0.9782502527536957,-125.6376342300742
0.3478437022765321,0.6266163939812153,0.5551142702579208,0.4083497978794998,0.4262959246521234,0.5138121014510554,-47.60363338996314
1.280303573743503,1.474920171621044,0.8680494025221425,1.380307191018407,0.09819866795888288,0.7540021057286609,-124.9681042915255
1.260893932446332,0.9233546191283578,1.365557616029051,1.161001792555467,0.3099477654184852,0.5777122403663912,-104.3237519668364
0.08642742661358417,0.6615206555725314,0.1306496265619751,0.2055208169621229,2.934987568820617,0.08667933030338193,-27.12889239070239
0.1800816612278107,0.2493522929259599,0.7221977352391231,0.1984657654444702,0.06774790259218122,0.7946445032478482,-27.81571441289675
0.2781056087037277,0.6309475509512653,0.4407745275885994,0.3581956422269034,0.7419766795563305,0.3890284120855519,-36.2055247097044
0.09240515159214989,0.6507824030742153,0.1419908577054933,0.2158500025686595,2.708937433874077,0.09978743778318577,-28.2664912632052
0.1003450571013803,0.7665951345199713,0.1308970701519188,0.3292784199360315,4.370714598240781,0.03656165625299257,-38.14385467980088
0.4354014232305017,0,inf,0.3905624039027055,1.30061677611296,0.2541005931528224,-45.03201359716581
0.7180781433228918,2.16217453917603,0.332109240171027,1.04234337202464,4.166524603699685,0.0412302906215205,-90.23301292413373
0.1853899731257261,0.9442933595644094,0.1963266724773371,0.3579644169853247,3.172714638210635,0.0748778950995731,-36.27683284104658
0.803797536859212,1.75830042774461,0.4571445949599475,1.026257203914649,2.021794179165511,0.1550558377529435,-88.30903883427092
1.273924756370575,0.9649716119076647,1.320168117538853,1.209519738287752,0.2019312693914515,0.6531664763216326,-111.829309212454
0.3565705725799825,1.168690768570729,0.3051025833087196,0.5462814146335564,2.649935069737182,0.1035541258932713,-54.79860094641997
2.187867158541319,1.502537735091072,1.456114616920891,2.001295242155306,0.6945583036314247,0.4046182467424797,-165.4833274909385
0.347863152002528,0.627694100097309,0.5541921645409765,0.4085270378442475,0.4284556241891124,0.5127477245359011,-44.07161928289302
0.2508756080348345,0.9383360049461885,0.2673622313461388,0.3958189768421002,2.429021625887771,0.1191072165333746,-48.81329079650681
0.6729466451226552,0.3228794732703068,2.084203861913764,0.6002423081975402,0.5815414554546976,0.4457087531698268,-67.63260977558089
1.100159779779579,2.637351730855106,0.417145641557213,1.413229154810329,3.382911423674386,0.0658755915329361,-130.0730064919044
0.9711214861281698,0.3917678197935056,2.47881892555655,0.7652486756156631,1.598279768878854,0.2061471630706395,-68.6617260759912
0.6594928689725197,1.722524856066242,0.3828640652992458,0.9050462720746832,2.50527275509026,0.1134658385279389,-79.91356132907823
0.4666835318240426,1.99253208773248e-14,23421631937437.59,0.4646664710163264,0.06039141247543967,0.8058783633453517,-53.3242859596789
0.3007880135801215,1.022512048479294,0.2941657401763247,0.5381377719821238,2.911218041121586,0.08796541646842537,-60.91289386453688
0.5873273819062281,0.6473566071915104,0.9072702361906633,0.5996480226511777,0.01431398776307446,0.9047674771651566,-63.21624584206992
0.2778066887344507,0.322846954042429,0.8604903507868962,0.2878369859741004,0.01646318365743582,0.8979044918133037,-35.52427564704214
0.6681253145349813,1.645427412643178,0.4060497044118888,0.8656899546234829,2.245386593523676,0.1340134119859729,-85.57829400761565
0.6054009430669863,1.163089701294721,0.5205109652274197,0.7962750186359897,1.248108866055247,0.2639139812726018,-86.90836141203846
0.7136602424857221,0.9666068530924128,0.7383149004194908,0.8009666541836834,0.2613244329596398,0.609211708358772,-78.67580292458662
0.5026620762138048,0.6524139417856452,0.7704649518034942,0.5332263889377996,0.09693579132164132,0.7555382605285524,-59.97852153403151
0.5871729710235577,0.3110102233339769,1.887953922315359,0.5285834047519868,0.4109940755953261,0.5214653826746374,-61.24217398317939
0.3996160009415081,8.577932343546652e-15,46586518165085.22,0.3974916412980392,0.06381286109646567,0.8005679971027402,-47.34567914052227
1.102493650800067,0.8218246318685709,1.341519355891467,1.032148911846615,0.2166614540626881,0.6415955824423949,-90.28540542617343
2.152811116901034,2.216040791536872,0.9714672785459034,2.178799847280632,0.006184324546040898,0.9373185916191076,-172.5915676878262
1.188185405881397,0.5592001321978852,2.124794572582347,1.033739466478565,1.1626931929016,0.2809076954788057,-91.93833710745153
0.5912483867803752,0.6277218705653315,0.9418954707566458,0.6109662589985455,0.007944057300434793,0.9289790397601598,-60.13426672951661
0.4541372573315481,1.186969402252261,0.382602328644553,0.6256279788162251,1.896496739017294,0.1684709701900168,-63.80852392302522
0.3012460310100721,0.3833007862009621,0.7859259408148743,0.3294546911267785,0.06818810626231198,0.7939933952999388,-42.92120274523909
0.6529795741791092,2.268939322060728,0.2877906728620891,1.013693842857157,5.049954963245966,0.02462657842292315,-87.88275114019402
2.247278048904665,1.347046043391806,1.668300842372183,1.966849652831848,1.327121695169865,0.2493179174261982,-155.07617458798
1.00395963401182,0.9804427677460432,1.02398596536118,0.999170839397104,0.001341017571519387,0.9707880708736697,-96.25695492613676
1.364683847833113,1.423216364858366,0.9588730719583328,1.378831749888648,0.006464565515415188,0.9359171212812339,-118.2692445106897
0.261270526356656,1.942032080655517,0.134534608855929,0.6171390883397483,8.519727882372095,0.003513170166726698,-60.97076766398612
0.4004104101902011,3.131725509960906e-14,12785616393155.72,0.3975903014783449,0.08464493332283496,0.7710987202664517,-46.53146042591594
0.2937097821149494,0.6464579838170013,0.4543370017348142,0.4039584847325826,0.9075876267365572,0.3407553036169292,-47.11712197497367
0.8965089376336497,0.2596469041295016,3.452800412311123,0.7341065429197471,1.910037456111894,0.1669590981015819,-75.97212917207362
2.90949318156234,1.301205708666878,2.235997861201514,2.388663948158965,3.699944811141393,0.05441426778380642,-178.7152572374918
1.277032933639854,0.6513339125168757,1.960642474004095,1.132332588433414,0.9129214870564795,0.339340448775408,-91.35508533618531
0.4997330077749771,0,inf,0.300548889080175,4.061486274463846,0.04387186919562303,-29.33777956313784
0.3989609549799901,0,inf,0.2633483752099469,3.318975590536809,0.06848448998572443,-32.99579545750526
0.3313156690634187,0.930476046912148,0.3560711424683243,0.4533866885436802,1.548753639572297,0.2133195318349205,-53.85825373211188
0.8431136774472446,0.3194959386083789,2.638886995307594,0.7339687254652606,1.106647779841637,0.2928118094008301,-72.20913635289838
1.208687347892209,0.4219635027951848,2.864435762537711,0.9542169095048383,2.387062672819923,0.1223433144844436,-92.11300737088261
1.078089935501641,1.403694572191094,0.7680374041902855,1.156852389841378,0.2334287356242726,0.628993045384129,-108.0546788532642
0.7051973297055709,1.632621515048209,0.4319417104366332,0.9019849513764538,1.963699012416981,0.1611182677081827,-83.98525155744397
1.350999964631715,0.5958114060707104,2.267495974173042,1.091807181052266,1.895447092077944,0.1685888209272253,-109.3849985676092
1.357824897529515,1.626524622519787,0.8348013173178981,1.424891552267373,0.1338769996978613,0.7144456212615062,-121.7128166765534
1.284026555518602,0.5099791161851662,2.517802229086553,1.081266066200959,1.796664676297013,0.1801162428919593,-107.2794995808129