dN/dS,LRT,p-value,Log(L)
1,0,1,0
1,0,1,0
3.17603086687411e-16,5.376975273491844,0.0102021121095684,-11.85821713403064
1,0,1,0
1,0,1,0
1,0,1,0
5.840566125974614e-16,5.376975610838638,0.01020211013672662,-9.971135176467639
1.028145822447522e-15,5.376975609774156,0.01020211014295186,-31.58965761508175
9.555848176237971e-17,5.776075946573645,0.008122885768339361,-10.47087256202057
0.8778739405475344,0.05299860936342782,0.4089626375287406,-29.41533734955799
2.287852447174094e-16,5.376974592383245,0.01020211609276878,-10.79713133548072
9.682324783204268e-17,5.775504410709932,0.008125527696196011,-9.363851688351486
6.728744545674702e-16,5.775220497281175,0.008126840416976699,-14.9430995265544
0.3717807489951048,1.395791022387549,0.1187147819279021,-19.42898458332865
1,0,1,0
1,0,1,0
1,0,1,0
3.17603086687411e-16,5.37697561083877,0.01020211013672589,-9.978967592514248
1.123699228904745e-16,5.775505705591748,0.008125521709596129,-9.365364939258432
0.5836134055428662,0.6973772405321839,0.2018331926486586,-29.00388977506763
1,0,1,0
1,0,1,0
1,0,1,0
0.3005863302541477,2.2416757975056,0.06716766105567984,-23.85544148132159
0.371158555501022,1.401406094143411,0.1182441432777271,-12.12449701765998
2.287852447174094e-16,5.376974601676501,0.01020211603842075,-18.58148847279507
0.3463124472918283,1.64824950013687,0.09959867554176438,-23.29058846167643
1,0,1,0
0.5884769355730004,0.6742850057996037,0.2057808180810974,-17.14227177489909
0.3731418477304522,1.38355295838479,0.1197484376302784,-21.15342654520911
1.176467037217717,0.09973432316323283,0.3760743449273501,-42.29088811498661
5.840566125974614e-16,5.376975610317732,0.01020211013977296,-12.71726770411381
0.6737070491873814,0.3560618731018295,0.2753507735599714,-19.40462249223888
1.028145822447522e-15,5.376975267332867,0.01020211214558675,-16.21107786853111
1.470581024255284,0.653927213212782,0.209356043950935,-37.39197896488442
9.682324783204268e-17,5.376975610668175,0.01020211013772354,-17.72431270869369
0.3009337266315961,2.23753865274875,0.06734761879145651,-13.82536677938427
2.312092548505959,3.227081519601043,0.03621483027562217,-48.22151293542294
0.3148608487611552,2.035127590350349,0.07685064313117651,-17.12701024866359
0.3003995464802492,2.245230999849326,0.06701344617086408,-24.52897511696039
0.2910320505898331,2.397318505904394,0.06077171556630667,-12.73562479393575
0.5905301388972709,0.664598951256707,0.207470510145607,-21.0004076895952
1.308777010984962,0.1978654447826713,0.3282246711552921,-23.52089289262108
0.7427511193203278,0.1949809611381923,0.3294014703099324,-26.61582368982396
2.258105199115806,2.553033320661029,0.05504136204826177,-68.74438445867645
1,0,1,0
5.840566125974614e-16,6.655299492309105,0.004943067669294476,-21.27210399238321
0.3008800078418143,2.23790715112937,0.06733156797428802,-25.94259830411848
0.2829076872176744,2.529845590207657,0.05585557375038086,-36.69022277639856
1.252775986182671,0.1879160361387875,0.3323283859092756,-33.81443312580368
0.7467396312856805,0.1876654460788316,0.3324333954135759,-31.64921308364317
9.555848176237971e-17,5.775446879630344,0.008125793683013971,-9.240051946458296
2.201687577009452,2.416728521925492,0.060022699237333,-42.96556968062276
9.682324783204268e-17,6.364874708542764,0.005820065702036192,-16.71229183906444
1,0,1,0
5.840566125974614e-16,4.566564100841187,0.01630094557048717,-10.49168697528499
1.58533320551572,0.9107830224291149,0.1699533726119581,-64.45905937270652
1.218823445509569,0.1460727090907881,0.3511585150249663,-38.77136032212531
0.6273303493367612,0.5092035436067732,0.237741919697183,-32.7307413262803
1.029618203664676,0.002519429588787148,0.4799839283587221,-33.08686355161095
1,0,1,0
1.460809534600126,0.6326771018691488,0.2131875162712357,-42.8420797712105
0.7816476533488285,0.1974339441988207,0.328400056932779,-29.42206834182422
5.840566125974614e-16,5.376975610841896,0.01020211013670758,-10.37889731784601
0.7941959840602053,0.1143209929148838,0.3676386872254356,-19.94537363755442
1.043247588896803,0.005276263754836918,0.4710471353517153,-42.65926983061639
2.287852447174094e-16,6.365323894503121,0.00581859257601286,-11.36759913211523
0.950751916685886,0.0077549119307605,0.4649137081366717,-32.85376170296297
0.4370973142213264,0.9166147689355917,0.1691826980801969,-12.30890747501167
3.330288531031572,9.996368026763975,0.0007842463269728261,-72.11488619846487
0.3459133736424649,1.653217546885145,0.09926078549569239,-12.32982142869516
0.2612985477468155,2.962748598395464,0.04260149504807692,-19.22315602833458
0.5827493857213187,0.7017510130207043,0.2010979766692333,-26.76422791730105
0.3721473618994092,1.392468185210245,0.1189943620936622,-14.95755056785056
0.6840203110539123,0.3273579665723787,0.2836094851016024,-22.39618069049908
0.6906092018587356,0.4651806616287502,0.2476063424203515,-27.16338163385677
1,0,1,0
0.6035554881726191,0.6055346659857932,0.2182370291174716,-21.05027225149508
0.4905877260927392,1.301874778681174,0.1269355287830035,-19.51398274957445
0.6943691074215744,0.3003757615160723,0.2918234739761468,-26.13479401024323
1,0,1,0
0.2437500055961065,3.374428805031975,0.03310776441762159,-25.3094256733409
1,0,1,0
1.175040243658911,0.09829680130461327,0.3769415961106423,-45.80277088627414
0.6944984550699284,0.3000160349135328,0.2919361842648232,-31.62989611855106
1.0472284540725,0.004174190985466453,0.4742430657253869,-43.64624687384552
1.256943018291243,0.193152841784709,0.3301526938071871,-48.97302223384623
1.968180961242776,2.21020223799691,0.06855034845886443,-54.21952389175315
0.260446359929037,2.980954626512613,0.04212478384466606,-25.98696152704674
9.555848176237971e-17,7.699591307601452,0.002761666514363881,-10.70971581787474
0.9108544579995278,0.02685867688693122,0.4349103771177238,-36.85419599189125
0.300420972023385,2.245513112256333,0.06700122587406881,-11.66095902857432
0.5939892389203395,0.6485636305485158,0.2103133438447209,-25.03250222213387
0.5180023887978266,1.088049681909837,0.1484518703288522,-33.04371073738925
1.701304775488165,1.185531517962474,0.1381163793479567,-51.18757283791897
2.86521604936271,7.184255201069348,0.003677303763940765,-61.64890973895339
1.052373413866148,0.00509962472551706,0.4715350662620651,-64.38796103659867
9.682324783204268e-17,6.186452466710914,0.006436599759849781,-11.16432845146224
0.280661138621261,2.578338632115209,0.05416765698750869,-13.67177080640562
1.521955818977833,0.7670567322163464,0.1905645593463738,-39.693695287384