Codon,alpha,beta,beta-alpha,Prob[alpha<beta],Prob[alpha>beta],BayesFactor,PSRF,Neff
1,1,0.319588,-0.680412,0.0179412,0.97865,0.114168,1.00074,436.074
2,1,0.307028,-0.692972,0.0155119,0.981459,0.0984657,1.00074,436.314
3,1,0.319588,-0.680412,0.0179412,0.97865,0.114168,1.00074,436.074
4,1,0.328314,-0.671686,0.0197549,0.976564,0.125942,1.00074,436.197
5,1,0.319588,-0.680412,0.0179412,0.97865,0.114168,1.00074,436.074
6,1,0.319588,-0.680412,0.0179412,0.97865,0.114168,1.00074,436.074
7,1,0.319588,-0.680412,0.0179412,0.97865,0.114168,1.00074,436.074
8,1,0.5552,-0.4448,0.0653576,0.924025,0.436999,1.00134,395.326
9,1,0.319588,-0.680412,0.0179412,0.97865,0.114168,1.00074,436.074
10,1,0.336182,-0.663818,0.0214778,0.974589,0.137167,1.00074,436.487
11,1,0.319588,-0.680412,0.0179412,0.97865,0.114168,1.00074,436.074
12,1,0.328235,-0.671765,0.0197374,0.976584,0.125828,1.00074,436.192
13,1,0.319588,-0.680412,0.0179412,0.97865,0.114168,1.00074,436.074
14,1,0.319588,-0.680412,0.0179412,0.97865,0.114168,1.00074,436.074
15,1,0.310921,-0.689079,0.0162436,0.980611,0.103187,1.00074,436.193
16,1,0.328265,-0.671735,0.0197444,0.976576,0.125874,1.00074,436.196
17,1,0.319588,-0.680412,0.0179412,0.97865,0.114168,1.00074,436.074
18,1,0.703363,-0.296637,0.124128,0.858167,0.885641,1.00076,434.428
19,1,0.531127,-0.468873,0.0552633,0.935266,0.365558,1.00146,388.291
20,1,2.33958,1.33958,0.805676,0.17961,25.9098,0.998563,699.37
21,1,0.553836,-0.446164,0.0647624,0.924684,0.432744,1.00135,394.92
22,1,0.538521,-0.461479,0.0582668,0.931908,0.386655,1.00142,390.408
23,1,0.318535,-0.681465,0.0177311,0.978892,0.112807,1.00074,436.084
24,1,0.328235,-0.671765,0.0197374,0.976584,0.125828,1.00074,436.192
25,1,0.307031,-0.692969,0.0155114,0.981459,0.0984623,1.00074,436.306
26,1,0.554545,-0.445455,0.0650715,0.924342,0.434953,1.00134,395.131
27,1,0.731844,-0.268156,0.141959,0.839153,1.03391,1.00065,443.201
28,1,0.282291,-0.717709,0.0113224,0.986346,0.0715672,1.00071,438.265
29,1,0.30127,-0.69873,0.014466,0.982674,0.0917294,1.00073,436.58
30,1,0.55208,-0.44792,0.0640048,0.925525,0.427335,1.00135,394.405
31,1,0.703242,-0.296758,0.124052,0.858248,0.885027,1.00076,434.383
32,1,0.310921,-0.689079,0.0162436,0.980611,0.103187,1.00074,436.193
33,1,0.316953,-0.683047,0.0174156,0.979256,0.110764,1.00074,436.092
34,1,0.336795,-0.663205,0.0216154,0.974432,0.138065,1.00074,436.515
35,1,0.30127,-0.69873,0.014466,0.982674,0.0917294,1.00073,436.58
36,1,0.307031,-0.692969,0.0155114,0.981459,0.0984623,1.00074,436.306
37,1,0.328235,-0.671765,0.0197374,0.976584,0.125828,1.00074,436.192
38,1,0.328295,-0.671705,0.0197514,0.976568,0.125919,1.00074,436.2
39,1,0.319588,-0.680412,0.0179412,0.97865,0.114168,1.00074,436.074
40,1,0.328235,-0.671765,0.0197374,0.976584,0.125828,1.00074,436.192
41,1,0.687104,-0.312896,0.11406,0.86901,0.804559,1.00085,428.097
42,1,0.328265,-0.671735,0.0197444,0.976576,0.125874,1.00074,436.196
43,1,0.562628,-0.437372,0.0686488,0.920387,0.460627,1.0013,397.536
44,1,0.555972,-0.444028,0.0656984,0.923648,0.439438,1.00134,395.559
45,1,0.555296,-0.444704,0.0653994,0.923978,0.437298,1.00134,395.354
46,1,0.555094,-0.444906,0.0653111,0.924076,0.436667,1.00134,395.294
47,1,0.73416,-0.26584,0.143406,0.83762,1.04622,1.00064,443.764
48,1,1.34674,0.346739,0.515048,0.456818,6.63712,0.999789,521.772
49,1,0.30127,-0.69873,0.014466,0.982674,0.0917294,1.00073,436.58
50,1,0.994089,-0.0059111,0.299416,0.674561,2.67082,1.00025,476.256
51,1,0.36583,-0.63417,0.0287202,0.966368,0.184788,1.0007,438.84
52,1,0.70588,-0.29412,0.125699,0.856483,0.898462,1.00075,435.332
53,1,0.316953,-0.683047,0.0174156,0.979256,0.110764,1.00074,436.092
54,1,0.328235,-0.671765,0.0197374,0.976584,0.125828,1.00074,436.192
55,1,0.555296,-0.444704,0.0653994,0.923978,0.437298,1.00134,395.354
56,1,1.04614,0.0461394,0.347157,0.623798,3.32313,0.999717,529.729
57,1,0.318535,-0.681465,0.0177311,0.978892,0.112807,1.00074,436.084
58,1,0.302182,-0.697818,0.0146334,0.982479,0.0928063,1.00073,436.561
59,1,0.328265,-0.671735,0.0197444,0.976576,0.125874,1.00074,436.196
60,1,0.555124,-0.444876,0.0653242,0.924062,0.43676,1.00134,395.303
61,1,0.524742,-0.475258,0.0527332,0.938104,0.34789,1.00149,386.499
62,1,0.319588,-0.680412,0.0179412,0.97865,0.114168,1.00074,436.074
63,1,0.336854,-0.663146,0.0216267,0.974419,0.138139,1.00074,436.507
64,1,0.319588,-0.680412,0.0179412,0.97865,0.114168,1.00074,436.074
65,1,1.023,0.0230004,0.333974,0.636919,3.13366,0.999676,534.265
66,1,0.328265,-0.671735,0.0197444,0.976576,0.125874,1.00074,436.196
67,1,0.595181,-0.404819,0.0838564,0.903735,0.572009,1.00116,406.661
68,1,0.54391,-0.45609,0.0605138,0.929403,0.402526,1.00139,391.985
69,1,0.555451,-0.444549,0.0654675,0.923903,0.437786,1.00134,395.401
70,1,0.854257,-0.145743,0.217301,0.757892,1.73499,1.00007,492.83
71,1,0.531007,-0.468993,0.0552153,0.93532,0.365222,1.00146,388.257
72,1,0.531035,-0.468965,0.0552211,0.935313,0.365263,1.00146,388.257
73,1,0.944328,-0.0556717,0.272854,0.701263,2.34498,1.00014,486.212
74,1,0.36583,-0.63417,0.0287201,0.966368,0.184787,1.0007,438.84
75,1,1.25724,0.257239,0.404633,0.570513,4.24724,1.00066,442.093
76,1,0.749815,-0.250185,0.153139,0.827346,1.13006,1.0006,446.912
77,1,0.36558,-0.63442,0.0286542,0.966442,0.18435,1.0007,438.813
78,1,0.532393,-0.467607,0.0557744,0.934694,0.369139,1.00145,388.655
79,1,0.319588,-0.680412,0.0179412,0.97865,0.114168,1.00074,436.074
80,1,0.914348,-0.0856522,0.255531,0.718793,2.145,1.00009,490.838
81,1,0.30702,-0.69298,0.015513,0.981458,0.0984727,1.00074,436.331
82,1,0.595542,-0.404458,0.0840312,0.903546,0.57331,1.00116,406.753
83,1,0.7341,-0.2659,0.143369,0.837659,1.0459,1.00064,443.75
84,1,0.555397,-0.444603,0.0654437,0.923929,0.437615,1.00134,395.384
85,1,0.285763,-0.714237,0.0118645,0.98571,0.0750346,1.00072,437.87
86,1,0.566809,-0.433191,0.0705326,0.91831,0.474227,1.00128,398.771
87,1,0.730125,-0.269875,0.140881,0.840299,1.02478,1.00065,442.735
88,1,0.551859,-0.448141,0.063909,0.925631,0.426652,1.00136,394.339
89,1,1.01042,0.0104187,0.307388,0.666599,2.77349,1.00029,472.536
90,1,0.945269,-0.0547314,0.273395,0.700716,2.35137,1.00014,486.071
91,1,0.501306,-0.498694,0.0440549,0.947907,0.287999,1.00159,380.483
92,1,0.866815,-0.133185,0.225695,0.749252,1.82155,1.00007,493.505
93,1,0.578271,-0.421729,0.0758111,0.912513,0.512628,1.00123,402.093
94,1,0.532389,-0.467611,0.055773,0.934696,0.369129,1.00145,388.654
95,1,0.307028,-0.692972,0.0155119,0.981459,0.0984657,1.00074,436.314
96,1,0.591614,-0.408386,0.0821379,0.905605,0.559237,1.00118,405.742
97,1,0.556069,-0.443931,0.0657378,0.923604,0.43972,1.00134,395.584
98,1,0.562615,-0.437385,0.0686402,0.920396,0.460566,1.0013,397.53
99,1,0.316953,-0.683047,0.0174156,0.979256,0.110764,1.00074,436.092
100,1,1.35294,0.35294,0.517425,0.454532,6.70058,0.999801,520.47