Codon,alpha,beta,beta-alpha,Prob[alpha<beta],Prob[alpha>beta],BayesFactor,PSRF,Neff
1,1,0.136304,-0.863696,0.000593964,0.999231,0.00416317,1.00321,306.16
2,1,0.239675,-0.760325,0.00137671,0.9982,0.00965711,0.999575,545.966
3,1,0.132349,-0.867651,0.000497388,0.999354,0.00348593,1.00335,301.278
4,1,0.132349,-0.867651,0.000497387,0.999354,0.00348592,1.00335,301.278
5,1,0.132349,-0.867651,0.000497387,0.999354,0.00348591,1.00335,301.278
6,1,0.136303,-0.863697,0.000594044,0.999231,0.00416373,1.00321,306.163
7,1,0.132349,-0.867651,0.000497388,0.999354,0.00348593,1.00335,301.278
8,1,0.132349,-0.867651,0.000497386,0.999354,0.00348591,1.00335,301.278
9,1,0.136302,-0.863698,0.000593869,0.999231,0.00416251,1.00321,306.156
10,1,0.132349,-0.867651,0.000497389,0.999354,0.00348593,1.00335,301.279
11,1,0.132349,-0.867651,0.000497389,0.999354,0.00348593,1.00335,301.279
12,1,0.288165,-0.711835,0.00404434,0.99482,0.0284455,0.999653,536.881
13,1,0.132349,-0.867651,0.000497387,0.999354,0.00348592,1.00335,301.279
14,1,0.561834,-0.438166,0.0368717,0.954216,0.268174,1.00171,373.707
15,1,0.132349,-0.867651,0.000497388,0.999354,0.00348593,1.00335,301.278
16,1,0.132349,-0.867651,0.000497388,0.999354,0.00348592,1.00335,301.278
17,1,0.498089,-0.501911,0.0195462,0.975215,0.139651,1.00176,371.156
18,1,0.359475,-0.640525,0.00535206,0.99308,0.0376928,1.00056,450.071
19,1,0.670723,-0.329277,0.0739863,0.909921,0.55968,1.00205,355.801
20,1,0.227947,-0.772053,0.000985622,0.998704,0.00691107,0.99957,546.587
21,1,0.427822,-0.572178,0.0138452,0.982499,0.0983466,1.00086,427.649
22,1,0.288314,-0.711686,0.00405555,0.994806,0.0285247,0.999654,536.846
23,1,0.281066,-0.718934,0.00353402,0.995461,0.0248435,0.999639,538.555
24,1,0.120134,-0.879866,0.000268898,0.999648,0.00188413,1.0038,286.051
25,1,0.563671,-0.436329,0.037492,0.953475,0.27286,1.00171,373.848
26,1,0.132349,-0.867651,0.000497389,0.999354,0.00348593,1.00335,301.279
27,1,0.239218,-0.760782,0.00136006,0.998221,0.00954019,0.999575,546.026
28,1,0.281303,-0.718697,0.00354539,0.995446,0.0249237,0.999641,538.288
29,1,0.272611,-0.727389,0.0029763,0.996163,0.0209111,0.999625,540.107
30,1,0.128749,-0.871251,0.000418277,0.999455,0.00293125,1.00348,296.756
31,1,0.297591,-0.702409,0.00479575,0.99388,0.033756,0.999673,534.676
32,1,0.702508,-0.297492,0.082679,0.899065,0.631365,1.00241,338.946
33,1,0.324985,-0.675015,0.00287689,0.996234,0.0202107,1.00033,469.468
34,1,0.132349,-0.867651,0.000497388,0.999354,0.00348593,1.00335,301.279
35,1,0.136299,-0.863701,0.000593825,0.999231,0.0041622,1.00321,306.154
36,1,0.635313,-0.364687,0.0556233,0.931366,0.412589,1.00211,352.895
37,1,1.01367,0.0136655,0.386976,0.57193,4.42194,1.00479,257.388
38,1,0.759627,-0.240373,0.11583,0.860311,0.917678,1.0027,326.137
39,1,0.136302,-0.863698,0.00059386,0.999231,0.00416244,1.00321,306.155
40,1,0.296583,-0.703417,0.00471118,0.993985,0.0331579,0.999671,534.907
41,1,0.686952,-0.313048,0.0729254,0.910386,0.551024,1.00244,337.565
42,1,1.07602,0.0760173,0.45793,0.500076,5.91766,1.00556,239.001
43,1,0.635659,-0.364341,0.0557755,0.931185,0.413785,1.00211,352.894
44,1,0.578487,-0.421513,0.033177,0.958206,0.240379,1.00224,346.61
45,1,0.36604,-0.63396,0.00594789,0.992327,0.0419141,1.0006,447.114
46,1,0.563733,-0.436267,0.0375171,0.953445,0.273051,1.00171,373.872
47,1,0.296859,-0.703141,0.00473537,0.993955,0.033329,0.999671,534.885
48,1,0.381736,-0.618264,0.00755456,0.990307,0.0533223,1.00068,440.922
49,1,0.674091,-0.325909,0.0655386,0.919039,0.491295,1.00247,336.357
50,1,0.13631,-0.86369,0.000594323,0.99923,0.00416569,1.00321,306.176
51,1,0.136299,-0.863701,0.000593826,0.999231,0.0041622,1.00321,306.154
52,1,0.755178,-0.244822,0.121792,0.85461,0.971469,1.0024,339.529
53,1,0.288392,-0.711608,0.0040614,0.994798,0.028566,0.999654,536.825
54,1,0.681427,-0.318573,0.0696677,0.914192,0.524566,1.00245,337.016
55,1,0.132349,-0.867651,0.000497386,0.999354,0.00348591,1.00335,301.278
56,1,0.584878,-0.415122,0.0353053,0.955626,0.256363,1.00223,347.283
57,1,0.940646,-0.0593539,0.304148,0.657364,3.06179,1.00393,281.851
58,1,0.440835,-0.559165,0.0161036,0.979728,0.114652,1.00089,425.106
59,1,0.664873,-0.335127,0.0707467,0.91368,0.533308,1.00206,355.576
60,1,0.288245,-0.711755,0.00405039,0.994812,0.0284883,0.999653,536.864
61,1,0.711404,-0.288596,0.0792387,0.902328,0.602832,1.00277,323.462
62,1,0.614563,-0.385437,0.0381236,0.951795,0.277639,1.00261,330.058
63,1,0.477997,-0.522003,0.015569,0.980131,0.110785,1.00175,371.797
64,1,0.261512,-0.738488,0.00235444,0.996952,0.0165317,0.999601,542.937
65,1,0.458195,-0.541805,0.0195179,0.975568,0.139444,1.00093,422.67
66,1,0.109556,-0.890444,0.000139463,0.999815,0.000977069,1.00425,272.423
67,1,0.778917,-0.221083,0.1425,0.831636,1.16409,1.00244,337.598
68,1,0.737189,-0.262811,0.107264,0.870941,0.841658,1.00239,339.874
69,1,0.644356,-0.355644,0.0599156,0.92631,0.446457,1.0021,353.592
70,1,0.425643,-0.574357,0.0134732,0.982955,0.0956685,1.00085,427.931
71,1,0.827758,-0.172242,0.181585,0.787654,1.55422,1.00288,318.859
72,1,1.06629,0.0662859,0.44819,0.509637,5.68956,1.00553,239.81
73,1,0.758068,-0.241932,0.124215,0.851903,0.993536,1.0024,339.365
74,1,0.865795,-0.134205,0.217815,0.747441,1.95068,1.00333,301.909
75,1,0.427604,-0.572396,0.0138012,0.982552,0.09803,1.00086,427.6
76,1,1.152,0.151999,0.548731,0.409142,8.51784,1.00672,215.797
77,1,0.589222,-0.410778,0.0368219,0.953794,0.267797,1.00222,347.822
78,1,0.953227,-0.0467725,0.321147,0.636748,3.31387,1.00463,261.651
79,1,0.818519,-0.181481,0.164451,0.805118,1.3787,1.00306,311.916
80,1,1.19173,0.191727,0.570395,0.390005,9.30063,1.00605,228.578
81,1,0.689877,-0.310123,0.0855958,0.896579,0.655723,1.00203,356.923
82,1,0.664164,-0.335836,0.0601978,0.925337,0.448695,1.00249,335.295
83,1,0.80752,-0.19248,0.152829,0.817939,1.26369,1.00302,313.24
84,1,1.02058,0.0205839,0.379076,0.583572,4.27657,1.00363,291.641
85,1,0.727395,-0.272605,0.100015,0.879189,0.778463,1.00238,340.186
86,1,0.762036,-0.237964,0.127584,0.848146,1.02443,1.00241,339.096
87,1,0.493045,-0.506955,0.0184935,0.976512,0.131987,1.00176,371.27
88,1,0.446604,-0.553396,0.017186,0.978405,0.122493,1.0009,424.185
89,1,0.343046,-0.656954,0.00404041,0.994746,0.0284178,1.00046,458.422
90,1,0.731447,-0.268553,0.10294,0.87585,0.803835,1.00239,339.999
91,1,1.03584,0.0358373,0.392072,0.570659,4.51772,1.00359,292.801
92,1,0.897953,-0.102047,0.250074,0.710578,2.33592,1.00397,280.588
93,1,1.50879,0.50879,0.786786,0.186842,25.8492,1.00477,257.957
94,1,0.833297,-0.166703,0.180645,0.787417,1.54441,1.00312,309.489
95,1,1.41925,0.419251,0.760106,0.209895,22.1953,1.00601,229.471
96,1,0.463032,-0.536968,0.0129605,0.983377,0.0919797,1.00173,372.554
97,1,1.24762,0.247621,0.61108,0.351528,11.0064,1.00575,234.894
98,1,0.893158,-0.106842,0.249771,0.713669,2.33214,1.00356,294.048
99,1,0.419096,-0.580904,0.00713392,0.99072,0.050332,1.00161,379.542
100,1,0.878285,-0.121715,0.232379,0.731973,2.12059,1.00343,298.304