Codon,alpha,beta,beta-alpha,Prob[alpha<beta],Prob[alpha>beta],BayesFactor,PSRF,Neff
1,0.3587267306145808,0.1326153244890676,-0.2261114061255132,0.2015386617419765,0.6930888541533429,0.4490218849210532,1.002383341075954,340.0851978615229
2,1.777610353067463,0.1518421656279887,-1.625768187439474,0.00156040018734046,0.9971962563493481,0.002780207603649909,0.9982326158303587,770.2640840933429
3,0.338257847366696,0.135863254079485,-0.202394593287211,0.2184269491044858,0.6705788435726273,0.497164000597287,1.002873022398556,319.1999515673131
4,2.506204447069554,0.3853663109423973,-2.120838136127157,0.003378769471933591,0.9938660148660098,0.006031029566941745,0.9992510524583996,587.1703561684989
5,0.2694488182555476,0.1355065623053309,-0.1339422559502167,0.266340357802051,0.600023268518969,0.6458109132648038,1.004699311395653,259.88259380056
6,0.790150977003529,0.1377994663443369,-0.6523515106591921,0.02329785210956285,0.9629593005791527,0.04243427356398993,1.010333690271319,165.849202174814
7,0.8290141072651318,0.6714401020960571,-0.1575740051690747,0.3505844293639381,0.5656798583832371,0.9603575544239978,0.9988309414547427,650.9400715906389
8,0.7520184180409,0.1409007813885991,-0.6111176366523009,0.02731664759803377,0.957002634104373,0.04995959943175324,1.009935891998992,170.1623769255573
9,0.9121431738420114,0.143261213371824,-0.7688819604701873,0.009840877910052276,0.983936209505915,0.01768039166333953,1.016044024855279,121.8956470914448
10,2.098127040579468,0.1561268261620811,-1.942000214417386,0.0007053371336744761,0.9986588259122706,0.00125564309071271,0.9959058507819933,2712.190857377166
11,0.3653492631424304,0.266234320968224,-0.09911494217420636,0.3865841072303423,0.5238641747260239,1.121119748258275,0.9978522386445215,872.0383291275514
12,0.3916087412664725,0.4921500124235534,0.1005412711570809,0.5987656689912487,0.3345033305474748,2.654739039215126,0.9982262725187006,771.7653063952747
13,0.7987892863846786,0.2696504362276776,-0.529138850157001,0.05928650071187522,0.9105584432983523,0.1121144193161232,1.006902513510642,212.5239226591425
14,0.8552223876053983,0.142620604311139,-0.7126017832942593,0.01160083433703645,0.9811767698782219,0.02087948994983803,1.016956363550406,116.9903285388827
15,0.7878518196250512,0.1377835775580934,-0.6500682420669579,0.02344111015764615,0.9627379341718012,0.04270146435113555,1.010307626558018,166.1249435957297
16,0.9294374062977354,0.3256161682459864,-0.6038212380517489,0.04387554430511642,0.9337777876934051,0.08163400826038485,1.004933420588811,253.8540169918218
17,0.338257847366696,0.135863254079485,-0.202394593287211,0.2184269491044858,0.6705788435726273,0.497164000597287,1.002873022398556,319.1999515673131
18,1.884858368967724,0.319236158789156,-1.565622210178568,0.008820279707751146,0.9852574488673532,0.01583043979591243,0.9983412022792879,745.4464271692242
19,0.6126667576302902,0.1356238562930656,-0.4770429013372247,0.05595367370166292,0.9127608146906125,0.1054382841633383,1.000575576689773,448.8870829614643
20,1.109224560841775,0.2745483549832517,-0.8346762058585238,0.02541963782647364,0.9599491664027076,0.04639965302885433,1.005596615804122,238.2204514672364
21,0.8359741967018058,0.492402094524888,-0.3435721021769178,0.1898966780068171,0.7501419089738335,0.4170037733733097,1.000211823627693,479.8797202385992
22,0.2468054710264566,0.3234046140500354,0.07659914302357879,0.5885959680543182,0.3205960133063707,2.545140546136641,0.999839662293755,516.3979604813004
23,0.7880487140446186,0.1377809880910136,-0.650267725953605,0.02342601221350702,0.962760181449506,0.04267330145881279,1.010309653660065,166.1034641963373
24,0.9347746193056192,0.4529728523593349,-0.4818017669462843,0.1149821431027842,0.840276758382803,0.2311220580336459,1.003942600256521,281.524809883224
25,0.8354052916089831,0.5058376392982233,-0.3295676523107598,0.2013907009050831,0.7368003442083325,0.4486091021573529,1.000181366693504,482.6716820420895
26,0.9232879333101481,0.7019958947430395,-0.2212920385671087,0.340593084518239,0.5748522926575569,0.9188515637174821,0.9987052828661375,672.8141355184985
27,0.8364146940201156,0.2746156994809258,-0.5617989945391898,0.05709572441644541,0.9142065556366274,0.1077206618291549,1.006551089021707,218.8682101096223
28,0.9186910210958779,0.6624748464660546,-0.2562161746298233,0.2411112258335935,0.6767794812076419,0.5652002340027276,1.003058496966686,311.9510776114202
29,0.5442254430896549,0.3257593172381717,-0.2184661258514832,0.2333092999852419,0.6929527164838254,0.5413459423404873,1.001711472916606,373.6910544038582
30,1.620107553826797,0.1498449072212026,-1.470262646605595,0.002571605228453268,0.995550987300048,0.004586544410604261,1.001119964420786,409.3726766066684
31,0.2951877831658627,0.1356108789171016,-0.1595769042487611,0.2472521698128372,0.6280586219762857,0.5843238724877127,1.0039963243755,279.8683783681979
32,1.136301656623441,2.227782701938755,1.091481045315315,0.7621335027706267,0.1003528364865564,5.699815611440688,1.002597054117218,330.639621972406
33,1.556584550092821,0.3249122583685564,-1.231672291724264,0.009180761963307325,0.9837911574170949,0.01648342010361746,1.001863342578098,365.5202713459098
34,1.058793603065579,0.1405158164141178,-0.9182777866514613,0.009615685403137024,0.9843143206364232,0.01727187646387834,1.012851695746968,143.0038767743449
35,0.5952280185617653,0.4531189894322562,-0.1421090291295091,0.3262328981007762,0.5988713610198177,0.8613526276222103,0.9978980266747672,858.3788812403963
36,1.208417962571183,0.56291817849607,-0.6454997840751127,0.08129348200227891,0.8736293171026924,0.1574134940088635,1.006949487601088,211.7041412274719
37,0.6200015833695025,0.3901324641785102,-0.2298691191909923,0.243705386204,0.6869062666053398,0.5732408757983298,0.9994590595190707,560.0315674614816
38,1.532032545974905,0.2740360250722758,-1.25799652090263,0.01055379706877956,0.9825660842213851,0.01897490383241799,1.001760707750507,371.0020180417076
39,2.458776415256051,0.2945640562097122,-2.164212359046338,0.0028659847051723,0.9950054142772489,0.00511308917685578,0.9965621903083106,1583.343644627695
40,0.9262961608943476,0.7015383907571108,-0.2247577701372369,0.3391143217345828,0.5765008259477444,0.912815112371852,0.9987130892677711,671.4122475437247
41,0.6197804147817646,0.3205651884894232,-0.2992152262923414,0.1814151605075866,0.7567513901465958,0.394251097355292,1.001842650439941,366.6122319483917
42,0.760539355487084,0.3916949379854177,-0.3688444175016662,0.1409137227994393,0.8076892856739546,0.2917961365318584,1.00103684575674,414.9458133899141
43,0.6227420603604978,0.760207220901052,0.1374651605405541,0.6152304357248002,0.3063481182596403,2.844461965893803,0.9965969841739027,1549.197330694622
44,0.6335899653498241,0.1357622073584111,-0.497827757991413,0.05228313363440869,0.9183781182836593,0.09813999471532617,1.000833171632522,429.2722306713048
45,1.001995215250475,0.1401124066573518,-0.8618828085931234,0.01050673013949202,0.9828985925470415,0.01888938261689756,1.01364686937616,137.0705228554745
46,2.523873199298716,0.3255700826374628,-2.198303116661253,0.001483288312046473,0.9971134850019079,0.002642611175558562,0.9956959822940679,3514.420811226019
47,0.9328232354709405,0.6166665708325579,-0.3161566646383825,0.2623759232336084,0.6653751776029917,0.632778808243403,0.9998774604262601,512.4354221026434
48,0.7811949110716861,0.1414803611514988,-0.6397145499201873,0.01886958494876171,0.9699313076173273,0.03421358940137991,1.014961803501814,128.2954633598179
49,0.617581457042199,0.7521387971680094,0.1345573401258103,0.6126855529423189,0.3091905505575018,2.81408346030637,0.9965786735490508,1566.981029443401
50,0.6441981131056947,0.446982176927369,-0.1972159361783258,0.284427608720865,0.6453967786152111,0.7071005981314651,0.9979972081625219,830.2162754062859
51,0.5590777022680102,2.408955129079948,1.849877426811938,0.9810442647706704,0.006326191184103358,92.06848563328806,1.000355342517629,467.1498651884431
52,0.6440173993915277,0.451062032813803,-0.1929553665777247,0.2854685506631204,0.6424160964447783,0.7107223159828983,0.9976934876238708,922.976441048515
53,0.3771729304590287,0.1326796637740339,-0.2444932666849947,0.1910833601730491,0.7086766749763104,0.4202252372363825,1.001955417224895,360.7399658820482
54,0.9202242811727055,0.5646232011371983,-0.3556010800355072,0.1655043779235462,0.7721523724884376,0.3528161480253571,1.005828059621374,233.2148678043854
55,0.5892672223179465,0.3897440342213395,-0.199523188096607,0.2647676906844684,0.6620250393234497,0.6406243387275428,0.9995680951794851,546.7902581927106
56,0.5416966856952187,2.437206397801777,1.895509712106558,0.9844061836038052,0.005183992146539556,112.301342266081,1.00033041545919,469.3117733457159
57,0.6339165190592444,0.1357657702182671,-0.4981507488409773,0.05223052021257831,0.9184589762352708,0.09803579218873369,1.000837415224985,428.9635608172758
58,0.9366620747814854,0.6392712529272928,-0.2973908218541926,0.2784469272294111,0.6462000828364148,0.686494685779381,0.9993402071725864,575.2206796772322
59,0.7472944373085033,0.6897080160160025,-0.0575864212925008,0.4180226974101897,0.4939619218339855,1.277782237171927,0.9982251293974372,772.0364655757644
60,0.6905294389232502,0.1683137376877659,-0.5222157012354843,0.04847211260496317,0.9280596784837936,0.09062196141780443,1.009278903334281,177.8116347662473
61,0.3476576801604109,0.4527809165107518,0.1051232363503409,0.6049132462228416,0.3252601650578043,2.72372750217535,0.9987602447106009,663.0673514436744
62,0.8349946209402717,0.5865880906431922,-0.2484065302970795,0.268730807311386,0.6584569945188925,0.6537372167778769,0.999702351606237,531.3274404750176
63,0.3684098728039994,0.4452919619339923,0.07688208912999284,0.5751487465325271,0.3540150253678723,2.40827625821859,0.9983043650598441,753.6835310393983
64,0.5465255001102782,0.5671826443496557,0.02065714423937748,0.4942721194319458,0.4268103991613643,1.738650330803679,0.9963246653442134,1863.918403062735
65,0.9915990579082647,1.120122029507632,0.128522971599367,0.5837510073909312,0.2741184562337066,2.494810011150154,0.999834477681914,516.9463052232787
66,0.6607278435612814,2.766686596069758,2.105958752508477,0.9958747425114367,0.0005346400612931577,429.4540344963101,1.001999936242455,358.4736620516355
67,3.333959981712476,0.3186115419700815,-3.015348439742395,0.1925165050570648,0.75916896634507,0.4241283913995321,0.9961346350736067,2172.050058539279
68,2.059859836563474,0.5849634821211562,-1.474896354442318,0.4010523384367007,0.5410828813591364,1.191174012049816,0.998426565503131,727.0367525288397
69,0.5173009614852715,0.9154426160331044,0.3981416545478329,0.8099143509393226,0.1350445387713813,7.579713577069117,0.997250632253629,1102.847357914136
70,0.6201715957636189,0.559025235734626,-0.06114636002899287,0.4141626086947708,0.5085604146784228,1.257641415599482,0.9964799201705807,1670.41547245175
71,2.028881328059852,0.6887348371967281,-1.340146490863124,0.06265474911994226,0.9002759383243326,0.1189097435585472,1.000000325199137,499.9678073739794
72,1.857511458210215,0.492519494689306,-1.364991963520909,0.02831854815543849,0.9543711824953351,0.05184538476262305,1.006012133602309,229.3838322556167
73,0.837363932462323,0.5585197584426107,-0.2788441740197123,0.24663803980561,0.6847483874597464,0.5823973674504739,1.000054725423667,494.6406944689763
74,1.856739404838303,0.5296668235596125,-1.327072581278691,0.0332460688069557,0.9466790615188094,0.06117688828193228,1.00594941026907,230.6748084969611
75,0.8017055593849488,0.39164382358953,-0.4100617357954188,0.1283269879019424,0.8237178218622146,0.2618951350915439,1.001229741276684,402.2395521147615
76,1.276673984886876,0.6977434041134902,-0.5789305807733853,0.2075844607313137,0.7196399158181759,0.4660203559109956,1.000175546588581,483.2089368247101
77,0.9371808828678837,0.3627547475041601,-0.5744261353637236,0.08482096664461371,0.8790478331012505,0.1648770415346881,1.002264440899042,345.5804849087092
78,0.9814946848266193,0.6983452172646446,-0.2831494675619747,0.2251693731274177,0.6865779952850722,0.5169702724983579,1.002702658723696,326.1653449048052
79,0.8618088168550166,0.8723207417408924,0.01051192488587571,0.4980656081920453,0.3852111684550238,1.765235411410279,0.9972496550676884,1103.32212194261
80,0.619657188778761,0.3208204332950438,-0.2988367554837171,0.1817137378130716,0.7564128865818737,0.3950440566019905,1.001837476857527,366.8862819422841
81,0.8339588767350058,2.224753854180435,1.39079497744543,0.8959797896260238,0.04232665074968602,15.32298993309669,1.000377222103894,465.2687419009196
82,0.6196665011796385,0.5939605581377897,-0.02570594304184881,0.4512109718066338,0.4700856894470421,1.462639379609064,0.9963192246164658,1871.517709002088
83,0.9281963028737655,2.433588602279034,1.505392299405269,0.9067499445158635,0.03640604661049302,17.29822211566251,0.9977499327945912,904.1942579204175
84,0.3578840841114884,0.3985363489871102,0.04065226487562174,0.5018331212771069,0.400808049414604,1.792039188432338,1.002114505460218,352.7715418685233
85,0.9971693091687106,0.9315673821489867,-0.06560192701972389,0.4813920477534563,0.3892642504114428,1.651287792925422,0.9979594715550588,840.7100608864833
86,0.7915305778452287,0.6253269632714838,-0.1662036145737449,0.3238774780063806,0.596042536627299,0.8521545683950961,0.9989949828034705,624.448764028611
87,1.810278239569989,0.8440383645670213,-0.9662398750029673,0.6005166285754417,0.3346648403762035,2.674172151506131,0.9978292347490578,879.0669547322567
88,0.6423833438102925,0.2829092118499174,-0.3594741319603751,0.1370929174513307,0.8076092282914802,0.2826272388121917,1.002479398339179,335.7730365545023
89,0.696200569834282,0.4645291733256716,-0.2316713965086104,0.2680084921815644,0.6634292706064622,0.651336690734017,0.9976373997991754,942.4322708628747
90,1.568087284099263,0.3196436698406281,-1.248443614258635,0.2113848051347075,0.736193891490123,0.4768388761620144,0.9960101873915942,2435.887429857948
91,3.852817392836658,0.65363031787377,-3.199187074962888,0.0005232746610399667,0.9985044530129021,0.0009313652936019088,0.9977592691941388,901.1612910207222
92,0.3868085450782778,0.90429949359342,0.5174909485151422,0.8792230560992074,0.08368140493112979,12.95024732034532,0.9963050017157787,1891.67994681641
93,2.304659093511433,0.7291880645834723,-1.575471028927961,0.02402606655917282,0.9416755781448298,0.04379328140146214,0.998516455263006,708.6135885764234
94,0.6198150476398891,0.6911213780325004,0.07130633039261125,0.5527680464818144,0.3678696984223634,2.198736244388384,0.9964083763924043,1754.331383048637
95,0.6947988504822122,0.3624571843064144,-0.3323416661757978,0.1796088602718542,0.7612615703438579,0.3894662475417568,1.000206128761408,480.3992868387078
96,0.6943030208178268,0.4134092700875596,-0.2808937507302672,0.2254524217280633,0.7109977690891149,0.5178092864129554,0.9988026424945486,655.7405131036849
97,0.7442549359886106,0.8194613473589516,0.07520641137034101,0.5534014288756267,0.3502340315509418,2.204377540068439,0.9971858605708102,1135.229747108762
98,0.908893799553721,0.8791894554415307,-0.02970434411219025,0.4771775699623418,0.4037776972077823,1.623636628997768,0.9973752874234143,1045.470309089375
99,0.5575451809782459,0.668758288776781,0.1112131077985351,0.5921631978984148,0.331641339948753,2.582962082526851,0.9962244871924946,2014.557469983662
100,1.121982301216151,0.7151039112268806,-0.4068783899892706,0.2224920628362271,0.6928722785603508,0.5090643941408529,1.000755156711267,435.0278011493845