dN,dS,dN/dS,dS=dN,LRT,p-value,Full Log(L)
0,0.6541303583087609,0,0.239227856335575,4.019835385524445,0.04496810243295046,-18.88578335975959
0,0,0,0,0,1,0
0,1.644018983125537,0,0.5991789737053128,10.06976501836284,0.001507222535419794,-36.8515563429976
0.5817519486959126,0.6814687954737207,0.8536736422267284,0.5992877621201138,0.01932613527691274,0.8894355530447506,-36.89508719529854
0.1884979041509448,0.3928116413468107,0.479868426263165,0.2547606094155239,0.263466897271357,0.6077482919401305,-20.97926673616914
0.2897743206753705,0.6871034706952995,0.4217331639762198,0.3591046114590386,0.4406302794307209,0.5068184031575853,-29.07051090447455
0,0.3654988034233163,0,0.1244028154308671,2.154334673181928,0.1421680142469389,-10.75660651333036
0,0.7314570897147835,0,0.2488232667830119,4.308061326077393,0.03793216632678531,-17.73425281849317
0,0.7308163326847618,0,0.2487499247721406,4.305767250990634,0.03798335808710629,-17.7318903325163
0.1889011760842197,0,inf,0.1244329445780648,0.8348153530283078,0.3608838050587755,-12.76264001712829
0,0,0,0,0,1,0
0.1889187839005522,1.982092348446849,0.09531280621136921,0.7679743315110408,6.662592686707114,0.009845756514781034,-45.89992830466335
0,0.3255926490152251,0,0.1194256161940655,2.005051239151793,0.1567759967287183,-11.5670272151525
0.321527103247587,0,inf,0.2449772215995605,1.087213203121756,0.2970894988478842,-21.13124163587875
0,2.614592418415072,0,0.8778655873159832,15.2495061767968,9.420138271143408e-05,-47.09485921625964
0,0.6877585038176998,0,0.133084632698897,3.282304111589699,0.07003054886731719,-11.55085116597327
0.1446940869622364,1.861197371533328,0.07774247329987988,0.4693813429341839,5.896169444783688,0.0151738505775284,-31.43030723804227
0,1.178400213451265,0,0.3823506666145852,6.746820193872047,0.009391491351380399,-24.46930658468594
0,0.3681761034580507,0,0.1247331273018416,2.1643030135712,0.1412486543326058,-11.37163988729847
0.18910013226281,1.994342312235345,0.09481829227744676,0.8435788453888103,7.305353851556703,0.006874945692111001,-52.23260726307577
0.7323237822210253,0,inf,0.5889465420061937,2.175897633327295,0.1401876994182576,-45.46056189634683
0.4820719722722932,1.330385919416916,0.3623549868023081,0.7076025346887521,1.476958634683285,0.2242509791104782,-46.87660848635753
0.3778716860986484,1.310987108601708,0.2882344789047426,0.7190351788681896,2.223572608512825,0.135918219833743,-43.67409263998754
0,0.6876180606920645,0,0.1330793858118614,3.281975912424791,0.07004455316515412,-11.5543998873253
0.3778081403169019,2.329105277985228,0.1622117058803462,1.084297466441858,6.452543718012663,0.0110793604399253,-58.30620650234854
0.3136916010281618,0,inf,0.2398654416198891,1.072847048963361,0.3003032493335329,-22.98845776003514
0,0.3647601373139366,0,0.124317048510835,2.15166845182673,0.1424150534227108,-11.45498719823247
0,0.7308163356976221,0,0.2487499210086417,4.305767252387199,0.03798335805592024,-17.73190782128963
0.1888085435844355,0.3684217581344568,0.5124793512209698,0.2496778784461354,0.2191996125191409,0.6396504513320693,-22.74243137042471
0.580121943645371,1.885371366940174,0.307696379513214,0.8249251161707863,2.13439312736709,0.1440274517617482,-54.21772905730516
1.647304673944579,0,inf,1.186951729399262,6.537096589183221,0.01056476351715907,-65.32010201509966
0.3212696398544913,0.4397753269247399,0.7305312967443286,0.3529673572376793,0.06314013391946105,0.8015999512613441,-28.19506521542762
0.1889341647569349,1.648415466501644,0.1146156224546359,0.7205448308967413,5.579444206041529,0.01817248894700241,-43.32620729303427
0,1.84540598508998,0,0.6238682455148875,10.81362230767789,0.001007559733609997,-33.80630126442673
0.642269300942626,0,inf,0.4904118720491317,2.156386687891157,0.1419782125978915,-35.29590296985035
0.1602379977795704,0.8838066969301711,0.1813043489443378,0.3527572535493764,2.090325191701474,0.1482345140150378,-25.50438415832498
0,0.3649745596186081,0,0.12434202444225,2.152443678202431,0.1423431749590889,-10.75467492268184
0.6428223272189368,1.782444474522289,0.3606408706735277,0.9447387584186036,1.98383219438611,0.1589872745989676,-54.98139127995495
0.4370596137324452,4.113611356078274,0.1062471818312748,1.081415613276194,10.51810648997304,0.001182105459616278,-58.87785053775474
0.7419464836716759,1.639740730239672,0.4524779253139791,1.02181246475038,1.221452829858805,0.2690757219808345,-60.31419936161311
1.996373910577995,0.4033805723535849,4.949107734489665,1.501165821178179,3.612948652035385,0.05733138478654698,-78.60697594097195
0,0,0,0,0,1,0
0.1446147529451292,0,inf,0.1171943157033498,0.4203680950250437,0.5167534291838283,-13.13259350322324
0.7847159454999906,0.3260175613506421,2.406974465574889,0.6123367093134134,0.720868352703647,0.3958592214302742,-37.44264372185255
0.3307746158061106,0,inf,0.2607624120735165,0.9509535087650818,0.3294767086338046,-23.12965159075343
0.5878408085794966,0,inf,0.5874611024616012,0.006433797581209433,0.9360694760284239,-41.86815067331003
0,0.5149270155385099,0,0.1221318189889462,2.875270920702953,0.08994983617403851,-10.93146005211805
1.45005840620429,0,inf,0.9727696795894466,5.582498387844083,0.0181408255432407,-53.9126553661419
1.125164346624024,0.519471568193439,2.165978689723091,0.9810838562920263,0.6363012692193735,0.4250533434355134,-56.97536245881246
0,0.9836038902025173,0,0.3591548464347,6.036415866958386,0.01401370658682688,-25.57110114557598
0.4714690258410516,0,inf,0.3534103297743066,1.728108663342198,0.1886526191082397,-29.9367708047508
0.3313774195614482,0,inf,0.2611021215754151,0.9530189152599675,0.328952047106291,-20.97383269725538
0.1652089243607519,0.6174906425655481,0.2675488711445771,0.2606714750513492,0.8115446151062855,0.3676639785462908,-20.76743860809935
0.9682686150018438,0.4383326591513901,2.208981226442052,0.8257715287155872,0.6425772028730989,0.4227790926885912,-51.98119476995708
0.3783636217085176,0,inf,0.2490363348363336,1.672132764584781,0.1959731116714503,-20.88383358100418
0.8322439461470204,1.383696339178668,0.6014642971744957,0.9243057940402926,0.3524251054827232,0.5527435366480511,-57.80401471904376
0.3064325349435271,1.380462226473181,0.2219782106797693,0.5013947560206389,2.073197776694485,0.1499069178715853,-35.12965038324084
2.334611537488727,1.187105762498706,1.966641567449447,1.976053539822534,1.26456784006723,0.260788228572215,-96.31610425857276
0.919181885449377,1.789354747208741,0.5136946080050541,1.14096237664048,0.9955734756723302,0.3183839730788743,-66.41957083270344
2.723300607336382,3.344901966034726,0.8141645510061892,2.912097368464328,0.2133108645379025,0.6441846668552397,-134.4996440044361
0.2979284813799493,1.241199052683897,0.2400327979107993,0.480489683529301,1.878828977248219,0.170467301879796,-34.26214502705196
0.8342203450085049,4.189737275475553,0.1991104191404979,1.391307188643218,7.024853492324439,0.008038604806210548,-75.4420217627879
0.434660377137516,0,inf,0.3589180912376882,1.147970299381967,0.283974440469512,-29.13124025993494
0,0.6197208449660301,0,0.1226329173454096,3.238088822805199,0.07194451718116479,-12.09992826459011
0.6426784162052464,1.555199102962916,0.41324510474629,0.8583488218800414,1.239546624071181,0.2655584483694303,-49.78747045708462
0.4708536102377939,3.828822523005655,0.1229760866189667,1.301275662801129,11.10900083867901,0.0008590976166680253,-72.87136965710488
0.1890492493535476,0.3681153124984531,0.513559862724651,0.2498174612302871,0.2178440164116964,0.6406876027788189,-22.37827086553778
1.712335986025065,1.117946123859309,1.531680238859666,1.511191146008344,0.4349106966911904,0.5095891296647939,-84.51889819832128
0.4707427673870992,2.902556203853464e-13,1621821368220.66,0.4697464700034297,0.01690742787410215,0.8965438264650613,-34.98543825916043
0.7650909629385921,0,inf,0.5676647064297642,2.981398824862893,0.08422645029681475,-37.07012496049453
0.1653042932261678,2.487758156021028,0.06644709126009211,0.6529363331658921,7.925043733251883,0.004875516652795508,-35.95060873631171
0.6445177581138201,0.8812357979321607,0.7313794555625126,0.7078744374745591,0.1250892866546849,0.723578983745909,-46.20858704004532
0.7290871719460621,1.25110098479364,0.58275645276254,0.8879531518783924,0.4799422228940387,0.4884484884826816,-55.52491315284432
0.1887072060945724,0,inf,0.1272997222762352,0.7870172851730004,0.3750035595483402,-11.34435412505139
0.1530852529217009,0,inf,0.1251879901070193,0.4023297578169895,0.5258885191967162,-13.85847222915439
0.1531222330247871,2.080271311909867,0.07360685702299465,0.5014682346054559,6.141017249610357,0.01320813085990358,-33.19569546228906
0.1651568721350949,3.128993009860156,0.05278275522337338,0.7839904558585936,10.67923328598441,0.001083449580592366,-38.11511906816109
0.3070975703309488,1.241072714158943,0.2474452679745397,0.4922615534180918,1.805465118296624,0.1790531905218901,-36.38984938281605
1.650345002423868,1.754186909234264,0.9408033965686555,1.678757168031859,0.01045979265626329,0.9185398844120376,-94.00645641904073
0.376550098247742,0.3285692736487303,1.146029554334735,0.3590526491624323,0.01257658331678613,0.9107081467011613,-27.47576527263288
0.6222693578710136,0.6250939290158884,0.9954813652576634,0.6227392311170699,1.083831966752768e-05,0.9973732408426361,-40.62848972047154
2.466559309211524,2.478975166447291,0.9949915362590902,2.46891472073015,8.053966232068888e-05,0.9928395694959377,-123.0181300349926
0,0.3685587068039692,0,0.124773466368262,2.16566710582789,0.141123367379749,-13.07126637590028
0.3068181205165326,1.231807232165945,0.2490796550829141,0.4911897335581616,1.789414406627515,0.1809975279930952,-34.39722794491183
1.394362853134163,0,inf,1.251751261445384,2.36397573217576,0.1241653861814638,-72.9767711448978
0.5546754475624064,0.6167494680404976,0.8993529403838655,0.5661489919789376,0.008845167563364953,0.9250704306383389,-42.48459153850538
0.8056766386487907,0.4404134233652247,1.829364401503861,0.7075591417358699,0.3465598180959688,0.5560670237738474,-46.26342858284093
0.2802229696574443,0.5198026245890263,0.5390949495089568,0.4044833089746984,0.2682560924497039,0.6045040063347624,-27.89318716998659
2.181391140475181,3.251914065636093,0.6708022095437779,2.513206974816282,0.7335679340039292,0.3917291213313283,-116.209728789163
0.9416069373382688,0.4790672558402283,1.965500513465066,0.8274775275524723,0.4561149990572346,0.4994452527857843,-52.69820450193128
2.208838625261087,0.7535274516447623,2.931331327663968,1.730115076647589,2.506595010509074,0.1133706501324165,-90.34724931340435
1.072663846126141,1.781905757312565,0.6019756329559828,1.253995849757503,0.6160341562443534,0.4325248475686865,-72.04654308325622
0.6935500987521821,2.097096059029087,0.330719280009177,0.92593129752565,2.003551784901049,0.1569311043876438,-56.13305043247841
0.803979691708183,1.557350933408538,0.516248248523235,0.9819181545256963,0.7590558048796936,0.3836241677389663,-58.9557695006934
0.4573368741872578,0.515405255819032,0.8873345178843829,0.4705796917908101,0.01046386003789479,0.9185241028683967,-31.54315357642152
0.4489492141771479,1.856394314945714,0.2418393606157302,0.7229635686146666,2.787471568968115,0.09500402044233136,-45.69437322233197
1.034979993493321,0.6451693993146537,1.604198826839514,0.9623230073632448,0.2186893853520928,0.6400403605634446,-53.87662260125506
1.121971232464114,4.241385580287297,0.2645294117277863,1.697806448971805,5.124779473982812,0.02358656756493716,-81.19916913180533
1.497223181142633,0.3789728393734182,3.950740067858411,1.12722172292757,2.34915289181896,0.1253511079275209,-65.11368112227811
0.5809706407664625,0.6850713937447163,0.8480439353784408,0.5991769628538737,0.02095429200339538,0.8849035436877797,-44.45818082109616