dN,dS,dN/dS,dS=dN,LRT,p-value,Full Log(L)
0.1192143265309165,0.9386864244618109,0.1270012257813009,0.3044792272775719,674.2921502576764,0,-3105.413614048647
0.04138130486904951,0.9581534675907465,0.04318859793212645,0.2870945775160072,1130.000674231313,0,-2643.770090713587
0.01999111978243438,1.208275940800996,0.01654516084230045,0.1939164191086851,1253.310151634197,0,-1542.242242626951
0.04247326976582352,0.9126499083569732,0.04653840358378752,0.2776953086059047,1067.710751593564,0,-2609.935844566371
0.02059207447393943,0.9208639974316254,0.02236168916514558,0.2642542498842577,1245.616630433859,0,-2417.108979256975
0.04207353546189799,0.8969604534448171,0.04690678981477129,0.275267153097155,1052.993575680621,0,-2581.967430359053
0.196897322896428,0.9507199909987133,0.2071033792921416,0.3139906404501849,389.5236866138293,0,-3695.393895841725
0.03556714221086252,0.9185098297535121,0.03872265822174945,0.2768600136303375,1130.219275584544,0,-2531.99397904361
0.03226262242922475,0.9589089299884231,0.03364513711392202,0.2763991094841584,1199.383965730719,0,-2518.493276576055
0.02400179596270982,0.9126903859004205,0.02629785120288157,0.2651505281398875,1210.314786267359,0,-2435.002028719565
0.06465047234046858,0.9815840995420222,0.06586340627423831,0.305032782514096,1011.496921657333,0,-2841.723499055152
0.09002563329274148,0.9212164476064086,0.09772473507898666,0.3123074325002694,819.0414163839632,0,-3005.460665185238
0.05174299347462083,1.120790136065338,0.04616653181501985,0.2139735913872098,962.7991975418818,0,-1919.097813661665
0.09502688352362526,0.8657047251725799,0.1097682394013518,0.2963561852154687,725.3816351236119,0,-2953.675095162153
0.1508526746634659,1.071505146727799,0.1407857676877663,0.3396300574918501,663.1342526117451,0,-3344.316490864725
0.1033011973688027,1.077372778332434,0.09588250181027691,0.2537522730508005,715.5266705532158,0,-2457.534362379905
0.06193825422214701,1.14664187528845,0.05401708725016324,0.2279965147108528,931.588271779754,0,-2022.139551411132
0.1679638472785591,0.9449789498559213,0.1777434802163245,0.3377764825341926,518.7088475034998,0,-3382.212905676243
0.1764725449354951,0.9381967203995148,0.1880975930723221,0.3470881571700004,507.8451363687745,0,-3444.958985515689
0.2017991561790312,0.9239999998656777,0.2183973552038602,0.3520229898088062,418.8814359348098,0,-3588.185232766711
0.122468237287274,1.18944175880542,0.1029627860133911,0.2786132771642438,738.1221800236608,0,-2735.333040397239
0.1484867359840601,0.9706743626371546,0.1529727596602504,0.360999387291399,640.7323536568656,0,-3471.902749789685
0.2441831398917282,1.115850983709548,0.2188313165974574,0.3750350277012413,397.6184122065097,0,-3877.316936988868
0.1482246462206127,0.9252299348864487,0.1602030377873625,0.3399191355162007,603.3540523177289,0,-3376.40673113995
0.1949446027204286,0.8957832453156009,0.2176247476606308,0.3757680931580524,450.5132103838478,0,-3696.126027782198
0.1996886978101534,1.057784735592562,0.1887800902121068,0.3776391199053614,522.0441776999005,0,-3697.027570400035
0.13806171709868,0.9969674323976599,0.1384816721311026,0.347372500859684,686.2025399367631,0,-3388.534778523796
0.3847306552595026,0.8731945710150818,0.4406012909725908,0.4721971893665513,120.59125294964,0,-4511.006124210644
0.1396086935760286,0.9501829508256596,0.1469282241432725,0.3536943903600547,658.4212585573105,0,-3448.999254878125
0.1857056746838608,0.9293216649445363,0.1998292751465598,0.3634815534980049,484.6921694363655,0,-3582.109432293123
0.2444399311042765,1.042243046511364,0.2345325612125456,0.3789905402333591,371.3208956023909,0,-3799.439094824567
0.1689315310713332,0.8603276455915333,0.1963572040686678,0.3527017183665566,484.0170491924728,0,-3507.523566439443
0.1002093198271567,1.079176884786709,0.09285717776188494,0.255551750184374,721.8214995071894,0,-2412.958089447026
0.3033515995123603,1.011684197375289,0.2998481149546223,0.445044732619489,293.2172617225715,0,-4212.849556706497
0.3028133778369048,0.9843795441078165,0.3076185193500308,0.4492494313604007,285.7743916199634,0,-4187.810885643408
0.2860924090898405,0.9234202560193828,0.3098182081505426,0.4509549564485135,301.7460803054237,0,-4240.884868609079
0.1492497354909673,1.16357717642763,0.1282680156628614,0.3099643543035632,631.2082783005098,0,-2889.287549764229
0.2989942045895337,1.08315432364209,0.2760402632047577,0.4298752758764922,307.9429610391508,0,-4173.000736377588
0.2329419055007156,0.9604656724511064,0.2425301727923793,0.4107954514059944,411.5395899659807,0,-3930.895145706895
0.3667876685123402,1.012310666429308,0.3623271794676419,0.4850899343900306,203.6255869786892,0,-4458.210311416793
0.1561701783805338,1.150820246845335,0.1357033635866526,0.3115489451856363,600.4758479948805,0,-2950.252299349354
0.3944267126331339,1.012402059811716,0.3895949329720726,0.5134996664266919,181.2621410398588,0,-4594.84197124706
0.2990764977356958,0.9742289326153835,0.3069879036878988,0.4183080111022104,256.5650694947781,0,-4128.918626251015
0.3138872799673201,1.027371268889684,0.305524681750687,0.4367449358117733,262.3886088184936,0,-4165.117690579997
0.3179815187258307,0.904416746352928,0.351587384917512,0.4546336692060544,236.5053065786215,0,-4305.887272439126
0.3915541904560212,1.043831547682315,0.3751124320063074,0.5082341444678136,192.6022032161982,0,-4644.245033308968
0.4254468401377855,0.9305011321761419,0.45722334495478,0.5284773515501313,126.3053709941487,0,-4680.965866110118
0.3416023568116984,0.9254684269679325,0.3691129236368157,0.4829353319545298,218.9006849354791,0,-4459.291193388588
0.3089220279034204,1.100587137143843,0.2806883866597882,0.4430170193435772,303.6038784831999,0,-4165.760763685221
0.2048865817205798,1.037137598566011,0.1975500473648475,0.3439335026472719,421.1425800742063,0,-3230.716125611446
0.1937505697031854,0.9300117532757852,0.2083313130406544,0.3177314379767598,366.1243458149047,0,-3114.006318614392
0.3345983715515731,0.9729855421881857,0.343888328288087,0.4985703185422832,265.4525423457089,0,-4450.271672389512
0.4742473205219386,0.9402540371811028,0.5043821156500854,0.5768284996535292,101.637829947269,0,-4931.374588871899
0.3624060108011951,1.059370623187394,0.3420955828573021,0.4980912353237317,239.8858880576299,0,-4437.90584951318
0.4291530701227179,1.182020001776475,0.3630675195662828,0.5525487063113353,209.6573485106546,0,-4837.544932858115
0.4701530129626241,1.029820193363485,0.4565389336822601,0.5689141553197647,123.8284579182346,0,-4873.733697329459
0.4846383259813503,1.072562992753397,0.451850687797111,0.5870986228286926,128.6244096560076,0,-5170.678038485548
0.4705616869520907,0.960116455540599,0.4901089698406828,0.5635442891948248,105.3174107745635,0,-4886.784638666939
0.4239959748108481,1.05029580429967,0.4036919628499951,0.536997492258092,170.3208756787371,0,-4799.714573294921
0.4605632327432347,0.9750632422872665,0.4723419084723806,0.5820675389062151,133.9309691127546,0,-4977.536542395736
0.5036733865101179,1.111628194172648,0.4530951887964547,0.6270238007761877,143.0984996869538,0,-5267.540236806151
0.4670364614400771,1.004539487889283,0.4649259357851669,0.5632386090100913,117.5917140244328,0,-4886.807064885917
0.4812233333012517,1.003156495974626,0.4797091333528323,0.5816917728380387,114.5025461082168,0,-4995.661019920555
0.4572691821025324,1.17277888651722,0.389902297320918,0.5903480238729825,182.5370278594855,0,-4932.27296399415
0.49177247132229,0.9664629133115525,0.5088373951538897,0.5836264667793652,94.51072098007535,0,-4980.009694729188
0.4586993900889136,1.097154499939789,0.4180809449481243,0.5823448419211574,166.6419277250061,0,-5041.577720520851
0.6088878824583158,1.060984375811376,0.5738895843708121,0.6906406671606505,62.27177454806406,2.997602166487923e-15,-5386.020413795288
0.6037203569187842,0.9960570254907131,0.6061102341217443,0.6991705729332875,62.23754967937748,2.997602166487923e-15,-5501.329302272922
0.5670789542462685,0.9042144096179688,0.6271509812433311,0.651546089328458,54.22242080801516,1.790789738720377e-13,-5375.049261475906
0.516354998624202,1.013007185277647,0.5097249122499348,0.6056355739926698,94.60002681648075,0,-5113.782469019718
0.5376144809409391,0.9916808568310346,0.542124492207012,0.623296761628642,78.49832154133946,0,-5226.889951328192
0.5757984171748523,0.9542503701492867,0.6034039233170767,0.6493590344918343,54.71313356846258,1.394440118929197e-13,-5308.590630453185
0.5718718823108158,1.035946683701806,0.5520282957683826,0.6599761458194991,75.92336773326133,0,-5248.356072196019
0.4849271905723867,1.13714125260672,0.4264441110203032,0.5955007541594373,149.4295948722902,0,-5176.192143390424
0.5815210451474649,0.944408452036784,0.6157516315036273,0.6571493972776468,51.08044011906168,8.8662410746565e-13,-5314.505910571097
0.5799156869373825,0.9844982263567608,0.589046959569873,0.6855413040671677,73.30036954536627,0,-5470.112400005202
0.5298497182567644,1.060333057807492,0.4997012159107472,0.6072930316708179,82.47365865074971,0,-5272.08456184136
0.5975173799340697,0.9279010145136881,0.643945173664055,0.6595713851516884,40.00313967108559,2.535549548099425e-10,-5460.78555605668
0.6438744487093794,1.155998382628149,0.5569855965070976,0.7475462621822492,81.52656097093495,0,-5713.943326998483
0.5949661154086343,0.9544567782085098,0.623355744327543,0.6663967973021644,47.6935521341311,4.983236046030015e-12,-5469.392471568304
0.6298654475817077,0.9955967031766373,0.6326511985947767,0.7006889697660954,45.08438719409787,1.887245915099811e-11,-5520.104977210567
0.6515585562325835,0.9192115232174668,0.7088233119097203,0.7077464706545518,25.67531033128034,4.039623178186957e-07,-5595.700727090235
0.5364584919919894,1.134547537352773,0.4728391489383528,0.6414803008428203,114.2746010427636,0,-5029.072683364633
0.7127940899357131,0.9655968166947799,0.7381901820840651,0.7734315469799871,22.72630861546349,1.867928888343862e-06,-5869.922804877562
0.6717214396634693,0.9937712995593062,0.6759316152130256,0.7351288128456722,32.46638320003512,1.212722611221295e-08,-5689.676816887434
0.6572391535669412,1.015117560334852,0.6474512699298995,0.7300350588560207,43.28814719878574,4.724365343378167e-11,-5642.241798899625
0.6111140379610697,1.064665591151907,0.5739962322816117,0.700142602898992,68.00122523233586,1.110223024625157e-16,-5568.145474242659
0.5995185972760629,1.012717372473003,0.5919900394441443,0.6897584784952977,63.64760873657724,1.443289932012704e-15,-5413.847954814479
0.7273444262683809,1.00361801607603,0.7247223690863681,0.7803558827501752,21.67663715448725,3.226975947789867e-06,-5788.977197049498
0.7295805607696012,1.071128557853513,0.6811325824713731,0.7980424372193989,32.48212467697886,1.202939148292614e-08,-5746.992988247082
0.6970023362919185,1.043591708408087,0.667887959128324,0.7670837637721909,37.17949793391199,1.077405831217959e-09,-5713.610768645925
0.6437665385209982,1.003060052784793,0.6418025887220921,0.7111535337607067,40.50093307734824,1.965221319011334e-10,-5354.509093445362
0.7313393828837977,0.9550668045148462,0.7657468351183064,0.7777421953291292,16.14036467619553,5.881702095755781e-05,-5683.581820677026
0.7848412510472826,0.9734196418848038,0.8062722563596699,0.8221992619659252,9.833487015213905,0.001713631772192192,-5847.433990523428
0.808715147986085,1.000303601358941,0.8084696954878718,0.8519663115090959,11.08347696263809,0.0008710033097126813,-6075.585058701958
0.6878135104782547,1.029522379746054,0.6680899065525059,0.7594537937595751,37.57705548003105,8.787206517979484e-10,-5783.781541237423
0.6460960849117118,0.9577691737187297,0.674584338941621,0.7058232111048626,33.0979275167665,8.763207826056885e-09,-5556.566038245786
0.7431103309797377,0.9827088696416019,0.7561856353761752,0.7913102520831281,16.78995560986368,4.175372811487943e-05,-5839.62680821879
0.6704554181805613,1.012195524322613,0.6623773787473,0.7377215173355465,37.63951307256502,8.510298021846552e-10,-5776.437700736024
0.7402296108894934,0.9118974632310698,0.8117465403036473,0.7749426241706777,9.054412840026998,0.002620615486391031,-5904.690493703875