Codon,alpha,beta,beta-alpha,Prob[alpha<beta],Prob[alpha>beta],BayesFactor,PSRF,Neff
1,1,0.1179958581185857,-0.8820041418814143,0.0001536020241633334,0.9997983539603792,0.00107265211908303,0.9979555232578639,841.8234222220422
2,1,0.1179958604503228,-0.8820041395496772,0.000153602012458419,0.9997983539728633,0.001072652037331308,0.9979555233800264,841.8233877282272
3,1,0.1179958560904927,-0.8820041439095073,0.0001536019764755272,0.9997983540210358,0.001072651786012649,0.9979555233925124,841.8233842026596
4,1,0.1244708798552532,-0.8755291201447468,0.0002212414333683559,0.9997111986031324,0.001545104298130397,0.9978663489310501,867.7826425827994
5,1,0.1179958607430224,-0.8820041392569776,0.0001536019535902048,0.9997983540453752,0.001072651626172563,0.9979555236345744,841.8233158539759
6,1,0.1179958592734656,-0.8820041407265344,0.000153602017933604,0.9997983539670976,0.001072652075572152,0.9979555233201568,841.8234046330172
7,1,0.1179958604500371,-0.8820041395499628,0.000153602012617016,0.9997983539726694,0.001072652038439012,0.9979555233793919,841.8233879073771
8,1,0.09622299892498874,-0.9037770010750112,3.118337047157178e-05,0.9999581438985533,0.0002177368019765837,0.9983928927900088,734.188477639054
9,1,0.1179958606500358,-0.8820041393499642,0.0001536020152339429,0.9997983539692639,0.001072652056716658,0.9979555233747599,841.8233892152674
10,1,0.117995858086707,-0.882004141913293,0.000153602023338011,0.9997983539614218,0.001072652113318654,0.9979555232601685,841.8234215713273
11,1,2.418318356084812,1.418318356084812,0.9931001037503204,0.00576565112746343,1004.952903586656,0.9993147802232014,578.5785409491413
12,1,0.1296382065811718,-0.8703617934188281,0.0002883819209068668,0.9996251633558089,0.002014134802012628,0.997805816326697,886.3400920425742
13,1,0.1179958572162029,-0.8820041427837971,0.0001536019703246071,0.9997983540276829,0.001072651743052206,0.9979555234536329,841.8233669446458
14,1,0.2546401532759255,-0.7453598467240745,0.001388332656605187,0.9982051312568758,0.009707159062032102,0.997741860819035,906.8330444266422
15,1,0.2681807523300675,-0.7318192476699326,0.001910625951942381,0.9975450664562917,0.01336600080810407,0.9976010113993099,955.5013563073977
16,1,0.1296349537074488,-0.8703650462925512,0.0002883519705995382,0.999625202194685,0.002013925560893488,0.9978058292310825,886.3360510018815
17,1,0.2081383274501875,-0.7918616725498124,0.0003425649804688387,0.9995467317970947,0.002392693149941418,0.998340038243788,745.7039454497191
18,1,0.2784985256055343,-0.7215014743944657,0.002390506935943138,0.99694248339904,0.01673110703438109,0.9975034090192368,992.4226284679762
19,1,0.2477559256220637,-0.7522440743779364,0.001166452489050531,0.9984871824833498,0.008153971258923136,0.9978185353361856,882.3749782229006
20,1,0.1296349574649596,-0.8703650425350404,0.0002883520051364452,0.999625202149895,0.002013925802177852,0.9978058292162566,886.3360556446354
21,1,0.477171372952483,-0.522828627047517,0.01247630309802849,0.9842284057088394,0.0882132115572575,0.9964573497420822,1696.007001510635
22,1,0.4596667232832689,-0.5403332767167311,0.009851484548917169,0.9874622653321884,0.06946988540030333,0.9966025840358366,1543.839130649658
23,1,0.7671270399477159,-0.2328729600522841,0.1129642962282841,0.8657532640332505,0.8891915823756553,0.9962024477249716,2051.032124069298
24,1,0.2682155358208053,-0.7317844641791947,0.001912599698910094,0.9975426020306184,0.01337983483810733,0.9976005121246384,955.6832047834286
25,1,0.7683116589063607,-0.2316883410936393,0.1140108412017762,0.8645936384192359,0.8984894558098918,0.9962115920788831,2035.739078069604
26,1,0.4281033738591684,-0.5718966261408316,0.006173377201659392,0.9920480010272484,0.04337179833897184,0.9969422068043768,1276.263582290384
27,1,0.4597938973390802,-0.5402061026609198,0.009872966114590879,0.9874359171897547,0.06962287782057733,0.9966012609404893,1545.101772853921
28,1,0.2680451996793221,-0.7319548003206779,0.001904735180704321,0.9975524816185384,0.01332471260588989,0.997602373814074,955.0054836424332
29,1,0.2546719916710021,-0.7453280083289979,0.001389426271259771,0.998203743799469,0.009714816205206684,0.99774151282832,906.9471528769589
30,1,0.1179958610431697,-0.8820041389568303,0.0001536020430148578,0.9997983539345944,0.001072652250749486,0.9979555232713998,841.8234184000422
31,1,0.7036724214352035,-0.2963275785647965,0.07242925379968013,0.9122587194979227,0.5452079879324423,0.9959512494698849,2584.614565346046
32,1,0.2547676703229972,-0.7452323296770028,0.001392713129265581,0.998199573804784,0.009737829844097455,0.9977404692924882,907.2895081151918
33,1,0.6023348525920655,-0.3976651474079345,0.03061819396974102,0.9617268180035884,0.2205362310615792,0.9959214922981414,2666.83582525177
34,1,0.1179958583967579,-0.8820041416032421,0.000153601964680881,0.9997983540336575,0.001072651703634205,0.997955523514378,841.8233497926419
35,1,0.8017271785382236,-0.1982728214617764,0.1448011950067093,0.8308451588830355,1.182225447216109,0.9964840443215388,1665.822702751367
36,1,0.2286091732537236,-0.7713908267462763,0.0006798185843745214,0.9991100601344071,0.004749890712080366,0.9980542245681783,814.8510373918418
37,1,0.6579890101458031,-0.3420109898541969,0.05425281450665023,0.9338398714642471,0.4005368318427053,0.9959182727018855,2676.046965679376
38,1,0.4774249302435304,-0.5225750697564696,0.01251962122748046,0.9841753911396142,0.08852337380586867,0.9964554324515742,1698.217188867746
39,1,0.5457676487060317,-0.4542323512939683,0.02045931330250848,0.9742775755873367,0.1458356883063582,0.996100394242283,2238.759139791177
40,1,0.5478269973622159,-0.4521730026377841,0.02096599007116456,0.9736625056559198,0.149524665550699,0.9960911267953086,2257.526023281716
41,1,0.2476479069333803,-0.7523520930666198,0.001162551346625317,0.9984921264224228,0.008126668966645934,0.9978202064844582,881.8566491653298
42,1,0.1244630794510369,-0.8755369205489631,0.0002211492128803334,0.9997113170721261,0.001544460106900792,0.9978664472385672,867.7531391961562
43,1,0.2546453630065332,-0.7453546369934668,0.001388508805854422,0.9982049076317375,0.009708392402109094,0.99774180534131,906.8512340066235
44,1,1.736717065034187,0.736717065034187,0.8414008260597056,0.1428449269901665,37.04224122966129,0.9966610453120527,1490.041918643496
45,1,0.6908535054038522,-0.3091464945961478,0.05729408796682282,0.9292571403830129,0.4243545102184085,0.995863721129277,2842.406201160391
46,1,0.2682447817929246,-0.7317552182070755,0.001913596660653424,0.9975413351883826,0.0133868225827096,0.9976003085958296,955.7573550679949
47,1,0.4593058516069939,-0.5406941483930061,0.009802087376879076,0.9875234078098913,0.06911810229200636,0.9966058909546887,1540.692335282414
48,1,0.4513513258066388,-0.5486486741933612,0.008758952252344295,0.9888172207130757,0.06169757909129934,0.9966820688965571,1471.603022647932
49,1,0.1295729967680488,-0.8704270032319512,0.0002874882253421107,0.9996263069900987,0.002007891203356906,0.9978064821996175,886.1316205673544
50,1,0.451151374832344,-0.5488486251676561,0.008734008349510295,0.9888482322947313,0.06152032749137087,0.9966840558142385,1469.884015964727
51,1,0.1145970834718487,-0.8854029165281513,0.0001247557196242506,0.9998357118211562,0.0008711840034156689,0.9980088162604017,827.0410176667351
52,1,0.4019529188469524,-0.5980470811530476,0.007665311577754412,0.990299330393446,0.05393452797829391,0.9969167556913071,1293.050247446736
53,1,0.4889654775340297,-0.5110345224659703,0.01450948701867634,0.9817417935366866,0.1028004114859256,0.9963758452321644,1795.348419099334
54,1,0.2475007158494051,-0.7524992841505949,0.001158254672837384,0.9984976052398198,0.008096598780018907,0.9978217887318691,881.3664572147937
55,1,0.4513119917557688,-0.5486880082442311,0.008753482411267454,0.9888239889996205,0.06165870958734667,0.9966824903949575,1471.238021258902
56,1,0.3844154215511905,-0.6155845784488095,0.005879791706933006,0.9925081007210356,0.04129697889944109,0.9970867202079191,1188.664677088733
57,1,0.3487718472969527,-0.6512281527030473,0.003198289174033433,0.9958673910387521,0.02240289770847113,0.9975179429207263,986.744228314431
58,1,0.2080564596487685,-0.7919435403512315,0.0003414805146490758,0.9995481438462421,0.002385115958866636,0.9983414089160821,745.4007318228299
59,1,0.7680838367266876,-0.2319161632733124,0.1138110517399931,0.864815336550157,0.8967127599835782,0.9962098775908013,2038.588966035164
60,1,0.5190983755938282,-0.4809016244061718,0.01469413595770864,0.9813296052635844,0.104128168315164,0.9962535430912317,1968.411433795169
61,1,1.509657934343606,0.5096579343436063,0.7225190842830141,0.2543007485599651,18.1807354070375,0.9966375173438693,1511.234451663413
62,1,0.2402949004933659,-0.7597050995066341,0.0009544124795010574,0.9987577557535001,0.006670310428281889,0.9979068862105458,855.7853841430007
63,1,0.1179958592791533,-0.8820041407208467,0.0001536020164545063,0.9997983539689178,0.001072652065241553,0.9979555233264471,841.8234028568559
64,1,0.1244755914168346,-0.8755244085831654,0.0002213097664352075,0.9997111112258548,0.001545581627738718,0.9978662631625309,867.8083844961112
65,1,0.6752574522801986,-0.3247425477198014,0.07384312553469725,0.9122575162799403,0.55669940684986,0.9961839661098114,2082.654468592195
66,1,0.9379380443338878,-0.06206195566611217,0.2750506420528572,0.6965979712577428,2.649111488578902,0.9973821527623791,1042.483840769566
67,1,0.6747123757158805,-0.3252876242841195,0.05517507064113094,0.9322237299567447,0.407743265519542,0.995868979807391,2825.47273506464
68,1,0.4762527437767076,-0.5237472562232923,0.01231698530203152,0.9844232534218806,0.0870727138377132,0.9964644109669709,1687.916544041025
69,1,0.1179958598444936,-0.8820041401555064,0.0001536020477899153,0.9997983539297088,0.001072652284100364,0.9979555232136965,841.8234346931686
70,1,0.6170870012154832,-0.3829129987845168,0.04398468246366509,0.9463370238333397,0.3212416536891636,0.995983118133703,2502.009128706085
71,1,0.4997234104550833,-0.5002765895449167,0.01656777497121402,0.9792392643114782,0.1176291597208667,0.9963125060429616,1880.987950961436
72,1,0.2239445162246812,-0.7760554837753187,0.0005879081505946144,0.9992285553255293,0.004107334982341662,0.9981163408906364,798.7487933214487
73,1,0.4856626270383723,-0.5143373729616277,0.0092776892575536,0.9880580322536974,0.0653857518151007,0.9965386306662717,1607.334599461629
74,1,1.027010099261399,0.02701009926139908,0.3811952002827707,0.5808796040478585,4.301193617264238,0.9975983160365476,956.4839014217325
75,1,0.4854984954197164,-0.5145015045802837,0.00925690454071283,0.9880841619831126,0.06523790010325327,0.9965401920226667,1605.722133770519
76,1,0.8555976781126979,-0.1444023218873021,0.1908138609010171,0.7789332677423201,1.646481012491938,0.9967042360072917,1452.650300205028
77,1,2.174938349131001,1.174938349131001,0.9880258608886681,0.009921614664829052,576.1283618479878,0.9995842751365944,544.8788845319865
78,1,1.768097917738717,0.7680979177387173,0.8919458831547876,0.09495140657279551,57.63581382212025,0.9968299895274191,1353.763543863952
79,1,0.6284205860779997,-0.3715794139220003,0.04048385386037476,0.9499647787324227,0.2945946149437136,0.9958882919851374,2764.981760654758
80,1,0.4018943444374961,-0.5981056555625039,0.007658289187990401,0.9903079528606533,0.05388473584268802,0.9969172904160976,1292.693008113146
81,1,1.557900776872904,0.5579007768729043,0.7913558145910025,0.187136475977542,26.48260813096227,0.9968320536597204,1352.252876628345
82,1,0.6511277782090176,-0.3488722217909824,0.04343256820193538,0.9460617130478253,0.3170262053913608,0.9958563152223868,2866.601557245728
83,1,0.3760120609797197,-0.6239879390202803,0.002446368442568879,0.9967845041550962,0.01712303933806266,0.9977434837989,906.3012392161444
84,1,0.7008405685824077,-0.2991594314175923,0.07060470351242774,0.9143514222732723,0.5304303995115394,0.9959399933871225,2615.111883143518
85,1,0.4854663906986783,-0.5145336093013217,0.009253137264417656,0.988088915671028,0.06521110231474493,0.9965404744594022,1605.430798067185
86,1,0.3840770374923866,-0.6159229625076135,0.005848655540265736,0.9925467965605488,0.04107700610113562,0.9970902681186006,1186.66548549156
87,1,0.6851660033384281,-0.3148339966615719,0.06102777730218392,0.9254042408045674,0.4538058086391574,0.9958899592540614,2759.880817667531
88,1,0.7211067923724863,-0.2788932076275137,0.08435666805787781,0.8986846210802243,0.6432626315147365,0.9960361859458151,2375.594611714597
89,1,0.7468891412772104,-0.2531108587227896,0.08889814673861288,0.89206838276986,0.6812727527921021,0.9959853204524308,2496.495498146373
90,1,0.6780525985083047,-0.3219474014916953,0.05699523290834371,0.9300969615096448,0.4220072256973104,0.995874572226209,2807.684859502434
91,1,0.6185398762933183,-0.3814601237066817,0.05567605360233183,0.9336151645495692,0.4116638051799751,0.9962424867827495,1985.719023921201
92,1,0.3725644513172431,-0.627435548682757,0.002279292107291813,0.9969998667536618,0.01595093859005163,0.9978086299250292,885.4598813569784
93,1,0.7060480551626647,-0.2939519448373353,0.06645603466119754,0.9185418413409601,0.4970440629559901,0.9958888126993781,2763.38662969914
94,1,0.9697738516672784,-0.03022614833272164,0.3061692385588254,0.6631481866925881,3.081081923611464,0.9974633651840352,1008.412639985697
95,1,0.8100854994111799,-0.1899145005888201,0.1528540123964591,0.8221419973281632,1.259835459099124,0.9965549396048453,1590.650268273437
96,1,0.7668237561705037,-0.2331762438294963,0.112699142253055,0.8660476980776263,0.8868393437187947,0.9962001770132221,2054.865414363979
97,1,1.849580023570142,0.8495800235701421,0.9170493928186506,0.07249512179861432,77.19130814992045,0.9972492585081901,1103.514906679576
98,1,0.5604435373671912,-0.4395564626328088,0.02426747946236261,0.9696707527977413,0.1736557361347008,0.9960421557987088,2362.169652393245
99,1,0.7008894447795972,-0.2991105552204028,0.07063630286622403,0.9143151923583378,0.5306858385494009,0.9959401888262982,2614.576211393972
100,1,0.8590287176519285,-0.1409712823480715,0.2043068013453487,0.7692271840193413,1.79280238467227,0.9970521800947126,1208.486513084959