ObservedSChanges	ObservedNSChanges	E[SSites]	E[NSSites]	ObservedS.Prop.	P{S}	dS	dN	dN-dS	P{Sleq.observed}	P{Sgeq.observed}	ScaleddN-dS
0	0	1	2	0	0.3333333333333333	0	0	0	0	0	0
2	0	0.6518827042459584	2.348117295754042	1	0.2172942347486528	3.068036606851576	0	-3.068036606851576	1	0.04721678445500266	-6.373251236560241
1	0	1	2	1	0.3333333333333333	0.9999999999999998	0	-0.9999999999999998	1	0.3333333333333333	-2.077306125463894
0	0	0.6518827042459584	2.226886792183381	0	0.2264449116382942	0	0	0	0	0	0
0	0	1	2	0	0.3333333333333333	0	0	0	0	0	0
0	0	0.6518827042459584	2.226886792183381	0	0.2264449116382942	0	0	0	0	0	0
0	0	1	2	0	0.3333333333333333	0	0	0	0	0	0
1	0	1	2	1	0.3333333333333333	1	0	-1	1	0.3333333333333333	-2.077306125463894
0	0	1	2	0	0.3333333333333333	0	0	0	0	0	0
0	0	1	2	0	0.3333333333333333	0	0	0	0	0	0
0	0	0.6518827042459583	2.226886792183381	0	0.2264449116382942	0	0	0	0	0	0
1	0	1	2	1	0.3333333333333333	0.9999999999999998	0	-0.9999999999999998	1	0.3333333333333333	-2.077306125463894
0	0	0.6518827042459584	2.226886792183381	0	0.2264449116382942	0	0	0	0	0	0
0	0	0.6518827042459583	2.348117295754042	0	0.2172942347486527	0	0	0	0	0	0
0	2	0.6543037149583912	2.34569628504161	0	0.2181012383194637	0	0.8526253005360931	0.8526253005360931	0.6113656735175562	0.3886343264824438	1.77116375952912
1	0	0.6518827042459583	2.348117295754042	1	0.2172942347486527	1.534018303425789	0	-1.534018303425789	1	0.2172942347486527	-3.186625618280122
3	1	0.6518827042459583	2.347696004174778	0.75	0.2173247537782302	4.602054910277365	0.4259495259274434	-4.176105384349922	0.9977693225087914	0.03436500226223405	-8.675049295492844
0	0	0.6518827042459584	2.226886792183381	0	0.2264449116382942	0	0	0	0	0	0
0	0	0.6518827042459584	2.226886792183381	0	0.2264449116382942	0	0	0	0	0	0
0	0	0.6518827042459583	2.226886792183381	0	0.2264449116382942	0	0	0	0	0	0
1	0	0.6518827042459583	2.226886792183381	1	0.2264449116382942	1.534018303425789	0	-1.534018303425789	1	0.2264449116382942	-3.186625618280122
2	1	0.6555131949671024	2.344486805032898	0.6666666666666666	0.2185043983223674	3.051044609560258	0.4265325775574019	-2.624512032002856	0.9895676884049011	0.1223678930684613	-5.451914920433225
2	1	0.6334690884109228	2.18275557822892	0.6666666666666666	0.2249355656580985	3.15721798677985	0.458136499557773	-2.699081487222077	0.9886191581634894	0.1290263424207647	-5.606818506532617
0	0	0.6518827042459584	2.226886792183381	0	0.2264449116382942	0	0	0	0	0	0
0	0	0.6518827042459584	2.226886792183381	0	0.2264449116382942	0	0	0	0	0	0
0	0	1	2	0	0.3333333333333333	0	0	0	0	0	0
1	0	1	2	1	0.3333333333333333	0.9999999999999998	0	-0.9999999999999998	1	0.3333333333333333	-2.077306125463894
1	1	0.7759317356324493	2.04157751414248	0.5	0.275396340116517	1.288773166604555	0.4898173069955798	-0.798955859608975	0.9241568558504277	0.4749495360834617	-1.659675901140995
0	0	1	2	0	0.3333333333333333	0	0	0	0	0	0
0	1	0.6530904270477901	2.346909572952211	0	0.21769680901593	0	0.4260922583148723	0.4260922583148723	0.7823031909840701	0.2176968090159299	0.8851240582102282
0	0	0.7782761634709155	2.037308445721424	0	0.2764172530741908	0	0	0	0	0	0
2	0	0.6518827042459582	2.22688679218338	1	0.2264449116382942	3.068036606851578	0	-3.068036606851578	1	0.05127729800687475	-6.373251236560244
0	0	0.6518827042459584	2.348117295754042	0	0.2172942347486527	0	0	0	0	0	0
0	1	0.6324532922585459	2.183773353870727	0	0.224574713518819	0	0.4579229791532648	0.4579229791532648	0.775425286481181	0.224574713518819	0.9512462095857522
0	0	0.6518827042459584	2.226886792183381	0	0.2264449116382942	0	0	0	0	0	0
0	7	0.9831092414055882	2.013103737261939	0	0.3281172761766741	0	3.477217726256291	3.477217726256291	0.0618093703229354	0.9381906296770646	7.223245682323828
0	0	1	2	0	0.3333333333333333	0	0	0	0	0	0
0	3	1.001960936588819	1.87722978640964	0	0.3480008908702485	0	1.598099509031205	1.598099509031205	0.277166671864034	0.722833328135966	3.319741899211364
0	0	0.6518827042459584	2.348117295754042	0	0.2172942347486527	0	0	0	0	0	0
2	3	0.9976945054487524	1.820451402691911	0.4	0.3540251420505777	2.004621644278196	1.647942919851574	-0.3566787244266227	0.7585479033388145	0.5792951992201829	-0.7409308990740718
1	1	0.6518827042459584	2.348117295754043	0.5	0.2172942347486527	1.534018303425788	0.4258731034468504	-1.108145199978938	0.9527832155449975	0.3873716850423028	-2.30195681181966
0	0	1	2	0	0.3333333333333333	0	0	0	0	0	0
0	0	1	2	0	0.3333333333333333	0	0	0	0	0	0
0	0	0	3.000000000000001	0	0	0	0	0	0	0	0
0	2	0.631169218384678	1.720414732391511	0	0.2684017375507039	0	1.162510389119863	1.162510389119863	0.535236017618829	0.464763982381171	2.414889952234107
0	1	0.9987951504114374	2.001204849588563	0	0.3329317168038124	0	0.4996989689514267	0.4996989689514267	0.6670682831961876	0.3329317168038124	1.038027729090791
1	0	0.7731132078166199	2.226886792183381	1	0.2577044026055399	1.29347162859129	0	-1.29347162859129	1	0.25770440260554	-2.686936537186447
0	0	1	2	0	0.3333333333333333	0	0	0	0	0	0
0	4	1.008196950223481	1.975983160619484	0	0.3378472185912021	0	2.024308749041147	2.024308749041147	0.1922351631813897	0.8077648368186103	4.205108964213329
0	3	0.6350927939885217	2.183058439656359	0	0.2253579532589948	0	1.374218823236009	1.374218823236009	0.4648396858290791	0.5351603141709209	2.854673179235947
1	0	0.6518827042459584	2.226886792183381	1	0.2264449116382942	1.534018303425788	0	-1.534018303425788	1	0.2264449116382942	-3.186625618280121
2	0	0.6518827042459585	2.226886792183381	1	0.2264449116382942	3.068036606851576	0	-3.068036606851576	0.9999999999999999	0.05127729800687497	-6.373251236560241
1	0	0.6518827042459584	2.226886792183381	1	0.2264449116382942	1.534018303425788	0	-1.534018303425788	1	0.2264449116382942	-3.186625618280121
0	3	0.7769590472027363	2.041419315888831	0	0.2756759196627048	0	1.469565795057545	1.469565795057545	0.3800132775596409	0.619986722440359	3.052738027845256
2	5	0.652304645130999	2.347695354869002	0.2857142857142857	0.2174348817103329	3.066052058541374	2.12974821866485	-0.9363038398765249	0.8207160398662803	0.4706776597458703	-1.944989701870871
1	0	1	2	1	0.3333333333333333	0.9999999999999998	0	-0.9999999999999998	1	0.3333333333333333	-2.077306125463894
0	0	0.6518827042459583	2.226886792183381	0	0.2264449116382942	0	0	0	0	0	0
1	0	1	2	1	0.3333333333333333	0.9999999999999998	0	-0.9999999999999998	1	0.3333333333333333	-2.077306125463894
1	1	0.6518827042459583	2.226100270269092	0.5	0.2265067966066765	1.534018303425789	0.4492160633353319	-1.084802240090457	0.9486946710909816	0.4017082643043347	-2.25346633825686
0	2	0.7778361849718362	2.03860812023805	0	0.2761766613076592	0	0.981061529258727	0.981061529258727	0.5239202256357272	0.4760797743642728	2.037965124186129
2	0	0.633209502713327	2.182375106479012	1	0.2248945034881994	3.158512295582936	0	-3.158512295582936	0.9999999999999998	0.05057753769920392	-6.56119693896746
0	2	1.254094828259875	1.627624741982735	0	0.4351897530939464	0	1.22878446635288	1.22878446635288	0.3190106150100773	0.6809893849899227	2.55256149882972
0	0	1	2	0	0.3333333333333333	0	0	0	0	0	0
0	1	0.9976970326974515	1.817887576494888	0	0.3543480914905429	0	0.550089022517071	0.550089022517071	0.6456519085094572	0.3543480914905428	1.142703296025158
1	1	1.636738298687793	1.361998572611529	0.5	0.5458092420021537	0.6109712229509878	0.7342151600662665	0.1232439371152787	0.7020922713450344	0.7937107553493419	0.2560153854958555
0	2	0.653094320994976	2.346905679005025	0	0.2176981069983253	0	0.8521859305602361	0.8521859305602361	0.6119962517940037	0.3880037482059963	1.770251053586927
0	0	0.6518827042459583	2.226886792183381	0	0.2264449116382942	0	0	0	0	0	0
0	1	0.7782761634709154	2.037745394182148	0	0.2763743627444204	0	0.4907384420325738	0.4907384420325738	0.7236256372555796	0.2763743627444204	1.019413971634874
1	4	0.9999999999999999	2	0.2	0.3333333333333334	1	2	1	0.4609053497942386	0.8683127572016461	2.077306125463895
0	1	0.7704258687698154	2.229574131230185	0	0.2568086229232718	0	0.4485161475425992	0.4485161475425992	0.7431913770767282	0.2568086229232718	0.9317053406597091
0	0	1	2	0	0.3333333333333333	0	0	0	0	0	0
2	0	0.6518827042459582	2.22688679218338	1	0.2264449116382942	3.068036606851578	0	-3.068036606851578	0.9999999999999999	0.05127729800687497	-6.373251236560244
0	0	0.6518827042459584	2.348117295754042	0	0.2172942347486527	0	0	0	0	0	0
0	3	1	1.998075216151946	0	0.3335473355079824	0	1.5014449785217	1.5014449785217	0.2960110516474918	0.7039889483525081	3.118960850930133
0	0	0.6518827042459583	2.226886792183381	0	0.2264449116382942	0	0	0	0	0	0
0	0	1	2	0	0.3333333333333333	0	0	0	0	0	0
0	1	1	2	0	0.3333333333333333	0	0.4999999999999999	0.4999999999999999	0.6666666666666667	0.3333333333333333	1.038653062731947
1	0	0.6518827042459585	2.348117295754042	1	0.2172942347486528	1.534018303425788	0	-1.534018303425788	1	0.2172942347486528	-3.18662561828012
0	0	1	2	0	0.3333333333333333	0	0	0	0	0	0
0	1	0.9987932224634811	2.001206777536519	0	0.3329310741544936	0	0.4996984875450989	0.4996984875450989	0.6670689258455064	0.3329310741544936	1.038026729062478
1	3	0.8746299565720346	2.001585367329451	0.25	0.3040905697510956	1.143340669372145	1.498811916277471	0.3554712469053263	0.6444775075242506	0.765463258751777	0.7384225986227227
1	1	0.9930900803453344	1.823135103389599	0.5	0.3526316311923178	1.006957998867799	0.548505702150535	-0.4584522967172643	0.8756509326826453	0.5809141950672807	-0.9523457642037639
0	0	0.6518827042459583	2.348117295754042	0	0.2172942347486527	0	0	0	0	0	0
1	2	0.6330353143998771	1.719616076976841	0.3333333333333333	0.2690731473095295	1.579690701691751	1.163050303365438	-0.4166403983263123	0.8217609089021582	0.609499358475084	-0.8654896515589654
1	1	0.6530914159220376	2.346908584077963	0.5	0.2176971386406791	1.531179212619408	0.4260924378496289	-1.105086774769779	0.9526079558276608	0.3880022331090193	-2.295603526398402
1	3	0.6579356164614623	2.342064383538538	0.25	0.2193118721538208	1.519905557595807	1.280921233884874	-0.2389843237109337	0.7888608192193607	0.6285415006633455	-0.4964435995345688
2	3	0.6543120882458281	2.224938218264814	0.4	0.2272508530315267	3.056645346965668	1.348352046529922	-1.708293300435746	0.9190094093316366	0.3192920199609863	-3.548648137084108
0	0	0	3.000000000000001	0	0	0	0	0	0	0	0
0	1	0.00219482939782968	2.9973826550159	0	0.0007317128526381979	0	0.3336244033862588	0.3336244033862588	0.9992682871473618	0.0007317128526381778	0.6930400167585126
0	2	0.01302115943632911	2.986978840563671	0	0.004340386478776369	0	0.6695728717055729	0.6695728717055729	0.9913380659972325	0.008661934002767491	1.390907827838437
2	5	0.7356029916214815	2.262291675690841	0.2857142857142857	0.2453731946095909	2.718857893157044	2.210148255296541	-0.5087096378605036	0.7659555023295899	0.54345472759712	-1.056745646810144
0	0	0.7782761634709155	2.100220619647811	0	0.2703759017676188	0	0	0	0	0	0
0	2	1.1188568311087	1.229260464645342	0	0.4764910309769709	0	1.626994487760596	1.626994487760596	0.2740616406475548	0.7259383593524452	3.379765615521077
2	0	0.7711955088945586	2.228804491105442	1	0.2570651696315195	2.593376098451125	0	-2.593376098451125	1	0.0660825014376818	-5.387236054944177
0	2	0.02838075061718303	1.757264002531492	0	0.01589383922369693	0	1.138132914074849	1.138132914074849	0.9684649356778749	0.03153506432212505	2.364250473999756
0	1	0.0007689340889470857	2.999231065911053	0	0.0002563113629823618	0	0.3334187923584466	0.3334187923584466	0.9997436886370177	0.0002563113629823199	0.6926128997109754
0	2	0.9987932224613711	2.001206777538629	0	0.3329310741537903	0	0.9993969750891442	0.9993969750891442	0.444980951829616	0.5550190481703841	2.076053458122766
0	2	0.9952474733622375	1.999728221912503	0	0.3323056928082815	0	1.00013590751209	1.00013590751209	0.4458156878562289	0.5541843121437711	2.077588446971256
2	3	0.9955737289739046	2.004426271026096	0.4	0.3318579096579681	2.008891900011579	1.496687627459729	-0.5122042725518496	0.7923044214601604	0.5361770223834472	-1.064005072860735
0	0	1.121230503570662	1.878769496429339	0	0.3737435011902204	0	0	0	0	0	0