dN,dS,dN/dS,dS=dN,LRT,p-value,Full Log(L)
0,0.2488386056249314,0,0.09422773370063825,5.825343085929383,0.01579688711713279,-30.11927292440602
0.2023015649648054,1.320366038726206e-17,15321627414771388,0.1298808716804287,3.543963935700958,0.05976247896748266,-43.05048853428697
0.05056722006419474,1.15309146249239,0.04385360720206394,0.3866260351580311,17.75372254672169,2.514250452101408e-05,-83.73243205181501
0,1.636170375255666,0,0.4272281271068871,32.15910997899653,1.420490669534757e-08,-74.14827193682972
0,0.3628637756536836,0,0.1298505641049287,8.218401294454324,0.004146771653434134,-36.30561410194485
0.04823280256466241,1.083364945390485,0.04452128783553867,0.3200571210728708,15.69643173014205,7.436432841301244e-05,-65.79161074177762
0,1.463553917560634,0,0.5209689425577479,33.00386994008531,9.197561268159404e-09,-106.3030321598346
0,0.9462267463027406,0,0.2486718603668379,18.68655773365019,1.540647850684085e-05,-50.57154943633189
0,0.1143445090585363,0,0.03505706263584687,2.364428903411739,0.1241293324620564,-12.22263136789855
0.1230533441218824,0.9461392675635639,0.1300583839404122,0.3146367747917018,9.760753217743911,0.001782768540524171,-79.71781636370316
0,0.4151349278332005,0,0.1571093809158634,9.713268617514672,0.001829423475212533,-47.29558307378034
0,1.466287360275665,0,0.3346177338947532,26.53663516748932,2.585874609994931e-07,-58.97896550441016
0.04821029471304277,0.9436771312225506,0.05108770056829233,0.2840661192916265,13.23990988256371,0.0002740510847419886,-59.34454179993711
0.101183790504881,2.958580867314645,0.03420010979680284,1.026325925783023,49.81980599429158,1.685318551380988e-12,-188.285039755929
0.04822524301284198,0.943647927077781,0.05110512260879154,0.2841274072943754,13.23665198144903,0.0002745278186518929,-60.05175366481969
0.2051289288762062,0.2686795231187477,0.7634706452324089,0.2199930582019982,0.09981079605043419,0.7520568044212406,-66.10827805120007
0.1230984513968192,0.6384584853827411,0.1928057253762153,0.228456121045147,4.502533044872663,0.03384468306863053,-60.01148636637599
0.04820429584098398,0.8080293980222649,0.05965661145370323,0.248469806209755,10.85651404880721,0.0009844883931089399,-54.44519180873181
0.05055847659348222,1.228023673866314,0.04117060417435092,0.43990710909653,20.27568323306008,6.704732784856837e-06,-93.58932166938102
0,0.6482241127695747,0,0.1485682002908818,11.77433698017786,0.0006005289843293848,-31.25008977511607
1.253235062767529,0.5181461351912291,2.418690360982823,0.9924533815255243,3.750638263030567,0.05278735077740493,-191.8501860067929
0.0482042350274017,0.6475735265909879,0.07443824221963267,0.1856980006910615,7.284976970699148,0.006953362228906301,-43.62631053065057
0.4948439437343373,1.211813260802978,0.4083499989152136,0.6628515729030079,3.825038677542068,0.05049218255372478,-156.2268863899389
0.2461531516998269,0.8129509874511249,0.3027896582936691,0.3603036299987274,3.553792651160848,0.0594095129190414,-88.15509898328628
0.7611805892414372,0.5771679949066149,1.318819816688892,0.7264989027641009,0.2071636167039514,0.6489996739254303,-148.3379466387548
0.6738724838400368,0.7696779656899254,0.8755252376700037,0.6919790993004902,0.05412303429523035,0.816038185407959,-146.9890817992469
0.1732616370622999,0.8120823799972096,0.2133547548007325,0.3281137483842825,5.754412515440862,0.01644729453994453,-81.43923003906261
0.3039901138607248,0.9408304488663783,0.3231082861178731,0.4594704747647239,4.237549538506585,0.03953919652472149,-110.9756608863163
0.2025065507509371,1.846825141612689,0.1096511771407356,0.7848777717527858,23.32758078582378,1.366267250002551e-06,-161.8835296940956
0.1441006194878579,0.6724969561007309,0.2142769839783089,0.283140537053923,4.590637128264973,0.03214706224699981,-67.20878295108655
0.5654832331665629,0.4846462966791318,1.166795737512775,0.5483486196671421,0.05967407390244261,0.8070118234252484,-127.8424355809249
0.581481708722889,0.7116857148758964,0.8170484478872638,0.617126388741345,0.1627958747886282,0.6865953596787479,-142.1982483309012
0.3702766314230446,1.353290316629649,0.2736121191979068,0.5993478406411009,7.588347840668291,0.005874676354024166,-138.092594675855
0.4109466806764379,1.218928984514855,0.3371375083348259,0.5989411147186435,5.233287257309883,0.02215861564089938,-144.1996681252983
0.3469292039436187,2.77199136624396,0.1251552252897911,0.8559005557190965,25.32751871404423,4.837576936811416e-07,-161.611763735837
0.4164088441662979,0.8023938650252073,0.518958160470502,0.5080195406559974,1.500924528247936,0.2205291630019399,-126.4391218033631
0.2531495558713081,0.6905027768659669,0.3666162749124567,0.3867508551217583,2.71154052840248,0.09962474235092955,-91.17348130313391
0.5808735062627682,0.9674048552957446,0.6004451012241301,0.6532915591487298,0.8619485459007592,0.3531939788604372,-135.6077373229941
0.144759888301388,0.9439201373859555,0.1533603136196232,0.3553404590924401,8.272275209893593,0.004025502928875713,-75.76131855985359
0.9984492150492282,2.53778780519978,0.3934328997103161,1.018365777130163,0.6347142543764903,0.4256313489736309,-217.2714806401436
0.3549082664341301,1.173058180783206,0.3025495855603439,0.6634494078800701,7.190087409924104,0.007330740962642412,-152.7749991717297
0.3036296879170282,0.5135873879594482,0.591193816350105,0.3729249735076238,0.7323422607811949,0.3921250226655387,-98.93235313105359
0.4050932429442033,2.078299466249986,0.1949157229372435,0.9532527429483729,17.41134210945978,3.010243438583693e-05,-197.2457862929552
1.127726527376969,2.124214201966655,0.5308911532240435,1.308692642638633,3.307072697971307,0.06898226997036061,-282.6635625075706
0.1517742284036576,0.18124949245089,0.8373773981451628,0.1623343174826029,0.0372878201617084,0.8468802264977264,-46.06247427287386
0.4779882920371504,2.024302519153905,0.236124930693133,0.8544865009185889,13.02386499247143,0.0003075464196713451,-176.7214840852535
0.7080371470141219,0.5005669473758843,1.414470433427249,0.617627790471498,0.479722102859796,0.4885482196112576,-132.9768433602468
0.4940458115924546,1.78971304654264,0.2760474996518857,0.7554098057456659,8.723276607552634,0.003141729018358519,-161.3660722528787
0.7435573990011581,1.410488657652933,0.5271629764385662,0.9169233981175641,2.772949717783376,0.09586934720764972,-221.4340826887118
0.8136245558420593,1.496313439175964,0.5437527556326239,1.022744184536125,2.557849695515131,0.1097477659566598,-211.1916176853063
0.7404820635243735,0.3102339306183571,2.386850664749815,0.5876529023230262,2.17192073510887,0.1405505899563054,-122.9967186584969
0.4313520164958032,1.096034569223765,0.3935569448336797,0.5032800599338252,2.220650147678214,0.1361757040404711,-131.2007995186211
0.4259778463055487,2.352407768270802e-13,1810816356122.964,0.4252529191996308,0.04427468299422799,0.8333433955489153,-103.9069619499817
0.6476879266142392,1.66257119715006,0.3895700393008676,0.6876583833934035,1.250253615437259,0.2635040437005751,-158.816508381917
0.259850806463483,1.283395832695329,0.2024712873796359,0.4773127438142316,8.494565579345334,0.003562088168405309,-108.3713980811621
0.3472106373835759,0.6706912451376099,0.5176907256517662,0.4262706006354245,1.246025626548118,0.2643129209292947,-105.5073180542312
1.290242589317958,0.3337140522994452,3.866311833222442,0.8727767653729069,7.903247698472001,0.004934612018614004,-174.1093137583734
0.652961132994555,1.371586589024876,0.476062640316989,0.907799038273118,3.8040349554812,0.05112923139693681,-198.2962113670639
0.3758738419981156,0.2689559397974461,1.397529432817846,0.3525292746866626,0.2004818460074773,0.6543321946457354,-97.5057813495622
0.1518665775024534,0.3069732584915881,0.494722498789304,0.2032027733793665,0.7274590522770978,0.3937080505107381,-56.66150319357956
0.1518692324433076,1.034813622172653,0.1467599857493652,0.4217398378877933,10.00666846316904,0.001559744201745206,-94.84340839155894
0.5645257746462294,1.292404866663411,0.4368025757312876,0.7018760628612899,3.209059705340962,0.07323155728378339,-167.8991276276914
0.3543019152526721,0.3072496843256068,1.153140046442495,0.3387169931878758,0.04349638956307444,0.8347933938689056,-83.28340790311736
1.010204912930033,3.22180361316604,0.3135526041381873,1.733368172770494,16.70328270892844,4.370530689201679e-05,-320.6484256156647
1.320050344143589,0.514699198908408,2.564702542656367,1.031714339398313,4.363517826588748,0.03671641084919308,-196.3015167033383
1.164133457302764,0.581881285526387,2.000637391610995,1.055234536004119,1.541832489664273,0.214345248798244,-203.589527784551
1.478691238791829,1.29856306827878,1.138713455598121,1.440715117432578,0.111444305552709,0.7385057681710379,-261.2484796133571
1.073649403291083,1.444477623540028,0.7432786675226273,1.174091495806543,0.6757404407351828,0.4110573583821935,-239.2872384992765
1.035355190639158,0,inf,0.6335581142428421,17.64715998604015,2.659120415016147e-05,-131.780809293889
0.2875766204807484,0.8101840750667836,0.3549522007786236,0.4094483147902487,3.233223425251566,0.07215852696200309,-100.763987481079
0.6635385634640394,0.9744145480766411,0.6809612651758662,0.715316549843884,0.5279603213188011,0.4674656472746984,-162.3768229081746
0.8570642712548746,1.665103395677808,0.5147213521272008,1.067357270797417,3.195149459835079,0.07385701882061235,-229.3648761241888
0.7840260412214735,1.296382246894545,0.6047799891579745,0.8878682915119335,1.31365239596704,0.2517344325136067,-195.9781284839314
0.06025281282901759,0.2547970190620232,0.2364737745002846,0.1298949865786768,1.543823684784797,0.214049553568617,-39.9494200145293
0.1011473216208703,0.2288622504445127,0.4419572097382365,0.140289907802925,0.6485947053307655,0.4206155575787005,-39.17963786773945
0.6289480974490856,0.9590793382227496,0.6557831791211106,0.7104312945541783,0.8980605443314289,0.3433022833632559,-167.9977648802666
0.1298404795384317,0.6450834735485589,0.2012770205136218,0.2388281013601873,4.283755845293555,0.03847823394140271,-57.86509553799379
0.6411382014061732,1.766571970579481,0.3629278693898123,0.8853940900051634,6.935636860117768,0.008449497210781254,-207.744216469242
0.3864684578391161,1.952599123507347,0.1979251415133916,0.7446984936765036,12.5625030036806,0.0003935642588012156,-138.9127602773447
1.363226427018381,0.6856564404505406,1.988206259861883,1.2200268465192,2.456586721052076,0.1170328522374394,-280.0774458904749
0.949132649112317,2.344634178052723,0.4048105491239556,1.070251567804019,2.164263320050111,0.1412523019101404,-157.229785430192
0.8639112843388376,0.6716267191409251,1.286296777239391,0.8188701553253095,0.2681371407230131,0.6045841401862646,-187.1646876944526
0.7441990765949161,1.755965814144091,0.4238118251508561,0.9811219520717732,5.144941914814353,0.02331419035250382,-212.9569436493703
0.9065207377113002,0.8073993318644871,1.12276627182477,0.8848097864774289,0.0656250678493393,0.7978165599225953,-213.7988172449831
0.6779926055158333,0.9454558899625817,0.7171065437464949,0.7485580234230877,0.493734564197382,0.482266113729759,-161.7744163720229
1.037082654017247,0.9358093730840481,1.108219989931756,1.013123741875755,0.05854357750774852,0.8088128616459845,-226.9652286490415
1.317378585167502,1.85790597953889,0.7090663357972827,1.451292265189619,1.064207293841378,0.3022575565870437,-293.3661307504327
1.139982801079568,1.244325115680945,0.9161454564514864,1.182070752399196,0.06127229027879366,0.8044962180129884,-229.9238741352324
0.5906932122063198,0.1379027215806511,4.283405036795146,0.3566992343786148,4.266540793781076,0.03886998332774183,-86.21844734731792
0.4921467014916575,3.479911341866417e-13,1414250689581.36,0.4914311365089261,0.0435811936903292,0.8346347458717882,-123.9673218511759
0.9172777874925323,1.280305792563375,0.7164521107539448,0.9950120030081725,0.607470649665288,0.4357417477776934,-207.8844302308362
0.6105372698824164,0.6399411453638107,0.9540522191854408,0.6168302309800303,0.006797924617387707,0.9342892526819265,-142.7243127275459
2.806646570178705,1.536504723033624,1.826643633504331,2.389129488368521,4.36161357606511,0.03675747322564193,-399.3209612804218
0.4624898540931225,0,inf,0.4576105609901018,0.296731717499938,0.585938632233478,-117.6890352913111
0.5639629439364848,1.776683318527898,0.317424573110624,0.8560330489300703,8.088552197365971,0.004454573362693393,-175.2762650908653
1.541253432677652,0.9449040106071435,1.631121696358689,1.35377464203681,1.823012039386413,0.1769551634584836,-265.6193131771626
3.852030524836666,1.695763591029527,2.271561050852632,3.152829731710325,9.725277570782623,0.001817508701490222,-493.9669643586809
0.6609565486712302,1.135547479590497,0.5820598086392523,0.7484178657942188,1.347587491992272,0.2457003179345212,-183.9118324797755
0.7804833098503763,1.748432966681637,0.446390181793278,0.9420235010679718,3.560037912691655,0.05918638705628165,-194.3456531675427
2.01151400385712,1.098638108068431,1.830915921343436,1.81199508218215,2.174011465010381,0.1403596802638425,-287.979143860843