dN/dS,LRT,p-value,Log(L)
0.02193927060172363,2825.553680755146,0,-1487.390715330213
0.06901311373207417,2087.423996431976,0,-2698.253308279585
0.01362312353313506,2940.541533809132,0,-1376.040693756649
0.07063050721929227,2058.750864595798,0,-2716.248255066029
0.01475887941863658,2580.135464936171,0,-2234.355452885728
0.08652672047996993,1951.642616981978,0,-2846.355189391393
0.02415046982322901,2470.242247104455,0,-2374.487490274436
0.02791887764306969,2747.711009864291,0,-1583.258847758441
0.01736885001486397,2557.398703167228,0,-2323.947407060839
0.01831877548948872,2882.650200862268,0,-1453.812972472002
0.02433661560275579,2792.705536723633,0,-1533.318737952062
0.1205644533711661,1728.177920421944,0,-3035.245262011301
0.1131492987595002,1750.769523535916,0,-3069.420115886956
0.1349636514987339,1642.743541102574,0,-3186.777999765428
0.14812023523158,1638.801303699367,0,-3154.855811414358
0.2394903147227306,1210.924519291338,0,-3596.240048440976
0.1507509883964331,1558.993090699584,0,-3224.993188391476
0.07639630991929028,2250.072575785828,0,-2042.297577477051
0.1473855014796691,1585.809308510211,0,-3316.53764158159
0.2623949857987343,1205.35211663321,0,-3704.760177080158
0.254641623122045,1174.708547703549,0,-3676.955987686346
0.09803637764516387,2089.617076159168,0,-2198.158742558401
0.2645112322877811,1128.800308631471,0,-3822.623270125884
0.1536698930454056,1531.371543160961,0,-3288.567051513188
0.1634527946116957,1619.498067176962,0,-2836.437301947396
0.138506447122772,1587.931724391885,0,-3271.913766361827
0.1770080070609663,1638.709756313572,0,-2952.734622195146
0.2258813664835188,1186.830640153941,0,-3715.598594173997
0.3290323949572772,841.9350773489323,0,-4037.568822993018
0.09308672417650186,2115.126573091846,0,-2193.647122041018
0.1061177992519083,1999.348073440242,0,-2384.455526565266
0.3293905909565654,946.8796348084943,0,-4156.988590705135
0.3358804757675632,870.0426710526453,0,-3967.789339789702
0.2391202058722998,1096.261166293769,0,-3769.153119550008
0.2864774821050177,963.4285423043002,0,-3946.203808829079
0.2032271284402765,1420.707228044806,0,-3083.907601824083
0.2856720635894822,954.9529228598904,0,-4026.071214113293
0.1380907129474092,1770.572883704861,0,-2542.00892269735
0.3743558495117404,756.2847290761183,0,-4207.203955386688
0.1644229079123083,1598.269955633102,0,-2707.910032468924
0.2400206630993263,1112.054630810626,0,-3815.09985403269
0.3217787517958245,837.2201958694004,0,-4216.116607162259
0.2276950851744674,1279.755319188331,0,-3144.060219654233
0.2625419686253997,1049.584767378367,0,-3692.183289185275
0.3856020697006088,649.1179909679158,0,-4411.129273896399
0.455431248643838,495.3521628080107,0,-4715.530968663174
0.3292243773447889,911.2978170261213,0,-4003.637771393849
0.4218269803414284,542.6560868387169,0,-4641.226792138108
0.4973139555449982,406.4066471538918,0,-4791.520797339321
0.4494093231037848,487.8913232512878,0,-4559.703465679009
0.3846276252668327,717.1006547801517,0,-4297.719477768291
0.4018024595585187,584.042319545295,0,-4449.297041768992
0.4155210574908672,604.7563352865436,0,-4465.149016297637
0.4979116815030558,423.1464455565729,0,-4757.335177786705
0.4974879403611742,435.4441450383401,0,-4862.559511867743
0.4316545601881498,514.0005439294764,0,-4649.692718120202
0.4428253648857705,486.8383492259072,0,-4681.090875284751
0.4295627683244003,517.7710267965376,0,-4639.737819275417
0.6162356112371754,224.0990416999648,0,-5124.091763880625
0.6487205429354121,186.1159463200547,0,-5290.872639920382
0.6003572614300375,244.2133933591958,0,-5088.869989017672
0.542198487903678,334.1555844704526,0,-4850.878212584428
0.5576178564140163,318.8223053314796,0,-5055.55040654717
0.5747513462516318,272.1703557101264,0,-4976.810632215118
0.5558866332679717,314.003667967123,0,-4985.518400521885
0.5961424304363362,247.3750607264392,0,-5067.391210905936
0.597710435898029,232.321301309923,0,-5328.654236655598
0.5732275592053108,272.0618477984826,0,-4788.84221804687
0.7328680640015045,90.38173711132731,0,-5585.618808783933
0.5294562546962374,349.7011196195544,0,-4721.2253842856
0.6471110150707863,165.7769169965413,0,-5376.374478350174
0.6616920741358021,174.8252786441935,0,-5398.969770905896
0.4366474269635512,553.0043038291478,0,-4326.638373542442
0.4002708889709207,643.8536076703231,0,-4024.937886491606
0.765524185922602,68.82732846591716,5.551115123125783e-17,-5717.664178351436
0.6678076581174794,159.3474857656329,0,-5439.037141804194
0.5633650611362959,277.5901198111897,0,-5085.445860876737
0.7166525263183844,107.2015804646071,0,-5440.801334113251
0.7449516362003962,88.40778761576075,0,-5627.548895859227
0.5885815479680182,254.18799236839,0,-4956.486013259337
0.7052839603619669,126.0310514235953,0,-5540.436378342263
0.70885348731715,116.7925860654686,0,-5427.975791853492
0.764884647237,73.90274729207522,0,-5564.689058866558
0.7173234611423677,112.4354689852044,0,-5406.527583325782
0.7360475034259811,97.37934803113785,0,-5661.721578317201
0.6980073981270768,121.7659271224602,0,-5456.020525921221
0.7392517941607636,94.05913891279852,0,-5577.532718115589
0.6886418873159039,141.4852566872614,0,-5521.378766947664
0.7596460972107354,75.76798427170615,0,-5639.050521779159
0.9402902927816355,3.87346781774977,0.02452753276959174,-6042.012102681828
0.8513040538359609,27.0892698349744,9.713664661514798e-08,-5797.953295299596
0.8443530272901006,28.83587297872327,3.938920190016404e-08,-5561.188487086776
0.9278110425679574,6.03303935774602,0.007020268420614428,-6032.98486200918
0.9211253857451449,7.041811973977019,0.003981421580061317,-5947.029191641859
0.8340895065888181,36.07641418967069,9.48647105314393e-10,-5803.134530907058
0.8080620356950875,47.78592513017429,2.37698749572246e-12,-5672.79692479603
0.7826982744647635,61.85960612355848,1.831867990631508e-15,-5716.70352214253
0.9331226861910724,5.254447786361197,0.01094537334194629,-6131.294698805834
0.7943304936365975,56.16520294304974,3.33066907387547e-14,-5721.177814325849
0.9097786910557566,9.481352962211531,0.001037854165078567,-6005.114814532616