Codon,alpha,beta,beta-alpha,Prob[alpha<beta],Prob[alpha>beta],BayesFactor,PSRF,Neff
1,0.764837,0.543803,-0.221034,0.4246,0.511317,0.893746,0.998936,633.646
2,0.991421,0.523691,-0.467731,0.402809,0.534498,0.816937,0.998539,704.229
3,0.764837,0.543803,-0.221034,0.4246,0.511317,0.893746,0.998936,633.646
4,0.766361,0.543804,-0.222557,0.424483,0.511445,0.893317,0.998933,634.224
5,0.78433,0.543829,-0.240501,0.422726,0.513357,0.886913,0.998873,643.959
6,0.739184,0.543769,-0.195415,0.427139,0.508554,0.903074,0.999025,619.904
7,0.78433,0.543829,-0.240501,0.422726,0.513357,0.886913,0.998873,643.959
8,10.1638,0.559561,-9.6042,0.0277691,0.958897,0.0345936,0.99896,629.964
9,0.991421,0.523691,-0.467731,0.402809,0.534498,0.816937,0.998539,704.229
10,0.841251,0.550084,-0.291167,0.419859,0.5167,0.876543,0.998725,669.202
11,0.991421,0.523691,-0.467731,0.402809,0.534498,0.816937,0.998539,704.229
12,0.78433,0.543829,-0.240501,0.422726,0.513357,0.886913,0.998873,643.959
13,0.766361,0.543804,-0.222557,0.424483,0.511445,0.893317,0.998933,634.224
14,0.982988,1.42837,0.445385,0.645922,0.296529,2.20945,0.997244,1106.14
15,6.6185,0.534157,-6.08435,0.122449,0.845841,0.168999,0.99811,800.381
16,0.766361,0.543804,-0.222557,0.424483,0.511445,0.893317,0.998933,634.224
17,0.764837,0.543803,-0.221034,0.4246,0.511317,0.893746,0.998936,633.646
18,0.766361,0.543804,-0.222557,0.424483,0.511445,0.893317,0.998933,634.224
19,0.766361,0.543804,-0.222557,0.424483,0.511445,0.893317,0.998933,634.224
20,0.784622,0.583844,-0.200778,0.432855,0.503538,0.924382,0.998851,647.542
21,4.53885,0.555726,-3.98312,0.148612,0.813688,0.211413,0.99763,945.237
22,0.841114,0.535043,-0.306071,0.415474,0.520974,0.860882,0.998742,666.222
23,0.841251,0.550084,-0.291167,0.419859,0.5167,0.876543,0.998725,669.202
24,0.967212,0.55438,-0.412833,0.413168,0.524194,0.852741,0.998526,706.783
25,0.991421,0.523691,-0.467731,0.402809,0.534498,0.816937,0.998539,704.229
26,0.766361,0.543804,-0.222557,0.424483,0.511445,0.893317,0.998933,634.224
27,0.766361,0.543804,-0.222557,0.424483,0.511445,0.893317,0.998933,634.224
28,0.991412,0.523895,-0.467518,0.402871,0.534437,0.81715,0.998538,704.278
29,3.5018,0.548172,-2.95363,0.16377,0.795311,0.237198,0.997357,1053.71
30,0.890728,0.567978,-0.32275,0.421091,0.515914,0.880987,0.998622,688.208
31,0.890728,0.567978,-0.32275,0.421091,0.515914,0.880987,0.998622,688.208
32,3.51009,0.548191,-2.9619,0.163641,0.795468,0.236975,0.997359,1052.71
33,0.841114,0.535043,-0.306071,0.415474,0.520974,0.860882,0.998742,666.222
34,0.766361,0.543804,-0.222557,0.424483,0.511445,0.893317,0.998933,634.224
35,0.982988,1.42837,0.445385,0.645922,0.296529,2.20945,0.997244,1106.14
36,0.901627,1.55548,0.65385,0.660024,0.283171,2.35134,0.997334,1063.85
37,0.841114,0.535043,-0.306071,0.415474,0.520974,0.860882,0.998742,666.222
38,0.991421,0.523691,-0.467731,0.402809,0.534498,0.816937,0.998539,704.229
39,0.83757,1.26232,0.424751,0.645821,0.296192,2.20848,0.99713,1164.56
40,0.841251,0.550084,-0.291167,0.419859,0.5167,0.876543,0.998725,669.202
41,0.841251,0.550084,-0.291167,0.419859,0.5167,0.876543,0.998725,669.202
42,0.966852,0.531611,-0.435241,0.406591,0.530634,0.829863,0.998548,702.307
43,0.991421,0.523691,-0.467731,0.402809,0.534498,0.816937,0.998539,704.229
44,0.739184,0.543769,-0.195415,0.427139,0.508554,0.903074,0.999025,619.904
45,0.890418,0.542181,-0.348237,0.414223,0.522613,0.856455,0.998639,685.006
46,6.72175,0.530914,-6.19083,0.121001,0.847633,0.166726,0.998141,792.645
47,0.890728,0.567978,-0.32275,0.421091,0.515914,0.880987,0.998622,688.208
48,0.901549,1.5494,0.647856,0.659665,0.283504,2.34758,0.997331,1065.35
49,1.00425,1.22158,0.217332,0.629182,0.312396,2.05503,0.997049,1210.61
50,0.766361,0.543804,-0.222557,0.424483,0.511445,0.893317,0.998933,634.224
51,0.841067,0.529984,-0.311083,0.413887,0.522523,0.85527,0.99875,664.845
52,0.991412,0.523895,-0.467518,0.402871,0.534437,0.81715,0.998538,704.278
53,0.78433,0.543829,-0.240501,0.422726,0.513357,0.886913,0.998873,643.959
54,0.78433,0.543829,-0.240501,0.422726,0.513357,0.886913,0.998873,643.959
55,0.991384,0.522166,-0.469219,0.402328,0.534969,0.815306,0.998541,703.791
56,0.991421,0.523691,-0.467731,0.402809,0.534498,0.816937,0.998539,704.229
57,0.766361,0.543804,-0.222557,0.424483,0.511445,0.893317,0.998933,634.224
58,0.846494,1.25677,0.410277,0.644507,0.297449,2.19584,0.99712,1170.36
59,0.9909,0.527023,-0.463876,0.403925,0.533401,0.820737,0.998532,705.486
60,4.08354,0.49583,-3.58771,0.332919,0.612473,0.604453,0.998883,642.328
61,0.739217,0.549938,-0.189279,0.428887,0.506862,0.909543,0.999018,620.873
62,4.08354,0.49583,-3.58771,0.332919,0.612473,0.604453,0.998883,642.328
63,6.72143,0.530846,-6.19059,0.120991,0.847645,0.166711,0.998141,792.556
64,0.739184,0.543769,-0.195415,0.427139,0.508554,0.903074,0.999025,619.904
65,4.08354,0.49583,-3.58771,0.332919,0.612473,0.604453,0.998883,642.328
66,0.967212,0.55438,-0.412833,0.413168,0.524194,0.852741,0.998526,706.783
67,0.841085,0.531879,-0.309206,0.414453,0.521971,0.857268,0.998748,665.249
68,0.841114,0.535043,-0.306071,0.415474,0.520974,0.860882,0.998742,666.222
69,0.784456,0.554111,-0.230345,0.425619,0.510548,0.897478,0.998863,645.603
70,0.991463,0.526811,-0.464653,0.403854,0.533472,0.820495,0.998533,705.408
71,9.95481,25.2407,15.2859,0.76496,0.0616078,3.94185,0.997634,943.599
72,0.991421,0.523691,-0.467731,0.402809,0.534498,0.816937,0.998539,704.229
73,4.08354,0.49583,-3.58771,0.332919,0.612473,0.604453,0.998883,642.328
74,0.9909,0.527023,-0.463876,0.403925,0.533401,0.820737,0.998532,705.486
75,0.739348,0.554336,-0.185012,0.430116,0.505672,0.914117,0.999014,621.53
76,0.991463,0.526811,-0.464653,0.403854,0.533472,0.820495,0.998533,705.408
77,1.95451,0.506766,-1.44774,0.368311,0.572502,0.706179,0.998333,747.321
78,0.841114,0.535043,-0.306071,0.415474,0.520974,0.860882,0.998742,666.222
79,0.985736,1.20557,0.219835,0.629033,0.312483,2.05372,0.997029,1222.25
80,0.739348,0.554336,-0.185012,0.430116,0.505672,0.914117,0.999014,621.53
81,5.23909,0.576276,-4.66281,0.14285,0.820668,0.20185,0.997755,902.666
82,2.08208,0.605076,-1.47701,0.210513,0.740036,0.322951,0.996703,1453.32
83,0.890418,0.542181,-0.348237,0.414223,0.522613,0.856455,0.998639,685.006
84,1.00522,1.24154,0.236315,0.630829,0.310834,2.06961,0.997073,1196.46
85,0.967212,0.55438,-0.412833,0.413168,0.524194,0.852741,0.998526,706.783
86,0.9909,0.527023,-0.463876,0.403925,0.533401,0.820737,0.998532,705.486
87,0.991523,0.530252,-0.46127,0.404973,0.532374,0.824315,0.998527,706.56
88,18.1573,1.15273,-17.0046,0.11371,0.854969,0.155391,0.99687,1324.83
89,4.08354,0.49583,-3.58771,0.332919,0.612473,0.604453,0.998883,642.328
90,0.784291,0.538297,-0.245994,0.421087,0.514951,0.880973,0.99888,642.836
91,0.841114,0.535043,-0.306071,0.415474,0.520974,0.860882,0.998742,666.222
92,5.24664,0.62899,-4.61765,0.149505,0.812372,0.212906,0.997689,924.465
93,0.739186,0.544026,-0.195159,0.427207,0.508488,0.903327,0.999024,619.929
94,0.806591,4.1084,3.30181,0.846166,0.111513,6.662,0.997884,862.589
95,0.764802,0.538273,-0.226529,0.422958,0.512912,0.887754,0.998943,632.533
96,0.766363,0.544061,-0.222303,0.424551,0.511379,0.893566,0.998933,634.249
97,0.841114,0.535043,-0.306071,0.415474,0.520974,0.860882,0.998742,666.222
98,0.89132,0.61622,-0.2751,0.431194,0.506097,0.918148,0.998623,687.982
99,0.78436,0.547939,-0.236421,0.423929,0.512189,0.891292,0.998868,644.75
100,0.966852,0.531611,-0.435241,0.406591,0.530634,0.829863,0.998548,702.307