dN/dS,LRT,p-value,Log(L)
0.01331163281526346,133.6722229306591,0,-103.9081729677309
0.07934097382647391,103.2369979975797,0,-167.7020929140755
0.05360346298215636,112.1790589557735,0,-155.9114544801513
0.08812786211665538,133.7596778673351,0,-93.89049653664796
9.555848176237971e-17,144.5455497461152,0,-75.33841379400755
0.05411248637723447,111.4401852953436,0,-117.1849162725007
0.02669061236635143,125.5770762214108,0,-93.78601830408988
0.109110440239991,90.5207136827367,0,-150.2840172807317
0.03992130819825414,119.1000261365842,0,-123.7135173441488
0.1173168402342142,91.78105761324741,0,-153.4227378999103
0.04016678088695633,118.4664902892063,0,-110.9409519478522
0.09442021931608861,95.88877679673919,0,-133.5318061465352
0.1091005562331364,90.35567942635032,0,-157.4304583160843
0.08600329472058371,108.6480592866175,0,-113.0470352196657
0.1743053681482485,73.06910941643849,0,-204.7985611973786
0.1534212098097764,96.314007186715,0,-142.0505810963891
0.07986875768462967,102.3414254000101,0,-139.1750754767728
0.01214681898395524,147.162386628605,0,-84.9563374087506
0.0940906337556915,96.32833640371587,0,-191.0601328614005
0.3029509793804472,49.09208886986721,1.22113430478521e-12,-190.94163442799
0.4865456378258863,23.51460026002417,6.198471725893384e-07,-250.0500873215195
0.1597471238793454,77.44986659211611,0,-187.1408489958902
0.4741139428460137,25.01225149522691,2.848359078599927e-07,-233.6654180369944
0.09325073385098956,97.59678860941409,0,-129.1127628819625
0.5951180485913146,12.79506575483413,0.0001737673839096732,-274.3153241074692
0.4796963377658534,22.51015357764186,1.045178815606285e-06,-239.5169777400176
0.3420637755935376,46.99860660673454,3.551881011532032e-12,-222.4720269422756
0.6228005746732721,11.21461601045519,0.0004057780020977342,-309.6843455655197
0.5832761583133567,13.18328360936516,0.0001412286989078138,-266.4117012591529
0.2683282825963531,58.65109084694313,9.436895709313831e-15,-200.5261446798605
0.2785591313167864,57.03544482634612,2.142730437526552e-14,-177.6781976262288
0.3565769498219827,42.97726384013697,2.76898504125711e-11,-223.337295834027
0.351339086567279,42.95855498988919,2.795591536042252e-11,-226.8030137192926
0.5743376599023551,15.50639101151808,4.111338722356805e-05,-271.3696163313621
0.5597295979538968,16.45593073786029,2.489708089886689e-05,-273.8108398631458
0.2683374340983349,55.33064385513245,5.095923683029469e-14,-179.2103319095228
0.3988647694494467,36.4117136753971,7.987015493426952e-10,-244.6702146167189
0.7543711383589742,4.300455559845091,0.01905108267953975,-335.2867351204376
0.111300867303209,98.54679767602391,0,-138.9569068134377
0.2354323796910006,57.92369749009896,1.360023205165817e-14,-214.2085443118204
0.5251709766267472,18.80206784237271,7.250490972221524e-06,-248.2299004106792
0.2696064710519658,54.47955141841902,7.854827899222983e-14,-167.1443643047012
0.4047651377149486,32.32991289935802,6.50475601160494e-09,-232.7631237731178
0.2210768269128466,67.77326418840948,1.110223024625157e-16,-160.3269660642667
0.5554638087743405,15.78229029264463,3.553229579961181e-05,-249.0633792222007
0.5587084438077443,17.14401807904858,1.73249461588032e-05,-279.8843043335457
0.8590233903514672,1.237940074082871,0.1329342107302317,-311.0276067524418
0.6164140056756362,12.33116848020461,0.0002227287412968071,-279.994106585473
0.5950997934511764,12.44112733082761,0.0002099911037883873,-294.4549207059108
0.2004419081702295,71.48723143225243,0,-175.2137073462478
0.5038134284945448,21.20954704869564,2.058542998784052e-06,-233.2933591265956
0.3950009940222277,37.39995377024286,4.811220311040643e-10,-248.9289117221036
0.5905018643223,14.16030572644468,8.393750072249739e-05,-272.672693566945
0.5725234100165141,14.53513728653945,6.878480698357947e-05,-250.8601230983802
0.5932182977109127,11.52576761521448,0.0003431905154530623,-270.6412757733295
0.4686888686526113,23.04271555184908,7.922084126477102e-07,-241.2146931572316
0.6079357738737005,10.97556449470119,0.0004616056458360829,-287.7140770528555
0.8489184302867087,1.594509447214705,0.1033415205052887,-333.7264205800535
0.8586826165299888,1.300824735097308,0.1270313156327473,-324.6271381584989
0.4724707098868691,25.3448518613161,2.397151041000356e-07,-245.9363941865142
0.5356093010225598,17.1293280946478,1.745945721071118e-05,-257.624269735777
0.7463488211832953,4.815243535322338,0.01410454266792366,-305.0978294055598
0.814444232541355,2.174244580431036,0.07016920598599885,-291.4360744104407
0.5052972373153202,20.38874928493908,3.160013281655605e-06,-241.5645130483418
0.5242386858047356,17.96137927598022,1.127163353842331e-05,-242.2957794230092
0.8090121995137198,2.433619306041464,0.05937920949795922,-326.904600266688
1.013736964877093,0.01106900803961253,0.4581048444974403,-338.2589800799039
0.9841975839096487,0.01542001977031759,0.4505874189591042,-347.858430773878
0.713266251150335,5.882208478622942,0.007647312910061155,-282.909033003005
0.8536813459782019,1.368337205085027,0.1210488902369375,-318.1301274558471
0.6135364282898005,11.93370405696919,0.0002756373102922316,-288.5673644470867
0.7194567310612481,5.669766526448711,0.008629876541371151,-294.524041597557
0.9220265968606808,0.3800812837069998,0.2687798689688673,-330.1302569723487
0.8090130802650567,2.441270601341103,0.05909023215416581,-316.3928604692582
0.6028760173492371,11.17646326651237,0.0004142076747026269,-224.283651338534
0.7340922190183647,5.708631862189122,0.008440845605424518,-294.3854667924488
0.8208767035727615,2.095178421346191,0.07388223039033653,-304.0699468069822
0.9672931142031388,0.06372464588707771,0.4003514936744711,-348.3949987168242
0.6442060565900617,9.41506251602857,0.001076051125876887,-266.803766363901
0.9939519595696688,0.002242861155991704,0.4811136105410258,-332.2540978648373
1.038855711523709,0.08166678661484639,0.3875256064698569,-311.0435222683518
0.8869628318689843,0.902044041164686,0.1711171096585323,-291.4929403806532
1.283652690366767,3.77334656128221,0.0260376725205666,-371.250043092465
0.8348635161904726,2.050484145963651,0.07607889860314765,-326.9367273719463
0.8268024166356396,1.939080554928523,0.0818842004294591,-334.6335480115129
0.6921729150939526,7.546171219235134,0.003006886011287346,-300.4915911793788
0.865983847373916,1.10011085078645,0.1471208892692165,-297.6108584604951
0.7404402165892732,4.943857425068586,0.01309176983791138,-294.8121977179869
1.219719980295334,2.245231152636507,0.06701343955188932,-342.5932915916297
1.073218907773737,0.2989526108418659,0.292269892962595,-312.4138242289119
1.052138995921581,0.156342905762699,0.3462730400648471,-341.9194461909957
0.7653995724679153,3.134636335798291,0.03832273924169777,-292.8502392079859
0.8122968196776672,2.200875301440078,0.06896619785870672,-310.9437147574249
1.07135161989654,0.2885322817126053,0.2955813086991175,-328.490922213127
1.084398812858589,0.4019026945593396,0.2630541293317829,-330.1945911831369
1.068646613315713,0.2729914676586986,0.3006660466067985,-361.0259863880433
0.9530192725897114,0.1306077094349121,0.3589013876648363,-297.8605883513711
0.959407858549771,0.09430519031968743,0.3793868630969912,-300.8048053047021
0.952190018776279,0.1428305689235003,0.3527415513779575,-363.9296622739876
0.9673098383562131,0.06494188958652103,0.3994245036043835,-352.2819729402266