Codon,alpha,beta,beta-alpha,Prob[alpha<beta],Prob[alpha>beta],BayesFactor,PSRF,Neff
1,1,0.1320913312624138,-0.8679086687375862,0.0004072731209330316,0.9994772251896897,0.002648815517331485,1.001724828451621,372.9577367009908
2,1,0.1213210491779614,-0.8786789508220386,0.0002233769405200552,0.999710595448288,0.001452527660341618,1.002207093823128,348.2956360815371
3,1,0.1213154164488552,-0.8786845835511448,0.0002233115815759441,0.9997106792068996,0.00145210256328853,1.002207331595792,348.2842894629856
4,1,0.1320913351424165,-0.8679086648575836,0.0004072729493975575,0.9994772253883312,0.002648814401247637,1.001724829221103,372.9576945345192
5,1,0.1320913343873143,-0.8679086656126858,0.0004072729589523307,0.9994772253783051,0.002648814463415116,1.001724829145564,372.9576986739018
6,1,0.1320913371220953,-0.8679086628779047,0.0004072731238443764,0.9994772251748897,0.00264881553627395,1.001724828798546,372.9577176899868
7,1,0.1320913329831392,-0.8679086670168609,0.0004072729781003653,0.999477225358001,0.002648814588000496,1.00172482900084,372.9577066045919
8,1,0.1320913356473869,-0.8679086643526132,0.000407273067148588,0.9994772252458611,0.002648815167386675,1.001724828885425,372.9577129291725
9,1,0.1320913329779266,-0.8679086670220735,0.0004072729769462102,0.9994772253593973,0.002648814580491065,1.001724829004141,372.9577064236867
10,1,0.4546727379742665,-0.5453272620257335,0.01193962742977506,0.9849053355700169,0.07855907192555367,0.9986375196813286,685.2351158624705
11,1,0.5854822457044612,-0.4145177542955388,0.03524049567514401,0.9564922364950377,0.2374717722874226,0.9994440634257253,561.9033794319545
12,1,0.1320913351273598,-0.8679086648726402,0.0004072729495968786,0.9994772253881228,0.002648814402544506,1.001724829219474,372.9576946237526
13,1,0.5633013818148065,-0.4366986181851935,0.02187827565217898,0.9723381535542274,0.1454150094572445,1.000170605311534,483.6660139019579
14,1,0.2737293599231235,-0.7262706400768765,0.003327103559783573,0.995787419122275,0.02170214803648787,0.9975175958291791,986.8790767266164
15,1,0.1320913290969397,-0.8679086709030603,0.0004072731454640111,0.9994772251643818,0.002648815676940627,1.001724828244114,372.9577480720606
16,1,0.121329216876356,-0.878670783123644,0.0002235583021366484,0.9997103660823763,0.001453707243470311,1.002206577097181,348.3202970535166
17,1,0.2244489526302448,-0.7755510473697551,0.0009884327517106224,0.9987203105587561,0.006432290665874588,0.9980968826850517,803.7236910965432
18,1,0.1320913360280444,-0.8679086639719555,0.0004072731372741358,0.9994772251608623,0.002648815623653764,1.001724828690277,372.9577236229675
19,1,0.7953131163968925,-0.2046868836031075,0.1385145990598574,0.8363704819034705,1.045289716764594,0.999425956915669,564.1802891633401
20,1,0.1213071301866009,-0.8786928698133991,0.0002231635390783155,0.9997108670980429,0.001451139689470773,1.002207784653482,348.2626714146999
21,1,0.1240872499082865,-0.8759127500917135,0.0002634745762612507,0.9996594953784271,0.001713334682171937,1.00208005057309,354.4669947188557
22,1,1.917940794705018,0.9179407947050175,0.9157006731864523,0.07358107331501178,70.61849825353377,0.9982024798810898,777.4489053161504
23,1,0.3525515825630319,-0.6474484174369681,0.005114105858477448,0.9934791428166679,0.03341838752666926,0.997669152005233,931.3180667486222
24,1,0.4308989968619031,-0.5691010031380969,0.00872206327921704,0.9888846057743889,0.05720221473765719,0.9985939202924905,693.4736504209233
25,1,0.1213195947678747,-0.8786804052321253,0.0002233686829753422,0.9997106063339594,0.001452473952954336,1.002207138103166,348.2935229615898
26,1,0.2739203218526213,-0.7260796781473786,0.003339871830574401,0.9957715811169333,0.02178571245641711,0.9975160588953026,987.4766352524439
27,1,0.6306835723204132,-0.3693164276795868,0.04386073291441364,0.9458583446722801,0.2982248171491663,0.9999787949453014,502.1082190424918
28,1,0.2738141022661732,-0.7261858977338268,0.003332768500049985,0.9957803921670874,0.021739223070467,0.9975169121644161,987.1447953137505
29,1,0.2738134711657627,-0.7261865288342373,0.003332728572879504,0.9957804418540526,0.02173896175975812,0.9975169157857078,987.1433874552782
30,1,0.2503502788356441,-0.7496497211643559,0.001990327250748794,0.9974547107399327,0.01296518713325709,0.9977404386541096,907.2995636416358
31,1,1.394224879896202,0.3942248798962018,0.7157114278924677,0.2559876363449669,16.36694414728997,0.9984985586835471,712.2063346578398
32,1,0.2504855107235743,-0.7495144892764257,0.001996875086039423,0.9974464954682827,0.01300792571886152,0.9977388870547516,907.8090919251057
33,1,0.2503050684066412,-0.7496949315933588,0.001988563499715048,0.9974569408985147,0.01295367499322649,0.9977407001151698,907.2137592256635
34,1,1.113831321259129,0.1138313212591293,0.4905694445890365,0.4715716985624793,6.260435638345423,0.9983347336707812,746.8797380715376
35,1,0.2738262472977199,-0.7261737527022801,0.00333358091849449,0.9957793844428343,0.02174454009690899,0.9975168142507819,987.1828629652557
36,1,0.2737997015866165,-0.7262002984133835,0.003331805781739154,0.9957815863406326,0.02173292238929396,0.997517028190899,987.0996894180972
37,1,0.1320913334648872,-0.8679086665351128,0.0004072730942408182,0.9994772252175194,0.002648815343660421,1.00172482866833,372.9577248256487
38,1,0.1240857616833162,-0.8759142383166838,0.0002634653899663182,0.9996595074889438,0.001713274929364822,1.002080093685094,354.4648629745786
39,1,0.2278034836977155,-0.7721965163022845,0.001093222924232968,0.9985870544950304,0.007114965871429017,0.9980416152036049,818.1997027255761
40,1,0.2157462953011794,-0.7842537046988206,0.0007500049249036109,0.9990246055564558,0.004879541446571926,0.9982536845420853,765.3197623209949
41,1,0.7303952424425978,-0.2696047575574022,0.09125881965072326,0.8902409946240347,0.6528654546313635,0.9998185361041025,518.639721622968
42,1,0.7100171426222598,-0.2899828573777402,0.09795319175760045,0.8843681032757065,0.7059575195450861,0.9989052962812207,638.657510660493
43,1,0.3486249385465808,-0.6513750614534193,0.00478933920749196,0.9938844400162911,0.03128597028779277,0.9976670802861594,932.0351971142574
44,1,0.225072882642114,-0.774927117357886,0.001006986034232365,0.998696683963837,0.006553149065937298,0.9980867844472504,806.330138321713
45,1,0.5671987670373331,-0.4328012329626669,0.02946343798876949,0.9633961540168675,0.1973606523036214,0.9994819772488184,557.1951077606551
46,1,0.7575506846773545,-0.2424493153226455,0.1335807568402503,0.8450841716420342,1.002316457231914,0.9986797617694455,677.438629189319
47,1,0.2158835693970398,-0.7841164306029602,0.0007533529133381608,0.9990203190474635,0.00490133992325719,0.9982511212348533,765.9178982662689
48,1,0.5531664938547409,-0.4468335061452591,0.03420455463828593,0.9581277265495001,0.2302437435708575,0.9986454028727747,683.7664740296173
49,1,0.8785487172267773,-0.1214512827732227,0.2254959905089759,0.7413153738577078,1.892797722156431,0.9985581008365502,700.3926343203647
50,1,0.3105589750580148,-0.6894410249419852,0.006405077241772396,0.9920043977196121,0.04190868739538416,0.9972779663896,1089.731263395392
51,1,0.1758526047575269,-0.8241473952424732,0.0001398641392543018,0.9998135993241479,0.0009094025638435163,0.999369569445137,571.391603789394
52,1,2.784504829372534,1.784504829372534,0.9993581824695827,0.0005022544220842807,10122.75319641068,1.000845014276573,428.4119395492881
53,1,0.1320913371233251,-0.8679086628766749,0.0004072731238671409,0.9994772251748596,0.002648815536422067,1.001724828798564,372.9577176890082
54,1,0.7145094315907946,-0.2854905684092054,0.0801326545029571,0.9029833956740705,0.5663349688521526,0.9999686318052916,503.1250074307538
55,1,0.3711107100040748,-0.6288892899959253,0.006836520553640398,0.9913397774730269,0.04475107098393497,0.9976835203410747,926.3747619982958
56,1,0.4768747888324611,-0.5231252111675389,0.01560811808173045,0.9804112316995848,0.1030793257970988,0.9986648539906383,680.1696582144144
57,1,0.8798110069593811,-0.1201889930406189,0.2305643949718109,0.7373090499870537,1.948089985275195,0.9985237183802275,707.1658884857391
58,1,0.5814075733143114,-0.4185924266856886,0.03388219121245537,0.9581098977385902,0.2279976927813497,0.9994541743416552,560.6399548974856
59,1,0.7096714952237615,-0.2903285047762385,0.06912193257997687,0.9152029102347772,0.4827387093488743,1.000434152768453,460.4448839343441
60,1,0.3149858471468323,-0.6850141528531677,0.002569861242415428,0.9966768551095463,0.0167500550423311,0.997653857293841,936.6386215011144
61,1,1.143877530732913,0.1438775307329134,0.5483828896713364,0.41177996739378,7.89409882489554,0.998238735043747,768.8214484363142
62,1,0.1240784389656817,-0.8759215610343183,0.000263339502981219,0.9996596672852347,0.001712456090020128,1.002080451676933,354.4471624771617
63,1,0.6070121931199738,-0.3929878068800262,0.04304332062620936,0.9472536850896585,0.2924169485691746,0.9993836390945298,569.5749354373627
64,1,0.5151883147522009,-0.4848116852477991,0.02368030247546326,0.9706494237243563,0.1576827715676065,0.998677051375364,677.9335180875217
65,1,0.5842661402041189,-0.4157338597958811,0.03483158688201056,0.9569789381382104,0.2346168562884687,0.9994470924177773,561.5242861782539
66,1,0.2566709684272911,-0.7433290315727088,0.002308199731456877,0.9970564041727135,0.01504063022033057,0.9976729334378029,930.0119680082573
67,1,0.4694913660352351,-0.5305086339647649,0.02256349673617706,0.9723239481154806,0.1500744986575827,0.9977155616021559,915.5387638687836
68,1,0.8403032343622352,-0.1596967656377648,0.1859878129827805,0.7846355836808592,1.485397304386061,0.998866323759053,645.0365979970809
69,1,0.8243997441601559,-0.1756002558398441,0.1756852130690928,0.7969382656713939,1.385578609252276,0.9988538269224906,647.1093308471188
70,1,1.095045282663022,0.09504528266302215,0.4633115089797656,0.4996272851582307,5.612286810857456,0.9983822984941634,736.4679333536307
71,1,0.386892697378909,-0.613107302621091,0.00857389293662919,0.9891973988684398,0.05622206022240552,0.9976958083024956,922.1888011269181
72,1,0.5379832749450811,-0.4620167250549189,0.02170435614718668,0.9727679534312896,0.1442333990240952,0.9995161524108321,553.0186731855812
73,1,0.5651673635414057,-0.4348326364585943,0.0288751125132497,0.9641031549179067,0.1933025805630503,0.9994845027184356,556.8843062938372
74,1,0.3488163820292122,-0.6511836179707878,0.004806229693313163,0.9938634075431348,0.03139683887767486,0.9976667200932082,932.1599919105906
75,1,0.6684980712342886,-0.3315019287657114,0.06163743636670336,0.9249778207832353,0.4270344822426013,0.9997841808960319,522.3274183766995
76,1,0.5261856437326997,-0.4738143562673003,0.02645257960945351,0.9673307227399336,0.176644439291894,0.9986720932166473,678.840708849388
77,1,0.8651434470721462,-0.1348565529278538,0.2139039002970934,0.7548724853352601,1.769017433480678,0.9986297723031206,686.6846495433961
78,1,0.879044834477223,-0.120955165522777,0.2260949744349027,0.7406813560710229,1.899294423186959,0.9985532607098483,701.3382270788098
79,1,0.6484305964389954,-0.3515694035610046,0.0440235535570024,0.9452869502261857,0.2993828747696042,1.000432415744272,460.5905738028105
80,1,0.5831950925076402,-0.4168049074923598,0.04457309267876911,0.9459728062325004,0.3032943718103653,0.9985928650520265,693.6755181460645
81,1,0.2156496560155081,-0.7843503439844919,0.0007474395810396846,0.999027882795447,0.004862838803006602,0.9982557737856098,764.8329409509548
82,1,0.832640835885986,-0.167359164114014,0.1841932496386727,0.7878073261695329,1.467829008313343,0.9987872550192937,658.3807486950271
83,1,1.01792529934166,0.01792529934166009,0.394565384392505,0.5656414607517225,4.236827519406194,0.9979880691964045,832.7334160075706
84,1,0.748559886303691,-0.251440113696309,0.1149870625949996,0.8643865978492314,0.8446726092483869,0.9991855618405581,596.2716132815077
85,1,0.7358380331102676,-0.2641619668897324,0.1050149455074028,0.8755061915355068,0.7628240540605964,0.9992910611663762,581.746629625515
86,1,1.616665121755758,0.6166651217557582,0.83153879896095,0.1490955642258749,32.09014474701601,0.9978729228238901,865.8141579644754
87,1,0.3295171703143104,-0.6704828296856895,0.003414795736490046,0.9956087860304061,0.02227610961033532,0.997656243811548,935.804410755267
88,1,0.6889267405782767,-0.3110732594217233,0.06427653107930915,0.9213674633856043,0.4465745395076104,1.000179533795569,482.8407472008708
89,1,0.6299300015078881,-0.3700699984921119,0.04355149345374061,0.9462254721484568,0.2960264450157,0.9999818742268204,501.8009639956835
90,1,1.192161453012851,0.1921614530128515,0.5551970059315523,0.4094437934884748,8.114625180488009,0.9985536805572426,701.256101803931
91,1,1.049428678033306,0.04942867803330597,0.4356059774142915,0.5236383473491391,5.017651287679618,0.997962583684282,839.8345691430984
92,1,0.557442972061187,-0.442557027938813,0.02668130019368343,0.9667427077948743,0.1782136531139154,0.9994967913427675,555.3769529006062
93,1,0.9078040813502668,-0.0921959186497332,0.2607818022143601,0.7043509177848337,2.293473273394692,0.9983335015792705,747.1533725701828
94,1,0.7273124125503572,-0.2726875874496428,0.08902467459528655,0.8927902194784807,0.6353204456444911,0.999848537560707,515.4619926710209
95,1,0.8181085639409289,-0.1818914360590711,0.1618746145461163,0.8107209381051032,1.25562167252911,0.9991283617054181,604.4562630764899
96,1,1.0532460881615,0.05324608816150045,0.4397619103208936,0.5195587875193117,5.10309941329191,0.9979773807305333,835.6968567725005
97,1,0.8800780073082131,-0.1199219926917869,0.2273435744526397,0.7393621769597872,1.912869375107533,0.998543337112314,703.2850030074596
98,1,0.8535971142047364,-0.1464028857952636,0.1955663826480249,0.7731809656374695,1.580494693706048,0.9988414056530248,649.1828505069334
99,1,0.7945319329079212,-0.2054680670920788,0.1377467775624437,0.8372206572342098,1.038569758591401,0.9994363038531588,562.8768831658401
100,1,0.3232132992125819,-0.6767867007874181,0.007756499759055957,0.9903604410085117,0.05082022358980245,0.9972181206328172,1118.866369350162