ObservedSChanges	ObservedNSChanges	E[SSites]	E[NSSites]	ObservedS.Prop.	P{S}	dS	dN	dN-dS	P{Sleq.observed}	P{Sgeq.observed}	ScaleddN-dS
157.5	88.5	0.6865517683590318	2.309879356869833	0.6402439024390244	0.2291231600748352	229.4073182222662	38.3136893001755	-191.0936289220907	1.000000000000012	-1.176836406102666e-14	-1.436539015649255
191	17	0.9932311168029903	2.004545956195921	0.9182692307692307	0.3313225408750569	192.3016675260742	8.480723501226853	-183.8209440248473	1.000000000000005	-5.10702591327572e-15	-1.381866886272965
220.5	19.5	0.979551035764454	2.020008787245449	0.91875	0.326564927377086	225.1031257681423	9.653423352970085	-215.4497024151723	0.9999999999999926	7.438494264988549e-15	-1.619634862633756
107	14	0.6125548588012162	2.211719871493367	0.8842975206611571	0.2168892608890511	174.6782324270539	6.32991554692101	-168.3483168801329	0.999999999999995	4.996003610813204e-15	-1.265552006005355
196	8	0.9983896949109426	2.001089075982399	0.9607843137254902	0.3328543961034903	196.3161288613695	3.997823033476179	-192.3183058278933	1.000000000000021	-2.087219286295294e-14	-1.445745477249643
182	88	0.8378231984714634	2.109767155021936	0.674074074074074	0.2842400394880175	217.2296020592929	41.71076404831273	-175.5188380109802	0.999999999999999	9.992007221626409e-16	-1.319456123191801
239	7	0.9983786022209808	2.000730885943091	0.9715447154471545	0.3328916820679814	239.3881434040388	3.498721416848817	-235.88942198719	0.9999999999999871	1.287858708565182e-14	-1.773289669441074
139	169	0.6962223130042666	2.205640127444751	0.4512987012987013	0.2399225763770308	199.6488727863397	76.62174708246155	-123.0271257038781	1.000000000000001	-6.661338147750939e-16	-0.9248516920930983
194	10	0.9974653097041755	2.002263700819037	0.9509803921568627	0.3325184729037232	194.4929794676627	4.994347146137367	-189.4986323215253	1.000000000000003	-2.886579864025407e-15	-1.424548689967208
137	3	0.6122607138094064	2.207238535908809	0.9785714285714285	0.2171522882549433	223.7608863511818	1.359164381734926	-222.4017219694468	0.9999999999999944	5.551115123125783e-15	-1.671896402610809
171	176	0.8520745939935229	2.058194853887912	0.4927953890489913	0.2927820290364525	200.6866549072344	85.51182589322752	-115.1748290140069	1.000000000000021	-1.865174681370263e-14	-0.865822353328212
173	156	0.7966611645339257	2.123298607184415	0.5258358662613982	0.2728329247033104	217.1563114931189	73.470589333105	-143.6857221600139	0.9999999999999956	4.440892098500626e-15	-1.080151897469865
184.5	33.5	0.9769654629635185	2.020393907201298	0.8463302752293578	0.3259420517566427	188.8500740244587	16.58092507634072	-172.269148948118	0.9999999999999996	4.440892098500626e-16	-1.295026710480017
235	31	0.9937526776611871	2.00275646541909	0.8834586466165414	0.331636791416446	236.4773502327322	15.47866679512282	-220.9986834376094	1.00000000000001	-9.992007221626409e-15	-1.661349114337449
135	98	0.6731946540839592	2.318321857708964	0.5793991416309013	0.2250345774225694	200.5363518278372	42.27195618853656	-158.2643956393006	0.9999999999999944	5.551115123125783e-15	-1.189746515393757
156.5	171.5	0.6692719225136818	2.232190154873576	0.4771341463414634	0.2306671273526882	233.8361953273196	76.8303720117936	-157.005823315526	1.000000000000028	-2.842170943040401e-14	-1.180285246290663
151.5	215.5	0.7219963269165345	2.134205666419827	0.4128065395095368	0.2527819561084902	209.8348625221108	100.9743359746137	-108.8605265474971	0.9999999999921528	1.655420245327832e-11	-0.818354827064164
195	44	0.93715057091402	2.062252207143602	0.8158995815899581	0.3124457234519559	208.0775555733941	21.33589667043868	-186.7416589029554	1.00000000000001	-1.021405182655144e-14	-1.403823248186528
110.5	131.5	0.6407971684069411	2.344366726281351	0.4566115702479339	0.2146606320501047	172.4414611174225	56.09190683600347	-116.3495542814191	0.9999999999999929	7.216449660063518e-15	-0.8746533054056077
137	188	0.7199359681675385	2.165832576579964	0.4215384615384615	0.2494780704010103	190.2947012755978	86.80264672021335	-103.4920545553844	0.9999999999959019	9.139022871806901e-12	-0.7779975450627091
196.5	38.5	0.9926391634500568	2.003268565128399	0.8361702127659575	0.3313316875486881	197.957130078403	19.21859139118092	-178.738538687222	1.000000000000005	-5.329070518200751e-15	-1.343660099358999
119.5	131.5	0.6271607557098255	2.360426205633369	0.4760956175298805	0.2099221759315281	190.5412590185892	55.710277951568	-134.8309810670212	1.000000000000005	-5.329070518200751e-15	-1.013586721407702
155	226	0.7094779346891924	2.150292328823077	0.4068241469816273	0.2480891362993042	218.4705012255276	105.1019886787658	-113.3685125467618	0.9999999999964155	7.557732217833291e-12	-0.8522434386650486
220	69	0.9800529303081221	2.019295532484984	0.7612456747404844	0.3267552745090045	224.4776717629256	34.17033261846881	-190.3073391444567	0.9999999999999756	2.442490654175344e-14	-1.430628112446731
160.5	192.5	0.7510871401278435	2.231893373049826	0.4546742209631728	0.2517908302819368	213.6902516699741	86.24964002512071	-127.4406116448534	1.000000000000011	-1.088018564132653e-14	-0.9580299031354733
115	150	0.6442791814597929	2.346618969231689	0.4339622641509434	0.2154132802251519	178.4940493334515	63.92175379418832	-114.5722955392632	0.9999999999999973	3.663735981263017e-15	-0.8612928310747151
110	246	0.4853847781294143	2.468837087884488	0.3089887640449438	0.1643020734879126	226.624329720269	99.64205463666052	-126.9822750836085	0.9999999999952214	1.105826541447641e-11	-0.954584375640701
117	169	0.6323913162700382	2.347887118384671	0.4090909090909091	0.212192025052621	185.0120281380329	71.97961038104367	-113.0324177569893	0.9999999999999644	6.272760089132134e-14	-0.8497168589920993
133	89	0.6166400423791921	2.328854151240923	0.5990990990990991	0.2093502827861019	215.6849877715433	38.2162188871195	-177.4687688844238	0.9999999999999902	9.769962616701378e-15	-1.334114653637433
152.5	295.5	0.7542790208183652	2.206788146583023	0.3404017857142857	0.2547321550562175	202.1798244296163	133.9050150588992	-68.27480937071709	0.9999779996162987	3.397567918916877e-05	-0.5132532570567155
140	40	0.6162529644405196	2.210846139080519	0.7777777777777778	0.2179806727231462	227.1794345477956	18.09262041936389	-209.0868141284317	0.9999999999999974	2.55351295663786e-15	-1.57180209433227
139	46	0.6217447741078999	2.211390441083972	0.7513513513513513	0.2194546771978875	223.5644042194674	20.80139225773802	-202.7630119617294	0.9999999999999875	1.254552017826427e-14	-1.524263154436902
146	204	0.742335948882057	2.165062152672397	0.4171428571428571	0.2553265576135458	196.6764511672553	94.22362297922814	-102.4528281880272	0.9999999999853374	3.112243796010716e-11	-0.7701852007620584
110.5	53.5	0.622418855867208	2.209591825587144	0.6737804878048781	0.2197798405010149	177.5331819696269	24.21261672878596	-153.3205652408409	0.9999999999999927	7.327471962526033e-15	-1.152581460262402
142	362	0.6483751488150585	2.332061580054575	0.2817460317460317	0.217543671548083	219.0090108473665	155.2274618715379	-63.78154897582857	0.9997147380799197	0.0004135074195829036	-0.4794753446211285
175	172	0.8254596342854249	2.168831036066549	0.5043227665706052	0.2756778566819612	212.0030983119994	79.3053940762227	-132.6977042357767	1.000000000000012	-1.154631945610163e-14	-0.9975498947664917
130.5	145.5	0.6717116397206861	2.303808337276774	0.4728260869565217	0.2257459687427464	194.2797955001421	63.15629544599569	-131.1235000541464	0.9999999999999871	1.287858708565182e-14	-0.9857158752951667
141	193	0.6518365399270332	2.337780911573451	0.4221556886227545	0.2180334275209283	216.3118993233849	82.55692355281518	-133.7549757705698	1.000000000000014	-1.354472090042691e-14	-1.005497892920239
139.5	218.5	0.6698613378980028	2.315514621403354	0.3896648044692738	0.2243808977596125	208.2520547278415	94.36347237037728	-113.8885823574642	0.9999999999992706	1.66422431391311e-12	-0.8561530434914864
137.5	233.5	0.7339023390753916	2.158382971580954	0.3706199460916442	0.2537447935621701	187.3546283736194	108.1828401513786	-79.17178822224076	0.9999997412463372	4.571504473860344e-07	-0.5951708770277127
200	72	0.9881019507743979	2.011289017101668	0.7352941176470589	0.329434195594079	202.4082634825844	35.79793823154979	-166.6103252510347	1.000000000000021	-2.065014825802791e-14	-1.252486720688652
119	110	0.6175743055170662	2.218011824773738	0.5196506550218341	0.2177942327055079	192.6893637525396	49.59396463597358	-143.0953991165661	1.000000000000006	-5.551115123125783e-15	-1.075714166664641
124	159	0.6328699234308672	2.351473781315838	0.4381625441696113	0.2120633499500292	195.9328377113901	67.61716897010298	-128.3156687412871	1.000000000000013	-1.310063169057685e-14	-0.9646081112475832
128.5	255.5	0.6632385136306783	2.315203937385183	0.3346354166666667	0.2226796470096196	193.7462878875498	110.3574488079718	-83.38883907957799	0.9999998100097706	3.403305692817327e-07	-0.6268723948737728
133.6666666666667	289.3333333333334	0.6775994860888811	2.297909561814047	0.3159968479117415	0.2277255673500432	197.2650059671585	125.9115407069911	-71.35346526016748	0.999987867799048	1.945361538047141e-05	-0.5363969344566405
122	124	0.6222028851975933	2.209299367505386	0.4959349593495935	0.2197430302602205	196.0775221433703	56.1263909381433	-139.9511312052271	0.9999999999999867	1.332267629550188e-14	-1.052077253410281
120.6666666666667	214.3333333333333	0.6292392669533351	2.357256573112945	0.3601990049751244	0.2106948412623171	191.7659513699984	90.92490642640954	-100.8410449435888	0.9999999998821414	2.527514864070213e-10	-0.7580686821294599
133.5	334.5	0.7072884620657115	2.166131609533023	0.2852564102564102	0.2461486467142916	188.7490142425044	154.4227499972229	-34.32626424528152	0.9766773894515025	0.0296641984746725	-0.2580463730161152
121	101	0.6198057052542071	2.208561627273788	0.545045045045045	0.2191390411443569	195.222468870907	45.7311214469812	-149.4913474239258	0.9999999999999977	2.331468351712829e-15	-1.123795462401319
106	99	0.628267283693516	2.241029727501271	0.5170731707317073	0.2189620946323375	168.7180006840995	44.17612081852397	-124.5418798655756	0.999999999999991	8.992806499463768e-15	-0.9362387983230113
196.3333333333333	226.6666666666667	0.7622850536773778	2.234710133824037	0.4641449960598897	0.2543497756874586	257.5589438441588	101.4300079620593	-156.1289358820995	1.000000000000005	-5.329070518200751e-15	-1.173693278690513
153	248	0.6537106626137977	2.334605171087666	0.3815461346633416	0.2187555462650285	234.048499971294	106.2278123390173	-127.8206876322767	0.9999999999999373	1.282307593442056e-13	-0.9608871097724749
165	300	0.6873170086631001	2.296483399748451	0.3548387096774194	0.2303495256336528	240.0638976197336	130.6345171198978	-109.4293804998358	0.9999999995270225	8.835958631436824e-10	-0.8226311648015878
173.5	321.5	0.7367324062217498	2.240231514314948	0.3505050505050505	0.2474777746345441	235.4993462141504	143.5119530930771	-91.98739312107332	0.9999998759396064	2.071262603653423e-07	-0.6915116946162704
152.5	258.5	0.6656985791540332	2.324585177191936	0.3710462287104623	0.2226205381817997	229.0826580909882	111.2026362967109	-117.8800217942773	0.999999999996414	7.463918372252465e-12	-0.8861585361493332
103	258	0.6357618625694065	2.306396381019741	0.2853185595567867	0.2160869028559928	162.010347056254	111.8628186044625	-50.14752845179152	0.9992112827962908	0.00118215737995464	-0.3769821190048674
168	314	0.7558779473653997	2.238735673571414	0.3485477178423236	0.2524125122789417	222.2581047450336	140.2577373053968	-82.00036743963679	0.999998961625599	1.678647739145056e-06	-0.6164346126507388
173	303	0.8453639708230999	2.019001912145694	0.3634453781512605	0.2951312804867358	204.645579857817	150.0741520734801	-54.57142778433698	0.9994395527300745	0.0007848182987872931	-0.4102386123184003
130.5	198.5	0.6397826000759175	2.30032991525009	0.3966565349544073	0.2176048014288245	203.9755379163402	86.29196998397479	-117.6835679323654	0.9999999999998991	2.174926905240682e-13	-0.8846817017880656
132	222	0.6612177513797921	2.32561538079762	0.3728813559322034	0.2213775333668413	199.6316640388886	95.45860499248172	-104.1730590464068	0.9999999999635077	7.768830023735518e-11	-0.7831169701670643
184.5	192.5	0.9502977563785845	2.046513592608391	0.4893899204244032	0.3171029623535754	194.1496744168866	94.06240969777703	-100.0872647191096	0.9999999999986133	2.890465644611595e-12	-0.752402168244108
145	120	0.6190019299557333	2.216213472139565	0.5471698113207547	0.2183262441006334	234.248058015537	54.14640850646498	-180.101649509072	0.9999999999999885	1.154631945610163e-14	-1.353907232606124
108.5	375.5	0.6221185231982638	2.26097064951181	0.2241735537190083	0.2157819220740505	174.4040660326424	166.0791130044427	-8.324953028199786	0.6953185533142252	0.3439576293234073	-0.06258251463387177
149	345	0.6679389124644995	2.19764415038268	0.3016194331983806	0.2330900545597343	223.0742920040899	156.9862891314431	-66.08800287264677	0.9998106228867143	0.0002761956922723297	-0.4968140232011792
209.8333333333333	228.1666666666667	0.9603988240054228	2.017997024446891	0.4790715372907153	0.3224550640253148	218.4856208571831	113.065908374768	-105.4197124824151	0.9999999999961876	7.498779375225695e-12	-0.7924886394891704
173	184	0.9556819997391687	2.033984511068288	0.484593837535014	0.3196617402925839	181.0225577621179	90.46283243492331	-90.55972532719457	0.9999999999654883	7.019551606646246e-11	-0.6807792568115077
146	216	0.6259151905598987	2.19543358688331	0.4033149171270718	0.2218496329004463	233.2584385264702	98.38603239492149	-134.8724061315487	1.000000000000014	-9.103828801926284e-15	-1.01389813273918
168	345	0.7405474697470382	2.214184006478991	0.327485380116959	0.2506310558863076	226.8591911567623	155.8136085304947	-71.04558262626756	0.9999617278891973	5.700866600089061e-05	-0.5340824385818543
157.5	342.5	0.6993369088751357	2.164321362081129	0.315	0.2442110205564455	225.2133385228222	158.2482185874028	-66.96511993541938	0.9998597660605579	0.0002044635518669846	-0.5034077170311198
164.5	308.5	0.6531033997434248	2.288584401167633	0.3477801268498943	0.2220165578213823	251.8743587380264	134.7994855870745	-117.0748731509518	0.9999999998366729	3.096770617716516e-10	-0.8801058621483299
266	320	1.183456525766956	1.724239098577703	0.4539249146757679	0.4070083938148393	224.7653329112491	185.5891101552928	-39.1762227559563	0.9904523611385834	0.01189824722002986	-0.2945057498366004
270.5	348.5	1.209845461866461	1.695380469561839	0.4369951534733441	0.4164376507790785	223.5822743697301	205.5585788894146	-18.0236954803155	0.8592738787657971	0.1596365489328191	-0.1354924384957411
149.75	310.25	0.6555960414298891	2.305813937488446	0.3255434782608695	0.221379696190984	228.418096719113	134.5511860067654	-93.86691071234753	0.999999895394279	1.808866746388915e-07	-0.7056408959177188
153	333	0.6911747237160133	2.160569402881774	0.3148148148148148	0.2423691232567224	221.3622615963369	154.126037125141	-67.23622447119592	0.9998815401525439	0.0001744776594565511	-0.5054457349658844
138.5	357.5	0.6970391279293894	2.149419618401345	0.2792338709677419	0.2448794063247595	198.6975973808319	166.323968079297	-32.37362930153492	0.9648434777319763	0.04376380699685078	-0.2433675148258419
181.5	319.5	0.6838007622499249	2.189541928117068	0.3622754491017964	0.2379809288124236	265.4281919821302	145.9209325462697	-119.5072594358604	0.9999999998240149	3.246845015070221e-10	-0.8983912326188754
148.5	294.5	0.630938594040625	2.328564532026429	0.3352144469525959	0.2131907172130926	235.3636334860796	126.4727672132461	-108.8908662728334	0.9999999989055998	2.069612481392369e-09	-0.8185829047840519
114.5	380.5	0.6614141444925368	2.315868818575979	0.2313131313131313	0.2221536053834987	173.1139271112035	164.3011888013451	-8.812738309858304	0.7089985520891225	0.3286857341689067	-0.06624942175324834
147.5	342.5	0.6938861042677016	2.156834594868303	0.3010204081632653	0.2434072564450121	212.5709091057031	158.7975270866393	-53.77338201906375	0.998440951890468	0.002148758376100735	-0.4042393339303382
165.5	425.5	0.7901026910106917	2.177207513662565	0.2800338409475465	0.2662689899311331	209.4664426320255	195.4338285762256	-14.03261405579985	0.789675301766921	0.2378225476623734	-0.1054896371815893
119	233	0.6034400095752577	2.167833622646493	0.3380681818181818	0.217748259341491	197.2027013650625	107.4805730319624	-89.72212833310012	0.9999999249585217	1.407655719765089e-07	-0.6744826535799171
168.5	340.5	0.8998570458273761	2.093068415708581	0.331041257367387	0.3006613620659878	187.2519649441342	162.6798232893539	-24.57214165478027	0.9373725960638185	0.07518325657946856	-0.1847201310910449
112.5	332.5	0.6571607585183237	2.290194798082752	0.252808988764045	0.2229662305406305	171.1909887219219	145.1841565085879	-26.00683221333404	0.9397699431668202	0.07458942787679579	-0.1955053622595125
129	275	0.6439139749060819	2.16661924459473	0.3193069306930693	0.2291074058254503	200.337319932861	126.9258549632422	-73.41146496961889	0.9999873665376957	2.044412263024764e-05	-0.5518678682261128
143	393	0.7543546898238502	2.16621982379707	0.2667910447761194	0.2582898283559297	189.5659985005091	181.4220309881238	-8.143967512385302	0.693192669596067	0.3420242091289629	-0.06122196297026339
103.6666666666667	246.3333333333333	0.6387884035221301	2.147533547441116	0.2961904761904762	0.2292586480543993	162.286394203578	114.7052317887424	-47.58116241483565	0.9984398529562981	0.002285623091587974	-0.3576895608943752
161	408	0.6834184958900154	2.281856046025971	0.2829525483304042	0.2304739363015036	235.5803961529163	178.8018138613799	-56.7785822915364	0.9984487789020167	0.002102375671412471	-0.4268308115510119
148	271	0.6897110526626787	2.256947666484153	0.3532219570405728	0.2340654681796255	214.5826131517473	120.0736747352944	-94.50893841645288	0.9999999859459091	2.559495237974829e-08	-0.7104673145234959
147	342	0.7687168276310363	2.1158344691741	0.3006134969325153	0.2664944209806391	191.2277638737422	161.6383535586776	-29.58941031506464	0.9592715162250276	0.05023878766087819	-0.2224372555349545
267	380	1.147879481047905	1.76505100771108	0.4126738794435858	0.3940634647745898	232.6028162436132	215.2912286046534	-17.31158763895985	0.8434985604601294	0.1764686199487107	-0.1301391951499138
54.5	242.5	0.2213546399533764	1.793421990767867	0.1835016835016835	0.1098655982892439	246.2112382712161	135.2163636045144	-110.9948746667017	0.9999373143054139	0.0001185195062745059	-0.8343997070714668
139.25	526.75	0.7522650900531228	2.087046522985204	0.2090840840840841	0.2649462942350768	185.1076194299626	252.3901571904416	67.28253776047896	0.0004952005632475671	0.9996449987913599	0.5057938933392085
147	440	0.6796175741946607	2.28629944666747	0.2504258943781942	0.2291424774915348	216.2981146774984	192.4507310892052	-23.84738358829318	0.8981125896378616	0.1200614417982649	-0.1792717901636784
225.5	384.5	1.065251760196034	1.837846847567324	0.369672131147541	0.3669361272632549	211.6870475374781	209.212209662054	-2.474837875424157	0.5736276351585736	0.4594642606084056	-0.01860449867171016
68	370	0.3229300658885619	2.649018125450029	0.1552511415525114	0.1086593860652434	210.5719076137857	139.6743934838658	-70.89751412991993	0.9988709285051088	0.001774578547180994	-0.5329693393477684
186	389	0.874080515312281	2.119738085622011	0.3234782608695652	0.2919617491318624	212.7950420374582	183.5132380922678	-29.28180394519043	0.95512495998243	0.0540517806502524	-0.2201248364643705
126	397	0.6753078205545149	2.321763639108593	0.2409177820267686	0.2253225622556307	186.5815797846643	170.9907043562894	-15.59087542837497	0.8179986831540221	0.2104803134460699	-0.1172038071981939
137	304	0.7529803719278839	1.766206155517261	0.3106575963718821	0.2988982212013994	181.9436536562484	172.1203377365475	-9.823315919700889	0.7243880999566591	0.311118020062217	-0.07384640011966118
169.5	412.5	0.7940951298340786	2.074037127089787	0.2912371134020619	0.2768683793842069	213.4504968383524	198.8874714980656	-14.56302534028674	0.7945707055439335	0.2324498009779611	-0.1094769836399933
157	324	0.7579230346666339	1.936091819060523	0.3264033264033264	0.2813358781663921	207.1450435189044	167.3474350804391	-39.79760843846537	0.9868467665624814	0.01687031855753018	-0.2991769928378731