dN,dS,dN/dS,dS=dN,LRT,p-value,Full Log(L)
0,0.6325071192071289,0,0.2252562839646205,2.063920385354514,0.1508217072620934,-11.17814121430411
0,0.6325072629500266,0,0.2252563021045692,2.063920672510719,0.1508216788497451,-11.17728604619428
0,1.12334310977856,0,0.4311965470688933,3.827172561783136,0.05042793239552867,-18.54961453608208
0,0,0,0,0,1,0
0,0.6326776524807606,0,0.2252778830894573,2.064266940617383,0.1507874221462248,-11.17701774146097
0,0.6334642640053469,0,0.2253775154279459,2.065865546675703,0.1506293842935233,-12.88606177161451
0.3502150720018284,1.911672070848192,0.1831982991970171,0.9041359548887337,2.589809754330247,0.1075532537020718,-31.55548291404088
0,1.071240234058713,0,0.2215528492037719,3.148187446693193,0.07601135299365991,-10.84428165094962
0,0.7862728458419649,0,0.2420824965468088,2.354119064167282,0.1249524542195564,-10.9648391664111
0,0.7881956634325368,0,0.2422642402375751,2.357493434719704,0.1246823842165815,-12.02564712613639
0,0,0,0,0,1,0
0,1.071269037454889,0,0.2511376485182552,2.897713129116038,0.08870531762385081,-10.52051425950696
0,1.273430032969328,0,0.451585122410888,4.142624982391766,0.04181627713104363,-18.1076603094442
1.692342613577389,3.254191263691652,0.5200501373289119,2.013934576889579,0.7777528619072029,0.3778292767794458,-64.48532657405875
0,0.6325072625269152,0,0.2252563019827981,2.063920672456987,0.1508216788550613,-11.17728620606789
0.3506504013036113,0,inf,0.2423933614863091,0.7381598453708023,0.3902509836567029,-13.15340405642552
0.8422453635314145,1.073780677517732,0.7843737377342644,0.8901395345033596,0.04221954714866172,0.8372018430425011,-35.43425327147766
0.2932961818154606,0,inf,0.223265032113492,0.5455083493943711,0.4601588104359954,-13.20136883805941
0,1.125952662844541,0,0.4315820051055625,3.832894239433124,0.05025608172070661,-17.85057785273775
0,1.070749919371881,0,0.2511104335250184,2.896989988170507,0.08874512655608346,-10.52000113554959
0,1.696152272281819,0,0.6484850985588619,5.762369263217636,0.01637297948486671,-23.68716275741826
0,0.9381499729849043,0,0.2430767593999386,2.698557252143871,0.1004390988006969,-10.65195442513976
3.531614909013242,2.603020043535219,1.356737501036249,3.181843619115233,0.2647211842441664,0.606895033188273,-88.61952541810439
0.791708398800185,0.7780102016015372,1.017606706403656,0.7882588190736584,0.0002285427045052302,0.9879383367166729,-33.40444941931487
0,0,0,0,0,1,0
0,2.835614351841406,0,0.7305207760198767,8.114277847685528,0.004391796452357766,-20.82154254518496
0,0,0,0,0,1,0
0.5604162242475155,0,inf,0.44412171775915,0.9300155715588119,0.3348588789062746,-21.32825575911241
0,0,0,0,0,1,0
1.052743607135376,1.301776864674135,0.8086974317206826,1.094527497531498,0.03435304199211942,0.852957867001526,-37.7850833356397
0,1.071239997237603,0,0.251137275286644,2.897687630569912,0.08870672099034349,-10.52064825071167
0,0,0,0,0,1,0
0.2796306887592669,1.07470254413572,0.2601935673132205,0.4437219264329708,0.8432977853061985,0.3584553027802869,-19.9873392122442
0.9145254483446476,2.692678282791535e-15,339634130890879.1,0.740075475404671,1.269450942985493,0.2598697079472868,-26.36631833038794
1.177880307340569,1.883441373246587,0.6253872958679856,1.345815747857574,0.2754326259902911,0.5997105831116676,-45.96562735721547
0.2797882424906313,1.071223909498225,0.2611855840873527,0.4436230879698877,0.8388473085423271,0.3597266494055558,-20.31206400108891
0,1.883690968823899,0,0.4865961632853668,5.403890168660659,0.02009191976232938,-16.00118961451536
0,1.071239903786507,0,0.2511372727443487,2.897687447621141,0.08870673105940352,-10.52022072515898
0.3046729697253199,0,inf,0.2459891982857638,0.427847347007706,0.5130471170837085,-11.59149939530117
0.5086970254980669,0.7032231920152275,0.7233791935108017,0.6237092794149107,0.07208501275865586,0.7883248476834245,-26.46082820924802
0,2.149714036693253,0,0.5025883369810749,5.79924541868597,0.01603305384550868,-15.17466823104873
0,0,0,0,0,1,0
0.9523484299803514,1.577171401484855,0.6038331845757199,1.131544486532646,0.2912940948239395,0.5893924349835573,-40.76814639621548
0,0.6902302693988617,0,0.2321548968846405,2.177896304130726,0.1400057187429395,-11.09055599704935
0.7885387531214224,0,inf,0.5889155711797873,1.750385347727445,0.1858282961914677,-25.10931236800885
0.2930907709733546,0,inf,0.223146000062658,0.5451741308241829,0.4602962738525584,-13.20337241412813
0,0,0,0,0,1,0
0,1.272740332025264,0,0.4515000906402053,4.141243811538054,0.04185040791396821,-17.92748691765254
2.494146501882379,0,inf,1.716440849376116,5.217627629416171,0.02235903392317506,-45.72618334103879
0,1.070477396046104,0,0.2511047430513277,2.896550888887543,0.0887693084352742,-9.823898084557163
0.3284914499428184,5.427142502402432,0.06052751513294615,1.512016578087375,9.646880620512846,0.001896734077921236,-35.53001339455808
0.7859967214661551,0.7890213583627995,0.9961665969310127,0.7870023919230464,9.803345186298884e-06,0.9975018040537749,-26.18328525027871
0.9137582497244685,6.538451233366532e-16,1397514819811527,0.7383857844766422,1.27812278977531,0.2582483627905804,-23.0554558454562
0.5602780506278275,0,inf,0.431886259530114,1.040646073631436,0.3076712599377871,-19.05529445331189
0.279620801027449,0,inf,0.215412499091584,0.5216499102884669,0.4701387246489208,-13.89292793287542
0,0,0,0,0,1,0
0.2625389947573442,1.559303628767279,0.1683693861245592,0.5891323328199727,2.271305894791645,0.1317888118775077,-24.84845130410528
0,2.37779800009651,0,0.7279469125042692,7.084730439052819,0.007774351280445235,-24.39116688730196
0.8448382068531751,0.7935790687684836,1.064592351414003,0.8314181582610649,0.002960749437434629,0.9566063056870341,-33.51327355610653
0,0.690230322472183,0,0.2321549015547966,2.177896306851984,0.1400057184953474,-11.09078142078
1.846701758971128,0,inf,1.202562864981262,4.278786496409509,0.03859089067257182,-37.46470728938076
0,1.888265661797325,0,0.446623501105836,5.755948784598488,0.01643291892891252,-16.18220594442845
0.6079185744518094,1.303361776484471,0.4664235098957211,0.7391304236689649,0.347977798360624,0.5552600875937965,-25.4982447636491
0.2797486819064474,1.069009353121189,0.2616896485420493,0.443396091818877,0.8365075033818599,0.3603975407853109,-17.91077101904292
0,2.151307040023121,0,0.4598418824495211,6.157149140179669,0.01308819878368483,-16.05553836628732
0.9100368917794581,0,inf,0.6541057124127678,1.979520895872916,0.1594408885620622,-25.5113913174166
0,1.891323561837241,0,0.4871014287693708,5.415812556073156,0.01995516348235571,-15.99123132091006
0.9815495012815406,1.073558080103571,0.9142956673446547,0.998628995797213,0.006283807802091701,0.9368174919530757,-42.6836836805663
0.7842777355025525,0,inf,0.4841876709157208,1.926849772171146,0.1651035081657829,-17.51092229465661
0.5600581265609627,2.844834035287002,0.1968684709245125,1.080595825906571,3.160931291269932,0.0754201471229774,-38.36188668281412
1.185495140995587,2.809949844781501,0.4218919220915026,1.770509715182794,1.282355900423468,0.2574614546904035,-51.68227836061726
2.365771159483353,0.6941934299193601,3.407942307604624,1.759951093878747,1.678821034651634,0.1950811830118538,-50.36625905046192
1.180678905133733,0.6912050394693268,1.708145684296805,1.003042115513225,0.2324953345521408,0.6296797168135122,-30.94006566567489
0.3281955029093089,0,inf,0.2429262566365217,0.6014924479554438,0.4380091555408495,-11.33045045694643
0.881014172869128,4.246867237591667e-15,207450368372885,0.6704288819399939,1.637691455554418,0.2006425041535417,-25.78429759884067
0.6631616480666197,0,inf,0.5981428029106997,0.6182828467463466,0.4316861074731603,-24.61048896768314
1.492184427666687,0.5617541361686176,2.656294509630079,1.169337928140666,0.9689794329652415,0.3249348373562436,-48.8135607908247
1.571520313857468,0,inf,1.049090845475354,3.226107773043786,0.07247274670030757,-27.79565874367232
2.241537655231945,2.140549189667823,1.047178764240309,2.22064039389474,0.003399578177294416,0.9535049666127463,-65.27797752825956
2.171654799825433,0.9385221286187073,2.313908999696809,1.865707217419571,0.7511848224265663,0.3861013681176022,-56.7913450739882
1.315414210662721,3.797576249074025,0.3463825672976186,1.953485475093668,2.132680626290608,0.144188404818948,-54.64444668339766
1.177872411925342,0,inf,0.8959703373204934,2.186347112628297,0.1392391908629048,-32.11569529417523
0.2932290485997558,1.066482160187233,0.2749497924543586,0.4599141674253641,0.7796332580509642,0.3772533260239236,-17.64157025911715
0.7023485705979079,1.272379145278085,0.5519962923035854,0.9051261682212455,0.3470777100108648,0.5557720474190506,-35.07570487307374
0.3284866617961349,2.157360573291484,0.1522632173141845,0.7551825102884993,2.522691840420734,0.1122188768658232,-23.78107701602532
0.350600799430159,0.7862732295310911,0.4459019921602143,0.4849390900220057,0.3171073502620345,0.5733512292820765,-19.88976902371971
3.580872870354493,1.296807546661986,2.761298605619428,2.344691035081677,2.37112886921139,0.1235976456224291,-68.34416178849483
0.2577739887797261,1.884435247139059,0.1367911097879736,0.6070267451939694,2.808957433896516,0.0937392776059307,-25.68504651788719
0,0,0,0,0,1,0
1.138748860590608,0,inf,0.9024985415518467,1.858903097473259,0.1727514519978138,-31.3937029470595
0.5629732429690468,0,inf,0.4271155427754771,1.104246404449022,0.2933360811937324,-20.62813567029701
0.6575058620136556,1.889496622033926,0.3479793794528679,0.9754810637945482,1.06170148107141,0.3028274372413522,-29.72454306314369
0.6614381012035057,0.8977746735804827,0.7367529076818069,0.7250228129698599,0.05975434036279381,0.8068846376350931,-25.13536706612021
0.7349177715560613,1.889215298601177,0.3890068919620824,0.9724128614916896,0.9701677693045099,0.3246383413415582,-37.90217383785332
0.9123379695265694,0,inf,0.6558190296441632,1.978941698831548,0.1595019410707974,-25.73439604383253
2.748966048916092,2.814068092648463,0.9768655051729399,2.772305922367427,0.001379371197259616,0.9703734688268616,-69.50127459690924
1.190610073536785,1.377865864871239,0.8640972273800008,1.247075101851356,0.02786411650191667,0.8674286828130694,-46.49851522196921
1.326533718072886,3.858840948126427,0.3437648081134193,2.188141041711527,2.786655348758813,0.09505243108482875,-65.60619938762591
0.8002838301768154,0.5557267695430093,1.440067086987572,0.6978738116975612,0.09172435911213483,0.7619963300590068,-25.29455447074753
1.128817978867559,0.7983912088191703,1.413865742005217,1.042576044284055,0.1022560381056365,0.7491389152898837,-40.86502109618975