Codon,alpha,beta,beta-alpha,Prob[alpha<beta],Prob[alpha>beta],BayesFactor,PSRF,Neff
1,1,0.02270931270216615,-0.9772906872978339,2.100808150297986e-62,1,3.859560193452526e-61,0.997905256422046,856.2612982958722
2,1,0.03199079460958809,-0.9680092053904119,7.24147905419735e-60,1,1.330389178818445e-58,0.9961278959897746,2184.862748595778
3,1,0.03088687701928893,-0.9691131229807111,5.503002050003826e-62,1,1.010999869439281e-60,0.9959648665292078,2548.659264138386
4,1,0.06827112806666322,-0.9317288719333368,1.51920460160093e-54,1,2.791050484651423e-53,1.001446685884715,388.8558847526762
5,1,0.02228405879862558,-0.9777159412013744,1.731985466806763e-64,1,3.181966978934984e-63,0.9981240174720621,796.8030938277362
6,1,0.02270434539952285,-0.9772956546004772,1.989189731238698e-62,1,3.654497200434233e-61,0.997907667813505,855.5573369153387
7,1,0.01978304033132886,-0.9802169596686712,3.009435291813882e-66,1,5.52887071359111e-65,0.999821678656607,518.3050157632242
8,1,0.1322725331322137,-0.8677274668677863,8.686771458812237e-43,1,1.595915235158224e-41,1.000221487334551,479.000646747439
9,1,0.02597915223503711,-0.9740208477649629,8.347572873015247e-63,1,1.533598390127336e-61,0.9964859971223727,1663.656828007701
10,1,0.01810317075254612,-0.9818968292474539,1.141669467544576e-67,1,2.097450940672605e-66,1.000873760467373,426.3381149785966
11,1,0.0681939263244823,-0.9318060736755177,1.107900051137542e-54,1,2.035410484811739e-53,1.001458924387059,388.1276100694719
12,1,0.03827452219652609,-0.9617254778034739,2.057664848534181e-59,1,3.780298234154589e-58,0.9974639776720456,1008.164171647118
13,1,0.352333433112941,-0.6476665668870589,5.330722935008202e-22,1,9.793491156897764e-21,1.003661922604455,290.5123277893922
14,1,0.144032756749086,-0.855967243250914,4.175826381427533e-42,1,7.671739694193656e-41,1.000962730425984,420.0460410771377
15,1,0.09118363489703145,-0.9088163651029686,9.362769987690629e-48,1,1.720108251665773e-46,0.9973142312321034,1072.805470928866
16,1,0.09873252974743063,-0.9012674702525694,4.181096618264286e-47,1,7.681422061573235e-46,0.9975319072812865,981.3494543696402
17,1,0.2153220265577267,-0.7846779734422733,7.579145504403295e-33,1,1.392424543146903e-31,0.9984528744969304,721.5457190066812
18,1,0.4116753998181754,-0.5883246001818245,5.705347360442102e-19,1,1.048174320870678e-17,1.001028988170343,415.4806010940787
19,1,0.09818520891905565,-0.9018147910809443,1.982463028007733e-47,1,3.642139043874473e-46,0.9974886376508694,998.2614250246531
20,1,0.1005316491950137,-0.8994683508049863,1.47225935986054e-45,1,2.704803681835318e-44,0.9976804396874346,927.4301924477186
21,1,0.08693610495854015,-0.9130638950414598,1.273348458325075e-48,1,2.339368790742984e-47,0.9975679740580646,967.6861175998043
22,1,0.3039786600322262,-0.6960213399677738,3.815545379048648e-25,1,7.009839075119287e-24,1.001678346815811,375.5225582582189
23,1,0.3165913812453842,-0.6834086187546158,2.947844676273285e-23,1,5.415717740533095e-22,1.002477959801662,335.8367990116411
24,1,0.2623040677493249,-0.7376959322506751,1.715327328033164e-29,1,3.151362999557585e-28,0.9992053690695771,593.4891817450109
25,1,0.4272326735124303,-0.5727673264875697,4.547085050128712e-17,1,8.3538082490924e-16,1.000669865063497,441.5010523321495
26,1,0.09594481046211448,-0.9040551895378856,1.764199205181242e-46,1,3.241149376097141e-45,0.9973987328436363,1035.341522530683
27,1,0.07618314416127135,-0.9238168558387286,1.008307245365388e-51,1,1.85244069356358e-50,0.9996169075438512,541.0645930460194
28,1,0.177184233064948,-0.822815766935052,7.763876048909375e-36,1,1.426362847127175e-34,1.001713273289732,373.5920307611729
29,1,0.113268996593229,-0.8867310034067709,1.03828601055931e-44,1,1.907517045383191e-43,0.9987448677856128,665.7655252209283
30,1,0.4888585622841632,-0.5111414377158368,3.515084390376149e-14,0.9999999999999278,6.457838516952755e-13,0.9992938216889338,581.376119787826
31,1,0.5736921595542206,-0.4263078404457794,6.59592062206784e-09,0.999999987120165,1.211788560340904e-07,1.000010009065865,499.0110771690826
32,1,0.1592634283499508,-0.8407365716500492,5.946407369049427e-38,1,1.092461354568743e-36,1.00153131934938,383.8753309811154
33,1,0.08597933849851139,-0.9140206615014886,1.562022306546368e-49,1,2.869714264377796e-48,0.9976288602330752,945.4669648851391
34,1,0.4002954363464968,-0.5997045636535032,3.866752930495455e-20,1,7.103916502960679e-19,1.001487008890201,386.4667581171219
35,1,0.3736086239869917,-0.6263913760130083,2.480219001634213e-19,1,4.556605765449915e-18,1.003224138095948,305.7533185576135
36,1,0.5204920926788371,-0.4795079073211629,4.36248174724517e-12,0.9999999999911913,8.014658974935851e-11,0.9989601011019826,629.8987227205484
37,1,0.1759102855028222,-0.8240897144971778,4.653855642346491e-35,1,8.549964917418655e-34,1.001718485809048,373.3056318691702
38,1,0.4948884841658815,-0.5051115158341185,3.291140166690174e-14,0.9999999999999323,6.046412937149343e-13,0.9991186488782562,605.8685619656901
39,1,0.3587859669869021,-0.6412140330130979,1.871571406874354e-21,1,3.438411308596456e-20,1.003625591482296,291.7183729900039
40,1,0.3742839294022736,-0.6257160705977264,1.315350587548679e-19,1,2.416534212044628e-18,1.003171056902306,307.7121280944651
41,1,0.5364831551983851,-0.4635168448016149,2.389159021377356e-11,0.9999999999519129,4.389312300434663e-10,0.9990249654259672,619.8395020754875
42,1,0.2329240312291811,-0.7670759687708189,4.052708258478763e-30,1,7.445549689000529e-29,0.9983017467772333,754.2759702619676
43,1,0.4356497105453857,-0.5643502894546143,1.097355390966259e-15,0.9999999999999988,2.016038058707627e-14,1.000625351671988,444.9572006236745
44,1,0.1796735405491266,-0.8203264594508735,5.38408993911452e-34,1,9.891535885381584e-33,1.001582173478019,380.9441258863224
45,1,0.3218465972993143,-0.6781534027006857,1.23281836499915e-22,1,2.264907762583192e-21,1.002795284019666,322.3406133026179
46,1,0.5487439300767183,-0.4512560699232817,9.333170662386747e-11,0.9999999998127059,1.714670326535974e-09,0.999203164736944,593.797543621455
47,1,0.412131687006043,-0.587868312993957,5.653265362553478e-18,1,1.038605926640206e-16,1.001227929864421,402.3552184175311
48,1,0.5952021215528402,-0.4047978784471598,1.410702202749866e-07,0.999999731325045,2.591712543508848e-06,1.000818366330377,430.3526548775673
49,1,0.6623409044602045,-0.3376590955397955,3.659983119723943e-06,0.9999930704685418,6.724068000415886e-05,1.002211009379768,348.1088790905957
50,1,0.5079237340477786,-0.4920762659522214,9.629772941135451e-13,0.9999999999980487,1.769161468188163e-11,0.9990336878948025,618.5114140240008
51,1,0.5541193426545072,-0.4458806573454928,4.179742395152921e-10,0.9999999991708737,7.678934114794187e-09,0.9994037257733612,567.0014096133183
52,1,0.4922244724441545,-0.5077755275558455,2.488165870748054e-12,0.9999999999950642,4.571205584911726e-11,0.9995018249241517,554.761890385254
53,1,0.528901359968825,-0.471098640031175,1.65498858658835e-10,0.9999999996752891,3.040509943549941e-09,0.9992672442794165,584.963118555148
54,1,0.5383088973080996,-0.4616911026919004,4.095831895345765e-11,0.9999999999178415,7.524775520675186e-10,0.9990824681875385,611.1883943813164
55,1,0.5014471430414307,-0.4985528569585693,7.801033149172617e-14,0.9999999999998395,1.43318927080904e-12,0.9989952995390725,624.3997114949655
56,1,0.5513661746569802,-0.4486338253430198,3.225043649999591e-10,0.9999999993602529,5.924981819941052e-09,0.9993497735163358,573.9674905022699
57,1,0.3066331864314868,-0.6933668135685132,3.220975337776314e-23,1,5.917507601067919e-22,1.001986733793286,359.1427443518347
58,1,0.6033111344582627,-0.3966888655417373,1.138840817119619e-07,0.9999997810287677,2.09225444235797e-06,1.001102864637669,410.506845691197
59,1,0.6698609668864792,-0.3301390331135208,6.403916809621025e-06,0.9999879409373943,0.0001176521553348267,1.002187752565992,349.2211193519508
60,1,0.6544843042889105,-0.3455156957110895,1.735119887591373e-06,0.9999966901534169,3.187731001441517e-05,1.00222195349247,347.5879591938028
61,1,0.6315801613516976,-0.3684198386483024,8.109748785517182e-07,0.9999984564663661,1.489907061272027e-05,1.001915837129197,362.7793044412385
62,1,0.4264246783178544,-0.5735753216821455,2.050607161120661e-16,0.9999999999999998,3.767332000472002e-15,1.00085583780781,427.6287172319128
63,1,0.7916835837421521,-0.2083164162578479,0.004302065421736381,0.9925307538555124,0.07937812370716897,0.9997299459020579,528.2577646467325
64,1,0.558317581850462,-0.441682418149538,1.477966432044201e-10,0.9999999997025396,2.715288594253985e-09,0.9993499101904189,573.9496260468146
65,1,0.4764858563938869,-0.523514143606113,3.963158828280863e-13,0.9999999999992095,7.281031374425691e-12,0.9998109966955691,519.4445045497779
66,1,0.5024005814126795,-0.4975994185873205,3.39158791111621e-11,0.9999999999337893,6.230953403777567e-10,0.9994939546696544,555.7241765191386
67,1,0.5898053122976765,-0.4101946877023235,1.242733696347843e-07,0.999999763855709,2.283124282848705e-06,1.000643593668479,443.5342606376623
68,1,0.6959596566974928,-0.3040403433025072,6.125435580919685e-05,0.9998878217647409,0.0011254209750238,1.001947650420438,361.1383162682106
69,1,0.7380721726816816,-0.2619278273183184,0.0006429500312966021,0.9988569159742495,0.01181974116290864,1.001184303657197,405.1613615671666
70,1,0.7295312799532341,-0.2704687200467659,0.0002620127646940593,0.999524679344901,0.004814904528781581,1.001380882921429,392.8194093430553
71,1,0.4187402369931032,-0.5812597630068967,4.113187992908214e-15,0.999999999999992,7.556661774833519e-14,1.001536183836933,383.5929754086981
72,1,0.7527867125219995,-0.2472132874780005,0.0005689884305806889,0.9989695540239472,0.0104592860253114,1.000889927233912,425.1806773442477
73,1,0.6022184721745633,-0.3977815278254367,4.578762943099461e-07,0.9999991387087848,8.412010054099539e-06,1.001048207851589,414.1749609701258
74,1,0.6900166514920187,-0.3099833485079813,7.16277485791387e-05,0.9998699209165386,0.00131602407458345,1.002015733542827,357.6763795670596
75,1,0.541886529072134,-0.458113470927866,2.266463436270878e-11,0.9999999999541279,4.163898572796467e-10,0.9990270905861607,619.5153955296229
76,1,0.8873148231449267,-0.1126851768550733,0.06994693942470383,0.8895887055201982,1.381695728755981,0.9981456602765129,791.3684532938489
77,1,0.6990278310922349,-0.3009721689077651,3.680717626608994e-05,0.999931686756226,0.0006762385291194558,1.001895077663599,363.8582657662639
78,1,0.6887250191023617,-0.3112749808976383,0.0001019093433859958,0.999816667219406,0.001872447670295078,1.00201536427058,357.694975654235
79,1,0.8528351228332642,-0.1471648771667358,0.02714193564235528,0.9550813292476317,0.5125576950983916,0.9982186937846559,773.5666343623726
80,1,0.9101382407383334,-0.08986175926166662,0.1135609313376076,0.8258827150941791,2.353593639624609,0.9984321605094575,725.8619790122756
81,1,0.7929712815746679,-0.2070287184253321,0.003981748815963828,0.9930516138886911,0.07344428173843538,0.9997057923564241,530.9427212741604
82,1,0.8821265075782776,-0.1178734924217224,0.05645006089687989,0.909333194433685,1.099134775554163,0.9980594575986164,813.4693746406302
83,1,0.8536963021196964,-0.1463036978803036,0.02256992844355386,0.9620493884151236,0.4242246604325193,0.998126913804143,796.0714643405763
84,1,0.9688839673603902,-0.03111603263960983,0.3213056442098212,0.5525314384666983,8.697522122381502,0.9991138513070534,606.568608477103
85,1,0.8917839924959049,-0.1082160075040951,0.07227934555474158,0.8855313693530089,1.431358465359831,0.9981358287986669,793.8279358732285
86,1,0.9095626655635165,-0.0904373344364835,0.1076535746658236,0.8336027082378653,2.216391071272413,0.9984092348255293,730.7000243100384
87,1,0.956536105303617,-0.04346389469638301,0.2629004678186989,0.6240684700386023,6.552645124655696,0.9992328535043591,589.6712989011502
88,1,0.6211834056313288,-0.3788165943686712,1.260541166348039e-07,0.9999997547747222,2.315839797377658e-06,1.001744284578606,371.8946390720727
89,1,0.8737542904971975,-0.1262457095028025,0.04976369200088696,0.9199942606834008,0.9621269899888275,0.9980955118059691,804.0765339218643
90,1,0.9075501394402758,-0.09244986055972415,0.09148288186143076,0.8554579504918106,1.849942148874965,0.9983196792132852,750.2370427605757
91,1,0.9846346044139878,-0.01536539558601224,0.4020396835899348,0.455675568668755,12.35230436834351,0.9988095401777611,654.5638857502213
92,1,0.8853216846447918,-0.1146783153552082,0.07044161154893669,0.889229471309917,1.392207707208445,0.9981735752733422,784.4678562404671
93,1,0.9573376870808541,-0.04266231291914591,0.2545897860719478,0.629037917596128,6.274759166799895,0.9994665066945908,559.1066689618627
94,1,0.9757472078640876,-0.02425279213591236,0.3553152646712931,0.5113869127088966,10.1255332299161,0.9990065279466843,622.6657741996987
95,1,0.973800809780925,-0.02619919021907502,0.3416539036801899,0.52324902779908,9.534184402037795,0.9991979207240979,594.5324210159467
96,1,0.7982755406829267,-0.2017244593170733,0.003969322100786778,0.993031117921848,0.07321415464211212,0.9995618736277386,547.5288229089402
97,1,0.987239797009909,-0.01276020299009095,0.4163487366859305,0.4402461659541229,13.10554983604725,0.9987066697030681,672.5646549153215
98,1,0.7554142912836342,-0.2445857087163658,0.0008080497518871951,0.9985501661608552,0.01485732418015575,1.000803669551752,431.43059971299
99,1,0.9321007759277695,-0.06789922407223048,0.1697980151449364,0.746463314989656,3.757511053251115,0.9989157606877728,636.9662347880288
100,1,0.9854875962972347,-0.0145124037027653,0.4067040470640323,0.4507279910449108,12.59385048616003,0.9987736722594394,660.7291574320149