Codon,alpha,beta,beta-alpha,Prob[alpha<beta],Prob[alpha>beta],BayesFactor,PSRF,Neff
1,1,0.05351270964255411,-0.9464872903574459,9.682685478770378e-10,0.9999999985907889,6.403534772642324e-09,0.995384139240626,6274.118819246965
2,1,0.1237453586792839,-0.8762546413207161,3.656062444423526e-08,0.9999999473186783,2.417895725150544e-07,0.9960225163692855,2406.917907163423
3,1,0.08994578818945816,-0.9100542118105418,3.171522310879549e-09,0.9999999954061393,2.097450494411079e-08,0.9956241757739006,3910.327337265532
4,1,0.08985895729129066,-0.9101410427087093,3.09016614730605e-09,0.9999999955232385,2.043646513448194e-08,0.9956222587961349,3922.124067731601
5,1,0.09002556854754648,-0.9099744314524535,3.264140849689075e-09,0.9999999952730473,2.158702720190913e-08,0.9956266613150407,3895.137116729335
6,1,0.08998589238048346,-0.9100141076195165,3.21349783349858e-09,0.9999999953457783,2.125210532753346e-08,0.9956252401121559,3903.808210168321
7,1,0.05364418827271472,-0.9463558117272852,1.028780010240605e-09,0.9999999985034161,6.803720500699644e-09,0.995379636421494,6346.108579000385
8,1,0.05351075905510857,-0.9464892409448914,9.68907209950928e-10,0.9999999985898823,6.407758492199313e-09,0.9953841156426836,6274.491836128711
9,1,0.04960896113425339,-0.9503910388657466,1.489528186990565e-10,0.999999999780281,9.850826563893932e-10,0.9955734583204243,4248.423656562884
10,1,0.1335761812522706,-0.8664238187477293,2.145954782221856e-07,0.9999996946595454,1.419203281383631e-06,0.9962740295846735,1937.128030971369
11,1,0.04960895619386035,-0.9503910438061396,1.48957698617072e-10,0.9999999997802739,9.851149291764701e-10,0.9955734520474908,4248.469093204874
12,1,0.1334896786171186,-0.8665103213828814,2.113647898453337e-07,0.9999996992189688,1.397837479304999e-06,0.9962713887850526,1941.104551113978
13,1,0.122964044190009,-0.8770359558099909,3.141408561825373e-08,0.9999999546898966,2.077535164937668e-07,0.9960042941242639,2449.983048283175
14,1,0.1238082149775673,-0.8761917850224328,3.695221587645596e-08,0.9999999467574172,2.443793184489718e-07,0.9960234923765682,2404.654023972853
15,1,0.2124577546170692,-0.7875422453829308,6.998605369285889e-07,0.99999898068825,4.628451916767385e-06,0.9954908656131063,4944.80661454405
16,1,0.04960895167369459,-0.9503910483263054,1.489529221581492e-10,0.9999999997802809,9.850833406044267e-10,0.9955734564893656,4248.436919341887
17,1,0.4615333682431215,-0.5384666317568785,0.001136299182824398,0.998417630008008,0.007523335166998605,0.9955511527790455,4416.38018574041
18,1,1.101925004407421,0.1019250044074214,0.6246340453849086,0.3174428868112281,11.00511837753493,1.00236445379578,340.9462888806678
19,1,0.09648800687299804,-0.9035119931270019,2.061370647943905e-08,0.9999999705295872,1.363264242309177e-07,0.9958099349989508,3028.036190553409
20,1,0.201895056995589,-0.7981049430044109,2.01114418476876e-06,0.9999971206937526,1.330050184544976e-05,0.995815581772067,3007.414851290258
21,1,0.1330811572174814,-0.8669188427825185,1.982784964854526e-07,0.9999997177156169,1.311292719584045e-06,0.9962623793902783,1954.794878688107
22,1,0.5617498769925179,-0.4382501230074821,0.005585367510110545,0.9923231593223768,0.03714566990354188,0.9953780198644742,6372.358543399057
23,1,0.3268703796786628,-0.6731296203213373,6.202455974336281e-05,0.9999119437319622,0.0004102178696000104,0.9951667613492836,13875.09598209502
24,1,0.2481801816885326,-0.7518198183114674,1.051171820434974e-05,0.9999850276642439,6.951879279565781e-05,0.9953766688171953,6394.464374828115
25,1,0.3373882834642336,-0.6626117165357664,4.037271275244849e-05,0.9999420581191301,0.0002670111594491404,0.9951982669414118,11802.21591988095
26,1,0.1325562130733821,-0.8674437869266179,1.815806144810043e-07,0.9999997413163897,1.200863119456588e-06,0.99624862663487,1976.070206874637
27,1,0.4429549235390307,-0.5570450764609693,0.0004165004871147525,0.9994088999537715,0.002755626686799942,0.9955559238951394,4379.346488689665
28,1,0.176795957332069,-0.823204042667931,1.998530086315065e-06,0.9999971699061374,1.321707959440758e-05,0.9962607401826288,1957.306586331539
29,1,0.206019695026375,-0.793980304973625,2.869430057442732e-06,0.9999959039005611,1.897670630474871e-05,0.9958170293725751,3002.173595510272
30,1,1.022190102614388,0.02219010261438847,0.4835265099884354,0.4518400054387562,6.191504630480331,1.000821899976348,430.0942871397696
31,1,0.169643833563422,-0.8303561664365779,5.600945905698926e-08,0.9999999177038223,3.704122572148826e-07,0.9956794076902599,3598.511037889392
32,1,0.08994840146528674,-0.9100515985347133,3.173716147887093e-09,0.9999999954029761,2.098901363766452e-08,0.9956242149335305,3910.0870963452
33,1,0.7845522665826263,-0.2154477334173737,0.08871979785972427,0.8857304889275357,0.6438616456312908,0.9966601454032381,1490.841535236475
34,1,0.09617764587427398,-0.903822354125726,1.901849481022547e-08,0.999999972794644,1.257766714677173e-07,0.9958003294950089,3063.772511225306
35,1,0.1334788753531573,-0.8665211246468427,2.116010840051111e-07,0.9999996988940513,1.399400184724437e-06,0.99627235119271,1939.653463197954
36,1,0.925249432869942,-0.07475056713005801,0.2793770686042006,0.6626125107836334,2.563932721719994,0.9988480006770404,648.0802619324961
37,1,0.5430793165951273,-0.4569206834048727,0.004660362487390555,0.9936003334715734,0.03096508990376204,0.9954340573507644,5573.288664330789
38,1,0.1587785660643417,-0.8412214339356583,2.429739824283916e-07,0.9999996502914265,1.606881402141862e-06,0.9960594741190514,2324.070367152415
39,1,0.2223157028341265,-0.7776842971658735,1.00216430410586e-05,0.999985850816711,6.627766946035361e-05,0.9958089119331246,3031.802639255266
40,1,0.3431839320904226,-0.6568160679095774,5.231644927636686e-05,0.9999251101108321,0.0003460070349220549,0.995226930030302,10390.14718680703
41,1,0.7177276084063147,-0.2822723915936853,0.04330768714452673,0.9427027538972524,0.299375773744742,0.9959303800576633,2641.734777618245
42,1,0.1646635235124262,-0.8353364764875738,5.118635464964673e-07,0.999999267237509,3.385153530604101e-06,0.9961310210281659,2178.902489390505
43,1,0.6383101542414386,-0.3616898457585614,0.01875104316358136,0.9748175891264669,0.1263776200016457,0.9955864685097109,4156.234836800631
44,1,1.053051994512709,0.05305199451270903,0.5528405193141264,0.3812018909504915,8.176385699103639,1.001105017884683,410.3636793767237
45,1,0.2066984209132054,-0.7933015790867946,3.033310200507116e-06,0.9999956719003888,2.006051553347785e-05,0.9958165542219111,3003.891932330884
46,1,0.7946912191283416,-0.2053087808716584,0.09479296240515493,0.8779422509294756,0.6925515742508165,0.9967411174410636,1422.178703347376
47,1,0.08992216575470434,-0.9100778342452956,3.147062940770252e-09,0.9999999954413145,2.081274565925823e-08,0.9956235507815295,3914.16561433705
48,1,0.3306028779092502,-0.6693971220907498,0.0001759652504359713,0.9997546958823458,0.001163931136452899,0.9952971677755972,8034.819900926775
49,1,1.22570677311937,0.2257067731193703,0.8190750324193971,0.1400371993879515,29.93981627735965,1.003284139797627,303.5693070992396
50,1,0.2486883465490181,-0.7513116534509818,1.079803697377168e-05,0.9999846226089566,7.141237001588269e-05,0.9953741663853749,6435.817141908964
51,1,0.8935562335155594,-0.1064437664844406,0.2374543628503926,0.7138035593268723,2.059388388116418,0.9986688023513092,679.4441853538033
52,1,0.3308714448765565,-0.6691285551234435,0.0001785065613570659,0.9997512131780262,0.001180743768503344,0.9952996527812142,7970.898533525583
53,1,0.1410311332308698,-0.8589688667691302,1.494111872741861e-08,0.9999999780937336,9.881140398481542e-08,0.995791046450162,3099.120926487259
54,1,0.4869347772689329,-0.5130652227310671,0.001148117206738995,0.9983864214083884,0.007601671184306848,0.9954564165779526,5307.753443524447
55,1,1.018391789541132,0.01839178954113185,0.4798599579452055,0.4531743587872007,6.101240858605587,1.00051303126857,453.9256092663024
56,1,0.6833716102757446,-0.3166283897242554,0.02308274196478908,0.9686530667744668,0.1562620659036879,0.995497718908379,4878.446192793967
57,1,0.3730866954680197,-0.6269133045319804,8.968763574627268e-05,0.9998716398907401,0.0005931922592288744,0.9954003224355691,6028.349387337062
58,1,0.2223633149872363,-0.7776366850127636,1.008685173353369e-05,0.9999857601976286,6.67089284607693e-05,0.9958102010045637,3027.058416942638
59,1,0.9350834032376565,-0.06491659676234351,0.2999946357271191,0.6402971679152225,2.834236376515455,0.9990344938270621,618.3889912350452
60,1,0.5167515645909605,-0.4832484354090395,0.004303576968966801,0.9941344076544215,0.02858423505531659,0.9955802860199016,4199.538771386988
61,1,0.7277840875584091,-0.2722159124415909,0.04903035374421843,0.9354194426359858,0.3409748275279602,0.9960291893971411,2391.524230726599
62,1,0.6892995800018406,-0.3107004199981594,0.03208073128683731,0.9572664543482625,0.2191942062933021,0.9957607377784896,3220.440556126796
63,1,0.204118644573258,-0.7958813554267421,2.442982926381519e-06,0.9999965080573144,1.615643134815942e-05,0.995817068241571,3002.033116604905
64,1,0.3391034925148508,-0.6608965074851492,0.0001029073889947611,0.9998546745585761,0.000680636445917134,0.9952282363009398,10333.80378697544
65,1,0.4559325138615796,-0.5440674861384205,0.0004325234104481237,0.9993838882572692,0.002861682506801804,0.9955456561061787,4459.830481700063
66,1,0.4944586406273951,-0.5055413593726049,0.002604102538568316,0.9964188737656204,0.01726690303618105,0.9955560288303744,4378.538959926825
67,1,0.2778068186763116,-0.7221931813236884,5.391685166144403e-05,0.9999244320419123,0.000356592239952119,0.9953643285054723,6603.711393522872
68,1,0.9019550244638171,-0.09804497553618285,0.2437754113559232,0.7047115977054151,2.131881448563186,0.998639696562004,684.8289284490534
69,1,0.7887047128000203,-0.2112952871999797,0.08163605590787584,0.8934339465488389,0.5878833180449088,0.9964965982529994,1651.996794784477
70,1,0.7374223059272389,-0.2625776940727611,0.05845293885368501,0.9237881520260579,0.4105709956459006,0.9962145288791163,2030.875919816591
71,1,0.669691924957323,-0.330308075042677,0.0244005739556301,0.9672327647075596,0.1654064545301931,0.9956185249619284,3945.307141272873
72,1,0.2760984627016546,-0.7239015372983454,4.946133745740748e-05,0.9999306100525178,0.0003271231532131272,0.9953614128732553,6655.166756176564
73,1,0.5742511490375962,-0.4257488509624038,0.004261278028704835,0.9940485545872715,0.02830208438226961,0.9952052825151805,11422.25378674232
74,1,0.592850124884538,-0.407149875115462,0.008657665514093473,0.9881581034174152,0.05775653053029726,0.9953788967931894,6358.09190121698
75,1,0.2024315190354292,-0.7975684809645708,2.117276178892741e-06,0.9999969701642462,1.400239670866741e-05,0.9958174702958685,3000.580798541755
76,1,0.9821849710495858,-0.0178150289504142,0.4002633923914958,0.5380006620710975,4.413765542843635,1.00025484266508,475.991210114783
77,1,0.6471174061462467,-0.3528825938537533,0.01372201105015615,0.9811585691402357,0.09201155504358813,0.9953328658138015,7204.855802701519
78,1,0.5479729011165889,-0.4520270988834111,0.00638321361503069,0.9913249672785858,0.04248585917359114,0.9955335251433691,4558.819169514677
79,1,1.129377399320931,0.1293773993209311,0.6781021092891464,0.2660930465137047,13.93159725889937,1.00260623767706,330.2456067948706
80,1,0.4260700408068893,-0.5739299591931107,0.0006142520973220905,0.9991414505092152,0.00406478372551602,0.9955433241405656,4478.523892747552
81,1,0.4764067385782748,-0.5235932614217252,0.001690612247220153,0.9976596409043232,0.01119960749480134,0.9955527343004068,4404.035054977595
82,1,1.161433137510897,0.1614331375108968,0.686270329433616,0.2644271097890979,14.46650348936327,1.003245152371885,304.9848051753539
83,1,0.9389351787035862,-0.06106482129641377,0.3078491434326869,0.6316432986753214,2.941447732301377,0.9990895804375638,610.1352334167198
84,1,0.5802211331133378,-0.4197788668866622,0.006773091577508721,0.9906886463694853,0.04509853325941535,0.9953406956749854,7045.245646233939
85,1,0.9015817381474494,-0.09841826185255065,0.2324385787360691,0.7146133553785431,2.002714396256186,0.9984179803299489,728.8468171966788
86,1,0.8505491818102167,-0.1494508181897833,0.1706168261420819,0.7892021578623152,1.360475061610749,0.9978334334735065,877.7755968894048
87,1,0.9250592922904758,-0.07494070770952421,0.2874118401463933,0.6571616495237849,2.667411382529635,0.9991211837034935,605.4993443148219
88,1,0.902492878872007,-0.09750712112799298,0.2393971285516862,0.7081750205233757,2.081540777321412,0.9985339975916229,705.1271484061845
89,1,0.8358538649297497,-0.1641461350702503,0.1499523143576948,0.8130252588069506,1.166631854579573,0.9975557756705145,972.2643407067768
90,1,0.980246158804151,-0.019753841195849,0.3965957112377229,0.5399523813296873,4.34673903865327,1.000033718677555,496.6841561936776
91,1,0.6818053564321988,-0.3181946435678012,0.03157216976117236,0.9580716726459511,0.2156061351049063,0.9957866226656394,3116.254931713736
92,1,0.9441950144649141,-0.05580498553508595,0.3210629892922981,0.6188315105433472,3.127409188633683,0.9993034783942037,580.0837519232517
93,1,1.553693658858081,0.5536936588580805,0.9652737116198968,0.02512259344400027,183.8298606797938,1.003094771241863,310.5721527869003
94,1,1.349434966119835,0.3494349661198355,0.896309800052822,0.07852475310776738,57.1668654482747,1.003580054322655,293.2444239886806
95,1,0.6932483222215901,-0.3067516777784099,0.03383121297382841,0.9550104430258608,0.2315733150878729,0.9957924121910564,3093.869244342028
96,1,1.219673187278552,0.2196731872785525,0.7893479061706026,0.1681256492524968,24.7814450827025,1.003486529755691,296.4299220293655
97,1,1.031489208574029,0.03148920857402859,0.513208038744601,0.4176118822266358,6.972266832146137,1.000490497222741,455.7689695303923
98,1,0.8308805346228866,-0.1691194653771134,0.1399337888762112,0.8243007906572698,1.076005903257096,0.9974105584406932,1030.307045034603
99,1,0.593723264494202,-0.406276735505798,0.01420088003714434,0.9810357625361519,0.0952688185340143,0.99567369673365,3628.426129146292
100,1,1.100573564891221,0.1005735648912212,0.6233683377551067,0.3183644607265121,10.94590966223106,1.00232401666653,342.8047677718214