dN/dS,LRT,p-value,Log(L)
0.6115216542947354,0.2859966891553434,0.2963987209987513,-12.3849733063341
9.682324783204268e-17,3.142904337038317,0.03812895158314533,-10.28638052487211
1,0,1,0
9.682324783204268e-17,3.107068249361316,0.038976580498223,-11.55778069653733
1,0,1,0
2.287852447174094e-16,3.10706824994417,0.03897658048427305,-11.0744260687841
1,0,1,0
0.6450583069518315,0.2231030391179303,0.3183428310330657,-25.67971039845395
9.682324783204268e-17,3.107068248202253,0.03897658052596398,-18.73487933837869
2.287852447174094e-16,3.107068249944145,0.03897658048427372,-11.06306676360882
1,0,1,0
1,0,1,0
0.5307214808528278,0.4998064113070058,0.2397925978836038,-17.18258533862389
1,0,1,0
0.6454816107122993,0.2223836648923267,0.3186148283554221,-12.96108311601513
0.6118028884949205,0.2852300039227131,0.2966467987910265,-17.12045083397361
1,0,1,0
1,0,1,0
5.840566125974614e-16,3.142904360320614,0.03812895103893427,-10.28643186280167
1,0,1,0
0.6461679318565147,0.2212127513903468,0.3190587061697288,-13.5906534005166
5.840566125974614e-16,3.107067875460739,0.03897658944712118,-10.40276956731707
0.6105753303476775,0.2878695313512551,0.295794515192764,-17.81121554023436
1.028145822447522e-15,3.142904627389537,0.03812894479634454,-10.2870209440917
3.17603086687411e-16,3.220844189823055,0.03635306255173409,-9.943647944986628
1,0,1,0
1.028145822447522e-15,3.141541789678577,0.0381608146898762,-21.71608931939998
1,0,1,0
0.6221470398932238,0.2649875095995036,0.3033570940632777,-12.4611381960904
0.6326580283686496,0.2449028962507782,0.3103435978956453,-19.13715219416428
1,0,1,0
1,0,1,0
5.840566125974614e-16,3.221737166607777,0.03633323765634072,-10.63033538225388
5.840566125974614e-16,3.107068045701261,0.03897658537260174,-15.15222416270157
1.028145822447522e-15,3.221588531214657,0.03633653669240383,-10.48468533753796
1,0,1,0
1,0,1,0
5.840566125974614e-16,3.142983465924203,0.0381271020368355,-10.4403576105143
1,0,1,0
1.447889692761709,0.2418938817856926,0.3114207937145126,-21.2603952269073
2.644891918881066,2.789736040070203,0.04743492669669896,-30.23317016976111
1,0,1,0
3.17603086687411e-16,3.772395806399349,0.02605247532784583,-10.11519436205736
1.063680655972184,0.007441931298338034,0.4656272328352308,-17.92701485395449
0.6067603070318587,0.2959182057309917,0.2932263638447293,-15.82990499483248
6.728744545674702e-16,3.053741943344004,0.04027567717228309,-9.759701957932112
0.6061297598580101,0.2973504111838636,0.2927741313450141,-12.81176835358914
9.682324783204268e-17,3.054899146814467,0.04024699611060512,-10.58696135101347
0.6061298037169572,0.2973503172915741,0.2927741609460528,-12.81188600418335
1.028145822447522e-15,3.10706787070508,0.03897658956094263,-17.16069927699764
0.6380593508347637,0.2351626278759866,0.3138609807072429,-18.30242243782062
1,0,1,0
1,0,1,0
5.840566125974614e-16,3.107068046885015,0.03897658534426984,-15.15281818671327
1,0,1,0
1,0,1,0
0.6458349844197168,0.221785737930098,0.3188413156899083,-13.13348436681528
1.813501793727167,0.5851133073117722,0.2221575091662635,-17.87912738256676
0.7352301608390034,0.1047945424012156,0.3730750700073824,-18.24941572104381
1.845676209367711,0.9231125722561373,0.1683295187531959,-27.09945625112207
1,0,1,0
9.682324783204268e-17,2.769582160808767,0.04803561824671038,-9.774617763646342
1.299027662497602,0.1252746595168972,0.3616913233081425,-24.36491374905328
0.6115237119051433,0.285991347263181,0.2964004480049642,-12.34355575562007
0.6214529614625537,0.2662377990258022,0.3029333637310536,-18.17946009096838
1.827146801375024,0.8961593577384477,0.1719068101320192,-22.98310157713467
1,0,1,0
6.728744545674702e-16,2.7177711660716,0.04961824883178645,-10.18220402794535
1,0,1,0
0.6061278042677504,0.2973557676640084,0.2927724426394316,-12.42096060272776
1.06466185472594,0.007660620868243484,0.4651271180793166,-22.34614351836946
1.028145822447522e-15,3.142904360320777,0.03812895103893049,-10.28643186315824
0.6268587959105053,0.2558102363470383,0.3065066509207822,-18.55208714077112
1.455628894124952,0.2484935562793993,0.3090689069207205,-18.25090636298846
3.073265606255666,4.452698072898656,0.01742307539125493,-38.54440084115456
0.6125899211254437,0.2837036248180134,0.2971419706656497,-15.78190446418439
2.287852447174094e-16,3.801597955223514,0.02560184731632797,-10.29752724785905
1.553667232366547,0.5033343442904439,0.239019346357887,-22.47617188447235
0.6081489699594402,0.2930603738036801,0.2941330062561092,-11.0489647916879
1,0,1,0
1,0,1,0
0.7256668155725662,0.1144323780313172,0.3675766429221589,-18.25401850486157
1.5494762207071,0.4976146991263306,0.2402750409411742,-23.80657212668275
0.7349843308323869,0.1050778491221287,0.3729095357859435,-13.26380298458476
0.644059535524664,0.2248101254370951,0.317699517034386,-12.4888158164822
1.213516873150571,0.07000322306664231,0.3956660436986489,-18.55089889057054
1.259477366258317,0.0983706655091936,0.3768968649733052,-19.69678857818815
1,0,1,0
1,0,1,0
1,0,1,0
1,0,1,0
1.221095770619909,0.07435364985062876,0.3925501213200589,-26.81015453791925
0.5239062128857951,0.5232739924167475,0.2347242108437374,-18.9513778431527
1,0,1,0
2.137611533931501,1.810611080242367,0.0892174712577129,-34.14999821863438
6.728744545674702e-16,3.142904330618688,0.03812895173320063,-10.28636636992933
1,0,1,0
1.057106176864696,0.006034772195093296,0.4690397919492678,-19.32336222688265
1.065010175996255,0.007744255557291524,0.4649377610418906,-18.68261658381221
1,0,1,0