dN,dS,dN/dS,dS=dN,LRT,p-value,Full Log(L)
0.5172671275382921,2.977802191871061,0.1737076858061127,1.088911526097633,7.908905851048971,0.004919201344503299,-62.18458831522236
0.1291757682794327,0.8760442443921698,0.1474534752169502,0.3580642448156039,3.308773078240144,0.06891092355954476,-28.12179146340166
0.3447874585752926,1.337106406904933,0.2578608978274132,0.4900755626433755,1.880015230781368,0.1703324167377425,-41.82903337054044
0.3853008325200326,1.227127679896568,0.3139859354753605,0.5859906215743895,1.887211949364328,0.1695167216143908,-44.86414742398129
0,1.445528009614288,0,0.3792446196132253,10.65395289660867,0.001098359085078493,-29.28669385134634
0,1.388893125215396,0,0.1953237662545657,7.804465033566377,0.00521172930493019,-14.17958529736603
0,0.3609638060374887,0,0.09483195652514397,2.670459956617449,0.1022264762209121,-11.8189716406465
0,0.7216894871608132,0,0.2515610439433976,6.31558838656661,0.01196810237418844,-23.61244204223519
0,1.785517519324587,0,0.4724871963235548,13.21639306475661,0.0002775111585927581,-30.95087546192771
0.143458566359743,2.051371140587739,0.06993301383709659,0.4736275531972152,6.322897150181824,0.01191887398041236,-27.7685255221694
0,0.8685850890931653,0,0.2669999207617922,7.051978407276223,0.007917775339621125,-23.07723572047614
0,0.5115337388374327,0,0.1711437042058407,4.371686528680623,0.03654080890826594,-15.77589408954738
0.2286312135065808,1.459031549150074,0.1567006646564736,0.5224252421948301,4.882890666354768,0.02712415790241796,-41.00171109637149
0.1463208113079925,3.656186415033118,0.04002006317466914,0.7287533525215509,12.63111676218006,0.0003793784677449397,-36.64154086724174
0,1.070341978042223,0,0.3057915789037495,7.497953202914069,0.006176915517493442,-20.00160797003644
0,0,0,0,0,1,0
0.592592310346214,0.5507397803559706,1.075993293898603,0.5851990848662341,0.004500661881905899,0.9465124649573057,-49.90057780314966
0.1142339687116492,0.6844048167096102,0.1669099426576919,0.1957264670508398,1.418907894417082,0.2335832420015771,-18.2671660071577
0,1.34851740823371,0,0.235206002784795,6.947416414068215,0.008394037333464888,-14.05681272376463
0.574361910849065,0.6972428614331148,0.8237616225550449,0.6102542059422118,0.04867495023546553,0.8253852106974058,-42.70125987791231
0.1290859781534497,0.2546382516781383,0.5069386759559357,0.1713126096825324,0.226030469224483,0.634482925764664,-22.88635677973268
0.1354383906842905,0,inf,0.1058673573158651,0.49241424060817,0.4828523391018287,-12.09412176149466
0.1291008810433492,1.046048520915924,0.1234176794498098,0.4319353864062472,4.631818812446014,0.03138427658003151,-33.12199652204974
0.1430609425417124,1.710064292791652,0.08365822451515421,0.4575170636592256,5.54834752391487,0.0184981429032115,-27.98517620198457
0.2300941870124621,2.754457994685987,0.08353519547452501,0.5903137109651729,8.392090457802396,0.003768572475295717,-38.78476713477353
0.2286737061582579,1.878200083550461,0.1217515152730607,0.6139251741909424,7.180925974030657,0.007368266979397187,-44.10883534246932
0,2.310887160079274,0,0.4571926518400936,12.86048587985614,0.000335593447139515,-22.06109863022966
0.2940212614006642,0,inf,0.2419193834314158,0.7797859632689921,0.3772066078660729,-20.52022369351014
0.1288638830791524,1.038931149881576,0.1240350557338098,0.4304708345136976,4.609273188398745,0.03179950825930733,-36.28982031251637
0.2592478248649186,0.8771020667297856,0.2955731547087857,0.4490877011598735,1.81195403985889,0.1782740021694653,-36.73971300829977
0.3888066166864869,1.342647523448448,0.2895820458431848,0.6989932703796599,2.975695181130718,0.08452380667550108,-54.50925544350116
0.917206644180654,0.783822277837076,1.17017169595083,0.8838782897409458,0.03896277915949042,0.8435224198269635,-53.6885118998851
0,0,0,0,0,1,0
0.2287487115719094,0.6902469539951706,0.3314012618931599,0.3437044336727791,1.157763689676962,0.2819298148207415,-29.57229981120373
3.174876389448734,2.140627597065647,1.48315213435575,3.088798212162424,0.1523288368215674,0.6963196990783266,-98.48999809265121
0.3882472934296099,0.599888347799221,0.6471992577518008,0.4519922930398458,0.2178651587479123,0.6406713968784969,-36.80362837004316
0.1057232362531412,1.06726040359861,0.0990603941612202,0.3259950882473507,4.844820962215167,0.02772927083507259,-30.88993420686417
0.2943077536954575,0,inf,0.2421145382269935,0.7804802220807971,0.3769943110963887,-19.26576748149798
0.694294775879241,0.3499913875278419,1.983748173871878,0.6087616783414247,0.467110417737004,0.4943195236840711,-51.58064121931918
0.9039864538857589,0.3568883571208428,2.532967063365612,0.7589079482232415,0.9364862810643331,0.3331831215361821,-54.13172548453178
0.5766586950674539,3.014797699847847,0.1912760830010442,0.8991838692023145,5.110420291868962,0.02378255819756903,-62.08235123566918
0,1.040032096646141,0,0.3032885865384359,7.376486540825589,0.006608214456707118,-19.88329753932365
0.8644627281804427,1.283843773987869,0.673339502590142,0.9579924845851628,0.3049504079918393,0.580795475084074,-60.58531821448809
0.143010696290066,0.684528270909061,0.2089186120832471,0.2364940754382392,1.112219310935558,0.2916000280060939,-18.41800534928312
0.6399478094396202,0.358715446507343,1.783998474753499,0.5655526025999621,0.3176433905712912,0.5730273346379376,-45.66738939212982
0.834404894282335,1.687291522592332,0.4945232540494048,0.8844055952990116,0.366028929584985,0.5451768388996467,-57.38640645688743
0.4672529981529035,0.731301601119048,0.638933372274731,0.531224322045927,0.2509255409379421,0.616424128385644,-41.5422598862143
0.5779632635784511,1.442214297128514,0.4007471460581072,0.825593486911686,1.602223669865651,0.2055883688408447,-51.10091858283108
0.5995890791419626,1.864308092610382,0.3216148025739808,0.8442964892104916,1.965703467249696,0.1609046542169733,-46.55628505263287
0.1140100589939296,0.3467861600875755,0.3287618484115343,0.1716289573187347,0.5879574341441085,0.44321005500418,-17.20364553001941
1.351563287397177,1.76633557432225,0.7651792258760212,1.417819127890558,0.158974341825882,0.6901025758900516,-88.80531713461392
0.3472077940022487,0,inf,0.2597927328873363,1.737122624923963,0.1875038226042036,-24.63320310929586
0.7264459302025488,2.780465131263301,0.2612677720840502,1.079828146473618,3.49142680402349,0.06168739628531417,-52.92613491552841
0.1466116203016439,1.902235299818999,0.07707333594092923,0.4755818371708986,5.890744877442089,0.01522066097543751,-27.96465432399514
0.5971407566001622,2.892092399755799,0.2064736094360551,0.9905060541395134,4.472506141430102,0.03444443470314407,-51.42303292482635
0.1144368261014449,1.36363956896485,0.0839201418805373,0.2937820751897312,4.218667327543315,0.03998155099342815,-21.49105651103147
1.247001198018885,1.162558181755007,1.072635518453281,1.220042622379945,0.01323428808498761,0.9084131191475353,-77.43916124145956
0.2935507921232676,1.33091956716537,0.2205623836070577,0.4805934995245047,2.074852048894108,0.1497444597983043,-29.44791954481084
0.5776003871126376,0.6761564232245153,0.8542407751717054,0.594896351721945,0.01902926773330194,0.8902826115677328,-35.10853255969308
1.475658538628435,0,inf,1.256728246153317,4.161187080232054,0.04136040713747646,-72.05813806175803
1.017311745998342,1.076768667517259,0.9447820842929904,1.032830264540981,0.006855639519955048,0.9340115317776791,-68.11059306151073
0.6478937439271681,0.8072737124658326,0.8025700997350262,0.6865311164481653,0.06607096907980292,0.7971457811409467,-44.85841089914874
0.8675170081086546,1.096926126966987,0.7908618336107544,0.9254475518730916,0.1101754078481036,0.7399445248233749,-60.77197210446871
0.7901930062404046,0.5553633433622578,1.422839688079611,0.737751574245308,0.1132180072594053,0.7365098083917239,-43.96370207867645
0.5920298532902027,0,inf,0.4112101526348063,2.9080512065592,0.08813831733731425,-31.29438354361628
0.3865530276748347,0,inf,0.2931531165411779,1.657186959720008,0.1979835633625584,-24.97507415666922
1.019276441818116,1.52755996720122,0.6672578908215456,1.183044443009777,0.4559279649808161,0.4995332186858789,-73.09432793256319
0.1464336745449429,1.520355935857009,0.09631538976588387,0.5287807301363848,5.851101907347299,0.01556730073737322,-31.37233667762973
0.3884962331433394,1.479593897056185,0.2625695022913351,0.671349934789284,3.015021900827904,0.082496340751399,-46.7086814173116
0.1289066266859932,0.3641545687952235,0.3539887666725439,0.1903756684657378,0.5150494258821965,0.4729611302198274,-18.87388266218312
0.8751100536548321,1.169814945925505,0.7480756308532921,0.946482302794223,0.166943892546513,0.6828422731265789,-57.43517065397611
0.4327793890607611,1.351784432190473,0.3201541449619095,0.5940289095358807,1.365193699745305,0.2426393922602517,-36.43624714332376
0.2290284130682843,1.429438337143696,0.1602226602694377,0.5206663662101843,4.771457795317062,0.02893531454344545,-41.07793945600149
0.2951420348217137,0.6768284963558294,0.4360662064478865,0.3633228432406344,0.4076367958604479,0.5231714180377613,-24.76862231130875
0.8671663525150104,0.8779985656408195,0.9876626072641668,0.870767603430894,0.0003042805197850385,0.986082696054528,-55.01488899817604
0.3194843939710628,0.3493362258343206,0.9145469903902392,0.3264559493102702,0.005872863572307097,0.9389142244731175,-36.27180947870821
0.4750755260021854,0.5912820846918468,0.803466802566454,0.4944762224707977,0.03636211537423151,0.8487696257487254,-37.83358637928951
0.5162578430405129,2.202833121945304,0.2343608500786523,0.8985262177840515,4.471842301582058,0.03445781894379851,-53.34244944458882
0.9390436467664546,0.4391838649844364,2.138156070008929,0.8222646436927503,0.6033084377758939,0.4373184842119624,-55.07065553454784
0.5109418041505162,1.28687541798525,0.3970406124863693,0.6883873503711624,1.33841755350177,0.2473132287767955,-49.17955781789229
0.8885464542608807,1.958036098495828,0.4537947257169906,1.360764780519622,1.638374050172985,0.2005487010193725,-65.21335389043648
0.4596872147636774,1.936956377646048,0.2373245056361713,0.7141668687103135,2.325639445405088,0.127257916417057,-42.19353420704383
1.128848568491582,0.6510739665523989,1.733825381575492,0.8861504539656119,0.5804690895430866,0.4461285115803059,-53.11143346637726
0.4910321761278569,0.8356625970950672,0.5875962114791119,0.5691300782556391,0.3484440365514274,0.5549952475141047,-44.86068430986972
0.7791806584836056,1.480314565753275,0.5263615426813764,0.960794815939001,0.9180169610676643,0.3379961928468063,-61.29683242005177
1.829359318463438,0.6203460305906251,2.948933705147954,1.431165055211983,2.512381107575436,0.1129551461887741,-75.60329022870125
0.4920606012565339,2.069543223190773e-13,2377629013700.358,0.4903469024584122,0.03470768455115092,0.8522095189431161,-33.77713713882892
1.222916348416068,1.170765980610307,1.044543801809629,1.213939085937832,0.003097280932166768,0.9556180664844857,-67.07099887456486
1.037309760516881,1.85642585302424,0.5587671378455731,1.194827878925947,0.6389319300427019,0.4240978256160005,-60.00301902733501
0.8902655088992284,0.6917531135847991,1.2869700062291,0.8417815743762153,0.1061198927910993,0.7446055786045684,-68.04956001272907
0.5042066912968525,0.3510871950064586,1.436129538383128,0.4638051024395166,0.1116182969774542,0.7383091965374592,-36.52243257774575
2.193118554282499,0.3400247066305622,6.449879998471195,1.665217462045688,5.553335618543343,0.01844550294140901,-90.61396849807836
0.9116283660325274,0.3543194785441555,2.572899378205987,0.7621846991802274,0.9701198965494626,0.3246502789235401,-54.77939497821729
1.121003228993658,0.3565873402463838,3.143698899178815,0.8853791471314743,1.488185405735194,0.2224982180108062,-57.30044704449184
0.09776636928344438,1.000001039753843e-06,97766.26763059187,0.09763190968938645,0.002749348659374817,0.9581826986322712,-10.83224862887535
0.4344020458928618,0.695715882836326,0.6243957578226788,0.5112867998717762,0.2544554010586921,0.6139552184843006,-36.00514041686177
0.4327976716270528,1.466962643390614,0.2950297838714697,0.7251368160031578,2.526004429096062,0.1119834544380646,-44.23144783351869
1.539744327451429,1.362498412270743,1.130088896680097,1.470714247246379,0.03760476940388457,0.8462389209527338,-68.58358862086781
0.3904514794728768,0.9994062829399546,0.3906834348932501,0.5992439732208855,1.519354555662034,0.2177171944108055,-50.64013392565427
1.348987447675342,0.6848613575278273,1.969723408756538,1.230469509013109,0.4870294627743448,0.4852553938921489,-60.49373174957953