ObservedSChanges	ObservedNSChanges	E[SSites]	E[NSSites]	ObservedS.Prop.	P{S}	dS	dN	dN-dS	P{Sleq.observed}	P{Sgeq.observed}	ScaleddN-dS
7	0	0.6716024025499776	2.204163105129775	1	0.2335386528409422	10.42283347025265	0	-10.42283347025265	1	3.788884745892229e-05	-1.504914450789367
11	1	0.9942821592027341	2.002858920398633	0.9166666666666666	0.3317435291818088	11.06325794764371	0.4992862901202088	-10.5639716575235	0.9999982232369018	4.472560762303068e-05	-1.525292872663642
9	5	0.6776556932223823	2.319540920016955	0.6428571428571429	0.2260965097281287	13.28108077599596	2.155598962213372	-11.12548181378259	0.9998603174161221	0.000997792307344203	-1.606367251414012
5	1	0.9995973590158984	2.000402640984102	0.8333333333333334	0.333199119671966	5.00201401584583	0.4998993600148657	-4.502114655830964	0.9986315684710746	0.01779953163005099	-0.6500437164239161
16	0	1	2	1	0.3333333333333333	16	0	-16	1.000000000000001	2.323057235464887e-08	-2.310180938931014
2	0	1	2	1	0.3333333333333333	2	0	-2	1	0.1111111111111109	-0.2887726173663767
11	13	0.694938338304907	2.265579169835772	0.4583333333333333	0.2347354259496866	15.82874248502564	5.738047106489925	-10.09069537853571	0.9958231925503425	0.01336405821204489	-1.45695825775328
7	0	0.6716024025499775	2.204163105129774	1	0.2335386528409422	10.42283347025265	0	-10.42283347025265	1	3.788884745892229e-05	-1.504914450789367
7	0	1	2	1	0.3333333333333333	6.999999999999998	0	-6.999999999999998	1	0.0004572473708274183	-1.010704160782318
3	1	0.9992996016225139	2.000350199188743	0.75	0.3331387555148113	3.0021026678376	0.4999124655300644	-2.502190202307536	0.9876831221006084	0.1109382287712533	-0.3612820069344255
13	7	0.8144391632829335	2.120684072701134	0.65	0.2774803978579366	15.96190432149423	3.300821697163047	-12.66108262433118	0.9998961659775243	0.0005644947760381491	-1.828086984060035
14	1	0.9994042696756515	2.000297865162175	0.9333333333333333	0.333167836255743	14.00834519602721	0.4999255447982616	-13.50841965122895	0.9999999308255006	2.145955753318773e-06	-1.950430849584392
8	7	0.9080608043506947	2.067368483313156	0.5333333333333333	0.3051864845572101	8.809982725463378	3.38594694487256	-5.424035780590818	0.9828676706571606	0.05498955014297824	-0.7831565045250445
11	8	0.6971260514137068	2.299594316774806	0.5789473684210527	0.2326296636863426	15.7790689039565	3.47887448740091	-12.30019441655559	0.9997646547506804	0.001216583470785237	-1.775979667892026
9	14	0.6950040332688536	2.116426674145776	0.391304347826087	0.2472065313350632	12.94956513801764	6.614923243514035	-6.334641894503607	0.962042719636223	0.09084128145363468	-0.9146355599772551
5	3	0.6716024025499775	2.204890873794374	0.625	0.2334795662736596	7.444881050180466	1.360611554819187	-6.084269495361278	0.9970942303855697	0.02040438261270816	-0.8784852134689404
1	5	0.6724159076964773	2.326984693843926	0.1666666666666667	0.2241834276325558	1.487174810342814	2.148703432913666	0.6615286225708517	0.5960997826948862	0.7819508919618005	0.09551567590127942
11	0	1	2	1	0.3333333333333333	11	0	-11	1	5.645029269252255e-06	-1.588249395515072
10	1	0.6716024025499775	2.204436805806582	0.9090909090909091	0.2335164279397109	14.88976210036093	0.4536306041370552	-14.43613149622388	0.9999998874120721	4.177675663741276e-06	-2.084379738404879
8	1	0.6716024025499774	2.207578502212832	0.8888888888888888	0.2332616201500214	11.91180968028875	0.4529850236345481	-11.4588246566542	0.9999979554883492	6.252788627325589e-05	-1.654497394022203
7	0	0.6716024025499776	2.204163105129775	1	0.2335386528409422	10.42283347025265	0	-10.42283347025265	0.9999999999999998	3.788884745958843e-05	-1.504914450789367
20	0	1	2.000000000000001	1	0.3333333333333333	19.99999999999999	0	-19.99999999999999	1.000000000000001	2.867959203456394e-10	-2.887726173663767
6	19	0.9202775502597975	1.901717829383557	0.24	0.3261088082915652	6.519772212531078	9.990966959677115	3.471194747146037	0.2448331804623864	0.8730901006000518	0.5011929962608898
10	1	0.9995569411082876	2.000221529445857	0.9090909090909091	0.3332102523302798	10.00443255279905	0.4999446237722682	-9.504487929026785	0.9999943778567106	0.0001293778268894874	-1.372317927996099
6	11	0.6702083913586273	2.314774793944551	0.3529411764705883	0.2245266890140139	8.952439386557025	4.752082158824258	-4.200357227732766	0.9341732814537949	0.162526066172042	-0.6064740752630846
8	3	0.6716024025499774	2.230130805106897	0.7272727272727273	0.2314487082333426	11.91180968028875	1.345212573688565	-10.56659710660018	0.9999342529605642	0.0006825416987967792	-1.525671951564459
5	1	1	2	0.8333333333333334	0.3333333333333333	4.999999999999999	0.4999999999999999	-4.499999999999999	0.9986282578875173	0.01783264746227697	-0.6497383890743477
13	5	0.9982189306744642	2.000635937630318	0.7222222222222222	0.3328667022951817	13.02319521351526	2.499205330642176	-10.52398988287308	0.9998575583550454	0.0008398018180837408	-1.519520051807264
10	0	0.9999999999999999	2	1	0.3333333333333334	10	0	-10	1	1.693508780831188e-05	-1.443863086831884
7	1	0.9887780799116535	2.005574906180775	0.875	0.3302142681588083	7.079444965674648	0.4986101476031651	-6.580834818071483	0.9998586269338067	0.002435390538685578	-0.950182447435143
3	11	0.6758122109720799	2.314142654287126	0.2142857142857143	0.2260275627650628	4.439102980523002	4.753380254938762	0.3142772744157591	0.6066021994453294	0.6443355698801719	0.0453773355559049
6	11	0.843583688586325	2.103430077077634	0.3529411764705883	0.2862503387038867	7.112513057305295	5.229553442196028	-1.882959615109266	0.8121843870854474	0.3545639159311068	-0.2718735882251441
8	8	0.6924484068525752	2.304561440024718	0.5	0.2310464236792767	11.55320731599752	3.471376315275932	-8.081831000721589	0.9957364589493848	0.01703891203174179	-1.166905745595549
10	7	0.696033715463356	2.303342301513308	0.5882352941176471	0.2320595055517413	14.36712012340222	3.039061973290276	-11.32805815011195	0.9996878074239811	0.001699464365761072	-1.635616500843172
3	9	0.9734717570913115	2.013645169832782	0.25	0.3258900742441707	3.081753505580748	4.469506412963206	1.387752907382457	0.4146029959931858	0.8042802784276276	0.2003725196613157
8	13	0.7221115536121263	2.119988428780315	0.3809523809523809	0.2540767594686316	11.07862069230526	6.132108941499856	-4.946511750805402	0.9384690182058467	0.1397453257500418	-0.7142085725568074
6	26	0.6854784874267787	2.122953662239422	0.1875	0.2440787068714664	8.7530099194264	12.247087848622	3.494077929195601	0.3042030684389975	0.8284724025800119	0.5044970144479517
15	3	0.9991990520735041	2.000800947926498	0.8333333333333334	0.3330663506911678	15.01202384937466	1.499399529527916	-13.51262431984675	0.999998344948301	1.832366331844248e-05	-1.951037946165351
20	8	0.9826961066511368	2.017303893348864	0.7142857142857143	0.3275653688837122	20.35217181042534	3.965689069642079	-16.38648274078326	0.9999942601786223	3.202166772275916e-05	-2.365983755242471
8	8	0.6831911614531163	2.306789464932312	0.5	0.2284935077586179	11.70975336241816	3.468023467947797	-8.241729894470367	0.9960648967033303	0.015938002137458	-1.18999295662646
11	26	0.8888369636750493	2.082846963394938	0.2972972972972973	0.2991021203763828	12.37572293856751	12.48291423082821	0.1071912922607083	0.5709962086234032	0.5712366498164537	0.0154769550125045
6	5	0.9170184036659506	2.082981596334049	0.5454545454545454	0.3056728012219835	6.54294393221978	2.40040526944634	-4.14253866277344	0.9759926566810762	0.08482135423093229	-0.5981258660952483
10	1	0.6694375938389832	2.202857989921176	0.9090909090909091	0.2330670971413791	14.93791219978192	0.4539557268672515	-14.48395647291467	0.9999998897723273	4.100106679172377e-06	-2.091285010252122
13	3	0.6716024025499775	2.204516238608297	0.8125	0.2335099786702501	19.35669073046921	1.360842776959488	-17.99584795350972	0.9999998947831684	1.652886663316977e-06	-2.598354057631179
8	18	0.9633488967708659	2.032135183630843	0.3076923076923077	0.3216004061158877	8.304364106105178	8.857678438419221	0.5533143323140433	0.5331678490760869	0.6324208209017639	0.07989101398432773
6	7	0.693131663645652	2.306801707332498	0.4615384615384616	0.2310490194052715	8.656364028216384	3.034504429986116	-5.621859598230268	0.9841905188970648	0.05730800481874188	-0.8117195553236209
5.5	6.5	0.6725777151075986	2.206791836574184	0.4583333333333333	0.2335850619503701	8.177493658290645	2.945452258918348	-5.232041399372297	0.9751064614883121	0.0828752351592742	-0.7554351445329894
6	10	0.9868525027963297	2.013147497203671	0.375	0.3289508342654431	6.079935940779898	4.967345916725095	-1.112590024054803	0.7498283690413508	0.4380398962177693	-0.1606427666510128
10	3	0.9913478793140786	2.007811515084025	0.7692307692307693	0.330541911565534	10.08727633221859	1.494164157074501	-8.593112175144093	0.999804732651389	0.001531252268076044	-1.240727747069619
9	18	0.663716621097648	2.186464197606075	0.3333333333333333	0.232868250583312	13.56000394432776	8.232469582492095	-5.327534361835665	0.923492463953777	0.1564045401748638	-0.7692230208882974
10	19	0.8009386682925006	2.137342629128052	0.3448275862068966	0.2725874711164059	12.48535049670998	8.88954337084982	-3.595807125860157	0.8597360085411746	0.2475578429626688	-0.519185317639653
10	13	0.6856721647633839	2.309783303263022	0.4347826086956522	0.2289041423190136	14.58422918983573	5.628233601669452	-8.955995588166282	0.992489470442907	0.02290612212319743	-1.29312314355825
5	0	0.6716024025499773	2.204163105129775	1	0.2335386528409421	7.444881050180467	0	-7.444881050180467	1	0.0006946944885226625	-1.074938893420977
7	11	0.7170675082328722	2.091362084183974	0.3888888888888889	0.2553268595976396	9.761981849171592	5.25973005018501	-4.502251798986582	0.9363898202671211	0.1515231344112311	-0.6500635180179168
6	18	0.6315613380957061	2.313017452947017	0.25	0.2144827436837104	9.500264880195637	7.782042447222431	-1.718222432973206	0.7574923541851558	0.4124061027857125	-0.2480877945936482
0	16	0.1137458618691167	2.879920244740859	0	0.0379955071201719	0	5.555709408695694	5.555709408695694	0.538063590642281	0.461936409357719	0.8021683736380306
8	14	0.7418893261275663	2.257114039712193	0.3636363636363636	0.2473786240382654	10.78327955162468	6.202610835642649	-4.580668715982031	0.9295841971386803	0.1543244578151983	-0.6613858472012057
5	22	0.7416059588978051	2.250585789626816	0.1851851851851852	0.2478470703835987	6.742124898013408	9.775232786681711	3.033107888668303	0.3079052439814134	0.8355410169834616	0.4379392518826754
11	10	0.6795639708864352	2.311837881623473	0.5238095238095238	0.2271724109270887	16.18684990855446	4.325562825788444	-11.86128708276602	0.9993212580286059	0.00290801260000817	-1.712607458112169
14	17	0.7717868315506559	2.228213168449345	0.4516129032258064	0.2572622771835518	18.1397238559662	7.629431618443676	-10.51029223752252	0.9945062613806562	0.01489126655786843	-1.517542299357446
13	8	0.9584889491134774	2.01768334741374	0.6190476190476191	0.3220542541276598	13.56301500609258	3.964943265381247	-9.598071740711333	0.9987475390153808	0.004893120918672555	-1.385830149117734
9	26	0.6993834169209857	2.149492052457021	0.2571428571428571	0.2454945554618018	12.8684778366954	12.09588096419345	-0.7725968725019428	0.6499105279263191	0.5009060910648748	-0.1115524105207314
13	15	0.6846333368792673	2.148958378126528	0.4642857142857143	0.2416132618025625	18.98826612688378	6.980125884558578	-12.0081402423252	0.9973068328190549	0.008346334416620471	-1.733811043739383
8	21	0.6791941471094313	2.27131677658282	0.2758620689655172	0.2301954355279905	11.77866451595179	9.245738074278812	-2.532926441672981	0.7936442879894727	0.3454912807209031	-0.3657198990792049
9	10	0.6824629532539507	2.305290790759566	0.4736842105263158	0.2284200813475286	13.18752901837152	4.337847546211348	-8.849681472160171	0.9955037348897525	0.01619088883097708	-1.277772840787212
8	7	0.6740315877387146	2.201090354214979	0.5333333333333333	0.2344358261481942	11.86887995388899	3.18024200442083	-8.688637949468163	0.9973875201966217	0.01166170940467004	-1.254520361008375
4	8	0.6769409183798984	2.188300111141726	0.3333333333333333	0.236259676378053	5.908935169073654	3.655805691032968	-2.253129478040686	0.8694020887754565	0.3091353848581777	-0.3253210483195736
10	14	0.7127807766025713	2.13435286560011	0.4166666666666667	0.2503503053165884	14.02955905694374	6.559365241634336	-7.470193815309409	0.9784429673063514	0.05513332192820242	-1.078593710140509
6	11	0.6830809492683898	2.315270993766234	0.3529411764705883	0.2278188025442555	8.783732010717424	4.751063711166865	-4.032668299550559	0.9295543698306461	0.171145552532793	-0.5822620899158154
2	27	0.5700961172609627	2.42198763352404	0.06896551724137931	0.190534812774339	3.50818035668974	11.14786864568522	7.639688288995481	0.06599130571378248	0.982966895564491	1.103066391538241
7	7	0.6720348236980922	2.19113282739794	0.5	0.2347172452304128	10.41612689277053	3.194694503442216	-7.221432389328314	0.9931114087790769	0.02759552349273398	-1.042675966100333
8	20	0.6933656393714497	2.299467519490366	0.2857142857142857	0.2316753399094051	11.53792392604307	8.697665798920537	-2.840258127122532	0.8187030620736344	0.3138621597728676	-0.4100943866826484
13	20	0.6903930199629775	2.15510911723715	0.3939393939393939	0.2426260767606731	18.82985433528446	9.280272557911129	-9.549581777373326	0.9834885522103873	0.03883045641914729	-1.378828862303176
15	19	1.062950915994361	1.877503864224035	0.4411764705882353	0.3614920124414947	14.11165819069634	10.11981938468746	-3.991838806008882	0.8732479943433136	0.213490386488725	-0.5763668700579286
9	21	0.7315851238467127	2.092822368599241	0.3	0.2590225120855899	12.30205441121811	10.03429641955501	-2.267757991663101	0.7692767941334889	0.3692379535645023	-0.3274332054030359
6.5	15.5	0.8236645905097782	2.158816382065583	0.2954545454545455	0.2761675927134405	7.891561777564158	7.179860283054459	-0.7117014945096996	0.6753539543078418	0.5005816401568876	-0.102759951676564
4	17	0.3087781786839019	2.687094619744446	0.1904761904761905	0.1030678534969471	12.95428328857015	6.326535684707959	-6.627747603862195	0.9418658581891697	0.1644186835397838	-0.9569560114055091
11	32	0.7550715128769456	2.200633811214458	0.2558139534883721	0.2554623787163417	14.56815654200515	14.5412652650012	-0.02689127700394955	0.5822269467080069	0.5560622941729642	-0.003882732222377386
1	20	0.2863427563244869	2.707991603355686	0.04761904761904762	0.09562818373933077	3.492318132423048	7.385547272456983	3.893229140033935	0.3901358144444583	0.8788600441075954	0.5621289843873238
4	8	0.6736168462717971	2.204513024589002	0.3333333333333333	0.2340467166168321	5.938093772651944	3.628919362584159	-2.309174410067784	0.8735049936002104	0.3024629942325436	-0.3334131691753666
5	20	0.6201554045656373	1.828958380442424	0.2	0.2532162484086447	8.062495244239702	10.93518595822941	2.872690713989707	0.3642897432781211	0.7966616971383138	0.4147772081814466
5	17	0.6929243478346381	2.281693425238942	0.2272727272727273	0.2329456759476902	7.215794935803321	7.45060655912603	0.2348116233227096	0.5919741144448535	0.6070172270938112	0.0339035835274733
9	23	0.747107047278831	2.044589344027651	0.28125	0.2676175853525367	12.04646647730131	11.2492027150509	-0.7972637622504042	0.6553699435563898	0.4975689685860736	-0.115113971678207
4	18	0.7156335703617474	2.204018847277858	0.1818181818181818	0.2451091664330036	5.589452711082336	8.166899308611384	2.577446597529049	0.3426990875526156	0.8246283947388915	0.3721480000452628
4	15	0.9553098972755573	2.043112269257323	0.2105263157894737	0.3186042005486493	4.187122954977831	7.341740454357186	3.154617499379355	0.2265636285708587	0.9000211649095332	0.4554835760427754
8	22	0.719945594186587	2.130034669951689	0.2666666666666667	0.2526142385074624	11.11195077044482	10.32847038142294	-0.7834803890218822	0.6613208454111759	0.4990116680930304	-0.113123841296538
16	26	0.7070805134462826	2.269493371798076	0.3809523809523809	0.2375484502338283	22.62825759688473	11.45630135918868	-11.17195623769605	0.9880476465495758	0.02677730752941987	-1.613077521931054
3	4	0.6739334349999353	2.210561611878473	0.4285714285714285	0.2336400042458953	4.451478208675443	1.809494916814788	-2.641983291860655	0.9435614781023584	0.2104102436212596	-0.3814662151144188
7	11	0.6713088025570352	2.302506831741827	0.3888888888888889	0.2257398860959684	10.42739194441782	4.777401677318192	-5.649990267099627	0.9673200106508678	0.08966604987304394	-0.8157812387624567
6	30	0.8140482987235425	2.185951701276458	0.1666666666666667	0.2713494329078475	7.370570037930452	13.72399947468277	6.353429436752314	0.1067478395236704	0.9516363565677196	0.9173482238517753
6	15	0.6687544752562676	2.197820717675706	0.2857142857142857	0.23329388913474	8.971902577101696	6.824942489332422	-2.146960087769274	0.7999064614058178	0.3627854095052983	-0.3099916419631397
8	20	0.9382178129169527	2.046910074824795	0.2857142857142857	0.3142973595100194	8.526804639455431	9.770824935585848	1.244020296130417	0.461559813647208	0.6947326288084305	0.1796194984852378
3	12	1.541086380182386	1.453543263965625	0.2	0.5146166849693474	1.946678679779749	8.255688218912063	6.309009539132314	0.01324296407037405	0.9973613139798562	0.9109345988023384
8.5	20.5	0.7170903361971349	2.27014096713095	0.293103448275862	0.2400518283931418	11.85345774575223	9.03027622373086	-2.82318152202137	0.8093932275402649	0.3195387639188149	-0.4076287587072512
13	22	0.7615252739244739	2.221147749272237	0.3714285714285714	0.2553163782962375	17.07100269043639	9.904789092579877	-7.16621359785651	0.9571508102550962	0.08696438107858862	-1.034703128629772
5	15	0.7137877335731297	2.165162047904707	0.25	0.2479333742343796	7.004883615708331	6.927887921606587	-0.07699569410174423	0.6255233736364519	0.5767615252357828	-0.01111712405585079
10	17	0.639355229313232	2.193501178414771	0.3703703703703703	0.2256927769332316	15.64075734664996	7.750166796028706	-7.890590550621249	0.9735567750538037	0.06384171981526832	-1.139293242934649
16	28	1.093885166228027	1.771425069066884	0.3636363636363636	0.3817684915069726	14.62676384503116	15.80648286452742	1.179719019496261	0.4681328444758646	0.6523352473644369	0.1703352745084155
4	38	0.6460999043728562	2.338869818380968	0.09523809523809523	0.2164510746785023	6.190993022793654	16.24716335272764	10.05617032993398	0.03455389148556182	0.9886146141352411	1.451973313428568
8	18	0.9768074921708588	2.023192507829141	0.3076923076923077	0.3256024973902863	8.189945372164155	8.896830099135631	0.7068847269714755	0.5155961748982063	0.6487450282113213	0.1020644763919348