Codon,alpha,beta,beta-alpha,Prob[alpha<beta],Prob[alpha>beta],BayesFactor,PSRF,Neff
1,0.527326,0.0245595,-0.502767,0.000295957,0.998804,0.000637196,0.998429,726.43
2,0.634941,0.0258358,-0.609105,4.76378e-05,0.999808,0.000102539,1.00153,383.665
3,0.997288,0.124105,-0.873183,7.49785e-06,0.999974,1.61382e-05,0.9989,639.55
4,0.886509,0.290121,-0.596388,0.00546529,0.987883,0.0118279,1.00075,435.336
5,0.581504,0.0250533,-0.556451,0.000118065,0.999523,0.000254149,0.999056,615.196
6,0.523323,0.0245295,-0.498794,0.000308872,0.998751,0.00066501,0.998449,722.298
7,0.566251,0.0251608,-0.54109,0.000466988,0.998092,0.0010056,0.998451,722.01
8,0.560621,0.110166,-0.450455,0.00425678,0.987308,0.00920131,0.998141,792.484
9,0.610217,0.0255888,-0.584628,0.000121989,0.999507,0.000262597,0.998387,735.393
10,0.288472,0.0245546,-0.263918,0.0111534,0.953197,0.024277,1.00037,466.178
11,0.313499,0.0244091,-0.28909,0.00675121,0.971808,0.0146298,1.00039,464.344
12,2.80913,0.125594,-2.68353,7.99395e-12,1,1.72059e-11,1.00346,297.25
13,0.962785,0.644077,-0.318708,0.0903246,0.84485,0.213715,0.99915,601.383
14,0.716307,0.385827,-0.330479,0.0906536,0.858067,0.214571,1.00129,398.641
15,1.0158,0.200848,-0.814951,0.000129894,0.999621,0.000279616,1.00025,476.352
16,0.453556,0.379289,-0.0742666,0.362934,0.532997,1.22619,1.0081,193.449
17,0.386777,0.141675,-0.245102,0.0746963,0.849362,0.173752,0.998026,822.303
18,2.66187,0.237235,-2.42463,1.42036e-07,0.999999,3.05713e-07,1.00174,372.187
19,0.669647,0.14612,-0.523527,0.00313596,0.99172,0.00677096,0.996257,1962.53
20,0.609357,0.0255739,-0.583783,0.000123104,0.999502,0.000264996,0.998385,735.966
21,0.853628,0.15218,-0.701448,0.000657938,0.998196,0.00141705,0.99927,584.543
22,0.715472,0.226179,-0.489292,0.0153131,0.967109,0.0334718,0.999655,536.726
23,0.734727,0.0283127,-0.706414,8.96569e-06,0.999964,1.92976e-05,1.00522,246.754
24,0.712646,0.207014,-0.505631,0.0123535,0.972999,0.0269217,0.998758,663.509
25,0.491165,0.109353,-0.381812,0.0163322,0.955021,0.0357365,1.00051,454.004
26,0.965155,0.351351,-0.613804,0.00429858,0.99004,0.00929205,0.999409,566.368
27,2.71495,0.857242,-1.85771,0.000766472,0.992312,0.00165099,1.01776,112.972
28,0.865763,0.196928,-0.668835,0.00195137,0.995316,0.00420828,1.00111,410.118
29,1.0441,0.497533,-0.546572,0.00987042,0.977489,0.0214565,1.00212,352.434
30,0.394982,0.108435,-0.286547,0.0235621,0.934683,0.051938,0.999164,599.338
31,0.438457,0.108578,-0.329879,0.0165245,0.953628,0.0361643,0.999107,607.585
32,0.686222,0.105484,-0.580737,0.000568026,0.997933,0.00122329,0.998313,751.763
33,0.929695,1.14388,0.214183,0.618232,0.120197,3.48552,1.05654,44.2001
34,1.01453,0.470005,-0.544525,0.0131962,0.972437,0.0287829,1.00124,401.562
35,0.886751,0.377853,-0.508899,0.0157167,0.968598,0.0343683,0.99793,849.165
36,0.9557,0.661738,-0.293963,0.111199,0.816304,0.269286,0.999019,620.717
37,1.92055,0.196101,-1.72445,6.64161e-07,0.999997,1.42952e-06,1.00309,310.909
38,0.787281,0.150359,-0.636922,0.000569412,0.998375,0.00122628,0.997656,935.975
39,1.68162,0.927461,-0.75416,0.057122,0.791125,0.130396,1.01237,146.884
40,0.798925,0.29734,-0.501585,0.0210797,0.960747,0.0463483,1.00047,457.861
41,0.85276,0.152344,-0.700416,0.000668553,0.99817,0.00143993,0.999259,586.021
42,0.438616,0.108586,-0.33003,0.0165081,0.953677,0.0361279,0.999106,607.69
43,0.885629,0.247642,-0.637987,0.00352979,0.992114,0.00762431,0.999968,503.202
44,0.694332,0.995934,0.301601,0.729191,0.174933,5.79554,1.03565,64.9556
45,0.714136,0.114425,-0.599712,0.000814996,0.997447,0.0017556,0.99742,1026.33
46,2.70639,0.738546,-1.96784,0.000176375,0.998724,0.000379691,1.00605,228.634
47,1.46907,0.807406,-0.661665,0.0358142,0.894741,0.0799485,1.00185,366.354
48,0.343288,0.73615,0.392862,0.918959,0.0492604,24.4065,1.00495,253.528
49,0.79707,0.300946,-0.496124,0.0200506,0.961617,0.0440391,1.00206,355.548
50,1.1947,0.209801,-0.984903,4.28084e-05,0.999861,9.21431e-05,1.00591,231.513
51,0.799448,0.34177,-0.457678,0.0309571,0.944192,0.0687595,1.00075,435.47
52,0.895564,0.699022,-0.196542,0.200045,0.701794,0.538244,1.00026,475.554
53,1.20129,0.138474,-1.06282,3.24431e-06,0.999987,6.98295e-06,1.00202,357.517
54,2.71967,2.8148,0.0951271,0.0588209,6.39562e-06,0.134516,0.998375,737.994
55,1.86845,0.633597,-1.23485,0.00399365,0.988755,0.00863026,0.999374,570.877
56,0.839774,0.801009,-0.0387655,0.384031,0.484716,1.34191,1.01007,168.68
57,0.68755,0.385298,-0.302251,0.109499,0.833131,0.264661,1.0011,410.574
58,0.993782,0.812314,-0.181468,0.216532,0.65869,0.594864,1.00974,172.419
59,0.621465,0.41896,-0.202505,0.157559,0.765061,0.402549,0.996263,1953.24
60,0.722187,0.451005,-0.271181,0.127305,0.808384,0.313976,0.997601,955.642
61,1.23718,0.413509,-0.823674,0.00108042,0.996874,0.00232798,1.00197,360.099
62,0.899123,0.676671,-0.222452,0.181665,0.729678,0.47781,0.999036,618.18
63,0.907565,0.742668,-0.164897,0.240472,0.651469,0.681454,1.00252,334.203
64,0.796586,0.345924,-0.450661,0.0331744,0.940762,0.0738534,1.0005,455.341
65,2.81485,2.81481,-3.37284e-05,1.9539e-05,1.50424e-05,4.20558e-05,0.998866,645.141
66,1.44054,0.654566,-0.785979,0.0402143,0.927866,0.0901824,0.998036,819.78
67,0.441167,0.404676,-0.0364912,0.40289,0.486087,1.45227,1.0083,190.56
68,0.634702,1.04904,0.414338,0.88314,0.0540222,16.266,1.02909,76.7164
69,0.697074,0.615683,-0.0813914,0.33904,0.557636,1.10406,0.996355,1822.75
70,1.40211,0.930565,-0.471545,0.0951756,0.720703,0.2264,1.01676,118.005
71,1.03336,0.569635,-0.463727,0.0359135,0.932423,0.0801783,0.999309,579.38
72,0.620924,0.298343,-0.322582,0.0933258,0.852018,0.221547,1.00215,350.877
73,2.24722,0.90727,-1.33995,0.00611551,0.92045,0.0132438,1.01316,140.678
74,0.497405,0.521371,0.0239666,0.506903,0.401948,2.21263,1.00291,317.764
75,0.42635,0.680189,0.253838,0.794643,0.144912,8.32873,0.998144,791.805
76,0.846774,1.01032,0.163543,0.605295,0.22715,3.30073,1.04411,54.4175
77,1.1268,0.703348,-0.423448,0.0498451,0.897968,0.112913,1.00001,499.233
78,0.832919,0.676515,-0.156403,0.483192,0.453206,2.01236,0.997142,1158.5
79,1.18096,0.827694,-0.353264,0.108443,0.776935,0.2618,1.01009,168.439
80,2.41863,0.923014,-1.49561,0.00869863,0.932905,0.0188869,1.01458,130.718
81,0.907226,0.708921,-0.198305,0.206034,0.696677,0.558538,1.00032,470.201
82,0.958665,0.692435,-0.26623,0.131302,0.786256,0.325324,0.999672,534.705
83,0.696008,0.678657,-0.0173505,0.422945,0.463978,1.57755,0.998696,674.543
84,1.75533,0.950153,-0.805172,0.0502388,0.792267,0.113852,1.01361,137.306
85,0.863,1.05835,0.195351,0.648285,0.172752,3.96726,1.04615,52.4027
86,1.10134,0.955291,-0.146053,0.207442,0.565649,0.563355,1.02865,77.667
87,1.05171,1.10534,0.0536318,0.395322,0.26191,1.40716,1.04558,52.9512
88,0.998435,0.549629,-0.448806,0.0316714,0.938834,0.070398,1.00026,475.389
89,0.592258,0.487214,-0.105044,0.320572,0.587223,1.01554,1.00014,486.833
90,2.69547,2.81479,0.11932,0.0743848,7.90329e-06,0.17297,0.998562,699.579
91,1.37415,0.728662,-0.64549,0.0308506,0.920235,0.0685155,1.00019,481.533
92,2.68008,2.81439,0.13431,0.0824747,0.00013506,0.193472,0.998221,772.928
93,0.984612,1.14364,0.159032,0.534912,0.150113,2.4755,1.05277,46.8303
94,1.08071,3.00811,1.9274,0.965798,4.78582e-15,60.7786,0.997337,1062.46
95,1.35557,1.21528,-0.140288,0.24381,0.193546,0.693963,1.02654,82.615
96,1.71627,1.02981,-0.68646,0.0787291,0.668384,0.183935,1.02153,97.4825
97,2.00261,0.798197,-1.20442,0.0121654,0.952123,0.0265068,1.00051,454.533
98,0.608819,1.06776,0.458938,0.902298,0.0420457,19.8775,1.03233,70.389
99,0.483285,0.992369,0.509084,0.94678,0.0268082,38.2906,1.00551,240.089
100,0.983346,1.31478,0.331438,0.618605,0.0459715,3.49103,1.06264,40.5593