Codon,alpha,beta,beta-alpha,Prob[alpha<beta],Prob[alpha>beta],BayesFactor,PSRF,Neff
1,0.870941,0.0279166,-0.843024,2.77593e-05,0.999899,5.94772e-05,1.005,252.099
2,0.541362,0.0954961,-0.445865,0.00099152,0.995655,0.00212648,1.0081,193.472
3,1.10095,0.0178585,-1.08309,5.19027e-10,1,1.11204e-09,0.997776,895.907
4,0.888961,0.0953317,-0.793629,9.67943e-06,0.999955,2.07388e-05,1.01037,165.51
5,0.49187,0.0290044,-0.462866,0.00602627,0.976947,0.0129898,0.998355,742.434
6,0.72058,0.0165662,-0.704014,2.90646e-06,0.999983,6.22723e-06,1.00396,281.094
7,0.891673,0.0162418,-0.875431,2.88407e-07,0.999998,6.17926e-07,1.0006,446.639
8,1.15245,0.120574,-1.03187,4.1285e-05,0.999874,8.84587e-05,1.0155,125.015
9,0.949042,0.0163755,-0.932667,5.68637e-08,1,1.21833e-07,1.00099,418.486
10,0.780459,0.0163081,-0.764151,3.07087e-06,0.999982,6.5795e-06,1.00608,228.084
11,0.733516,0.352109,-0.381407,0.0513858,0.908995,0.11606,1.01022,167.02
12,0.586892,0.0170425,-0.569849,4.82339e-05,0.9997,0.000103348,1.02025,102.217
13,0.998615,0.377925,-0.62069,0.00290534,0.992867,0.00624297,0.996861,1331.38
14,1.00521,0.530871,-0.474342,0.052696,0.911854,0.119184,0.997656,935.973
15,2.69363,0.332102,-2.36153,3.42539e-06,0.999988,7.33907e-06,1.00048,456.718
16,2.6145,0.226212,-2.38829,2.58698e-06,0.999992,5.54274e-06,1.01368,136.866
17,0.898365,0.0281187,-0.870247,2.21054e-05,0.99992,4.73629e-05,1.0044,268.131
18,0.892068,0.554307,-0.337761,0.069974,0.878572,0.161202,0.998173,784.553
19,0.628748,0.115067,-0.513681,0.00339544,0.989009,0.00729966,1.01632,120.38
20,0.72376,0.154597,-0.569163,0.00918501,0.979816,0.0198617,1.01769,113.324
21,1.46191,0.216962,-1.24495,0.000241117,0.999385,0.000516728,0.998667,679.759
22,0.727429,0.115614,-0.611815,0.00317779,0.991418,0.00683025,1.01858,109.211
23,1.03466,0.58039,-0.454269,0.0683249,0.887365,0.157125,1.00054,451.991
24,0.32063,1.13694,0.816307,0.998874,0.000321276,1901.04,1.00008,492.439
25,0.89113,0.11665,-0.77448,0.000328328,0.999053,0.000703689,1.01691,117.231
26,1.04883,0.274412,-0.774421,0.00356363,0.992428,0.00766254,1.00803,194.423
27,0.608504,0.416054,-0.192451,0.196906,0.715163,0.525319,1.00666,216.853
28,1.81176,1.24626,-0.565503,0.189641,0.438688,0.501399,1.00462,261.905
29,0.978455,0.715322,-0.263133,0.133497,0.776398,0.330088,1.01038,165.327
30,2.77969,0.14457,-2.63512,1.44143e-11,1,3.08833e-11,1.00432,270.367
31,0.625827,0.116299,-0.509528,0.0114866,0.970267,0.0248965,1.01447,131.419
32,0.901301,0.209821,-0.69148,0.00357475,0.992148,0.00768655,1.01747,114.395
33,0.901842,0.11684,-0.785001,0.000307805,0.999111,0.000659689,1.01723,115.581
34,2.52375,0.36322,-2.16053,0.000112718,0.999694,0.000241531,0.999882,511.993
35,0.926844,0.0959863,-0.830858,2.74193e-06,0.999987,5.87473e-06,1.01355,137.73
36,0.936452,0.619665,-0.316787,0.129632,0.804429,0.319109,1.00048,456.597
37,0.726688,0.15372,-0.572967,0.00879975,0.980553,0.0190212,1.01781,112.746
38,1.70797,0.528164,-1.1798,0.00757151,0.983538,0.0163461,0.9976,955.769
39,0.826615,0.145189,-0.681426,9.95717e-05,0.999626,0.000213358,1.00916,179.231
40,1.74959,0.524134,-1.22545,0.00685285,0.985035,0.0147838,0.99731,1074.55
41,1.02185,0.283828,-0.738027,0.00212033,0.99458,0.00455256,1.01084,160.66
42,0.61233,0.27891,-0.33342,0.0979215,0.843005,0.232575,1.0167,118.31
43,0.92396,0.521595,-0.402365,0.0727839,0.883934,0.168184,0.996341,1841.72
44,0.80512,1.14576,0.340638,0.783448,0.0698849,7.75135,1.00829,190.713
45,1.51671,1.08486,-0.431851,0.193399,0.511101,0.51372,0.996673,1479.72
46,0.720161,0.209079,-0.511082,0.022177,0.957682,0.0485929,1.01695,117.017
47,1.04841,0.439158,-0.609255,0.0222382,0.960016,0.0487299,0.996784,1388.03
48,1.04616,0.45264,-0.593517,0.00666784,0.984856,0.014382,0.998962,629.627
49,0.961711,0.80692,-0.154791,0.270421,0.600721,0.794142,1.01038,165.403
50,0.895127,0.325685,-0.569441,0.0115615,0.976837,0.0250608,1.00736,204.725
51,0.903528,0.907343,0.00381435,0.427532,0.401771,1.6001,1.00405,278.206
52,0.82581,0.209644,-0.616166,0.00811713,0.983247,0.0175336,1.01744,114.571
53,0.435833,0.565956,0.130123,0.652771,0.272383,4.02787,0.999235,589.433
54,1.1993,0.325168,-0.874129,0.00161116,0.995951,0.00345755,1.00414,275.398
55,0.703334,0.329597,-0.373737,0.0798646,0.87403,0.185965,1.01329,139.693
56,1.51782,0.329957,-1.18786,0.00151301,0.996602,0.00324661,0.995976,2519.29
57,2.68001,0.341191,-2.33882,6.55345e-07,0.999997,1.40411e-06,1.00017,484.165
58,1.37123,0.330657,-1.04057,0.0018914,0.995785,0.0040601,0.996832,1352.46
59,0.455914,0.965019,0.509105,0.90595,0.0517662,20.6384,1.00599,229.893
60,0.473404,0.310754,-0.16265,0.199519,0.69729,0.534026,1.01321,140.288
61,0.986968,0.724694,-0.262274,0.124648,0.779499,0.305092,1.01029,166.319
62,2.00131,0.611732,-1.38958,0.00738861,0.982003,0.0159483,0.99803,821.264
63,0.77569,0.75231,-0.0233803,0.419428,0.455961,1.54786,1.01217,148.492
64,0.78697,0.658765,-0.128205,0.299541,0.60363,0.916226,1.0026,330.415
65,0.832108,0.567525,-0.264583,0.113116,0.815446,0.273268,0.999682,533.579
66,0.772738,0.634956,-0.137782,0.243776,0.647594,0.690668,1.00405,278.148
67,0.916896,0.553346,-0.36355,0.0685921,0.883992,0.157784,0.997862,868.963
68,0.889159,0.448683,-0.440476,0.0442662,0.92367,0.099235,0.999867,513.574
69,0.528828,0.76858,0.239751,0.787005,0.139377,7.91658,1.0078,197.956
70,0.792705,0.847724,0.0550195,0.510437,0.347271,2.2339,1.01024,166.8
71,0.720386,0.987141,0.266755,0.75292,0.139645,6.5289,1.00213,352.019
72,0.496016,0.591381,0.0953642,0.609147,0.297249,3.33917,1.0011,410.379
73,1.36402,0.665924,-0.698091,0.00383604,0.982806,0.00825053,1.00527,245.684
74,0.89255,0.807753,-0.0847971,0.331757,0.532584,1.06369,1.01135,155.742
75,0.599668,0.412198,-0.18747,0.198373,0.710971,0.5302,1.00676,214.97
76,0.494271,0.648228,0.153957,0.687158,0.229419,4.7061,1.00189,364.139
77,1.09952,0.727566,-0.371954,0.0572139,0.870957,0.130022,1.00773,198.893
78,1.03242,0.640636,-0.391785,0.049401,0.901306,0.111344,1.00878,184.154
79,0.747505,0.515846,-0.231659,0.134655,0.788222,0.333397,0.997627,946.127
80,0.624075,0.6294,0.00532471,0.473266,0.429961,1.92506,1.00061,446.368
81,0.943445,0.887806,-0.0556389,0.350571,0.478713,1.15658,1.00273,324.885
82,0.546108,0.848411,0.302304,0.740404,0.190594,6.11084,1.01232,147.287
83,0.818532,0.614669,-0.203863,0.169283,0.73989,0.436607,1.00019,481.849
84,0.580134,0.621083,0.0409494,0.527036,0.383677,2.38749,0.999715,529.917
85,2.19735,1.18535,-1.012,0.0926151,0.677105,0.218686,0.998965,629.058
86,1.18085,2.46686,1.286,0.823299,0.0166991,9.98274,1.02148,97.6548
87,1.26992,0.758282,-0.511642,0.0635374,0.862363,0.145368,1.00567,236.698
88,0.715264,1.07646,0.3612,0.806547,0.0810344,8.93275,1.00107,412.681
89,0.318659,0.730291,0.411632,0.934245,0.039666,30.441,1.00248,335.732
90,0.811642,0.660173,-0.15147,0.481863,0.452374,1.99255,0.997838,876.327
91,0.775451,0.608533,-0.166918,0.445113,0.491509,1.71868,0.996642,1507.21
92,1.88685,0.948454,-0.938397,0.0570506,0.821141,0.129629,0.995367,6561.91
93,0.221053,1.07154,0.850485,0.999874,3.77299e-05,17012.1,0.9986,692.311
94,0.720926,0.672452,-0.0484732,0.38511,0.501125,1.34189,1.00475,258.477
95,0.497457,0.869144,0.371687,0.790643,0.147459,8.09136,1.01208,149.318
96,0.813785,0.84811,0.0343251,0.488667,0.377423,2.04758,1.01255,145.419
97,0.331556,0.602048,0.270492,0.839831,0.105657,11.2342,1.00079,432.58
98,1.02395,2.81472,1.79077,0.999935,9.59956e-08,32937,1.00137,393.631
99,0.982888,0.811146,-0.171742,0.334041,0.545921,1.07469,1.00824,191.418
100,2.34766,0.729076,-1.61859,0.00577197,0.984264,0.0124385,0.999136,603.381