dN/dS,LRT,p-value,Log(L)
1,0,1,0
1,0,1,0
1,0,1,0
9.682324783204268e-17,6.051458265820685,0.006947408422057155,-26.77152264580254
5.840566125974614e-16,6.051458260561628,0.006947408442749048,-11.36669764597847
5.840566125974614e-16,6.986029113457931,0.004107420228162462,-10.77800241301895
1,0,1,0
1,0,1,0
9.682324783204268e-17,6.051458991872991,0.006947405565385034,-21.47688006461639
1,0,1,0
1,0,1,0
5.840566125974614e-16,6.05145826333414,0.006947408431840552,-26.92949037470921
5.840566125974614e-16,6.051458302534257,0.006947408277606593,-10.64596567333913
0.7752390614110299,0.211235228049695,0.3229004814881424,-30.74771495787729
1,0,1,0
9.682324783204268e-17,6.051458704552566,0.006947406695854752,-23.26830084042127
1.287715469358349,0.3516384445782421,0.2765935542903176,-45.26693275210447
1.844056291263628,1.531984349289203,0.1079074367538959,-46.75145264633178
0.2544047218311543,3.115086973408708,0.03878516876144755,-13.10894871684674
6.728744545674702e-16,6.985843510411911,0.004107846195268217,-16.53997918822439
9.555848176237971e-17,7.85599952430443,0.002532617107684598,-9.844034417494116
1,0,1,0
0.330855020273678,1.826482390933993,0.08827179681858127,-14.61231160493089
5.840566125974614e-16,6.051458991876224,0.006947405565372322,-11.19531585689256
0.2752846234724535,2.675977912641962,0.05093636605479029,-28.76755403256063
0.2866242879187718,2.471188697242287,0.05797510239993225,-13.79846186000249
0.3305454685382828,1.830252938564371,0.08804883631639066,-33.89954615283317
1.276363424451303,0.1643343179307166,0.3425984823884888,-31.56108284457895
0.2546192987624066,3.10964872604081,0.03891487227414026,-17.89891006877934
0.330756980626855,1.827678266970359,0.0882010116974693,-26.74519622669448
3.17603086687411e-16,7.856798680483053,0.002531497915734371,-10.94537381967758
4.730343101349462e-16,6.985372008747113,0.004108928515439203,-15.15186748959187
5.840566125974614e-16,6.985795500509177,0.004107956387450651,-16.54146762635751
0.3315229606673758,1.818347002835736,0.08875508181923414,-13.83137142568845
2.804502661847769e-15,6.051458981122749,0.006947405607682144,-35.75111658247371
0.5090402317162391,1.152428785927341,0.1415206481746814,-32.12751561568042
0.6823208466516516,0.3318068546670077,0.2822985393100083,-20.45741035600833
0.6867650609641666,0.3199555064094781,0.2858171926153559,-20.58482726444332
0.499721267599437,1.225818142129626,0.1341109270469371,-32.54727330330452
1.236141141523365,0.2087188235427959,0.3238867177200506,-43.1251279021327
0.830698346802146,0.1094638892975226,0.3703776587790041,-25.97940004402628
1,0,1,0
1,0,1,0
0.2543663922570065,3.11548697218705,0.03877564707806647,-19.03651320292053
0.8622213388707233,0.06902504310701829,0.3963808202383026,-37.11450943618996
0.2307441068735411,3.725691611938238,0.02679071681011469,-12.19246881079603
1.390733158244934,0.5840856028276278,0.2223576681202789,-41.61626681036077
0.3305908151954299,1.829699874945732,0.08808149946840482,-25.26044310623816
0.8635615273142386,0.06756023704075176,0.3974613835766281,-27.17085749365871
3.17603086687411e-16,7.855995718862307,0.00253262243828728,-15.87266255974652
0.6592547431378106,0.3992427722486411,0.2637402900580476,-38.11688729602605
0.2545436173969018,3.11184708093835,0.03886238485905802,-14.63945426821414
0.2492784909585256,3.236453698285132,0.03600818194276673,-13.67573064446222
0.3309019786101154,1.825897553140628,0.08830643781804925,-30.8586695312862
0.764809726523563,0.2354500392758681,0.3137559125405753,-28.69959057551315
0.9855759229618128,0.0008452468867545804,0.4884031329544984,-40.60225638434219
0.2536152850378775,3.133465008839593,0.03835027865967744,-28.13485368139814
5.840566125974614e-16,6.051458991875684,0.006947405565374432,-10.6353583103194
1.00467632647707,8.600230070499038e-05,0.4963003650329879,-34.18797953054084
0.2494238121101342,3.23237949989187,0.03609785867350424,-25.02973373147827
0.6626705404889681,0.388665655292499,0.2665008125530846,-28.51367581920972
5.840566125974614e-16,6.985326013905294,0.004109034111053289,-21.61181110452022
0.5739559753809385,0.7457440043196826,0.1939135293350444,-19.82817855562646
0.511131229651968,1.137470434039876,0.1430937363880205,-21.87644397357794
1,0,1,0
3.108501871604002,9.967931540274975,0.0007964517316000341,-76.3229496421975
1.983547915846446,2.254890208177827,0.06659645093765365,-59.04743437838818
5.840566125974614e-16,6.985555342735125,0.004108507642238579,-15.84008999469115
0.7657732333593427,0.2330953480483942,0.314619056313375,-29.992036461622
0.2741154443047679,2.699246011097074,0.050197857641822,-17.32127060033907
0.2544701645133028,3.114476346621988,0.03879970914548481,-12.77712679389565
0.6160691874095273,0.5533012398363155,0.2284859689850163,-34.20879638483946
0.4005432211772096,2.319219344673364,0.06389207100337563,-20.24925763255787
0.3295332393903634,1.842698038390523,0.08731752484106436,-35.80125456040003
0.6625295944651223,0.3890997677120893,0.2663864909838612,-26.34357359429748
0.9615416387662603,0.004653805117314391,0.4728057295059838,-46.48109791849142
1,0,1,0
0.5740180585171192,0.745256877643186,0.1939910494980243,-35.30899748846438
3.13582579429674,6.425975078153513,0.005623157528089451,-54.59937903956141
0.8370506004246937,0.1003860259392013,0.3756834393758581,-30.52231565445158
2.575272799292923,5.313537376986602,0.01058017481875106,-74.19124930006757
0.6622548937101864,0.3899469572215111,0.2661636423146764,-30.99838824314511
2.731941657024047e-16,7.856708421566069,0.002531624295127821,-10.80256762486313
1.296556013064419,0.3085057420573634,0.2892992862148016,-46.95882353810936
0.7505367566374697,0.2715223717980848,0.301156187998463,-41.32278633697373
2.285337937467742,3.675874927409666,0.02760263625321885,-70.12714239487245
0.7431041617580796,0.2916046497439879,0.2945970316887501,-37.35622693447112
0.3307025031724601,1.828299807275734,0.08816424794757971,-25.50053340981341
0.7383824555664128,0.2030639592237407,0.326129495298685,-44.90874705070502
0.7447423359169949,0.1915993268517013,0.3307944159655286,-20.38037139262405
1.386802661025826,0.4787273654597328,0.2444996669861213,-47.53550280135114
1.363996267800973,0.3469965134816277,0.2779091375134732,-48.94549700066493
0.3375874947200447,1.748086205803837,0.09305875200271757,-24.41646381776521
0.2544213703536945,3.115181417143162,0.03878292036937248,-23.73502605703016
0.62738817392508,0.5088917020610495,0.2378095118934544,-19.71675460331437
0.6633977524108994,0.3866408952596103,0.2670351979063148,-17.90818319249824
1.019989882932653,0.001550046430395469,0.4842974481931318,-36.14165663021873
1.062513014702261,0.01435073435438028,0.4523229494261722,-45.21721928144793
0.5789593723179297,0.7203982548956134,0.1980066527256371,-27.27450239342343
1.122591602563518,0.03849387309207231,0.4222273794094216,-22.82654678230093