Codon,alpha,beta,beta-alpha,Prob[alpha<beta],Prob[alpha>beta],BayesFactor,PSRF,Neff
1,0.8207697837732886,0.09901171798059183,-0.7217580657926967,0.01054103591454311,0.9819832966363669,0.01833192134531913,0.9993146145973482,578.6005427205657
2,0.6670824308626843,0.1014892402489872,-0.5655931906136971,0.03040113865846494,0.9494747030851809,0.05395357578503275,1.003527844027739,295.0141325176177
3,0.7511035161211482,0.430474650651434,-0.3206288654697143,0.1625117680429665,0.7792155204731314,0.3339093510709976,1.001390220527169,392.2520151620355
4,1.591980284097488,0.120046696244883,-1.471933587852605,0.001025753161591778,0.9980529829522423,0.001766896259541872,1.009380476879782,176.5833850643621
5,0.6110072491461518,0.1239167986724763,-0.4870904504736754,0.05345192768986527,0.9173322066931572,0.09717245530741891,1.003596474809399,292.6922759748609
6,0.7882647443723358,0.5291376650524305,-0.2591270793199053,0.2241104661061763,0.7053173322134596,0.4970324283851553,1.002617107761891,329.78045809036
7,0.5407230881412014,0.3084022012623411,-0.2323208868788603,0.222977727742998,0.7070018850961473,0.4937993314358207,1.003420986784826,298.7044588055662
8,0.7664936045259553,0.3002485988028226,-0.4662450057231327,0.07050996048235968,0.8968144460856031,0.1305353718406226,0.9997701071305093,523.8533970818704
9,0.8185362758132813,0.1187755255386272,-0.6997607502746541,0.01006541540748667,0.9833454456806925,0.01749635918012131,0.9984192200384336,728.5848824052349
10,0.8647212485739544,0.2975363621034733,-0.567184886470481,0.04913115924965043,0.9261932892315746,0.08891169197127814,1.001462083566039,387.9400643697916
11,1.579715799860631,0.119882901007901,-1.45983289885273,0.001043977062223214,0.9980200280880706,0.001798320381825471,1.009691656825198,172.9261588687422
12,0.5987552763046077,0.3065444863971843,-0.2922107899074233,0.1607508346899092,0.7806056782372386,0.3295981749245452,1.002705456530681,326.0484717941607
13,0.7994460498879672,0.2990570938511601,-0.5003889560368071,0.06144872835436592,0.9091666401051934,0.1126619793205713,1.000018845513303,498.1412823664566
14,1.2825912932865,0.1161299105505901,-1.16646138273591,0.0009824072728178877,0.9980555370521615,0.001692158002909181,1.023197214420761,91.94500605307113
15,0.8638423954651635,0.2968823280146574,-0.5669600674505061,0.04075744747224386,0.9372103272419583,0.07311408023552797,1.001801337924566,368.8122050675875
16,2.474488509427808,0.3071850452328265,-2.167303464194981,0.0008327359653799093,0.9981780150100958,0.0014341401844018,1.00039637299239,463.6347117008196
17,0.8183508094184349,0.1187801652983643,-0.6995706441200706,0.01007576963641472,0.9833290194782645,0.01751454076721512,0.9984114141641662,730.2373281818009
18,1.203535521130128,0.09763899390585885,-1.105896527224269,0.001802565273937662,0.996699012815928,0.003107399062215257,1.007291103616936,205.9306341747934
19,1.117101192117664,0.1157153730909413,-1.001385819026723,0.002163760670941976,0.9960562601687964,0.003731405348308058,1.017116138486892,116.1729008584646
20,0.3564187473839351,0.1276855125701572,-0.2287332348137779,0.2062160364413198,0.6776815261783384,0.4470360983650143,1.000307648318413,471.3040548787617
21,0.7683058238886952,0.2252339431597886,-0.5430718807289066,0.04048512781546042,0.9358454372131814,0.07260495886861017,1.001969190470981,360.0357315246782
22,0.7912258205177973,0.4327066012841514,-0.3585192192336459,0.1473888421082477,0.7979528184805859,0.2974651377817796,1.001293965904218,398.1814815003876
23,0.971319788065937,0.07702460624236074,-0.8942951818235763,0.002063199578299596,0.996006190222737,0.003557629205870258,1.001368033791666,393.6028941748195
24,0.6489487588236698,0.2661494099271123,-0.3827993488965574,0.1215527159379747,0.829432755619765,0.2381066046639916,1.001816111837363,368.0224074219493
25,0.6306740301321607,0.8542453767037337,0.223571346571573,0.6850332723115397,0.2304175135861018,3.742565992603323,0.996599818203213,1546.480952219787
26,0.865778263956549,0.297517345190854,-0.568260918765695,0.04897841668061892,0.9264064118837669,0.08862104113223973,1.001489232619894,386.3358649592271
27,1.083889426065605,0.09683792766479289,-0.9870514984008122,0.002209463303618375,0.99597752809659,0.003810394062529306,1.00705550985731,209.8773225029305
28,0.8039976711024817,0.2991203016143252,-0.5048773694881565,0.05295835952797938,0.9200851103136696,0.09622500189000123,0.9999382274671706,506.191785963388
29,0.6898505594029215,0.5059756653990928,-0.1838748940038287,0.266008802483291,0.6573059228518522,0.6236309148181121,1.00288786746366,318.607233383082
30,0.9130741581649227,0.09746823497019282,-0.8156059231947298,0.00499824315672247,0.9912110088893382,0.008644024955731348,1.001317651409377,396.7056828425159
31,1.115408740752288,0.115709289900049,-0.9996994508522389,0.002171412370654906,0.9960431857326129,0.003744629419627086,1.017099431187548,116.2578242890643
32,0.7822619864410141,0.1197066852426182,-0.6625553011983959,0.01465898794081009,0.9762193967168,0.02559999660222948,0.9977646527940265,899.4216765495082
33,0.5896741192225539,0.6840766972678063,0.09440257804525243,0.5679862009070948,0.3492945961747871,2.262364853800077,1.00092295229436,422.8358886157235
34,0.9056475544189979,0.2961940355211619,-0.6094535188978361,0.03536677269489646,0.9449053308136091,0.06308929776602346,1.003508732869809,295.6673420154028
35,0.6009332546676366,0.4329758915365778,-0.1679573631310588,0.2947938238120116,0.6308576113834314,0.7193243348559487,1.001231087777046,402.1536158823691
36,0.7554458342587631,0.1204312203715424,-0.6350146138872207,0.0212841366473088,0.9661037535813598,0.03742156020905293,0.9984363527842877,724.9842324824431
37,0.6533831181117169,0.2235386805134782,-0.4298444375982388,0.08602265710696258,0.8709510196752704,0.1619570668381844,1.00397127541624,280.638227131574
38,0.7654075591128788,0.3003843550981539,-0.4650232040147249,0.07090217620274238,0.8962866964791063,0.1313168939938186,0.9997688170009118,523.9937316878612
39,1.669276746684302,0.426277006343066,-1.242999740341236,0.01864164875082595,0.9671967292977142,0.03268730968267022,1.004433208716776,267.0979270635877
40,0.4935682348289401,0.7651209340730176,0.2715526992440775,0.741032882860259,0.1942166870401909,4.923969309005922,1.000532884211708,452.3139856920367
41,0.2228223433491832,0.3173364555320711,0.09451411218288791,0.6191366238644997,0.2940888323090401,2.797304611820736,1.003546997135407,294.3624157401668
42,0.9011562799380837,0.324069509084694,-0.5770867708533897,0.04585416329263652,0.9289959278867836,0.08269637890011106,1.000377941189008,465.2071768964941
43,0.6974775485320158,0.5499095952551386,-0.1475679532768772,0.2961962460008487,0.6224569467363603,0.7241865432399101,1.002802020953499,322.0659655158398
44,0.781911273520161,0.1197153816847333,-0.6621958918354277,0.0146860165369762,0.9761770796001656,0.02564790203450046,0.9977583374809808,901.4630437212611
45,0.7911110443968695,0.4287532584188081,-0.3623577859780615,0.1338077386859962,0.8143821246687259,0.2658210759239636,1.000700591047739,439.14681628754
46,0.7391164270768363,0.878870239536176,0.1397538124593397,0.5984643708900264,0.2931094684422278,2.564700712711454,0.9964717777453267,1679.558039508635
47,0.7794437196059597,1.212118213065755,0.4326744934597954,0.7397151550567695,0.1513687998730763,4.890329409887468,0.999524018996033,552.0662327185995
48,0.7342313488453767,1.005564275341635,0.2713329264962583,0.7019772708579926,0.193486252674991,4.053182347704266,0.9962601015619124,1958.286876683218
49,1.245632187257153,0.8479696892354076,-0.3976624980217456,0.2851484144751246,0.5975637688251501,0.6864004441919046,0.9969965860817189,1241.822017890721
50,0.9665007593582938,0.3273826367189474,-0.6391181226393465,0.04116451579000087,0.9359078502748434,0.07387566324758055,1.000865240007326,426.9506878269668
51,0.6368937490133162,0.3841574271779293,-0.2527363218353869,0.2244422876334306,0.7108682357610496,0.4979813121649248,1.000091048326558,491.1470224233586
52,0.9013450517376169,0.258843216468602,-0.6425018352690149,0.02941714831272998,0.9534820654249577,0.05215433782049855,1.00344054213099,298.0221378819563
53,0.6699107876160212,0.5598789340615348,-0.1100318535544864,0.3644643831329616,0.5569630523673622,0.9868194003987903,1.001920546049396,362.5354600750106
54,0.8141122998667176,0.410804535965379,-0.4033077639013386,0.1013324871494808,0.8529217039035035,0.1940314547360341,1.001398975825512,391.7215058625538
55,0.688165698470991,0.889696558008039,0.2015308595370481,0.6538669931234523,0.2504019732254504,3.250640031518691,0.9961566162435934,2131.284927939152
56,0.6708388154415995,0.5500021472125323,-0.1208366682290672,0.3327229364744009,0.5865978862439933,0.8580231841619389,1.002653879500347,328.2167138093768
57,0.7528803939426947,0.1204872793614191,-0.6323931145812756,0.02153202379453776,0.9657203647451003,0.037866983831019,0.9984340082562738,725.4748487095184
58,0.6669104757964779,0.1014949529469808,-0.5654155228494971,0.03042905932732982,0.9494325801092154,0.05400468234040578,1.003531187583995,294.900151852628
59,0.8510437865844998,0.6606206086732316,-0.1904231779112682,0.2804196955023519,0.6293113411100616,0.6705817426665079,1.002625784647267,329.4101101637861
60,0.4430424681211007,0.5505403434300256,0.1074978753089249,0.5919649570910656,0.3296086370068397,2.496439324261078,1.004156036145859,275.0587511119487
61,0.7810510982188824,0.09914955755952497,-0.6819015406593575,0.01232590225106775,0.9789811855307583,0.02147472121493116,0.9990642316860872,613.9055923225227
62,0.8685066473861143,0.2975691431672196,-0.5709375042188947,0.04863866991033147,0.926883178401116,0.0879748783372041,1.001556889978697,382.3957809288138
63,0.7464367383393784,0.4911094415997751,-0.2553272967396033,0.2179927485632739,0.7142880388710425,0.4796823585464504,1.001989586310213,358.9979689645062
64,0.9751726323696879,0.2589125337333097,-0.7162600986363781,0.02497384443941273,0.9601678378527343,0.04407492842786719,1.004945557593147,253.5492041581371
65,0.5894952001508122,0.7522444028024562,0.1627492026516439,0.6364047709099735,0.2825484892055579,3.011880455556659,0.9990484501827298,616.276698232282
66,1.600551711349714,0.4709857363163777,-1.129565975033336,0.01789392688936763,0.9640422088223802,0.03135232421287335,1.004983190076783,252.6087951335093
67,0.5366662352977241,0.8324267309417668,0.2957604956440427,0.7613349142104651,0.1713667853031857,5.48920354700258,0.99718711009306,1134.587012628863
68,0.9539429886265995,0.5142688435860056,-0.439674145040594,0.1285595467967825,0.8168687835154266,0.2538569722025344,1.003247568587095,304.8966923886274
69,0.9766428629252392,0.07708664866323467,-0.8995562142620045,0.002039113105764841,0.9960533383829787,0.003516011405442726,1.001443163015751,389.0660313957385
70,1.039774339630597,2.671884458471443,1.632110118840846,0.9160775481013845,0.008788470943586809,18.78350154873863,1.002244867430579,346.5023856628511
71,1.843093976572268,2.509854537410464,0.6667605608381963,0.5027869977935359,0.102429670582931,1.740059267001139,1.001792344446853,369.2946660473107
72,1.412474861885247,0.5079853125556703,-0.9044895493295763,0.04470333008927294,0.9267598336360111,0.08052376857292752,1.004207636072212,273.5404628723372
73,0.7975667640635498,0.8139515069168946,0.01638474285334479,0.4792849290052524,0.4061880415946151,1.583857497984375,0.9982024235903115,777.4624518386343
74,0.6638197827138963,0.6931498106826346,0.02933002796873829,0.5038767295590236,0.4105512460299791,1.747660954558082,1.000238317522506,477.4773884234356
75,0.7995530134391757,0.6945863006000434,-0.1049667128391323,0.3485875357674926,0.5533041122644106,0.9208274763732303,1.001608229647982,379.459708580763
76,0.5784512382893838,0.5897282878292744,0.01127704953989062,0.4812462692498223,0.4359682381714586,1.596351858659085,1.002400775846195,339.2942228609047
77,0.5893475788318433,0.3336367606149614,-0.2557108182168819,0.2151028280826311,0.7207803441659958,0.4715804968007271,1.001281134559054,398.9856169777412
78,1.50780341514781,0.6082558884476935,-0.8995475267001164,0.09153572352848288,0.8610000946669276,0.1733824933251728,1.002338996958709,342.1138937074753
79,0.8475383585347593,0.7974263048750136,-0.05011205365974569,0.3869521718075261,0.4948304375593157,1.086139004173743,0.9996998325501216,531.6094588941626
80,2.105569619638001,0.7863049939446253,-1.319264625693376,0.0848106984013566,0.8603223102173327,0.1594638276890342,0.9999011572042549,509.9822786827933
81,0.7374234676606289,0.8946051035190056,0.1571816358583766,0.6298245210713962,0.2684126032577841,2.927752750891977,0.9956143106336972,3971.805328688554
82,0.5902727819210855,0.6555811729725868,0.06530839105150132,0.538458800487543,0.3781592811680808,2.007541281486839,1.001464452190179,387.7995702266491
83,0.81150025993967,0.5019549123826885,-0.3095453475569815,0.1630645161631929,0.7738367033069594,0.3352663486082131,1.002954471853486,315.975110557841
84,0.8591899183995384,0.5025785153036397,-0.3566114030958987,0.1445515399004848,0.796682809703108,0.2907711762103224,1.00302716372681,313.1521909793985
85,0.7403388313065701,0.6743030924800053,-0.06603573882656477,0.3969506921633146,0.5111845750873915,1.132677359708344,1.001262854890961,400.1368761453233
86,1.375725849342112,2.01380825876259,0.6380824094204778,0.6219121164238194,0.1492735557906177,2.830471182883086,1.000943837755366,421.3664363096184
87,1.2441533781617,0.6693900928499841,-0.5747632853117157,0.1485026253401952,0.7814716804938249,0.3001050460104085,1.002955778179062,315.9239261713353
88,0.8164418152686927,2.255756670907542,1.439314855638849,0.9245095705038855,0.02542614303633313,21.07375829555746,1.013743485966395,136.383878492513
89,0.6767832470800299,0.4644298082781176,-0.2123534388019123,0.268576027457588,0.6619295273805798,0.6318595226856908,1.001004484396629,417.1572986881623
90,0.8526181565954769,0.7123214487033876,-0.1402967078920893,0.3646875729275147,0.5400918188702868,0.9877705954170994,1.001094262729881,411.079781510442
91,0.6700634271441315,0.6088897418693306,-0.06117368527480083,0.4138868616499191,0.5047901709692955,1.215129776656001,1.001623517962379,378.5941613406113
92,0.9782247341653247,0.07346908072060419,-0.9047556534447205,0.001742767134964136,0.9965537610042006,0.003004134517946473,1.001270573033666,399.6499680292102
93,1.524829801835927,0.5544325466233889,-0.9703972552125383,0.06671644192496667,0.896819202534082,0.1230103747307434,1.003369979812418,300.4991646697005
94,1.556690559401586,0.9122156162188719,-0.6444749431827144,0.2549475168876535,0.6288789023835598,0.5888252152511225,0.9964180801832671,1742.457521186513
95,0.583915676150256,1.051536547374596,0.4676208712243404,0.8624074680758677,0.07541362078006204,10.78549609132677,0.9970777846689688,1193.72978107527
96,0.7219203495810149,0.7741846259932422,0.05226427641222731,0.5073311897356702,0.3913827407197618,1.771980642789618,0.9987980846231305,656.5203457020563
97,0.6795662582150064,1.798883584476118,1.119317326261112,0.9195559853768798,0.03257540153363954,19.67011589813816,1.008418850948373,188.9562025760928
98,1.232441367565325,0.4341123949390955,-0.7983289726262295,0.04489800722723853,0.9290518421520122,0.08089092354797472,1.003166715016685,307.8734778437119
99,0.9527341753379697,0.9463271271527265,-0.00640704818524318,0.5148625872689193,0.3477273680903338,1.826202977635125,0.9963153831422538,1876.920771237985
100,0.5946366606265739,0.775404253738486,0.180767593111912,0.659292053995389,0.256710420282543,3.329799308286976,0.9992474749572098,587.6602973376941