Codon,alpha,beta,beta-alpha,Prob[alpha<beta],Prob[alpha>beta],BayesFactor,PSRF,Neff
1,0.355087,0.0714286,-0.283658,2.23153e-80,1,1.32501e-79,1.05652,44.2117
2,0.613774,0.0715082,-0.542266,3.45577e-72,1,2.05192e-71,1.05483,45.3558
3,1.22685,0.0714286,-1.15542,2.29608e-134,1,1.36334e-133,1.33357,11.2784
4,1.50235,0.339475,-1.16288,2.70574e-61,1,1.60658e-60,1.37164,10.5531
5,0.509525,0.0714286,-0.438097,2.59913e-91,1,1.54328e-90,1.0074,204.154
6,1.13947,0.0714286,-1.06804,3.67369e-103,1,2.18132e-102,1.44578,9.49891
7,0.824892,0.0714286,-0.753463,2.40992e-107,1,1.43093e-106,1.19854,16.0864
8,1.22682,0.355438,-0.871378,1.30842e-42,1,7.76898e-42,1.22055,14.9049
9,1.2264,0.0714286,-1.15497,6.20888e-129,1,3.68663e-128,1.68071,7.69786
10,1.22453,0.0714286,-1.1531,1.9545e-127,1,1.16052e-126,1.33041,11.3462
11,0.880353,0.229651,-0.650701,3.90179e-42,1,2.31676e-41,1.15662,19.2335
12,0.532778,0.0715625,-0.461215,2.64691e-63,1,1.57165e-62,1.02634,83.0969
13,1.22468,0.286652,-0.938028,5.85481e-49,1,3.4764e-48,1.26983,12.9524
14,1.0743,0.142758,-0.931538,2.57805e-74,1,1.53076e-73,1.2186,15.0003
15,1.22639,0.288947,-0.937446,2.18578e-47,1,1.29785e-46,1.27415,12.8143
16,0.83231,0.142917,-0.689394,1.32064e-64,1,7.84155e-64,1.09687,28.2254
17,1.22435,0.0714464,-1.15291,1.24832e-95,1,7.41211e-95,1.55239,8.48612
18,1.22685,0.14253,-1.08432,5.10341e-96,1,3.03024e-95,1.17937,17.3471
19,0.936947,0.211237,-0.72571,1.17732e-56,1,6.99056e-56,1.19993,16.0041
20,1.14968,0.138681,-1.011,1.38705e-73,1,8.23585e-73,1.4761,9.16357
21,1.22671,0.142862,-1.08385,3.4477e-81,1,2.04713e-80,1.17859,17.4038
22,1.22575,0.0772844,-1.14846,2.43268e-91,1,1.44445e-90,1.35071,10.9323
23,0.941149,0.473214,-0.467935,8.97935e-13,1,5.33165e-12,1.04292,55.6792
24,0.817093,0.345497,-0.471596,7.04541e-21,1,4.18334e-20,1.16695,18.3142
25,1.21659,0.142861,-1.07373,6.68737e-71,1,3.97074e-70,1.18572,16.9011
26,0.626463,0.144864,-0.481599,2.12012e-46,1,1.25886e-45,1.2701,12.9433
27,0.817672,0.267507,-0.550165,8.16638e-33,1,4.84893e-32,1.10518,26.3886
28,1.22659,0.446016,-0.780571,5.95114e-30,1,3.5336e-29,1.34534,11.037
29,1.22685,0.459771,-0.767083,9.0624e-38,1,5.38096e-37,1.10269,26.9094
30,0.821636,0.287851,-0.533785,5.60198e-29,1,3.32628e-28,1.10587,26.2499
31,0.876768,0.142524,-0.734244,1.31435e-62,1,7.80421e-62,1.40834,9.98284
32,0.793407,0.341165,-0.452242,2.96201e-20,1,1.75875e-19,1.19407,16.3582
33,1.22684,0.146088,-1.08076,9.4822e-87,1,5.63023e-86,1.17101,17.9835
34,1.22685,0.341803,-0.885043,1.12463e-46,1,6.6777e-46,1.23968,14.0525
35,0.826132,0.285605,-0.540527,1.77268e-29,1,1.05256e-28,1.11233,25.0178
36,1.22578,0.535417,-0.690368,3.76031e-20,1,2.23275e-19,1.01849,109.613
37,1.11789,0.510741,-0.607147,3.48232e-14,1,2.06769e-13,1.21865,14.9979
38,0.861128,0.281932,-0.579196,2.48617e-38,1,1.47621e-37,1.09324,29.1262
39,1.22525,0.569824,-0.65543,1.26683e-16,1,7.52205e-16,1.16847,18.1891
40,1.22685,0.453295,-0.773554,3.28586e-37,1,1.95104e-36,1.15079,19.8058
41,1.17778,0.357903,-0.819873,1.13755e-33,1,6.7544e-33,1.10879,25.6748
42,0.823224,0.410464,-0.41276,2.27218e-13,1,1.34915e-12,1.02673,82.1243
43,1.15702,0.625404,-0.531616,1.87059e-08,0.999997,1.11069e-07,1.14712,20.1896
44,1.22638,0.649362,-0.577015,4.09295e-14,1,2.43026e-13,1.13911,21.0942
45,0.778001,0.630927,-0.147075,0.00333217,0.958851,0.0198515,1.02197,95.9684
46,0.856384,0.522138,-0.334246,1.68502e-08,0.999995,1.00051e-07,1.27851,12.6792
47,1.22685,0.579746,-0.647104,1.28988e-24,1,7.65888e-24,1.19681,16.1898
48,0.946256,0.501715,-0.444541,2.40118e-12,1,1.42574e-11,1.10492,26.4417
49,1.08076,0.49085,-0.589909,1.94355e-21,1,1.15402e-20,1.16081,18.8467
50,1.22643,0.479365,-0.747062,8.09462e-26,1,4.80633e-25,1.07617,34.4397
51,1.06874,0.497641,-0.571095,1.6392e-14,1,9.73301e-14,1.14322,20.6179
52,1.22673,0.531198,-0.69553,2.3341e-23,1,1.38591e-22,1.03235,70.3575
53,1.20973,0.353735,-0.855998,2.14897e-27,1,1.27599e-26,1.20583,15.6676
54,1.22683,0.716194,-0.510632,1.43199e-13,1,8.50268e-13,1.10515,26.3951
55,1.21931,0.683852,-0.53546,8.93991e-09,0.999998,5.30823e-08,1.07081,36.6031
56,1.22591,0.413498,-0.812414,1.11547e-27,1,6.62332e-27,1.23933,14.067
57,1.21315,0.399013,-0.81414,5.91452e-26,1,3.51185e-25,1.12465,23.0101
58,1.2268,0.726186,-0.500616,2.53759e-12,1,1.50674e-11,1.10333,26.7749
59,1.22502,0.763711,-0.461309,1.67978e-08,0.999999,9.97398e-08,1.04983,49.1405
60,1.22442,0.701954,-0.522467,7.09144e-10,1,4.21067e-09,1.08525,31.3628
61,1.22584,0.560676,-0.665161,7.99236e-18,1,4.74561e-17,1.19075,16.5684
62,1.22683,0.770032,-0.456797,5.78183e-12,1,3.43307e-11,1.04948,49.4273
63,1.21839,0.796949,-0.421438,4.13928e-06,0.999889,2.45778e-05,1.05527,45.0489
64,0.80346,0.784251,-0.0192089,0.214307,0.370141,1.61957,1.532,8.6477
65,1.35708,0.525085,-0.831991,1.7944e-31,1,1.06546e-30,1.03139,72.1102
66,1.22685,0.634885,-0.591963,1.0069e-19,1,5.97867e-19,1.17022,18.0468
67,1.22685,0.771213,-0.455636,5.07727e-12,1,3.01472e-11,1.04873,50.0658
68,0.741213,0.867435,0.126222,0.846266,0.0165813,32.6854,1.2055,15.6859
69,1.00157,0.750389,-0.251184,0.00230646,0.933922,0.0137267,1.04905,49.7968
70,1.22685,0.71325,-0.513597,2.3506e-15,1,1.39571e-14,1.11476,24.589
71,1.15783,0.766692,-0.391135,0.000216354,0.993389,0.00128492,1.08914,30.2254
72,1.2146,0.656273,-0.558323,3.21497e-09,0.999999,1.90895e-08,1.20544,15.689
73,1.22578,0.792503,-0.433281,1.1625e-07,0.999996,6.90257e-07,1.05099,48.1987
74,1.22681,0.684575,-0.54223,2.52361e-14,1,1.49844e-13,1.12453,23.0287
75,0.485392,0.814608,0.329216,0.999968,5.88033e-07,185666,1.22816,14.5492
76,1.22678,0.706284,-0.520499,4.03685e-13,1,2.39695e-12,1.10116,27.2418
77,0.70337,0.653951,-0.0494196,0.143937,0.628406,0.998354,1.03375,67.9508
78,1.22685,0.860336,-0.366513,1.81076e-11,0.999998,1.07517e-10,1.15224,19.6597
79,1.22682,0.999451,-0.227367,8.78363e-09,0.99985,5.21544e-08,1.10989,25.4662
80,1.15599,0.814311,-0.341676,0.000963309,0.989327,0.00572533,1.09432,28.8503
81,0.901902,0.744475,-0.157427,0.00787452,0.869535,0.0471275,1.06848,37.6431
82,1.22577,0.801134,-0.42464,7.55844e-08,0.999996,4.48796e-07,1.05489,45.3136
83,1.22667,0.829584,-0.39709,6.38493e-09,0.999981,3.79117e-08,1.2502,13.6387
84,1.22685,0.999958,-0.226891,5.88648e-10,0.999981,3.4952e-09,1.04188,56.8244
85,0.966073,0.973664,0.00759118,0.267911,0.176143,2.17292,1.18835,16.7248
86,1.22653,0.999054,-0.227472,3.70463e-07,0.998569,2.19969e-06,1.10786,25.8551
87,1.10602,0.977105,-0.128912,0.0300843,0.553148,0.184172,1.08976,30.0528
88,0.764231,0.762344,-0.00188679,0.291038,0.327926,2.43749,1.72661,7.48596
89,1.06602,0.736538,-0.329477,0.000450308,0.981531,0.00267499,1.03253,70.0385
90,1.16512,1.00001,-0.165115,0.00659539,0.732131,0.0394213,1.08957,30.1055
91,1.22634,0.999429,-0.226915,6.5036e-07,0.997767,3.86163e-06,1.11048,25.3562
92,0.703787,0.998331,0.294544,0.997652,8.31863e-06,2522.86,1.16282,18.6684
93,1.2249,0.91512,-0.309777,2.77077e-06,0.996285,1.6452e-05,1.15238,19.6455
94,1.22681,1.00087,-0.225937,4.28471e-06,0.995942,2.54413e-05,1.02222,95.1101
95,0.82413,0.78563,-0.0385003,0.14557,0.447226,1.01161,1.33738,11.1985
96,1.22685,0.996208,-0.230637,5.31234e-10,0.999971,3.1543e-09,1.10689,26.0459
97,1.02065,0.998869,-0.0217852,0.125844,0.182591,0.854793,1.10089,27.3018
98,1.22289,0.983177,-0.239718,3.52095e-05,0.984197,0.00020907,1.10308,26.8273
99,1.22684,1.00001,-0.226838,1.44336e-08,0.9999,8.57022e-08,1.02826,78.5303
100,1.22415,0.993885,-0.230262,2.02161e-05,0.988433,0.000120039,1.10412,26.6088