ObservedSChanges	ObservedNSChanges	E[SSites]	E[NSSites]	ObservedS.Prop.	P{S}	dS	dN	dN-dS	P{Sleq.observed}	P{Sgeq.observed}	ScaleddN-dS
0	0	0.9999999999999998	2	0	0.3333333333333334	0	0	0	0	0	0
0	0	0.7076938693151946	2.156902890651504	0	0.2470483382531724	0	0	0	0	0	0
0	0	0.9999999999999998	2	0	0.3333333333333334	0	0	0	0	0	0
0	0	0.9999999999999998	2	0	0.3333333333333334	0	0	0	0	0	0
2	0	0.9999999999999998	2	1	0.3333333333333334	2	0	-2	1	0.111111111111111	-14.24126061648802
1	0	0.7076938693151945	2.292306130684805	1	0.2358979564383983	1.413040360188026	0	-1.413040360188026	1	0.2358979564383983	-10.06173801552688
0	0	0.7076938693151945	2.156902890651504	0	0.2470483382531724	0	0	0	0	0	0
0	1	0.9965131473460558	2.003486852653943	0	0.332171049115352	0	0.4991298039592014	0.4991298039592014	0.667828950884648	0.332171049115352	3.554118809819779
0	0	0.9999999999999998	2	0	0.3333333333333334	0	0	0	0	0	0
0	0	0.7076938693151945	2.156902890651504	0	0.2470483382531724	0	0	0	0	0	0
1	0	0.9999999999999998	2	1	0.3333333333333334	1	0	-1	1	0.3333333333333334	-7.120630308244008
0	0	0.7076938693151945	2.156902890651504	0	0.2470483382531724	0	0	0	0	0	0
1	0	0.7076938693151943	2.156902890651504	1	0.2470483382531723	1.413040360188026	0	-1.413040360188026	1	0.2470483382531723	-10.06173801552689
1	0	0.763247074955883	2.089323409868822	1	0.2675646680831397	1.310191722723342	0	-1.310191722723342	1	0.2675646680831396	-9.329390890434256
1	0	0.7076938693151944	2.156902890651504	1	0.2470483382531723	1.413040360188026	0	-1.413040360188026	1	0.2470483382531723	-10.06173801552688
0	0	0.9999999999999998	2	0	0.3333333333333334	0	0	0	0	0	0
0	0	0.9999999999999998	2	0	0.3333333333333334	0	0	0	0	0	0
0	0	0.9999999999999998	2	0	0.3333333333333334	0	0	0	0	0	0
1	0	0.9999999999999996	1.999999999999999	1	0.3333333333333333	1	0	-1	1	0.3333333333333333	-7.120630308244009
0	0	0.7076938693151946	2.292306130684805	0	0.2358979564383983	0	0	0	0	0	0
0	0	0.9999999999999998	2	0	0.3333333333333334	0	0	0	0	0	0
0	0	0.7076938693151945	2.156902890651504	0	0.2470483382531724	0	0	0	0	0	0
0	0	0.7639462520619117	2.088624232762794	0	0.2678097723179861	0	0	0	0	0	0
1	1	0.7058398762214942	2.146844707959548	0.5	0.2474300454160196	1.416751920213413	0.4657998765781444	-0.950952043635269	0.9387783726254264	0.4336384634574657	-6.771377943595874
0	1	0.7751973292861275	1.525545716342042	0	0.3369334662378501	0	0.6555031352307178	0.6555031352307178	0.6630665337621499	0.3369334662378501	4.667595491872818
2	0	0.9999999999999998	2	1	0.3333333333333334	2	0	-2	1	0.111111111111111	-14.24126061648802
1	0	0.7076938693151944	2.156902890651504	1	0.2470483382531724	1.413040360188026	0	-1.413040360188026	1	0.2470483382531723	-10.06173801552688
0	0	0.7076938693151946	2.156902890651504	0	0.2470483382531724	0	0	0	0	0	0
1	0	0.7076938693151944	2.156902890651504	1	0.2470483382531724	1.413040360188026	0	-1.413040360188026	1	0.2470483382531723	-10.06173801552688
0	0	0.705140969649412	2.147429515175294	0	0.247194932921261	0	0	0	0	0	0
0	0	0.7076938693151945	2.292306130684805	0	0.2358979564383983	0	0	0	0	0	0
0	0	0.7076938693151946	2.292306130684805	0	0.2358979564383983	0	0	0	0	0	0
0	0	0.7076938693151946	2.156902890651504	0	0.2470483382531724	0	0	0	0	0	0
0	0	0.7076938693151946	2.156902890651504	0	0.2470483382531724	0	0	0	0	0	0
0	0	0.7076938693151946	2.156902890651504	0	0.2470483382531724	0	0	0	0	0	0
0	0	0.9999999999999998	2	0	0.3333333333333334	0	0	0	0	0	0
0	0	0.7076938693151946	2.156902890651504	0	0.2470483382531724	0	0	0	0	0	0
0	0	0.7639462520619117	2.088624232762794	0	0.2678097723179861	0	0	0	0	0	0
0	1	0.2332474488235507	2.766752551176449	0	0.07774914960785025	0	0.3614345632661622	0.3614345632661622	0.9222508503921497	0.07774914960785029	2.573641905639971
0	0	0.7076938693151946	2.156902890651504	0	0.2470483382531724	0	0	0	0	0	0
0	0	0.7076938693151946	2.156902890651504	0	0.2470483382531724	0	0	0	0	0	0
1	0	0.7632469438472441	2.089323540977461	1	0.2675646221215623	1.310191947784778	0	-1.310191947784778	1	0.2675646221215624	-9.32939249301354
1	1	1.016903314980652	1.983096685019347	0.5	0.3389677716602175	0.9833776577068453	0.5042618484283554	-0.4791158092784898	0.8851008497757066	0.5630363930961417	-3.41160655270727
0	0	0.7076938693151946	2.292306130684805	0	0.2358979564383983	0	0	0	0	0	0
0	0	0.7639462520619117	2.088624232762794	0	0.2678097723179861	0	0	0	0	0	0
0	0	0.7076938693151945	2.292306130684805	0	0.2358979564383983	0	0	0	0	0	0
0	0	0.7076938693151945	2.156902890651504	0	0.2470483382531724	0	0	0	0	0	0
0	0	0.843097109348495	2.156902890651504	0	0.2810323697828317	0	0	0	0	0	0
1	0	0.7076938693151944	2.156902890651504	1	0.2470483382531724	1.413040360188026	0	-1.413040360188026	1	0.2470483382531723	-10.06173801552688
0	0	0.7076938693151946	2.156902890651504	0	0.2470483382531724	0	0	0	0	0	0
0	0	0.7076938693151946	2.292306130684805	0	0.2358979564383983	0	0	0	0	0	0
0	1	0.005625171085665627	2.994374828914334	0	0.001875057028555209	0	0.3339595264907328	0.3339595264907328	0.9981249429714448	0.001875057028555172	2.37800232605673
0	0	0.7076938693151945	2.156902890651504	0	0.2470483382531724	0	0	0	0	0	0
0	0	0.7076938693151946	2.156902890651504	0	0.2470483382531724	0	0	0	0	0	0
0	1	0.9930343321855567	2.006965667814442	0	0.3310114440618524	0	0.4982646270620993	0.4982646270620993	0.6689885559381477	0.3310114440618523	3.547958204984281
0	0	0.7639462520619117	2.088624232762794	0	0.2678097723179861	0	0	0	0	0	0
0	1	0.8270048354392858	2.172995164560713	0	0.2756682784797621	0	0.4601943052193388	0.4601943052193388	0.7243317215202379	0.2756682784797621	3.276873517426117
0	0	1.412834838964607	1.451761921002093	0	0.4932054866183088	0	0	0	0	0	0
2	0	0.9999999999999996	1.999999999999999	1	0.3333333333333333	2.000000000000001	0	-2.000000000000001	1	0.1111111111111109	-14.24126061648802
0	0	0.705140969649412	2.147429515175294	0	0.247194932921261	0	0	0	0	0	0
0	0	0.7076938693151946	2.292306130684805	0	0.2358979564383983	0	0	0	0	0	0
1	1	0.7058398762210585	2.149535642679811	0.5	0.2471968648427581	1.416751920214288	0.4652167566541521	-0.9515351635601359	0.9388937100119112	0.4332874396974273	-6.775530125006221
0	1	0.7639462520619117	2.088853323385502	0	0.2677882661778297	0	0.4787315551573786	0.4787315551573786	0.7322117338221703	0.2677882661778297	3.408870421166418
0	1	0.7683622777566389	1.523943852928166	0	0.3351918260267873	0	0.6561921543753469	0.6561921543753469	0.6648081739732128	0.3351918260267872	4.672501742477025
0	0	0.7076938693151946	2.156902890651504	0	0.2470483382531724	0	0	0	0	0	0
0	0	0.7076938693151946	2.292306130684805	0	0.2358979564383983	0	0	0	0	0	0
1	1	0.7058702922169903	2.148456711120096	0.5	0.2472983268531372	1.416690872283646	0.4654503834422853	-0.9512404888413606	0.938843537535639	0.4334401912419132	-6.773431855272637
0	0	0.7076938693151945	2	0	0.2613640623613696	0	0	0	0	0	0
0	0	0.7076938693151946	2.292306130684805	0	0.2358979564383983	0	0	0	0	0	0
0	0	0.705140969649412	2.147429515175294	0	0.247194932921261	0	0	0	0	0	0
0	0	0.7076938693151945	2.292306130684805	0	0.2358979564383983	0	0	0	0	0	0
0	0	0.7639462520619117	2.088624232762794	0	0.2678097723179861	0	0	0	0	0	0
0	0	0.7639462520619117	2.098215607554892	0	0.266912316469828	0	0	0	0	0	0
0	0	0.8430971093484951	2.156902890651504	0	0.2810323697828318	0	0	0	0	0	0
0	1	0.996523366942724	2.003476633057275	0	0.3321744556475748	0	0.4991323499860416	0.4991323499860416	0.6678255443524252	0.3321744556475748	3.554136939135662
0	1	0.9999999999999997	1.999999999999999	0	0.3333333333333333	0	0.5000000000000002	0.5000000000000002	0.6666666666666667	0.3333333333333333	3.560315154122005
0	0	0.236053747938088	2.763946252061912	0	0.07868458264602936	0	0	0	0	0	0
0	0	0.9999999999999998	2	0	0.3333333333333334	0	0	0	0	0	0
0	0	0.7076938693151945	2.156902890651504	0	0.2470483382531724	0	0	0	0	0	0
0	0	0.705140969649412	2.157020889967392	0	0.2463665593474922	0	0	0	0	0	0
0	0	0.7076938693151946	2.156902890651504	0	0.2470483382531724	0	0	0	0	0	0
0	0	0.9999999999999998	2	0	0.3333333333333334	0	0	0	0	0	0
0	0	0.7639462520619117	2.098215607554892	0	0.266912316469828	0	0	0	0	0	0
0	0	0.7076938693151945	2.292306130684805	0	0.2358979564383983	0	0	0	0	0	0
0	1	0.9999999999999997	1.999999999999999	0	0.3333333333333333	0	0.5000000000000002	0.5000000000000002	0.6666666666666667	0.3333333333333333	3.560315154122005
0	0	0.7076938693151946	2.156902890651504	0	0.2470483382531724	0	0	0	0	0	0
0	0	0.7076938693151945	2.292306130684805	0	0.2358979564383983	0	0	0	0	0	0
0	0	0.7639462520619117	2.088624232762794	0	0.2678097723179861	0	0	0	0	0	0
0	1	0.9964837345947721	2.001758132702613	0	0.3323560201942622	0	0.4995608528638174	0.4995608528638174	0.6676439798057379	0.3323560201942621	3.557188149714323
0	0	0.705140969649412	2.147429515175294	0	0.247194932921261	0	0	0	0	0	0
0	1	0.8449624321699482	2.155037567830051	0	0.2816541440566495	0	0.4640290336130517	0.4640290336130517	0.7183458559433505	0.2816541440566495	3.304179200650273
0	1	0.9895651959154333	2.010434804084566	0	0.3298550653051445	0	0.4974048389772786	0.4974048389772786	0.6701449346948555	0.3298550653051445	3.54183597188884
0	0	0.9999999999999998	1.707693869315194	0	0.3693179688193152	0	0	0	0	0	0
0	0	0.843097109348495	2.156902890651504	0	0.2810323697828317	0	0	0	0	0	0
0	1	0.7632753677299288	2.091053409756764	0	0.2674097580314527	0	0.4782278612942374	0.4782278612942374	0.7325902419685473	0.2674097580314527	3.405283803378458
1	0	0.8214426419172677	2.178557358082732	1	0.2738142139724226	1.217370451655608	0	-1.217370451655608	1	0.2738142139724227	-8.668444934419616
0	0	0	1.589718060701176	0	0	0	0	0	0	0	0
0	0	0	1.589718060701176	0	0	0	0	0	0	0	0
0	2	1.016830985220375	1.983169014779624	0	0.3389436617401251	0	1.0084869141737	1.0084869141737	0.4369954823535541	0.5630045176464459	7.181062486532721
0	0	0.7076938693151946	2	0	0.2613640623613697	0	0	0	0	0	0