Codon,alpha,beta,beta-alpha,Prob[alpha<beta],Prob[alpha>beta],BayesFactor,PSRF,Neff
1,0.4527213462659433,0.3924248151507729,-0.06029653111517036,0.4194968833350662,0.5076328517515966,1.022670047780293,1.006619206555245,217.6085274721923
2,0.5039125605054553,0.3920895862561017,-0.1118229742493536,0.3912911257847894,0.5385255117270665,0.9097073818909199,1.005629811708517,237.4891279262895
3,0.5702179131624033,1.05306530385287,0.4828473906904666,0.7528990378745128,0.18804754332895,4.311949435009809,1.005407807099204,242.4686295877388
4,1.229557584531646,0.383841081880418,-0.845716502651228,0.1571960847629282,0.7987124925258433,0.2639529585093242,1.002914185454398,317.5618930628868
5,0.5550174081389281,0.391882093693767,-0.1631353144451611,0.3703967228398836,0.5615837126388585,0.8325522698671468,1.005214765050768,246.9742295974396
6,0.5039125605054553,0.3920895862561017,-0.1118229742493536,0.3912911257847894,0.5385255117270665,0.9097073818909199,1.005629811708517,237.4891279262895
7,2.935739346517204,0.6074074767657555,-2.328331869751448,0.1112027678436214,0.8482202676488496,0.1770615481232921,1.018219896102452,110.8330996453179
8,0.9641132579592366,0.390419293204167,-0.5736939647550696,0.1828973973083828,0.7680352919106773,0.3167687166558449,1.002035757017913,356.670939970695
9,0.5550174081389281,0.391882093693767,-0.1631353144451611,0.3703967228398836,0.5615837126388585,0.8325522698671468,1.005214765050768,246.9742295974396
10,1.145325976751973,0.3906585879002474,-0.7546673888517254,0.1667151555192507,0.7873513700167316,0.2831346049196712,1.002831675247861,320.8626433828155
11,0.4527213462659433,0.3924248151507729,-0.06029653111517036,0.4194968833350662,0.5076328517515966,1.022670047780293,1.006619206555245,217.6085274721923
12,0.7884872647447609,0.3903826844702333,-0.3981045802745277,0.21041268266593,0.73597413241714,0.3771230722122393,1.000656798886301,442.5099207492821
13,0.5550174081389281,0.391882093693767,-0.1631353144451611,0.3703967228398836,0.5615837126388585,0.8325522698671468,1.005214765050768,246.9742295974396
14,1.229781918851305,0.3838096318336514,-0.8459722870176535,0.1571671550003946,0.7987456471038572,0.263895323253348,1.002913807738321,317.5768466985207
15,0.5718337373298453,0.3848430067632262,-0.1869907305666191,0.3594727501369862,0.5730515689832993,0.794217984691005,1.005083098299718,250.1461740024538
16,0.5698526865037741,0.6034839678167174,0.03363128131294335,0.5448895435382088,0.3889879238541002,1.694349557722491,1.018900622662118,107.7856385219602
17,0.5715435390771284,0.3905701412634888,-0.1809733978136396,0.3639896114874334,0.5685739900005322,0.8099088282798422,1.005149086403882,248.5461991740339
18,0.572293003554195,0.3399440469957317,-0.2323489565584633,0.3227844125554256,0.6094140793948724,0.6745233094322427,1.004717535402677,259.4028924545939
19,3.446988002241475,0.3982727448518743,-3.0487152573896,0.01455099304250501,0.9751650208124983,0.0208963209701135,1.006691658660485,216.2847787975057
20,0.5715435390771284,0.3905701412634888,-0.1809733978136396,0.3639896114874334,0.5685739900005322,0.8099088282798422,1.005149086403882,248.5461991740339
21,0.5131004898087652,0.3920434336626027,-0.1210570561461625,0.3870210736400432,0.5432236169958496,0.8935120685595913,1.005518449538104,239.9607067399143
22,0.5108297855617117,3.145061665742698,2.634231880180987,0.9334803484764107,0.03938349687104177,19.85942032911941,0.9974542774250058,1012.113772866831
23,1.228871322861917,0.354740182727567,-0.8741311401343498,0.1407268135142584,0.8180698890773875,0.2317698542861236,1.002253885088001,346.0770414257524
24,0.5718306098389829,0.3597506513189296,-0.2120799585200533,0.3394042366392574,0.5929180727158594,0.7270977967599044,1.00483962405374,256.2349840300782
25,1.228643279690637,0.3894574050338048,-0.8391858746568317,0.1604057453191828,0.7949489973159608,0.2703720631636065,1.00304117300982,312.6140106687267
26,0.7884870221741029,0.3903826846926564,-0.3981043374814465,0.2104127356711089,0.7359740714791608,0.3771231925298944,1.000656796657074,442.5100932695782
27,0.5720081911882928,0.3436405536135031,-0.2283676375747897,0.325979521929307,0.6062324661690621,0.6844292802858143,1.004734750933508,258.951384353051
28,2.885320318817384,0.392782973136519,-2.492537345680865,0.05908435370633228,0.9178647843663527,0.08886549259250309,1.006877745595979,212.9587749288664
29,0.5715435390771284,0.3905701412634888,-0.1809733978136396,0.3639896114874334,0.5685739900005322,0.8099088282798422,1.005149086403882,248.5461991740339
30,0.5718337373298453,0.3848430067632262,-0.1869907305666191,0.3594727501369862,0.5730515689832993,0.794217984691005,1.005083098299718,250.1461740024538
31,0.5131004898087652,0.3920434336626027,-0.1210570561461625,0.3870210736400432,0.5432236169958496,0.8935120685595913,1.005518449538104,239.9607067399143
32,0.5131004898087652,0.3920434336626027,-0.1210570561461625,0.3870210736400432,0.5432236169958496,0.8935120685595913,1.005518449538104,239.9607067399143
33,0.5550174081389281,0.391882093693767,-0.1631353144451611,0.3703967228398836,0.5615837126388585,0.8325522698671468,1.005214765050768,246.9742295974396
34,0.5694252955354131,0.5784950640442267,0.00906976850881358,0.529005111229883,0.4045078493095511,1.58947985332644,1.018864815457347,107.9416091438553
35,0.5725001290913559,0.3234524822275463,-0.2490476468638096,0.3086616634676996,0.6234382153828614,0.6318346014274542,1.004679779200161,260.3987327794347
36,0.6045694607471973,0.6179366778342137,0.01336721708701638,0.5412257065102857,0.3928444388815113,1.669516419138821,1.019151701096928,106.7049659222942
37,0.569569756469518,0.6217433132530007,0.05217355678348268,0.5557474078797054,0.378402755468924,1.770348750688767,1.018816516291193,108.1527354760177
38,0.5715435390771284,0.3905701412634888,-0.1809733978136396,0.3639896114874334,0.5685739900005322,0.8099088282798422,1.005149086403882,248.5461991740339
39,0.9320267471354358,0.3903895267830654,-0.5416372203523703,0.1867126389417637,0.7635341110787065,0.3248935186394348,1.001833496740422,367.0973947485765
40,0.9664845557920273,0.6771600686766006,-0.2893244871154267,0.3601711139223304,0.5638732461903512,0.7966295088117705,1.013617121449403,137.2833725183482
41,0.5715435390771284,0.3905701412634888,-0.1809733978136396,0.3639896114874334,0.5685739900005322,0.8099088282798422,1.005149086403882,248.5461991740339
42,1.019816378731829,0.6519608415891964,-0.3678555371426326,0.337732736096649,0.5884341391735003,0.7216908909612729,1.014295570829121,132.5921011865703
43,3.741883408718469,0.9543474274110988,-2.787535981307371,0.09778301388855599,0.8355065222913047,0.1533782482424901,1.007874887801055,196.7728334051827
44,0.5695243776858974,0.8000283608924199,0.2305039832065225,0.6647611791132225,0.2720563171337427,2.806226352237644,1.015025314488121,127.9007891855712
45,0.5709336420287349,0.8913163897979771,0.3203827477692422,0.7170327456965008,0.2211596660963852,3.586032014817867,1.009198081598654,178.801493589021
46,0.4527213462659433,0.3924248151507729,-0.06029653111517036,0.4194968833350662,0.5076328517515966,1.022670047780293,1.006619206555245,217.6085274721923
47,0.5715435390771284,0.3905701412634888,-0.1809733978136396,0.3639896114874334,0.5685739900005322,0.8099088282798422,1.005149086403882,248.5461991740339
48,0.5718337373298453,0.3848430067632262,-0.1869907305666191,0.3594727501369862,0.5730515689832993,0.794217984691005,1.005083098299718,250.1461740024538
49,3.0045516612114,0.9090019243047077,-2.095549736906692,0.5760037933264802,0.3628141601785048,1.92253708519393,1.008395709828307,189.2758181468459
50,2.885353064816827,0.3927377377400507,-2.492615327076777,0.05907223730007124,0.9178811557918433,0.08884612488547128,1.006876398630672,212.982475654994
51,0.5718337373298453,0.3848430067632262,-0.1869907305666191,0.3594727501369862,0.5730515689832993,0.794217984691005,1.005083098299718,250.1461740024538
52,0.569478067208062,0.6730564423008472,0.1035783750927851,0.5815296266311718,0.3534071284468548,1.966611082987576,1.018258222367885,110.6567843629469
53,0.4527213462659433,0.3924248151507729,-0.06029653111517036,0.4194968833350662,0.5076328517515966,1.022670047780293,1.006619206555245,217.6085274721923
54,0.5681993688503597,0.7931725838957051,0.2249732150453454,0.6629441845444839,0.273797786059728,2.783469674807237,1.015245989951585,126.5486920695857
55,1.721101355406855,0.3914939084837766,-1.329607446923078,0.08798507624944973,0.8797230974309921,0.1365269610482945,1.006741319206069,215.3868739484136
56,1.226162707903553,1.146561406030971,-0.07960130187258119,0.5239922479068808,0.3797611601776331,1.557837629556799,1.004935898056951,253.7917366042058
57,0.9647559495699843,0.3904200922679799,-0.5743358573020045,0.1828288933953301,0.7681165041326081,0.3166235265114951,1.002039337531918,356.4917532625876
58,2.885316960683475,0.3927828930600991,-2.492534067623376,0.05908437534724316,0.9178647567258376,0.08886552718528744,1.00687774247275,212.9588298778872
59,1.234987742686539,0.3582784039436785,-0.8767093387428608,0.1424059222921713,0.8161104862384662,0.2349944639593825,1.002342439663682,341.9555177691302
60,0.5725001290913559,0.3234524822275463,-0.2490476468638096,0.3086616634676996,0.6234382153828614,0.6318346014274542,1.004679779200161,260.3987327794347
61,0.5691286211885627,0.5506163703459339,-0.01851225084262875,0.5094891707068726,0.4236261042128469,1.469933579146584,1.018593026384877,109.1409088857688
62,2.884112134662176,0.3927633218070704,-2.491348812855105,0.05909360816210255,0.9178525610743611,0.08888028589468111,1.00687697710005,212.9722964540584
63,0.606734390633503,0.3541216640018435,-0.2526127266316595,0.325650229189202,0.6079045431756874,0.6834040174766715,1.004782492145318,257.7075892404161
64,0.5039125605054553,0.3920895862561017,-0.1118229742493536,0.3912911257847894,0.5385255117270665,0.9097073818909199,1.005629811708517,237.4891279262895
65,0.5131004898087652,0.3920434336626027,-0.1210570561461625,0.3870210736400432,0.5432236169958496,0.8935120685595913,1.005518449538104,239.9607067399143
66,0.9368096133115833,0.6754711720321669,-0.2613384412794164,0.3654105297812859,0.5582421774796918,0.8148910538730066,1.013409703836031,138.7865758408001
67,0.5214673920319111,0.5564509845798353,0.03498359254792427,0.5354286381112362,0.3976211803244621,1.631024614886394,1.018413629432502,109.94776644806
68,1.228870993309692,0.3547402837276503,-0.8741307095820419,0.1407269207767471,0.8180697741733092,0.2317700598736482,1.002253885845716,346.0770057302183
69,1.246413032891299,0.6932970864081704,-0.5531159464831281,0.2523960445514606,0.6727178885199332,0.4777737750002478,1.012038651795496,149.6428127392045
70,1.226722116514168,0.3257400291459618,-0.9009820873682062,0.124266474602059,0.8375148667809855,0.2008137079734697,1.001686547335267,375.0674740208426
71,1.240176559975411,0.7288770604007172,-0.5112994995746941,0.2671988611011901,0.6550530725226842,0.5160120229047338,1.011454225005102,154.8199922750322
72,0.5683159809711821,0.5828668846946183,0.01455090372343626,0.5323610159783776,0.4012130786998173,1.611042103308969,1.01887503340157,107.8970536810338
73,0.5528039090782071,0.6759737835944424,0.1231698745162353,0.589733534872243,0.3454490395819437,2.03423516954282,1.018110457772429,111.3397749603605
74,0.4503760311521414,0.7285974801133516,0.2782214489612102,0.6678228786489797,0.2720290898447493,2.845135337110206,1.017819012326617,112.7127980729008
75,0.7880012303461471,0.3903831012365417,-0.3976181291096054,0.2105184876074952,0.7358524705542693,0.3773632734145771,1.000652338084502,442.8554147706894
76,1.244641565595356,1.046242849968433,-0.1983987156269227,0.4972246134316824,0.4087796001053086,1.39955497958457,1.006265956975144,224.3062498539408
77,0.4505095720116305,0.6039944294277491,0.1534848574161186,0.6121548476863325,0.3234910274203956,2.233645661246243,1.0191601088689,106.6691663558039
78,2.057337296102987,0.9063972998330968,-1.150939996269891,0.2670926896433288,0.6451471985176489,0.5157322639831489,1.009116449794609,179.8127695885044
79,0.7893727734824088,1.107526560910189,0.3181537874277807,0.5858508884844631,0.3299308081659491,2.001896925134994,1.005439740534615,241.7393462695676
80,0.9321775354411536,0.3698878293251318,-0.5622897061160217,0.1736185991544818,0.7786099245343272,0.2973220149267571,1.001455281094616,388.3441228017248
81,5.75745931247187,0.3684796936883715,-5.388979618783499,0.009922285047111661,0.9845345796739995,0.01418253184941611,1.009283643144136,177.7539317054627
82,3.775993083713432,0.6202985690244583,-3.155694514688974,0.09328871569899998,0.8716787383647103,0.1456033767881111,1.01821914402269,110.8365653166276
83,0.5548330803941822,0.414775525263857,-0.1400575551303253,0.3875157458249809,0.5447329331125511,0.8953766801186636,1.005495953232845,240.4663512221214
84,1.237272804718846,0.6042336269753125,-0.6330391777435335,0.2828088595345816,0.6502160624739368,0.558045291349018,1.016071712458837,121.7405339395136
85,1.069988327628773,0.6405174873031594,-0.429470840325614,0.3242423695970599,0.6038508339363324,0.6790318727932705,1.014789379855563,129.3797175081641
86,0.510590764052951,0.6759287979412225,0.1653380338882715,0.6104024019552045,0.3255989697135152,2.217232913557817,1.018000221330325,111.8550178756973
87,2.700603154363019,1.068719824703847,-1.631883329659172,0.2533679252685195,0.6518182296448478,0.4802378055362198,1.00617964667746,226.0069924494777
88,0.5680839271377875,1.058098932033215,0.4900150048954277,0.7546224226171078,0.186523228597485,4.352173345224436,1.005308000081968,244.7770796407676
89,0.5521532806787677,0.6426625282081417,0.09050924752937406,0.5742775548950662,0.3603293518245237,1.909003164859185,1.018518937949793,109.4726383507598
90,0.5730836571308979,0.554152215645947,-0.01893144148495096,0.5105275743445746,0.4226621768492261,1.47605427393256,1.018673321906916,108.7837309840701
91,1.454764165237844,0.8251651065544845,-0.6295990586833597,0.3811996872952686,0.5379601425177201,0.8717929744168182,1.013244484387502,140.0084006828413
92,1.005874794240862,0.304425721459494,-0.7014490727813683,0.1250102243914488,0.8357061282701558,0.2021873173765419,1.000960435249358,420.2060035903534
93,0.572293003554195,0.3399440469957317,-0.2323489565584633,0.3227844125554256,0.6094140793948724,0.6745233094322427,1.004717535402677,259.4028924545939
94,1.235137259175413,0.6648893200656023,-0.5702479391098108,0.3149984078767513,0.6137931494506883,0.6507709100332068,1.015525967493054,124.8750664884574
95,0.524294842789116,0.8159146508198459,0.29161980803073,0.6904517846697086,0.2483756248729691,3.156577129926228,1.014326839235713,132.383824890845
96,0.5698518478973884,0.6034840537518158,0.03363220585442739,0.5448899268841279,0.3889875428089277,1.694352176924143,1.01890061584717,107.7856681623648
97,0.5696331857601981,0.8411391313639328,0.2715059456037348,0.6775639201788112,0.2599267512675792,2.973842702051649,1.013745901624024,136.3668012999327
98,0.5110308641969767,0.8765788962904116,0.3655480320934349,0.7141125879632715,0.2267295081176337,3.53494783203097,1.012597480224789,145.0138041147406
99,0.5265438182706579,0.7877620267355097,0.2612182084648518,0.6799693865028568,0.2581610180990248,3.006832182693877,1.015251026570301,126.518176058498
100,0.606734390633503,0.3541216640018435,-0.2526127266316595,0.325650229189202,0.6079045431756874,0.6834040174766715,1.004782492145318,257.7075892404161