Codon,alpha,beta,beta-alpha,Prob[alpha<beta],Prob[alpha>beta],BayesFactor,PSRF,Neff
1,0.826152,0.0727843,-0.753367,2.59973e-14,1,1.0821e-13,1.04261,56.0155
2,1.11689,0.227177,-0.889712,1.79494e-09,1,7.47119e-09,1.07134,36.3766
3,0.785836,0.0716014,-0.714234,2.40069e-15,1,9.99252e-15,1.02892,77.0789
4,1.01135,0.000762632,-1.01059,5.49666e-21,1,2.28791e-20,1.00965,173.378
5,0.875962,0.000541609,-0.87542,2.03875e-17,1,8.48601e-17,1.01314,140.764
6,1.10507,0.0735419,-1.03153,1.3247e-22,1,5.51386e-22,1.08322,31.9951
7,0.994023,0.159227,-0.834795,5.94786e-09,1,2.47571e-08,1.01525,126.55
8,1.00464,0.126733,-0.877904,2.6401e-13,1,1.0989e-12,1.01848,109.665
9,1.11532,0.208554,-0.90677,2.28498e-10,1,9.51088e-10,1.06688,38.3933
10,0.963239,0.0715669,-0.891672,1.90936e-19,1,7.94742e-19,1.06152,41.1778
11,0.897865,0.0758039,-0.822061,6.0441e-15,1,2.51577e-14,1.06063,41.6867
12,1.16159,0.279955,-0.881632,5.8726e-09,1,2.44439e-08,1.00933,177.251
13,1.05026,0.296435,-0.753822,3.26295e-06,0.999964,1.35816e-05,1.05443,45.6324
14,0.869236,0.263358,-0.605878,0.000237986,0.998542,0.00099082,1.01705,116.529
15,1.76979,0.253371,-1.51642,2.93571e-12,1,1.22195e-11,1.06049,41.7624
16,1.02204,0.0739123,-0.948123,7.90065e-19,1,3.28853e-18,1.05164,47.6904
17,1.0141,0.19411,-0.819994,1.41583e-10,1,5.8932e-10,1.02566,84.8681
18,1.09588,0.11408,-0.981801,1.86051e-13,1,7.74412e-13,1.01814,111.2
19,1.03731,0.257638,-0.779668,2.25302e-06,0.999976,9.37788e-06,1.01899,107.394
20,1.16089,0.265554,-0.895333,1.33597e-09,1,5.56077e-09,1.03352,68.3354
21,0.923868,0.0745573,-0.849311,1.20289e-12,1,5.00685e-12,1.05518,45.1104
22,1.006,0.280568,-0.72543,7.83623e-06,0.999923,3.26174e-05,1.04541,53.113
23,0.91012,0.273522,-0.636598,9.95967e-06,0.99989,4.14561e-05,1.04963,49.3084
24,1.14278,0.279092,-0.863683,1.92022e-07,0.999998,7.99262e-07,1.03794,61.6919
25,1.08394,0.163921,-0.920021,4.61352e-10,1,1.92031e-09,1.03235,70.3519
26,1.14948,0.246566,-0.902913,2.50945e-09,1,1.04452e-08,1.0878,30.607
27,1.02141,0.0716472,-0.94976,2.09645e-17,1,8.72617e-17,1.0377,62.0143
28,0.852912,0.598347,-0.254565,0.0717695,0.859934,0.321828,1.03164,71.6309
29,0.999786,0.128382,-0.871405,4.14053e-12,1,1.72344e-11,1.01981,103.984
30,1.15274,0.446641,-0.706104,3.19283e-05,0.999818,0.000132901,1.02035,101.844
31,1.04574,0.256742,-0.788994,5.63491e-08,0.999999,2.34545e-07,1.05997,42.0696
32,0.972601,0.0836497,-0.888951,2.3803e-12,1,9.90767e-12,1.04228,56.3732
33,1.0385,0.207119,-0.831383,6.81718e-09,1,2.83755e-08,1.03834,61.1493
34,1.08516,0.130292,-0.954873,1.57893e-12,1,6.57208e-12,1.02263,93.7642
35,1.23215,0.227008,-1.00514,6.6303e-15,1,2.75977e-14,1.09301,29.1863
36,0.998498,0.594759,-0.403739,0.0133898,0.966059,0.0564896,1.03454,66.6617
37,1.00903,0.364036,-0.644993,0.00037311,0.99817,0.00155359,1.08449,31.5957
38,1.17606,0.386376,-0.789688,7.24138e-07,0.999993,3.01412e-06,1.01228,147.633
39,1.03137,0.0786355,-0.952737,3.53284e-13,1,1.47049e-12,1.0268,81.9491
40,1.05641,0.19392,-0.862495,3.34499e-08,0.999999,1.39231e-07,1.03643,63.8037
41,1.15247,0.399674,-0.752794,2.06959e-06,0.999981,8.61439e-06,1.01431,132.499
42,1.04081,0.163121,-0.877688,3.89081e-10,1,1.61949e-09,1.02532,85.7735
43,1.16923,0.239188,-0.930045,3.34321e-09,1,1.39156e-08,1.09706,28.1797
44,1.11183,0.259086,-0.85274,2.94938e-09,1,1.22764e-08,1.04628,52.2809
45,0.850978,0.75448,-0.0964977,0.258913,0.589937,1.4542,1.02444,88.2191
46,1.11453,0.479053,-0.635479,3.77439e-05,0.999748,0.000157109,1.04804,50.6732
47,0.994994,0.673015,-0.321979,0.0487059,0.904411,0.213111,1.00873,184.722
48,1.23168,0.444011,-0.787666,2.60581e-07,0.999998,1.08463e-06,1.05639,44.3012
49,1.18023,0.272004,-0.908229,1.48399e-08,1,6.1769e-08,1.02035,101.846
50,0.752786,0.560665,-0.192121,0.124029,0.777184,0.589349,1.01846,109.751
51,1.13349,0.646566,-0.486928,0.00601838,0.985201,0.0252023,1.03287,69.4296
52,0.957935,0.715149,-0.242786,0.106136,0.81314,0.494231,1.00136,393.857
53,2.36399,0.598437,-1.76556,1.97254e-05,0.999897,8.21059e-05,1.0173,115.251
54,0.624599,0.463917,-0.160682,0.101595,0.77271,0.470694,1.06255,40.6094
55,1.15141,0.305165,-0.846241,2.42115e-07,0.999997,1.00777e-06,1.01399,134.644
56,1.67493,0.479591,-1.19534,1.97163e-06,0.999987,8.20665e-06,1.0669,38.3815
57,1.03663,0.738197,-0.298437,0.0712173,0.868261,0.319161,1.00697,211.348
58,1.14496,0.300497,-0.844466,4.30862e-07,0.999995,1.7934e-06,1.01138,155.534
59,0.938875,0.536089,-0.402786,0.00854614,0.974071,0.0358787,1.02198,95.9279
60,0.759041,0.536914,-0.222126,0.0861896,0.825934,0.392589,1.01829,110.501
61,0.789469,0.537418,-0.25205,0.0729552,0.852781,0.327563,1.01582,123.155
62,1.05822,0.531689,-0.526531,0.00166174,0.994019,0.00692828,1.03572,64.847
63,1.13044,0.597295,-0.533142,0.0011535,0.995968,0.00480682,1.0397,59.4144
64,1.00449,0.494768,-0.509726,0.00199697,0.992402,0.00832874,1.00543,241.859
65,1.84018,0.53701,-1.30318,6.23123e-06,0.999965,2.59367e-05,1.04512,53.4027
66,1.08644,0.246275,-0.840166,1.54402e-07,0.999998,6.42677e-07,1.04551,53.0135
67,0.887859,0.482968,-0.404891,0.0077417,0.974813,0.0324751,1.01674,118.098
68,1.1578,0.72139,-0.436406,0.00553228,0.984053,0.0231554,1.02701,81.442
69,0.91088,0.855528,-0.0553527,0.384163,0.488962,2.5965,1.02803,79.0478
70,1.12535,0.743678,-0.381673,0.0146141,0.960628,0.0617314,1.02283,93.1167
71,1.18539,0.771045,-0.414346,0.00700529,0.978771,0.0293642,1.07931,33.3005
72,0.970868,0.640987,-0.329881,0.0232845,0.942126,0.0992287,1.01593,122.555
73,1.11142,0.618396,-0.493023,0.00314694,0.990751,0.01314,1.03746,62.3376
74,1.13492,0.708402,-0.426521,0.00699924,0.980167,0.0293387,1.01616,121.224
75,1.09747,0.352599,-0.744871,4.93515e-05,0.999708,0.000205429,1.05347,46.3218
76,1.10521,0.762738,-0.342471,0.0378637,0.918903,0.163805,1.03165,71.6199
77,1.23891,0.678899,-0.560016,0.000816142,0.997013,0.00339985,1.02484,87.0977
78,1.05895,0.744381,-0.31457,0.0596299,0.886015,0.263939,1.01298,141.984
79,1.08925,0.683076,-0.406179,0.012969,0.967707,0.0546909,1.01543,125.471
80,1.07011,0.775444,-0.294664,0.0684723,0.865653,0.305955,1.01524,126.588
81,1.17412,0.794516,-0.379603,0.0136855,0.962497,0.0577542,1.09215,29.408
82,1.18046,0.772534,-0.407924,0.00955602,0.97335,0.0401593,1.07764,33.8947
83,1.37332,0.717751,-0.655564,0.00319075,0.991268,0.0133235,1.03615,64.202
84,1.14847,0.679931,-0.468538,0.0116357,0.974808,0.049002,1.02656,82.5568
85,1.06108,0.860893,-0.200188,0.164883,0.727892,0.821806,1.02249,94.2281
86,1.12737,0.757209,-0.370157,0.0270639,0.940907,0.115783,1.04251,56.1262
87,0.983217,1.02382,0.0406006,0.468542,0.373864,3.6696,1.01321,140.302
88,1.12375,0.735611,-0.388138,0.0168526,0.958818,0.0713491,1.0253,85.8294
89,1.1592,0.862278,-0.296919,0.0517938,0.882782,0.22736,1.06216,40.8195
90,1.29617,0.885521,-0.410646,0.0372333,0.903151,0.160971,1.0538,46.0778
91,1.2057,0.764993,-0.44071,0.00301457,0.989279,0.0125857,1.08025,32.9769
92,1.22754,0.866135,-0.361402,0.0113778,0.953306,0.0479035,1.08687,30.8773
93,1.15061,1.00508,-0.145525,0.172928,0.632382,0.870282,1.01215,148.681
94,1.17273,0.923742,-0.248985,0.0789868,0.816641,0.356967,1.03265,69.8233
95,1.11568,0.76718,-0.348496,0.0351318,0.924043,0.151555,1.04135,57.427
96,0.967069,1.16212,0.195056,0.648653,0.132063,7.6845,1.01628,120.614
97,1.15624,0.764142,-0.392094,0.0129962,0.965416,0.0548072,1.05618,44.4377
98,1.47481,0.831918,-0.642887,0.0038108,0.983906,0.0159226,1.09115,29.676
99,1.13959,0.836236,-0.303355,0.0547346,0.884427,0.241017,1.06214,40.8333
100,1.07682,0.829757,-0.247063,0.110893,0.799519,0.519146,1.02805,78.9972