dN,dS,dN/dS,dS=dN,LRT,p-value,Full Log(L)
0.03649821425299219,0.4357587196374103,0.08375785178403758,0.1166369118034404,5.572328198480108,0.01824648380558325,-34.95722584554984
0.05797030415480004,1.027887600333446,0.05639751285645875,0.4187526028997356,29.76199839650542,4.884737125898653e-08,-156.4560675311921
0.05798873794117512,1.48170838034119,0.0391364041066044,0.4583519122468155,38.55759770013793,5.316141971078991e-10,-146.6218569919478
0.03649821440559803,0.9048486117988631,0.04033626612195228,0.2055718801581196,14.27653107494913,0.0001578203837413472,-53.87895284330106
0,0.7520922979866148,0,0.1467184549175548,16.30690431840256,5.386732515966219e-05,-35.57616597290166
0.08703113910227409,0.6184271801866802,0.1407298092493325,0.2567144098235717,11.08109235608512,0.0008721241007311198,-99.17285264537787
0.0289904575916025,1.700631845985011,0.01704687446612593,0.4996750086808864,50.50188085179349,1.190492149305555e-12,-157.4683063490988
0.4865209852404908,0.7792200548105043,0.6243691781762548,0.5936196327794777,1.358040668325486,0.243877339733938,-181.212685232004
0,1.165060725689473,0,0.2844294547135161,36.56587936731205,1.475927158267609e-09,-93.63020887629628
0.02899056942789612,0.7453788400296388,0.03889373815165367,0.2569654716872726,21.17271919552715,4.196962684721584e-06,-94.48251925182548
0.1451467564493943,1.445291029030187,0.1004273558293584,0.4609728512371739,24.87892919691734,6.104602551237903e-07,-156.2802834970892
0.07302097868089932,1.659091889601459,0.04401261867324308,0.3816638112116044,25.54449276318471,4.322981868032372e-07,-90.57467942625497
1.355326132418257,0.823336798595547,1.646138171803059,1.180539227003633,2.277630006089566,0.1312523045419621,-307.2696840466451
0.1742071090602959,1.352847339779575,0.128770707483285,0.4609062200534937,20.51786503312553,5.907728187870553e-06,-162.7988694727005
0.09624122014602672,0.8729245765192194,0.1102514727329455,0.31248275267176,19.30834704284027,1.112190799779089e-05,-123.9806137539365
0.05799712897575993,1.249633623188857,0.04641130640176033,0.3950444650243737,31.40723433537045,2.091999784514798e-08,-135.6076669301986
0,0.6844952266632232,0,0.253039336139778,21.87270031290481,2.913494385192728e-06,-71.64088203441865
0.6830301996337149,1.206670359373634,0.5660453945253667,1.019856341068447,2.949401306264917,0.08590937859381997,-291.2384459880384
0.08723655188775802,0.4515412161859509,0.1931973178985123,0.1461818186325601,3.658512342004613,0.05578342043197626,-55.94570206860873
0.05798732346316935,0.6784368710491223,0.08547195168431636,0.2902644706732394,17.31202278413247,3.171737549401143e-05,-120.2780063464452
0.2327135096312936,0.909214976017344,0.2559499301811483,0.3414621171471243,5.574896338791831,0.01821974352535782,-113.0521946031788
0.401678192956767,0.4964303254881675,0.8091330693018696,0.4374746271381582,0.226981250368965,0.6337712764064144,-165.0207758486093
0.02899154916497228,0.8696927114798689,0.03333539396419716,0.29650588969872,25.44800462636556,4.544674571116403e-07,-102.170532415718
0.3009470282575334,0.8236637492050521,0.3653760755502332,0.4165211275815603,3.669354009363246,0.05542166060889231,-130.0898491084199
1.231940832006337,1.027438951730329,1.199040419804605,1.162520092958037,0.4935259723446279,0.4823586508689652,-450.8965595437724
0.07301719926305694,0.7525851710702807,0.09702184160660028,0.2055756944842885,8.804672266895153,0.003004601103159033,-55.66199609478875
0.02898178241238093,0.4945216939729257,0.05860568457481592,0.1775890358537715,12.75131744252474,0.0003557584916171752,-74.25545728419074
0.1098126968144706,1.218674439699389,0.0901083121441015,0.3243805049892678,14.59446918589927,0.0001333052181786698,-82.93512724354875
0.08699738919602643,1.477382977784514,0.05888614564010195,0.4788503864209637,34.73113040085258,3.785299296232836e-09,-155.9995887685911
0.1451430996345167,0.2470435536914944,0.5875202872760241,0.1777236427422185,0.6089866692064732,0.4351696024197084,-84.49841507190666
0.2984978083883625,0.9081851074973589,0.3286750750746378,0.4189046687631032,3.831585145261016,0.05029534570437277,-112.2862136513985
0.4136544596487469,0.9443370466959304,0.4380368864020015,0.5473556720602186,3.608469576196114,0.05748599809397459,-167.1985077385588
0.349365159486806,1.34026116793685,0.2606694634185411,0.5540337275320113,9.226514084116388,0.002385353555568903,-155.4065764069458
0.1162647158267885,1.064153695495597,0.1092555674231266,0.4168446225399117,21.60974102119604,3.341504535070428e-06,-157.196709464984
0.3786375078727977,0.6952294477660168,0.5446223676075214,0.4784987447548605,2.126361222842036,0.1447841027191757,-174.8872503613774
0.1095526846689866,1.027014039776516,0.1066710681899012,0.4423671345427653,18.54500000619984,1.65939937535331e-05,-123.3842753453417
0.07307458659811399,0.6069795170295128,0.1203905313901407,0.1765164939608069,6.30980339205847,0.01200721538952298,-51.21615282479534
0.3637415321900706,1.47785091269329,0.2461287055858528,0.520317326869197,10.02118162410085,0.001547501567186194,-187.3246043103998
0.1490986226928893,1.210216786446132,0.1231999294363827,0.3586468450502639,12.36033568977459,0.000438551830145073,-91.23363517628353
0.2605504078968092,1.349005885323599,0.1931425286808948,0.4767405164311231,10.17540822623172,0.0014232618298049,-118.6785476156324
0.4162601307851012,0.9261441091663642,0.4494550326080279,0.5472095873512126,3.396345665331808,0.06534102693602739,-169.8098804848214
0.1827692144372249,1.665314824491823,0.1097505479139643,0.4705837520998554,18.19233717346833,1.996806263937501e-05,-118.0521566917905
0.1461696676523432,0.6390769782595818,0.2287199705588075,0.3255305932481055,7.076904466521654,0.007808378548651573,-100.6940694925971
0.2168438562627301,1.207630077192372,0.1795614901931493,0.352938983865417,10.82909800410863,0.0009991730134449872,-133.7288964752509
0.2033953633441927,1.105565006827006,0.183974132763067,0.4584255469601706,14.98760269663006,0.0001082198068628193,-157.1773348521911
0.1451392705035205,1.603520586607605,0.09051288253840006,0.5031480695126224,29.13880232392347,6.737401458956072e-08,-166.4161822696475
0.2326022283894824,0.8812655405722233,0.2639411365596449,0.4165301742068896,8.636426005608257,0.003295072153253753,-144.4133815170651
0.5536579735437346,0.6067091629666568,0.9125591096011884,0.5621449022544284,0.02672405375130893,0.8701445081455795,-169.9585932674962
1.384184746844215,0.9524412180153858,1.453302020809703,1.212282266394806,1.494001656753994,0.2215966168071539,-311.8415181223453
0.1827161381940178,1.514926611593123,0.1206105541983121,0.4411568877108458,15.73130559058228,7.300585364522494e-05,-110.575364307693
0.1095456161560215,1.351994199320643,0.08102521165480336,0.3521740970372571,17.10100214297722,3.544359771501249e-05,-86.7631900006465
0.5013294729459035,1.078567220324103,0.46481059640887,0.575471802890837,2.307310651414809,0.1287666677211736,-189.9419080049536
0.2612644491054408,0.450441196228858,0.580018993140003,0.2988913263948214,0.5727527500980045,0.4491671157008271,-88.1643188184694
0.1095656047433905,0.5201074126919518,0.2106595715994607,0.2572674691901619,6.134717862601377,0.01325526969511048,-84.00212283550746
0.7533933296846155,1.146073336344231,0.6573692152090419,0.9993959253651672,1.603319393785455,0.2054334379561533,-279.4383944212494
0.3384934787209651,1.502334346072711,0.2253116821870107,0.4993521196420929,11.01684518187227,0.0009028760501841315,-174.6569715508282
0.1744257553023724,1.912336469436454,0.09121080839595867,0.6665746765627995,38.5580988345796,5.314776396758703e-10,-211.9369391791378
1.361247995548143,0.7031206548506412,1.936009113311147,1.106600697402569,5.067476834234185,0.02437884403221846,-354.1250733462043
0.3388728810701078,1.649298084917915,0.2054649090840201,0.5204603994232545,13.20527897924887,0.0002791616858802692,-181.7312731780344
0.1827530469777704,0.3116195872559066,0.586462001914183,0.2303997928847895,0.7027415817313454,0.4018640136816956,-83.25045500150902
1.282631681361606,1.050634233222373,1.220816570413549,1.143902476933786,0.4951689622419053,0.481630564626442,-350.5713863222323
0.2605337455983397,0.8978173446323408,0.2901856899468,0.3873354977015376,4.504117523554982,0.03381333973649425,-100.3677808185073
0.4752452081593733,0.7399598991120823,0.6422580584835011,0.5275695371543798,0.6557169240504095,0.4180761149656861,-140.0489496148176
0.5413690588528358,1.483315491126925,0.3649722948969806,0.7340491505734503,6.467015429316007,0.01098949367585722,-208.3207757130036
0.5933315992044913,1.713252117523611,0.3463189060942832,0.8237012914474067,6.970640617392576,0.008285782814810183,-201.8834621744695
0.2926314507808432,1.207281159080987,0.2423888160431508,0.4707362901824699,7.393818337197331,0.006544840585453682,-122.8005635722343
0.6720969008471408,1.491053827360354,0.4507529429953369,0.8057268566836581,3.883072126009779,0.04877523041225718,-240.7373461409358
1.341778730064911,0.9204873433601124,1.457682976027604,1.185118975957998,1.582492625627992,0.2084020160200102,-321.6063230516393
0.6358041907569,0.4403583464632398,1.443833632003102,0.5961996798699911,0.3718287983210757,0.5420091001320465,-145.4497267080203
0.2686440716033559,2.352407768270802e-13,1141996193121.015,0.2683246766219241,0.02614379744346707,0.8715496355600251,-93.19403601200601
0.6280129713686958,1.10435581366811,0.5686690499529813,0.7125445917601122,1.670243024867716,0.1962259865157761,-197.321762862208
0.5603388491842872,1.051697347344825,0.5327947727537307,0.657975514329288,1.719386588549639,0.1897720236937201,-165.0284905055949
0.5860305569365947,0.8908988954739572,0.6577969283762857,0.6356626429304385,0.7291152346561489,0.3931701258227888,-188.4733502662699
0.4818678278905611,0.4584462058293915,1.051089139278177,0.4757933341456281,0.009359325695186271,0.9229300080337408,-144.9715599144892
0.4018446045610494,0.4312791343399184,0.9317506286875687,0.4128044982777085,0.02121105133699075,0.8842054760888496,-137.4692932704437
0.7378143766389931,1.343924928468154,0.5489996956005392,0.8311321949048057,2.159004934007669,0.1417364507245632,-245.2870033733581
0.4091602063750731,0.7423087897514614,0.5511994631130092,0.475710239259493,1.111018317597711,0.2918606960514464,-125.7080984849478
0.5645597912181515,0,inf,0.562263008252757,0.1870478795793815,0.6653850839055893,-170.5067257355313
0.5230477516893953,0.6161022456697905,0.8489625794510264,0.5582002667157779,0.1542871573465163,0.6944716075073433,-175.9766168651333
0.3733898821752967,0.9012744485147584,0.4142909884892653,0.4783274163818061,2.622518042913555,0.105357131937538,-126.4191954538131
0.3294904272796003,1.364725922546099,0.2414334056649902,0.5303839496474753,8.353811179957745,0.003848791958289244,-128.4493893009423
0.7131770745640966,0.180248940353048,3.956622841539145,0.6451966951571745,2.842466697603925,0.09180318555009237,-202.8499131073312
0.7661817138784247,1.3589981729717,0.5637842118676489,0.8566781576628233,1.994239857285606,0.157898270216505,-255.949039203147
0.5886291383032943,0.6624229979064131,0.8886000941447623,0.6061240869399863,0.07065390727768772,0.790387060825167,-196.6081082448598
0.5865836404069859,1.067450196901392,0.5495185087882585,0.6795011859433506,1.585225838210022,0.2080095567049922,-165.3916804726958
0.3292954706834853,1.723171573061257,0.1910984813302623,0.6117338893755843,13.5604767452333,0.0002309984165566048,-144.9965726309887
0.5139693539883187,1.769173410668196,0.29051383594681,0.6919657871680268,9.879231880671739,0.001671547039432619,-237.2544018033688
0.3295182515612901,0.9305780666918014,0.3541005997838796,0.5527067599357696,6.309355257099526,0.01201025075469908,-155.9987453901381
0.7292907508030785,1.210933493587642,0.6022549996882184,0.8067668162284534,1.40773202443944,0.2354332552716812,-233.6632661146988
0.6603772478083568,2.26448923966891,0.2916230451617912,0.972778978781323,11.18108338979829,0.0008263550663716313,-221.6264756007828
0.7709776935120101,1.285143578012446,0.5999156099775049,0.8853237469060938,1.799430805706038,0.1797813229944597,-238.7396125423572
0.7330574142190214,1.102073883834483,0.6651617690716612,0.8091376547389041,1.002384800177822,0.3167341433490365,-220.3933838694591
1.523054700806084,1.723435327447145,0.8837318561074889,1.586592549133913,0.1952252416059537,0.6586028159417691,-366.9590462416633
1.085792824891558,1.221693825028993,0.8887601808626558,1.111700703022112,0.08486130598555519,0.770814515866999,-249.4293357897909
0.9058721196690354,0.8173234518666145,1.108339810389867,0.8861618525310545,0.05935614218014962,0.8075164930626699,-237.4243706508536
0.8980850029723367,1.057069840747084,0.8495985490775287,0.9222283589039799,0.1465071091844266,0.7018958900691812,-278.1319319195828
0.6313796184927768,0.4660987526181151,1.354604823433372,0.589592545299834,0.3894943523176266,0.5325653114349249,-179.1898479523139
0.6258575512926435,1.954173405958015,0.3202671520267786,0.8285280717957553,9.224215271804724,0.002388350366554937,-243.0336826717529
0.4487886526383485,1.347533527417709,0.3330445168947791,0.6280677198741275,5.605604663731413,0.01790311554711888,-154.3959262806702
0.9561112003921651,1.204624831764622,0.793700391342244,0.994048287042244,0.3273129178701311,0.567245639762972,-297.4136939196478