ObservedSChanges	ObservedNSChanges	E[SSites]	E[NSSites]	ObservedS.Prop.	P{S}	dS	dN	dN-dS	P{Sleq.observed}	P{Sgeq.observed}	ScaleddN-dS	pvalue
609.5	59.5	0.9829855652450111	2.014753108823346	0.9110612855007474	0.3279090248086769	620.049796812714	29.53215445576313	-590.5176423569509	1	0	-1.304112378120774	1
606	113	0.9656664203978975	2.03179496342399	0.8428372739916551	0.3221614215315204	627.5458970089288	55.61584807237237	-571.9300489365564	0.9999999999999886	1.143529715363911e-14	-1.263063120790779	0.9999999999999886
590.5	68.5	0.9790940553240993	2.017856818934595	0.8960546282245827	0.3266967315793194	603.108554064842	33.94690810429612	-569.1616459605459	0.9999999999999777	2.231548279496565e-14	-1.256949317697222	0.9999999999999777
621.5	80.5	0.9755678159340399	2.022053273666165	0.8853276353276354	0.3254473420001699	637.0648865706543	39.81101835860448	-597.2538682120498	1.000000000000014	-1.398881011027697e-14	-1.318988810066802	1.000000000000014
577	50	0.9852718494074971	2.013578690761054	0.9202551834130781	0.3285498347483898	585.6251757796435	24.83141097460758	-560.7937648050359	1.000000000000027	-2.664535259100376e-14	-1.238469501666683	1.000000000000027
501.5	313.5	0.8094261328531658	2.167949689640506	0.6153374233128834	0.2718589056638604	619.5747575288316	144.6066767591757	-474.9680807696558	1.000000000000025	-2.531308496145357e-14	-1.048930140125364	1.000000000000025
582.5	46.5	0.9856536707510013	2.013734734041628	0.9260731319554849	0.3286182173592643	590.9783702790601	23.09142272511388	-567.8869475539462	1.000000000000049	-4.907185768843192e-14	-1.254134245206276	1.000000000000049
633.5	86.5	0.9758200133163116	2.021982421256766	0.8798611111111111	0.3255117822516813	649.1975890585176	42.7797982270468	-606.4177908314707	0.99999999999995	4.996003610813204e-14	-1.339226621882937	0.99999999999995
427	3	0.5862152814091481	2.244540054675861	0.9930232558139535	0.2070879365434299	728.4013459587314	1.33657672704497	-727.0647692316865	0.9999999999999986	1.443289932012704e-15	-1.605666109256432	0.9999999999999986
579.5	53.5	0.984832696612006	2.014059283176335	0.915481832543444	0.3283988563941255	588.4248177315596	26.56326973435765	-561.861547997202	0.9999999999999584	4.163336342344337e-14	-1.240827617966977	0.9999999999999584
612.5	78.5	0.9825233446339313	2.011927427658858	0.886396526772793	0.3281147092899555	623.394857074063	39.01731191733146	-584.3775451567316	1.000000000000073	-7.260858581048524e-14	-1.290552450038506	1.000000000000073
604	107	0.9772806234368235	2.017427623764267	0.849507735583685	0.3263358373391492	618.0415179786338	53.03783825481254	-565.0036797238213	0.999999999999969	3.097522238704187e-14	-1.247766771998032	0.999999999999969
454.3333333333334	449.6666666666666	0.6899089334458115	2.267502405445653	0.5025811209439528	0.2332813580488983	658.5410208621668	198.309234683387	-460.2317861787798	1.000000000000047	-4.729550084903167e-14	-1.016386177328772	1.000000000000047
455	429	0.7630064867613009	2.197869121738814	0.5147058823529411	0.2576962316724328	596.3252054793372	195.1890564168819	-401.1361490624553	1.00000000000003	-3.019806626980426e-14	-0.8858780496651666	1.00000000000003
528	251	0.8505486408707398	2.134437714065281	0.6777920410783055	0.2849422207455853	620.775784744616	117.5953734072389	-503.1804113373771	0.9999999999999465	5.351274978693255e-14	-1.111234882388696	0.9999999999999465
398.6666666666667	445.3333333333334	0.6921805064753808	2.272942586339705	0.4723538704581359	0.233440732410952	575.9576626864257	195.9281048319342	-380.0295578544915	0.999999999999968	3.197442310920451e-14	-0.8392657812418595	0.999999999999968
622	207	0.9544254301173892	2.027978936222909	0.7503015681544029	0.3200187878240544	651.7009924216891	102.0720660864138	-549.6289263352752	0.9999999999999959	4.107825191113079e-15	-1.213812822502926	0.9999999999999959
605.5	188.5	0.9388032909639797	2.050344512495412	0.7625944584382871	0.3140705487622548	644.9700441274146	91.93576925790991	-553.0342748695047	0.9999999999999778	2.220446049250313e-14	-1.221333270423125	0.9999999999999778
587	175	0.9459262112768635	2.039869939261411	0.7703412073490814	0.31680870480938	620.5558034041946	85.78978327577265	-534.766020128422	1.000000000000033	-3.26405569239796e-14	-1.180989247779837	1.000000000000033
582	213	0.9351414907576503	2.042151931838688	0.7320754716981132	0.3140911418607049	622.3657123035622	104.3017400807302	-518.0639722228319	1.000000000000029	-2.864375403532904e-14	-1.144104071366293	1.000000000000029
434	534	0.6764804375645429	2.275317815991331	0.4483471074380165	0.2291757022180032	641.5558764160007	234.6924883402902	-406.8633880757105	1.000000000000023	-2.287059430727822e-14	-0.8985262124869094	1.000000000000023
590	212	0.944136959300352	2.047433989718724	0.7356608478802993	0.3155990532699653	624.9093356510655	103.5442417506825	-521.3650939003829	1.000000000000029	-2.90878432451791e-14	-1.151394342363438	1.000000000000029
354	760	0.5324987907457479	2.410693352158574	0.3177737881508079	0.1809255953708417	664.7902420665296	315.2619968522681	-349.5282452142615	0.9999999999999321	6.794564910705958e-14	-0.7719059997384791	0.9999999999999321
419	214	0.614408360449238	2.257347611126853	0.6619273301737757	0.2139486664363182	681.9568661039037	94.80152677645096	-587.1553393274528	1.00000000000001	-9.992007221626409e-15	-1.296686992856652	1.00000000000001
422.1666666666667	651.8333333333334	0.6990887877482399	2.226825852024807	0.3930788330229671	0.2389300009799554	603.8813296183201	292.7185943798141	-311.1627352385061	0.9999999999999716	2.842170943040401e-14	-0.6871787488258716	0.9999999999999716
414.1666666666667	155.8333333333333	0.6024881985750498	2.252484225056989	0.7266081871345029	0.2110311797017557	687.4270195602436	69.18287444583132	-618.2441451144123	0.9999999999999962	3.774758283725532e-15	-1.365344207374317	0.9999999999999962
525.5	359.5	0.8526453304054046	2.128074250218436	0.5937853107344633	0.2860535207498294	616.3172203736133	168.9320755434634	-447.3851448301499	1.000000000000025	-2.464695114667848e-14	-0.9880153670458519	1.000000000000025
585	290	0.950539906462057	2.03671867291431	0.6685714285714286	0.3181980672930215	615.4397053958425	142.3858895470543	-473.0538158487881	0.999999999999992	7.993605777301127e-15	-1.044702634629775	0.999999999999992
452.6666666666667	518.3333333333333	0.6972322662162543	2.262087018662212	0.4661860624785445	0.2356056238267269	649.2336752043932	229.1394314440977	-420.0942437602955	1.00000000000001	-9.547918011776346e-15	-0.927745530308691	1.00000000000001
548.6666666666666	251.3333333333333	0.95631144812312	2.030073337851247	0.6858333333333333	0.3202237878435697	573.7321954510668	123.8050511019271	-449.9271443491397	1.000000000000052	-5.173639294753229e-14	-0.9936291756776485	1.000000000000052
521.8333333333333	389.1666666666666	0.8118481629146134	2.157556915544566	0.5728137577753385	0.2734043154987397	642.7720812471894	180.3737662088239	-462.3983150383655	0.9999999999999837	1.63202784619898e-14	-1.0211707881527	0.9999999999999837
397	330	0.6075354251762594	2.32146797404391	0.546079779917469	0.2074205258136649	653.4598371524123	142.1514333558315	-511.3084037965808	1.000000000000014	-1.443289932012704e-14	-1.129184922853215	1.000000000000014
465	508	0.731144613234093	2.227946322805991	0.4779033915724563	0.2470841988426775	635.9890937897391	228.0126746322139	-407.9764191575251	1.000000000000004	-4.218847493575595e-15	-0.9009842552394242	1.000000000000004
569.6666666666666	386.3333333333334	0.8849924541760831	2.097746254299937	0.5958856345885635	0.296704653230673	643.6966371617475	184.1659030692733	-459.5307340924742	1.000000000000067	-6.727951529228449e-14	-1.014837958210696	1.000000000000067
477.25	480.75	0.7081232615665056	2.179787728523638	0.4981732776617954	0.245202592460927	673.9645848439305	220.5489982850808	-453.4155865588497	1.000000000000047	-4.729550084903167e-14	-1.001333129530549	1.000000000000047
410.8333333333333	250.1666666666667	0.6012771810009137	2.250556548255377	0.6215330307614725	0.2108387928905366	683.2677944794799	111.157689799261	-572.1101046802189	1.00000000000001	-9.547918011776346e-15	-1.263460759925022	1.00000000000001
440.5	601.5	0.6881145584632656	2.237444076916273	0.4227447216890595	0.2352079189737365	640.1550360796729	268.8335347487251	-371.3215013309478	0.9999999999999689	3.108624468950438e-14	-0.82003471431488	0.9999999999999689
431.4166666666667	328.5833333333333	0.6247567256939281	2.23767642775991	0.5676535087719299	0.2182607216312077	690.5354499185017	146.8413079107559	-543.6941420077458	1.000000000000007	-6.883382752675971e-15	-1.20070631196394	1.000000000000007
439.5	717.5	0.6760953308968525	2.269657280823207	0.3798617113223855	0.229515312388053	650.0562567367466	316.1270232569042	-333.9292334798424	1.000000000000062	-6.195044477408373e-14	-0.7374567930930821	1.000000000000062
433.5833333333333	588.4166666666667	0.7112135830334654	2.253936510285482	0.4242498369210698	0.2398575318787289	609.6387128659936	261.0617752458956	-348.576937620098	0.9999999999999936	6.439293542825908e-15	-0.7698051107557262	0.9999999999999936
561.3333333333334	479.6666666666666	0.8876868480441246	2.084909332930845	0.5392251040666026	0.2986234234321649	632.3551312832236	230.0659597472179	-402.2891715360057	0.9999999999999463	5.373479439185758e-14	-0.8884244103022627	0.9999999999999463
390.6666666666666	283.3333333333333	0.6099122102573387	2.25439589178542	0.5796241345202769	0.212935266922704	640.5293419225591	125.6803804361713	-514.8489614863878	1.000000000000003	-2.664535259100376e-15	-1.137003969698791	1.000000000000003
417.25	702.75	0.6196075782403986	2.347580543425611	0.3725446428571428	0.2088197825126446	673.4100980251619	299.3507515505904	-374.0593464745716	1.000000000000041	-4.085620730620576e-14	-0.8260810328074599	1.000000000000041
423.5	514.5	0.6236277154566183	2.304236361382544	0.4514925373134329	0.2129974954745402	679.0910498419952	223.2843855008431	-455.8066643411521	1.00000000000005	-4.973799150320701e-14	-1.006613639221173	1.00000000000005
460.8333333333333	751.1666666666666	0.7299912431911982	2.183945934672762	0.3802255225522552	0.2505171520980808	631.2861114864531	343.9492959697374	-287.3368155167157	0.9999999999999172	8.282263763703668e-14	-0.6345610544496607	0.9999999999999172
445.0833333333333	829.9166666666666	0.6885428372549017	2.25738032598729	0.3490849673202614	0.2337273578096697	646.4134244832198	367.6459199686228	-278.7675045145971	1.000000000000004	-4.440892098500626e-15	-0.6156363962375454	1.000000000000004
436.5833333333333	540.4166666666667	0.6311784518412052	2.301987922217385	0.4468611395428181	0.2151867202022539	691.6955609935349	234.76086101534	-456.9346999781949	1.000000000000029	-2.886579864025407e-14	-1.00910481836928	1.000000000000029
424.6666666666667	855.3333333333333	0.674904718771656	2.265038009321781	0.3317708333333333	0.2295639001135693	629.2246221652902	377.6242737707723	-251.6003483945179	1.000000000000011	-1.13242748511766e-14	-0.55563984061708	1.000000000000011
442.8333333333334	846.1666666666666	0.7131223770654682	2.189998867466543	0.343547970002586	0.245639887899489	620.9780362742412	386.3776731745701	-234.6003630996711	1.000000000000004	-2.886579864025407e-15	-0.5180966926047811	1.000000000000004
403.8333333333333	682.1666666666666	0.6267149520218258	2.338601114688096	0.371853898096992	0.211348449178026	644.3652445669902	291.6985980987393	-352.6666464682509	1.000000000000027	-2.664535259100376e-14	-0.778836915310284	1.000000000000027
496.1666666666666	632.8333333333333	0.733714493943985	2.181855683368589	0.4394744611750812	0.2516538616197145	676.2394238657989	290.043625780187	-386.1957980856119	0.9999999999999707	2.930988785010413e-14	-0.8528834441786928	0.9999999999999707
436.25	554.75	0.643655397331551	2.266757811779947	0.4402119071644803	0.2211560184363129	677.7695049378804	244.732806088529	-433.0366988493514	1.000000000000049	-4.929390229335695e-14	-0.9563279378004345	1.000000000000049
399.6666666666667	867.3333333333334	0.680427877553418	2.191385817106181	0.3154433043935806	0.2369331544099591	587.3755027553088	395.7921633711603	-191.5833393841485	0.9999999999180825	1.227158374916826e-10	-0.4230969346408732	0.9999999999180825
459	798	0.7537149704898423	2.141829186382236	0.3651551312649164	0.2603016668563071	608.9835255649681	372.5787308687776	-236.4047946961905	1.000000000000023	-2.331468351712829e-14	-0.5220816397286314	1.000000000000023
415.0833333333334	724.9166666666667	0.6638032832657997	2.288172066047041	0.3641081871345029	0.2248674886192121	625.3107566615122	316.8103821488413	-308.5003745126709	0.99999999999996	3.996802888650564e-14	-0.6812991318109992	0.99999999999996
487.75	738.25	0.8039992585754068	2.158622093058632	0.3978384991843393	0.2713810383267371	606.6547882945021	342.0005763741379	-264.6542119203642	0.9999999999999862	1.376676550535194e-14	-0.5844682849941324	0.9999999999999862
431.3333333333334	848.6666666666666	0.6959428348326624	2.178262841775896	0.3369791666666667	0.2421339713078034	619.7827059129739	389.6070990104964	-230.1756069024776	0.9999999999999425	6.306066779870889e-14	-0.5083249619857005	0.9999999999999425
461.75	754.25	0.755574792793536	2.178441414058823	0.3797286184210527	0.2575223650874526	611.124146019751	346.2337775679258	-264.8903684518253	0.999999999999992	7.993605777301127e-15	-0.5849898183637762	0.999999999999992
426.6666666666667	994.3333333333334	0.7142893994433954	2.172328396479726	0.300258034248182	0.2474485539624308	597.3302515747027	457.7269877540882	-139.6032638206146	0.9999972744340908	3.599999516601393e-06	-0.3083029723682236	0.9999972744340908
513.6666666666666	781.3333333333334	0.7997724457366544	2.167974040723275	0.3966537966537966	0.2694881282432791	642.2660212975186	360.3979192816657	-281.8681020158529	1.000000000000043	-4.329869796038111e-14	-0.6224838251557043	1.000000000000043
540.1666666666666	713.8333333333334	0.8586889377428021	2.079716480346309	0.4307549175970228	0.2922295652113316	629.059771151331	343.2358881987931	-285.8238829525379	1.000000000000058	-5.795364188543317e-14	-0.6312198603130532	1.000000000000058
484.1666666666667	889.8333333333334	0.7234772306371029	2.1783800543588	0.3523774866569627	0.2493152348938223	669.2217061763002	408.4839702570877	-260.7377359192125	1.000000000000068	-6.794564910705958e-14	-0.5758190517361235	1.000000000000068
412	978.9999999999999	0.6657058738766011	2.22817582573824	0.2961897915168943	0.2300390765680583	618.8919403712075	439.372866670267	-179.5190737009405	0.9999999948432292	7.338859298045008e-09	-0.3964539402883031	0.9999999948432292
407.3333333333333	543.6666666666666	0.6182759502680629	2.242476816716547	0.4283210655450403	0.216123517349512	658.8212482738942	242.4402618630893	-416.3809864108048	0.9999999999999653	3.47499806707674e-14	-0.9195450896693721	0.9999999999999653
463.8333333333333	857.1666666666666	0.7341072972879433	2.225647527845942	0.3511228867019934	0.2480297662002242	631.8331598758119	385.1313633189087	-246.7017965569032	1.000000000000018	-1.754152378907747e-14	-0.5448217691013809	1.000000000000018
448.1666666666667	842.8333333333334	0.7167809038948644	2.161746365774066	0.347146914536535	0.2490095930122295	625.2491720013828	389.8853939007486	-235.3637781006342	1.000000000000041	-4.063416270128073e-14	-0.5197826353793702	1.000000000000041
446.5	948.4999999999999	0.674265225427133	2.26548533469458	0.3200716845878136	0.2293613732313454	662.2023250823169	418.674085183549	-243.5282398987678	1.000000000000018	-1.532107773982716e-14	-0.5378132155482251	1.000000000000018
474.4166666666667	1090.583333333333	0.7242440484620719	2.23374091715908	0.3031416400425985	0.2448437219524497	655.0508322078556	488.2317931124978	-166.8190390953578	0.9999999303926084	9.433636138922452e-08	-0.3684068996180241	0.9999999303926084
387.7499999999999	992.25	0.6490326733729008	2.241576697483846	0.2809782608695652	0.2245314361450832	597.4275501184494	442.6571712285347	-154.7703788899148	0.9999995816328762	5.713077338986849e-07	-0.3417983687518261	0.9999995816328762
424.5833333333333	1013.416666666667	0.7119490826101782	2.155071859291588	0.2952596198423736	0.2483236422186456	596.3675545120554	470.2472737961488	-126.1202807159067	0.999976802931405	2.980966496091142e-05	-0.2785268507088232	0.999976802931405
498	821	0.7900128476353537	2.175100839731769	0.3775587566338135	0.2664359383591956	630.369495243781	377.4537644430522	-252.9157308007288	0.9999999999999599	4.007905118896815e-14	-0.5585447605633415	0.9999999999999599
459.8333333333334	895.1666666666667	0.7260232896221793	2.202594396268603	0.3393603936039361	0.247906475850346	633.3589292605606	406.4146663512635	-226.9442629092971	1.000000000000013	-1.110223024625157e-15	-0.5011887895884573	1.000000000000013
427.3333333333334	778.6666666666666	0.6641843013989003	2.261244724897546	0.3543394140409066	0.2270382550486103	643.3957147636386	344.3531158273667	-299.0425989362719	1.000000000000022	-2.220446049250313e-14	-0.6604123685477693	1.000000000000022
445.0833333333333	927.9166666666666	0.686929860298505	2.253931369723509	0.3241684874969653	0.2335811881519357	647.9312649764892	411.6880749481271	-236.2431900283621	1.000000000000062	-5.662137425588298e-14	-0.5217247483632255	1.000000000000062
492.3333333333334	876.6666666666667	0.8045171327158827	2.164558825752829	0.3596299001704407	0.2709654936314964	611.961278775156	405.0093978673755	-206.9518809077804	0.999999999999747	4.122258090433206e-13	-0.4570371657144716	0.999999999999747
451.5	1000.5	0.773757692414672	2.151528216310147	0.3109504132231405	0.2645066897929186	583.5160082105294	465.0183029976009	-118.4977052129285	0.9999648605221273	4.467872404745332e-05	-0.261692984362481	0.9999648605221273
459.5	988.5	0.7406391752589111	2.158852833409215	0.3173342541436464	0.2554375639059345	620.4100665339083	457.8820680606474	-162.5279984732609	0.9999999437200475	7.704143234477101e-08	-0.3589304694677578	0.9999999437200475
483.6666666666667	1048.333333333333	0.7159225540768063	2.169784858687532	0.3157093124456049	0.2480925650708969	675.5851787493449	483.1508198317198	-192.434358917625	0.9999999989830414	1.43476241998286e-09	-0.424976345225796	0.9999999989830414
434.25	1110.75	0.6614624710060543	2.242588843397031	0.2810679611650486	0.2277723081976652	656.4998303524696	495.298103025188	-161.2017273272817	0.9999995319277195	6.27362423788469e-07	-0.3560015025848845	0.9999995319277195
491.7500000000001	913.25	0.7301014272613752	2.214879157367419	0.35	0.2479138338201989	673.5365548380914	412.3249780748665	-261.2115767632249	0.9999999999999937	6.328271240363392e-15	-0.5768654924613646	0.9999999999999937
429.25	986.75	0.6790935284855035	2.241390135716383	0.3031426553672316	0.2325277613463683	632.0926087416884	440.2401814285755	-191.852427313113	0.9999999995623748	6.341772662565859e-10	-0.4236911944458212	0.9999999995623748
425.3333333333333	998.6666666666667	0.6787885309399242	2.079768609283358	0.298689138576779	0.2460665110185036	626.6065408388246	480.181623190661	-146.4249176481636	0.9999972330787942	3.654589513346629e-06	-0.3233680653606258	0.9999972330787942
460.0833333333333	1098.916666666667	0.7257550018345506	2.184132615731559	0.2951143895659611	0.249409976334958	633.9375301173851	503.1364207244315	-130.8011093929536	0.9999815137237971	2.35892961149009e-05	-0.2888640975237282	0.9999815137237971
430.5000000000001	1144.5	0.6500160331581851	2.271810723963255	0.2733333333333334	0.2224690535035608	662.2913559660387	503.7831664089423	-158.5081895570964	0.9999990653940294	1.242691592073797e-06	-0.3500530334874767	0.9999990653940294
434.1666666666667	985.8333333333334	0.6655245215493593	2.19265162601051	0.3057511737089202	0.2328493721835661	652.3676477854111	449.6078271800246	-202.7598206053866	0.9999999998767384	1.80442216723975e-10	-0.447779325917577	0.9999999998767384
441.9166666666666	958.0833333333333	0.6720748070690563	2.212807865071134	0.3156547619047619	0.2329643467165575	657.5408898213012	432.9717678866502	-224.569121934651	0.9999999999993532	9.845457782375888e-13	-0.4959434751005533	0.9999999999993532
425.5833333333333	1149.416666666667	0.6681124638614668	2.241466522087698	0.2702116402116402	0.2296251337694875	636.9935547581373	512.796713821138	-124.1968409369993	0.9999244822345054	9.511125131822507e-05	-0.2742790832513917	0.9999244822345054
446.8333333333334	850.1666666666667	0.6887016337819476	2.229628610684855	0.3445129786687227	0.2359916719801455	648.8053917914865	381.304160967655	-267.5012308238315	0.9999999999999288	7.116529587847253e-14	-0.5907557052614363	0.9999999999999288
437.6666666666667	1142.333333333333	0.6909523286165591	2.194269142945332	0.2770042194092827	0.2394798234474935	633.4252719619212	520.5985496382625	-112.8267223236587	0.999739079108553	0.0003221561878163914	-0.2491690588240507	0.999739079108553
482	1271	0.7496300608463494	2.195027657415255	0.2749572162007986	0.2545729020379652	642.9838198535035	579.035984219288	-63.94783563421549	0.9758092505225006	0.02742370836645613	-0.1412238314705646	0.9758092505225006
389.25	1166.75	0.638254308361529	2.07645776778945	0.2501606683804627	0.2351093929881765	609.8666235395242	561.8944040658702	-47.97221947365404	0.9228055115473091	0.08608207654288969	-0.1059429231814589	0.9228055115473091
412.0833333333333	1169.916666666667	0.7101811629090239	2.014057805801964	0.2604825115887063	0.2606897453071292	580.2510047511952	580.8754164336538	0.6244116824585717	0.50575383642774	0.5170872385287849	0.001378964734884617	0.50575383642774
458.6666666666666	1357.333333333333	0.7302170429910722	2.227123296603362	0.2525697503671072	0.2469168100859211	628.1237490539843	609.4558551847734	-18.66789386921084	0.7219545139777582	0.2964858525376183	-0.04122659463841541	0.7219545139777582
433.3333333333334	1195.666666666667	0.6867052500559923	2.141265604436434	0.266011868221813	0.2428261412118564	631.03250382606	558.3925059037025	-72.63999792235745	0.9858193952372948	0.01635371711964084	-0.1604197972123443	0.9858193952372948
496.6666666666666	1274.333333333333	0.8037844098292845	2.136851841566293	0.2804441934876717	0.2733369043681692	617.9103010621387	596.3601727292699	-21.55012833286878	0.7579141855019376	0.2589478202141349	-0.04759178573702538	0.7579141855019376
453.5833333333333	1204.416666666667	0.687493472436365	2.255928846589581	0.273572577402493	0.233569429705172	659.7638399764113	533.8894746115125	-125.8743653648988	0.9999307843580757	8.66816152621519e-05	-0.2779837657436743	0.9999307843580757
477.5	1159.5	0.6992214088168051	2.214918456923569	0.2916921197312156	0.2399409228901781	682.9024311598334	523.4955699500098	-159.4068612098237	0.999999300286644	9.226544583906815e-07	-0.3520376800790843	0.999999300286644
474.6666666666666	1272.333333333333	0.75655676128399	2.157076176922243	0.2717038733066208	0.25966097217097	627.4039053739818	589.8416323658643	-37.56227300811759	0.8796728417394517	0.1314988348318873	-0.0829533644155338	0.8796728417394517
484.8333333333333	1106.166666666667	0.7881089776826496	2.155915944579186	0.3047349675256652	0.2676977941739573	615.1856495264576	513.0843201229628	-102.1013294034948	0.9995535732523927	0.0005431727399055619	-0.2254828610475245	0.9995535732523927
432.6666666666667	1235.333333333333	0.6774480037741578	2.228454683932812	0.2593924860111911	0.2331282484578752	638.6714024636873	554.345278923598	-84.32612354008927	0.9944231574873416	0.006544200578224912	-0.1862276985809306	0.9944231574873416
