dN,dS,dN/dS,dS=dN,LRT,p-value,Full Log(L)
0,0.9330411335220913,0,0.2124339626906913,8.853800458254142,0.002924792673313581,-21.35835250208338
0.2112261318537993,1.483725793085324,0.1423619733768774,0.7085051907826088,8.426282105314556,0.003698357737546454,-71.23492552540641
0,1.245344690744981,0,0.2832755535963131,11.8009158528349,0.0005920159047360096,-26.14455417889396
0,0.9338056023926151,0,0.2124692714281047,8.857494297171456,0.002918879800410501,-22.05528898482827
0,0.6107043658465882,0,0.2083029512007581,6.44450396916713,0.01112961131582446,-24.94371294666189
0.103679738477981,3.048490676292094,0.03401018716714186,1.099475458978159,25.66096544874642,4.069763339664689e-07,-85.21491100605624
0.1056102324262136,0.4440053066237152,0.2378580409979558,0.2146726664161348,1.483892963700676,0.2231664240156672,-28.05891274688279
0,0.2207122853133866,0,0.07130634467584714,2.258067439806826,0.1329198436432073,-11.90664969804133
0,1.64371749611958,0,0.6423689140543463,18.71712060392039,1.51615078974876e-05,-61.2007943162815
0,0.4443650600778896,0,0.142906701618631,4.530933387761209,0.03328745745045059,-18.72020168940177
0,0.4828275753514493,0,0.1910622021031295,5.556667565829862,0.01841042671232129,-23.12852196541062
0.1055300333864774,0.1591634216135874,0.6630294342545635,0.126915877657431,0.08375691439648847,0.7722692742816831,-21.08157664113013
0.1055961948068109,0.3245236853877125,0.3253882522647115,0.1919191339118582,0.9052537565608105,0.3413768810966104,-25.94793537736883
0,0.6430022542212567,0,0.2546362856894928,7.399932666911774,0.006522631847349358,-27.26200400737069
0,1.519883553513824,0,0.5840338288111718,17.14481987416667,3.463526890234991e-05,-60.60439888574149
0.2114115813502106,1.750990233232184,0.120738298442683,0.7538040931267534,10.02981190390537,0.001540267651472083,-74.3139518738697
0.105553148651015,0.4415360160541035,0.2390589777801524,0.2142089804247779,1.473546235153293,0.2247870101884927,-27.26176075830917
0,0.8182095075363969,0,0.2782126788468892,8.613245417947475,0.003337271225790861,-28.36167172861357
0.2115813425608947,0.568478004434562,0.3721891452446688,0.3394963443954649,1.199518876052821,0.2734178607283659,-41.14943538186381
0.625343456299099,1.313674539503211,0.4760261674368628,0.8062306304574502,1.77030531807938,0.1833442981033889,-82.62834429802963
0.5214362328499024,0.2080609224147623,2.506170917624008,0.4291153041650824,0.8877883299526417,0.3460773540544665,-51.96611315578586
0,1.273621705934226,0,0.2847498981278572,11.94075871453888,0.0005491911009117834,-27.25782113082451
0,0.6096554115244829,0,0.2081813450422619,6.437748205535129,0.01117201768976961,-22.05217013449277
0.1599785543710406,1.416169691541612,0.1129656674101614,0.4364616957249313,7.706918165295733,0.005500958675075052,-46.42369120819939
0,1.127188586469686,0,0.2767444774810652,11.19977319007894,0.0008180733063037904,-26.20103496180891
0.3173715863673688,2.780699499808669,0.1141337229676224,1.133588058471469,15.56355906180366,7.977744010723153e-05,-96.05961137393551
0,0,0,0,0,1,0
0.2115402602134829,2.187473617367127,0.09670528528160975,0.9749182293498968,14.80226004904117,0.0001193923305025102,-85.76681491556496
0.1600150531988487,2.340006998872459,0.06838229683755329,0.6278410602266795,15.43959819935546,8.518449788974536e-05,-61.56120194795319
0.317057234729246,0.4847667457868792,0.6540408092857006,0.3834007481545478,0.2675246531671434,0.6049971100328504,-54.46928167191288
0.1842359343151814,0,inf,0.1379324433047337,1.157137314602686,0.2820600283604703,-21.44038698992133
0.09191861912379477,0.8512698685255977,0.1079782364234248,0.277671456157039,4.494573385893943,0.03400259688648333,-30.92077100214707
0.2441478727895188,1.40177760334464,0.1741701909111561,0.5043176169150843,5.824986937654643,0.01580008577864644,-54.59991113297322
0.08111885504921938,1.242503162286517,0.0652866387075751,0.3213497225801025,8.017682287316319,0.004632281437221719,-33.75981589321393
0.5977972638462002,0.6493211583628095,0.9206495986569713,0.6196918660760975,0.01505083925891881,0.9023590274052573,-61.10578106675518
0.316895208027833,1.150619629594757,0.2754126558221869,0.6132114514470237,3.577299994115236,0.05857428209549864,-63.78220282862175
0.3181352026052911,0.9534699707048371,0.3336604322945954,0.5453229136770009,2.346684884831191,0.1255497498288254,-58.62649435868715
0.3150360890680057,1.020836657246695,0.3086057762832414,0.5548539591497679,2.689353189434613,0.1010208138925984,-58.47937215630176
0.623921541629511,0.6463463399352839,0.9653052908011852,0.6259019610159888,0.001113979413389643,0.9733744849609132,-70.37220287540401
0.1055238209656335,0.2210052180103085,0.4774720792371132,0.1428440399915797,0.2668194753078978,0.6054733190865516,-19.9938551416402
0.3210959260101177,2.569741229182235,0.1249526303908427,0.8140867124745278,13.09139826453705,0.0002966548336545971,-70.50658995676119
0.409917739161964,1.118511422589522,0.3664850719297463,0.5703582516489402,2.064498062065226,0.1507645619335268,-63.92002190196198
0.6878336749385203,1.336225112091452,0.5147588297168931,0.8200343666819132,1.063520741008148,0.3024135570348642,-81.29109081195215
0.1840763484640851,1.894719042983188,0.09715231878086868,0.5696622759453263,9.809822407261976,0.001735822674153065,-52.09315764202157
0.09230832635892645,0.3073139927298049,0.3003713743685121,0.1419643258289299,0.6822124377596026,0.4088259187467398,-19.79326686943496
0.9101028097190731,1.139883878582223,0.7984171254804047,0.9807624955156163,0.1577221313744701,0.6912624125642612,-88.02115541859806
0.5952079039617986,0.3254180042882702,1.829056463128377,0.4810992493160696,0.5586299030274091,0.4548128027852634,-46.7165026138711
0.08113717230867426,0.8387208801726597,0.09673918251799252,0.2514669801666305,4.947149729223135,0.02613371983063695,-29.0190436670805
0.7966762187073035,1.569442303621208,0.5076173981478103,0.9527704847960599,1.384713896481486,0.2392998284454183,-96.44951162423453
0.5656636157233506,0.9268015765755755,0.6103395052621858,0.7519008787163263,0.6382122728290653,0.4243589014267564,-77.11124655383355
0,0.4804396275210852,0,0.1906842409949635,5.538685771470263,0.01860054634749098,-24.58149133847946
0.6523060564501452,1.226670427835834,0.5317696111750102,0.7727591738071951,0.9703914028031022,0.324582583629715,-82.83877318216607
0.3168593283189453,0,inf,0.1903296606310814,3.05416395460135,0.08053043030773832,-26.95837358510495
0.6904901109130447,1.124870290287163,0.6138397616820095,0.7835375083682724,0.6107867633062085,0.43449173361186,-82.04402332586699
0.1847026360093124,1.105533304720856,0.1670710734996349,0.4152559938586702,4.568142894310043,0.03257185702306531,-39.99948723170463
0.9439632536275135,1.062522089404546,0.8884175331889104,0.9776271678056117,0.04579584683042981,0.8305473362713157,-101.9472609057923
1.361209503119573,1.535869678277051,0.8862792998469678,1.447116028307957,0.07546593034186344,0.7835385635739854,-129.6040364646183
0,0.6270657860961549,0,0.1419073168739472,5.932726711025424,0.01486222780109392,-16.98619256445116
0.6060742894231703,0.6454123995125917,0.9390496524096391,0.6173577431167019,0.008183434389053446,0.927919822043815,-68.70641769903612
0.6083320513971697,0.6355157394101181,0.9572257832069114,0.6162359676090312,0.003963819594986262,0.9497992545087597,-74.2254906727194
0.7617822325494062,0,inf,0.7481489673860209,0.432604340515752,0.5107137973202592,-75.68230306291773
0.4650270720794671,0.3039707330280261,1.529841598390302,0.4273233337453161,0.1644702516964713,0.6850737723539163,-50.5590650902847
0.3172190961207129,0.7601087025629568,0.4173338563959395,0.475639641391389,1.316969219764488,0.2511367062057116,-51.68865090989191
0.2589212540310487,1.008892579640973,0.2566390706562526,0.4117761305688769,2.565473824395852,0.1092198288264029,-46.71281317168921
0.3183299084676114,1.804491140750701,0.1764097929210007,0.7933277341087724,7.586351987448495,0.00588118396423376,-73.24592513936892
0.9766676894987474,1.548010047821709,0.6309181848483933,1.095399976321406,0.6887524673637984,0.406589037239148,-100.2244476872589
0.5539510781542597,1.71061779480764,0.3238310041177561,0.8365962696675705,3.591691946790888,0.05806909295287677,-85.97332358982811
1.145619440431282,0.4067247673212309,2.816694562213549,0.9096141684298222,2.304184230573298,0.1290260050585844,-84.21777128844067
0.2763960722720538,0.8502443971841062,0.3250783812130253,0.4171053372198346,1.793240553120597,0.1805318319500018,-45.4864928325034
2.112259607576735,1.23098865115994,1.715905021209081,1.812290910905952,1.449431024539138,0.228619271433289,-148.7082744271998
0.1837995208256663,1.433967738590598,0.1281754922926767,0.4870823709290513,6.857559288572602,0.008826703543697967,-49.3290004908734
0.3079729143245348,0.4804707068372971,0.640981666399122,0.3754339484639179,0.2929317025280938,0.5883479226242788,-54.87350576412783
1.329054409687837,1.987977402565748,0.6685460347650414,1.467130274981278,0.6385648830625144,0.4242309520684572,-126.8178420545258
0.4231085356817805,0.6070804595578664,0.6969562749391214,0.4862835123887349,0.2175596281441017,0.6409056835559536,-54.36732257061698
1.328906878026238,0.5381071585787337,2.469595241096942,1.133675165462759,1.783941105791172,0.1816661251713577,-108.2821988317065
0.6917267107267739,1.352407830316261,0.5114778953660846,0.851522820249985,1.280834124662988,0.2577440015916241,-84.10215153431005
0.3228755402169232,0.6087479858204403,0.5303927860751236,0.3827465368892684,0.4913439475143946,0.4833284120551123,-44.42743923135554
1.066530964838211,0.8657126812570943,1.231968744283046,1.000335660383269,0.1267141365867417,0.7218635626048739,-88.43190404730724
3.008431477428017,2.252407437839905,1.335651546379705,2.792955978754089,0.5923618317933688,0.4415072636248026,-200.0566019097933
0.1586162373035543,0.2338128438904574,0.6783897525230346,0.1776182423247138,0.09510357700848715,0.7577865957526215,-27.43065695243646
0.2109097185936164,0.1599353243958316,1.3187187970534,0.19064723016975,0.05241265347522983,0.8189170276257216,-27.13115445090274
0.7051914597410436,2.065012018286924,0.3414950874358836,0.9814041183447246,3.551983174516153,0.05947432746954107,-86.36668457633363
0.2768749160536635,1.263045724234334,0.2192121082722534,0.4997873537758633,3.844625673758642,0.04990566030323351,-49.92317744373718
0.3803819069600901,0.4183268804057588,0.9092934850161585,0.3904966094482254,0.01269001919075663,0.9103080546915797,-48.70638158885325
0.9222333892047467,2.045427445824422,0.4508756304641423,1.267066037687112,2.701184296102127,0.1002737365043943,-116.0744864224882
1.39093371658752,2.026259615009016,0.6864538513646146,1.637739841091438,0.8610152665307282,0.3534547324294721,-147.6900837278196
0.2110708499999499,0.6099794799779999,0.3460294271006668,0.3474104704871948,1.380964920541714,0.2399368547093416,-37.73495694103442
0.3899146307355467,0.3073266528988284,1.268730281144558,0.3732193265625321,0.04953902151683565,0.8238673605609914,-50.24483294223357
0.8217620848242569,0.2205613801313619,3.72577503974101,0.6309459868606324,2.120507923484666,0.1453383375364505,-58.83908869466856
1.390258909798437,1.352545935690752,1.027882952521258,1.381729012294928,0.003060646955134416,0.9558810479672819,-144.4084877651014
1.137292844796228,0.6181224524325866,1.839915117660709,1.028897052889402,0.7547033788962949,0.3849911866051198,-108.0222297166025
0.6535652226344868,0.598738558774995,1.091570290665204,0.640545130566616,0.01205161364028129,0.9125839784159036,-63.45438866087291
1.873377445224629,2.050159543438544,0.9137715409614344,1.945543853518857,0.05448160561371651,0.8154407575957299,-148.2575177765341
1.44381032760478,0.3257466206996291,4.432310992217836,1.045206063269249,5.635185995492208,0.01760347763637027,-103.3352796719224
0.9804726016321607,0,inf,0.7513902101934017,6.367009539609398,0.01162613567595316,-76.16762859925954
1.212070108657415,2.624293530686211,0.4618652961204679,1.603096472055451,3.057858291346008,0.0803475087806591,-126.4825720241089
0.8478764914703593,0.6190183276382341,1.369711450556395,0.7761649753456307,0.2323295834075623,0.629801831861058,-81.94703714019852
1.405343668602278,1.435277300776005,0.9791443561759506,1.412685041014316,0.00195955170806883,0.9646917163459604,-139.5766813271276
1.139400044725623,1.694848220483414,0.6722726147127421,1.263443097248826,0.6163711907330764,0.432398979398992,-122.1037534096945
1.122753675630164,1.696677443638561,0.6617366664711443,1.256731638547934,0.6534805357592006,0.4188710390192319,-112.0518090550137