dN,dS,dN/dS,dS=dN,LRT,p-value,Full Log(L)
0,0,0,0,0,1,0
0,0,0,0,0,1,0
0,0,0,0,0,1,0
0,0,0,0,0,1,0
0,0,0,0,0,1,0
0,2.618583341148174,0,0.7296471655858219,10.187234747849,0.001414162279600784,-23.62591273249426
0,0.478951096040862,0,0.1593381156033425,2.199804429720185,0.1380282485417232,-10.86502062393084
0,0,0,0,0,1,0
0,1.19415404559289,0,0.3410199747691977,5.003224880236566,0.02530013602118619,-19.12773193515692
0,0.4789503060208926,0,0.1593380260283502,2.199802236127201,0.1380284449650052,-10.86771444883966
0.2343713881369143,2.24851566565342,0.1042338248814494,0.7139543421082283,4.628770833954228,0.03144008014725685,-28.70102290833417
0,1.047845239952736,0,0.2035621914742764,3.269941427405506,0.07056014285128998,-10.33598532616661
0,1.766777498145616,0,0.6200401158138305,8.360228022548519,0.003835224383284097,-30.60257427329288
0,1.062906182471009,0,0.1772932498055602,3.575084410200631,0.05865246784672695,-10.63925522917471
0,4.260486251662045,0,0.815859880949082,13.10958207240384,0.000293789220368379,-23.21552145295952
0,0.6367589558347265,0,0.1809601866063747,2.514044232731916,0.1128360265934215,-10.82731810429711
0,0.5335231503169836,0,0.1649334923780334,2.346013435109423,0.1256038531596042,-11.71378327806701
0,0.4380742668361363,0,0.154546070659733,2.082825654439077,0.1489641967436323,-10.29512110849949
0,0,0,0,0,1,0
1.067945466375542,0.5366714589363036,1.989942726770373,0.8914479944400022,0.4285481969966582,0.5127021870433857,-37.97907968720398
0,0.9618780108887214,0,0.319100202230058,4.407960540702646,0.03577158344942133,-17.76769546305961
0,1.198849725608738,0,0.3414010081448252,5.014388705900622,0.02513750317873109,-18.37800477352127
0.2394549129628337,0.8750949209149619,0.2736330736698482,0.4643079156421263,1.208787171008346,0.271572452710122,-27.59069066917996
0,0,0,0,0,1,0
0,0.861084743069164,0,0.1846764599087602,3.07432532621009,0.0795375891323209,-10.78560769715382
0,1.044343782428527,0,0.2034322429479946,3.26462601228824,0.07078916233191201,-10.33784042882284
0,1.3079198404654,0,0.3646373536003744,5.099902778048893,0.02392718454731768,-16.13607283501768
0.7223459508712697,2.254085361537444,0.3204607789913418,1.180591354059195,2.207934157089042,0.1373024271745188,-49.44154074777678
0.245841777115769,2.076573133557662,0.1183882104333035,0.596049671934448,3.198448605285549,0.07370815887164295,-21.88639931507783
0.2456313745097136,0,inf,0.1983902041595607,0.4270758226843405,0.5134272969363992,-11.63853205972516
0,0,0,0,0,1,0
0.2458563539358231,2.097197232765898,0.1172309166227414,0.5970689808001997,3.226528666242025,0.07245411972775506,-23.96204065076735
0,1.734532895954955,0,0.3698207102564355,6.162088862010826,0.0130516988968743,-15.44869367622498
0.4795893791515632,0.790491952405125,0.6066973581355006,0.5519296714402946,0.1553463813794593,0.6934776414292612,-27.87286448222885
0.239298810995515,0.4369873940485148,0.5476103298507229,0.3092572011470059,0.1784195167392042,0.6727350157890357,-19.59489581749658
0,0.6359539561183901,0,0.1594962420733096,2.763954920297092,0.09640963097874666,-11.13774303965028
0,0,0,0,0,1,0
0,1.042095911226145,0,0.2033644919056363,3.261099077443831,0.0709415629121859,-9.241419615284597
0.4273490368839439,1.04850260246046,0.4075803301595141,0.5323504168618015,0.4727788041811536,0.491711558781178,-25.23417157935634
0.4506047855491246,0.8610192182011032,0.5233388245277001,0.5356366890665305,0.2558195951821034,0.6130068062392988,-25.41183475725983
0.1951358468042784,2.779897122781942,0.07019534831166664,0.5140856587636699,4.808263765636347,0.02832356827668514,-24.99232058881318
0.3890230447003066,0,inf,0.3414164997391324,0.5213745487483266,0.4702559269566182,-18.81395618751616
0.479897371385091,0.4794674869687393,1.000896587209843,0.4797539951421668,5.343943740854229e-07,0.9994167282244717,-25.09983807787905
0.4798836522788061,1.45728678716968,0.3292993915156733,0.803033552449683,1.510407431335125,0.2190769265574498,-40.0274248146675
0.4502877774853687,0,inf,0.3568495716232772,0.9298761807565583,0.3348951015518368,-19.09257918064912
0.6729495765577665,0.8566424834457562,0.7855664288921279,0.7110129524328133,0.04168851154913966,0.838214678502785,-33.47964083048494
0.2390065629235393,1.184997035800698,0.2016938065689282,0.5106641131028732,1.841278251611783,0.1748012022897641,-25.22163381604502
1.061137554158493,0.4448439953193384,2.385415033863138,0.8307528676286006,0.7046079414602531,0.4012396774246324,-39.84430479165491
0.4936924223561965,1.947079696724101,0.2535553234861511,0.8942150216154636,2.280712428167263,0.130991690350755,-36.02929702776813
0,2.185047399474588,0,0.6643535934714202,9.493261756475853,0.002062278684496266,-29.23035499107191
0.2393182852389708,0,inf,0.1594736112587162,0.8115795613135113,0.3676536646972647,-13.67862540306252
0.6411081986062394,1.035871762638968,0.618906916598406,0.7084884075221586,0.1576704131789342,0.6913104300490109,-32.20993999145491
0,0,0,0,0,1,0
0,0,0,0,0,1,0
0,1.91542809682267,0,0.543333822884935,7.540299946067442,0.006033399791112948,-20.32209161769575
0.7269149355456288,0.7797881742294989,0.9321953827574859,0.7394370505348883,0.003635378995710425,0.9519213976123674,-32.33064577205888
0.2392994068682086,0.5359901274463096,0.44646234065604,0.3309194970408758,0.3157704688641374,0.5741605943786489,-21.71873111903649
0,1.272283255728837,0,0.3618371874573582,5.020908847729306,0.02504302126457847,-15.48979351381755
0.6788677023430285,0,inf,0.516860070948762,1.634506068616837,0.2010809271479147,-21.62500913659698
0.8247484618780857,0,inf,0.6887796281658367,1.440706749477265,0.2300250073264078,-31.73728056419978
0,2.97262052095672,0,0.7141493117402636,11.3529781084553,0.0007532708211563932,-25.61905423411676
1.422369178565296,1.465992782113969,0.9702429615746355,1.440699620087214,0.001545814673448831,0.9686377728558013,-49.09947375884598
0.3552168351489913,0,inf,0.3537971697465851,0.01599773700908003,0.8993502692359558,-19.42278371014158
0,2.129075785074574,0,0.3981953174013973,6.678036739048064,0.00976080733160567,-14.42634691370904
0.2396582635584671,0.9775744165905897,0.2451560305703423,0.4825416635536177,1.420260542489331,0.2333605238885995,-25.90973262585613
0.8412902831920793,2.607072213148393,0.322695427824804,1.270975674256288,1.806482779163971,0.1789307302684782,-43.49837776752413
0.4115530441900706,0.6301532883555686,0.6530998913995174,0.4653558174873745,0.1144205200348409,0.7351664930452384,-26.79506846144633
0.2356916220990204,3.504421426632095,0.06725550195186729,0.9276941764813919,7.818249722808616,0.005172126111122721,-31.94699898380351
0.2531769668056482,2.109559112236904,0.120014160938675,0.6120260226793587,3.1603287857792,0.07544798666931063,-22.97368536001241
0.4289252718698879,3.166607558028533,0.1354526141966668,0.8901371650447949,4.637906295591307,0.03127313359536332,-34.88593585263398
0,0,0,0,0,1,0
1.051150669255621,1.869292664614509,0.5623253592943365,1.293675182835019,0.5417788404539294,0.4616964509275124,-48.48095850855628
0.4816447976416617,0.7802033016507235,0.6173324268464598,0.5520433840786346,0.1450901666699096,0.7032722347450275,-26.92691884037857
0.6430049797620008,1.030290507265562,0.6241006543567652,0.7095922237898959,0.1522823900101713,0.696363697315165,-29.37550878952358
0,0,0,0,0,1,0
0.6778884046971346,0.7348242278568711,0.9225177654718995,0.6912242117734894,0.004759950852545103,0.9449956713491729,-32.09121609077523
0.8218838326447957,1.914441149512627,0.4293074419414921,1.087891720184046,1.139360579223066,0.2857874809431276,-51.18435217571824
0,0.5974084969380014,0,0.1705689832778729,2.504545332412224,0.1135182428177339,-11.76364598337904
1.008945396697698,0.6000432500282139,1.681454456241709,0.8880028041762923,0.237370228710418,0.6261119594799655,-37.08833292253534
0.9906801748806198,2.086325941301129,0.4748443928482173,1.200390088354708,0.6625532712257893,0.4156599871690985,-42.62900712062456
2.547870199197299,1.490079889259366,1.709888320460254,2.211661477950286,0.7396432207436021,0.3897751912476841,-82.41843544769813
0.5076638105646201,0.6395859941277836,0.7937381606627135,0.5451421053701918,0.03450670339876893,0.8526331305156946,-25.07877660272214
0.5335863391806839,2.272615345065207e-13,2347895521955.89,0.5317095120195545,0.02108392165899886,0.8845505689805464,-26.6828109866424
0.6508257320392637,1.979477243213176,0.3287866704558899,0.8892238383744224,1.312194921055337,0.2519976372543474,-35.63855444804521
1.455922468843865,0,inf,0.9340562943314368,5.312538244022534,0.02117248772895497,-42.28423857491943
0.49265670696504,5.334062409975939,0.09236050670191959,1.398067568339662,9.05574468325942,0.002618707252089236,-46.10502352544291
0.8227401699189877,1.044909644503804,0.7873792478101611,0.8591868753135554,0.04321275830717752,0.8353251750501585,-40.09566311050477
0.6752564234704006,1.741469721676306,0.3877508836733673,0.8939514183955807,0.9732723068995313,0.3238654287961524,-36.09226108276169
0.4291908931666514,1.064970376879449,0.4030073535230684,0.5356953040192164,0.4840537500891244,0.4865918494804782,-25.78195600362741
1.269228610015818,0.8832252290851911,1.437038445256408,1.128265426720762,0.1961423904448907,0.6578527825962477,-51.61833417239085
0.9007155873092282,2.629257506941127,0.3425741240374431,1.25332004936243,1.775801730625872,0.1826656959938336,-47.72707944068172
0.8040340354034212,1.28334112161859,0.6265162253893556,0.8688089227903564,0.1554377103949349,0.6933921226484765,-36.9415309748305
0.9913785117321736,0,inf,0.7978237396162251,1.735580903334409,0.1876997310695201,-32.84099614994717
0.857642560703246,6.839769873254795e-17,12539055795675848,0.6399999127921765,2.338595682924179,0.1262032801985813,-29.84781159902762
1.672595888089379,0.909967079536499,1.838083954577052,1.382552658761374,0.6053222001491747,0.4365545405862135,-55.69229588198081
0,0.6334406447442913,0,0.1767328517472046,2.550974795365129,0.1102262284236036,-10.69790467356174
2.404379430564556,0,inf,1.912723174456399,4.107741903111517,0.04268732132237307,-55.10978363472616
0.3418373183900342,1.328688858021545,0.2572741664282784,0.61476780367043,0.9724940589141511,0.3240589545825333,-23.74136742827471
0.7207346891371411,1.186804718873939,0.6072900433198365,0.8549643105620333,0.2847518417389239,0.593603471363643,-39.62215506615117
0.2279953081720843,1.454397877927758,0.1567626793411817,0.6202097308986826,3.102510406155346,0.07817166385641983,-33.0495911034698