dN,dS,dN/dS,dS=dN,LRT,p-value,Full Log(L)
0.113560570263048,1.006217235577054,0.112858899895431,0.3910073537352402,15.1654137621459,9.849098655967392e-05,-102.6768097689476
0.1136677128433701,0.6246539869111066,0.1819690824442716,0.2941856502531052,7.829183184517973,0.0051409326570937,-88.4153109451269
0.07582495591452505,0.6959233172811237,0.1089559065368907,0.2946086792168467,11.73394967320075,0.0006137020989862574,-85.31460159411499
0,0.3301497647390604,0,0.1345570031390492,10.76218099851371,0.00103595232344833,-40.54344450638799
0,0.7200364043874247,0,0.2923781305537,23.38895460864885,1.323362227356739e-06,-79.16302149860716
0.3132514137112984,0.7864775688585816,0.3982966916220149,0.4088395575346446,3.26907382864033,0.07059746986611992,-124.9189412762982
0,0.5449825974387352,0,0.2234043944015763,17.81067068674736,2.440109453138994e-05,-60.47452467269503
0.03784117582162146,0.9440270931041698,0.04008484088861402,0.3484336597806838,21.4106732738534,3.70701820484598e-06,-97.09534040668008
0.03787225584776491,0.8369472909328587,0.0452504670939942,0.3191919076783306,18.82034216096199,1.436270703936149e-05,-85.39525050943534
0,0.5378347090210238,0,0.1295176669655223,14.21041331779848,0.0001634634142637648,-35.06940710665821
0,0.6255243978817095,0,0.220570856373463,18.73161353650228,1.504671390073486e-05,-63.04104939748044
0.03750427315396483,1.058152686552638,0.03544315828006847,0.3919557829398409,25.01533601084449,5.687612086857641e-07,-97.31010476053652
0.7649002342327025,0.536986220499127,1.424431773168649,0.6732911566029361,0.7013393956020195,0.4023340036473202,-163.5374825777928
0.5591564502705196,0.5595358604458091,0.9993219198229991,0.5592511198490349,2.052539116448315e-06,0.9988568962904146,-165.7288206123009
0.3427034239145098,1.016293181155475,0.3372092131178849,0.4785185281100111,5.487622933667069,0.01915156451642452,-142.5100196794897
0.07576058942326513,0.8185552314811703,0.09255403485257416,0.3106347474292363,13.66346487946532,0.0002186676335718118,-85.14310144322353
0.07556507766046026,0.9510666175721231,0.07945298075266517,0.3415988005502674,16.39076431354727,5.153572916438698e-05,-88.92574053118746
0.03415666486453677,1.084992440556904,0.03148101644561216,0.2856881846432348,22.33575243391368,2.289050048509544e-06,-67.54655540413269
0.1890310379365324,1.179964000629504,0.1602006822544462,0.5250540845847245,15.6184300050358,7.749557655656325e-05,-136.6747377502053
0.1137300334467395,1.033613230408366,0.1100315186579088,0.4403877959270408,17.40576713945879,3.019085464750493e-05,-116.7274463494599
0.07598223528664351,1.259810548603524,0.06031242981007612,0.5075020680075117,26.84109452719775,2.208898852718022e-07,-125.4213210683027
0.2242511537212413,0.6206972429541829,0.3612891087673068,0.3417133428775898,3.277408853234704,0.07023974164264979,-101.408243496544
0.03784577580019294,1.648035258545161,0.02296417846885274,0.5265784128249709,37.78604168763508,7.894461750979076e-10,-128.298917475646
0.06806338633207161,1.08508101610225,0.06272654790014116,0.3108033063276103,18.82995322609469,1.429051588719421e-05,-73.14856644860025
0.2357360882163942,0.3384133229472066,0.6965922209072417,0.2550656855586969,0.2750303727365235,0.5999771430245782,-99.00899143792613
0.03415203478186216,1.150264275405119,0.02969059851035879,0.2895561295573266,23.19257023006523,1.465624832164281e-06,-66.85508693780396
0.102628946601418,1.496071469286952,0.06859895981462188,0.4216987350021373,24.24988574088826,8.461210256882623e-07,-94.78489446370392
0.3973973045873302,0.9188732125072252,0.4324832840681004,0.4955751941686544,2.846376073792896,0.09158015597909042,-135.4182358279236
1.160390306692366,0.7933913493035039,1.462569900353766,1.02611807227758,1.187558937848792,0.2758225010474565,-253.2302268993137
0.303156713164314,1.145641352848075,0.2646174672472006,0.5949367171857749,10.12966689754546,0.00145901772240431,-166.559508419024
0.07580696204035527,0.8810015181259401,0.0860463466642047,0.4042902998670474,18.17690755323946,2.01304954617898e-05,-127.421385792935
0.07582309404132717,1.583778098041912,0.04787482169065874,0.5468065314785741,32.22634444924691,1.37217555096214e-08,-125.9399797518871
0.03414425836140444,1.150228103768156,0.02968477143755016,0.2894925677478187,23.19532273942735,1.463528548240056e-06,-67.80963224972263
0.03415152751810248,1.205266982752932,0.02833523858763434,0.3123480016618783,25.15071813207265,5.301990619877017e-07,-69.87977084681107
0.332425034619409,0.6821788183895641,0.4872989686255179,0.4008750151073402,1.86764200049322,0.1717453886799948,-124.0196515337492
1.03934105445478,1.428869827046041,0.7273868023397559,1.20277241473231,1.191652938381367,0.2749963924999915,-280.8632786113559
0.07571220663027185,1.013912510899386,0.07467331334447362,0.3658344833938622,18.05643634668661,2.144524276637139e-05,-92.31510407248057
0.3999661107786129,0.9230231778249415,0.4333218497515017,0.5204864141086917,3.422863945062829,0.06429937414173437,-144.6055101922679
0.4907690199246409,0.9119429269585915,0.5381576033068188,0.5707447785009083,1.686563791377409,0.1940545572037631,-146.7525724297504
0.4334628361503595,1.173509517527366,0.3693730895883008,0.5910640697061557,5.721621135535429,0.01675725145573526,-159.6026790250466
0.1900113982426143,0.6692652300623191,0.2839104583767503,0.3843503124144741,6.252436869724022,0.01240225704503761,-120.5105671960792
1.182886558211312,0.7861422346662308,1.504672444819767,1.044543880231897,1.424063812041481,0.2327356760501655,-249.1315005439849
0.2456502845676135,1.83005283775593,0.1342312525078991,0.5281565770122248,19.68045350158968,9.15328529604853e-06,-133.4033305488404
0.5280669156589126,0.4310751703681416,1.224999610179216,0.4987959553610816,0.1873340529062943,0.6651447866507754,-156.7497442837752
0.1805453337466527,0.6428487031290775,0.280851984094928,0.2818467424405914,4.5237158751614,0.03342815324610493,-87.27272620290302
1.713448134320382,1.57367554435548,1.088819191774469,1.680749533961205,0.08251198506980018,0.773921673774479,-361.8375386025251
0.06831777194414364,1.505791983103017,0.04536999314032725,0.3954955846703888,27.53601537403679,1.541962521001139e-07,-85.52606900953961
0.3092809575131706,1.050588146035315,0.2943883944249019,0.4777609322475024,6.297650380157762,0.01208981144820587,-120.1423082996781
0.136109806562807,1.738916324782568,0.07827277518935592,0.4994612991361569,26.7641820540565,2.298585540794207e-07,-110.8269163567596
0,0.9736182807548192,0,0.2334138910008124,25.61657442329407,4.164469481482413e-07,-54.34835599311179
0.3647100008652944,0.745641002328206,0.4891227812399209,0.4491630298142201,2.073830857412702,0.1498447225489881,-135.7061999152374
0.3553302520618057,1.064375115140036,0.3338393081606913,0.5114830415364467,6.596252697786497,0.01021936267919432,-165.3189565400109
0.2282457262885492,1.210328664223076,0.1885816084799271,0.5279993057181722,13.03154875043526,0.0003062871479155849,-137.6800767150235
0.2276231900182546,1.945085499572234,0.1170247734962364,0.7591249534692907,28.4990542673529,9.374426701569405e-08,-171.604205334508
0.9962312387208545,0.8379665323739443,1.188867574339215,0.923355345149219,0.2613969965609044,0.6091620199621839,-218.5091634482341
0.9997220145465652,0.7301182714836664,1.369260369987782,0.9519214250629674,0.5580680812955734,0.4550396909325548,-278.6971834786194
0.4522628799529536,1.068600979936948,0.4232289586517493,0.6657022253699967,4.89735161761223,0.0268979164100851,-169.9879124403665
0.599969803700199,1.365712423460377,0.4393090327025247,0.7534020151290154,4.638238656123576,0.03126707731313438,-220.1512449291246
0.2665939417779351,1.926556159495805,0.1383784949449409,0.7689586480081302,25.22648339954804,5.09773632417776e-07,-173.9541641159698
0.2749970531667795,1.661936969650225,0.1654677994344491,0.6031186413737859,17.6452468665633,2.661796513858672e-05,-141.3112360270876
0.189796879972863,1.073697359460578,0.1767694390793847,0.4962984769837879,13.48069476101045,0.0002410305379837441,-121.2101031332577
0.1813662638168986,0.9937630169543873,0.1825045415482826,0.3709533676148152,11.07324206912011,0.0008758241310324877,-109.5776610033804
1.804520372974336,1.04808075363834,1.721737916386756,1.400388775400401,3.514636738237755,0.06082899041821366,-278.5726815509724
0.3327465959299778,0.6385170872996436,0.5211240271379398,0.4003462710838931,1.517218199662636,0.218040948467937,-117.0116357630193
0.7315704556133326,1.400961961898037,0.5221915194772266,0.8612295491124682,3.117352266217381,0.07746255659058709,-235.5125123704004
0.5533121846561849,1.597976097738445,0.3462581107685319,0.5826685735875886,1.537551447443434,0.2149826356305969,-169.7583205159157
0.8059455833354225,2.152832000892373,0.374365293251563,1.04342772753712,7.958938884632403,0.004785045902304552,-238.382247024724
1.150309359830674,0.4506510148351516,2.552550248336748,0.8420074514373423,6.097575720968223,0.01353674638716051,-209.8842685630546
0.3832274033102785,0.84188357153587,0.4552023774631292,0.5453782915434336,3.352523834104318,0.06710205793165325,-153.3915802254799
0.4554750336387742,1.325990027823603,0.3434980837573586,0.7285542080842767,7.77627443466281,0.005293685678884552,-177.8905222395608
0.8269199112053583,1.160249719461273,0.7127085637989329,0.884482003507791,0.8204328136051799,0.3650536517574275,-274.6994363117197
0.4192715043958579,1.256556571605725,0.3336670340755774,0.6069184962819139,7.736468251543613,0.005411654174965252,-181.7672858829992
0.9349332175546712,1.076080005808919,0.8688324404390879,1.0085193994542,0.1957265757802134,0.6581925704632147,-243.2217903181617
0.3823544142096106,1.391812676181309,0.2747168643834094,0.7840194987403301,13.13078501843677,0.000290483036214817,-198.0854233031318
0.7743933108492338,1.061526080477728,0.7295094535037016,0.8357906049940006,0.6095433558238597,0.4349597966012384,-205.4042386536824
0.696966785624086,1.004899590168932,0.6935685838093737,0.7604199804893733,0.8128606546238757,0.3672758466799424,-210.2413254521509
0.5915611064609924,1.084133045765163,0.5456536066046012,0.6777922928831741,2.12487092421685,0.1449249891978056,-198.2398178396252
1.113902715333196,1.346936636910756,0.8269896926168467,1.150013968759482,0.2452034750385792,0.6204728940898385,-286.1794511852269
0.4500907514447029,0.7884822088004986,0.570831841760154,0.5143659626922776,1.418574393853532,0.2336381934738923,-159.3011090501453
0.9255372648395046,0.8892352987099397,1.040823802408912,0.9173940601184866,0.01102944554202168,0.9163590126764798,-246.6662695298104
0.7455523241391139,0,inf,0.733198021768231,0.5662741772060826,0.4517432692972613,-123.0174689993782
0.2714397506938282,1.143487906666352,0.2373787681630718,0.4531676258572331,9.192399035712896,0.002430221644065811,-124.7980746078956
0.7135882872655526,0.7991283620023869,0.8929582795403539,0.7338200167518191,0.07392632525591125,0.7857035559145862,-194.5081076002198
1.276852053403579,1.195094453737701,1.068410994135382,1.252785394239939,0.04108914124640251,0.8393659538040952,-276.9242445830085
0.8387624576988681,0.6650268783423344,1.261245951125453,0.7873703144119298,0.3735799024603921,0.5410593519391249,-224.6857131384739
0.4123064198952842,0.914736965579152,0.450737682426815,0.5282903101011521,2.803409298626605,0.09406409883093014,-132.5108981555212
0.3774223846640795,1.021255116144261,0.3695671910942626,0.5267558831159654,4.532963246037696,0.03324799961432523,-136.501575002559
0.7818995161724103,1.811701862806907,0.4315828847032244,0.9692455343109406,5.291331168537567,0.02143183171795782,-227.2373060937391
1.475544837005553,0.7114417610543131,2.074020556255913,1.137187339988716,5.420927805406563,0.01989678422366714,-264.0745817254476
0.6749715929055754,1.105007187144615,0.6108300477662325,0.775452527997293,1.805810631148688,0.1790116023659891,-221.1355262527357
0.4807461676414949,2.141968737819155e-15,224441262448567.1,0.4740966018658824,0.3052006265719456,0.5806403151282273,-81.28340682643396
0.8886143701364002,1.277600435126236,0.6955338662268058,1.002714905586708,1.175051569875848,0.278365704918182,-245.2611164940122
0.4365560053366647,0,inf,0.4260452981833835,0.4871458347889188,0.4852032521758984,-71.87695459302745
0.8951391783598018,0.7746526563512059,1.15553618905293,0.8675135971978983,0.1351069031954921,0.7131947009561781,-233.3583055345482
0.586054988176517,2.139361292746008,0.2739392313788559,0.6354461288402937,3.190002536741702,0.07408989672440569,-180.4934453710229
1.220664163370003,0.7460231448112243,1.636228275034126,1.1169357365966,1.611637475586122,0.2042617762554022,-277.9516611073129
0.2744424056704032,0,inf,0.2720398466063861,0.2105866360083724,0.6463079928600874,-90.6503229421383
0.8910353257306385,0.8557625406812943,1.04121795868894,0.8828554089526494,0.01133760550885654,0.9152029567919959,-243.9270377393387
0.7102986346852623,1.246861740133343,0.5696691235463691,0.8053127955615806,2.27427447121363,0.1315366678952063,-249.866154360622
0.9603539098676848,0.8727583029572609,1.100366397676899,0.9299659233482853,0.07461985931286108,0.7847253390349027,-227.6614598777777