dN/dS,LRT,p-value,Log(L)
0.06723936933499038,66.03733074633328,2.220446049250313e-16,-137.0111697727468
0.02232049222051745,78.92871921320088,0,-87.26436005098228
2.731941657024047e-16,76.9158618912939,0,-66.55420475864443
3.17603086687411e-16,88.61356424720847,0,-75.80818457806041
3.17603086687411e-16,76.9158846133557,0,-79.06503711168084
0.07649991950149342,56.13239827865007,3.386180225106727e-14,-60.54503230707488
3.17603086687411e-16,88.61521312162586,0,-80.00951046460301
3.17603086687411e-16,88.62389949398761,0,-70.10898323734746
3.17603086687411e-16,76.91583248688571,0,-88.39049958883786
4.004733053112191e-17,76.91587828681554,0,-59.80844834008492
0.2336375080252066,43.08695827367688,2.618005812138335e-11,-128.4517304388953
0.06710419024703124,66.26084056187179,2.220446049250313e-16,-69.16300031658329
0.3288240313393722,29.30517885686345,3.091511185937534e-08,-183.7546472169819
0.2220477256023609,43.46873388768438,2.153938138960143e-11,-143.6635709424293
0.05147299437614208,60.90153300525247,2.997602166487923e-15,-170.990854800678
0.02232143654980851,78.93503446041947,0,-72.35268261008071
0.1756160724158632,52.35198039500978,2.319811009954265e-13,-99.86031441031392
0.05135055800789671,61.09810658822926,2.720046410331634e-15,-123.0240173158879
0.2751268316799477,36.92816510648879,6.128129670379678e-10,-170.0690049431512
0.4293378720060785,19.93070345357086,4.01501610269861e-06,-202.3982866352792
0.02231657770041745,78.9830017287956,0,-51.43291259604231
0.2504614318760393,34.72920314460976,1.894524204182346e-09,-181.2183914823712
0.2969594531920295,34.18343361690626,2.507705154641826e-09,-152.5399052975924
0.4129256706158708,19.9933791846135,3.885538547021561e-06,-153.2685564150804
0.1031762503061754,50.53840913372815,5.842548667089886e-13,-107.5608419417292
0.3128300241650572,32.50031548244675,5.95865917718541e-09,-160.546613138299
0.1105543353050398,57.58688471574567,1.615374500829603e-14,-78.26320308405469
0.05143820823590924,60.97382179438907,2.886579864025407e-15,-78.0054516737776
0.1028878658520196,50.73194918889953,5.294098492925059e-13,-109.8035054671099
0.6655215730231521,5.773603776063851,0.008134319763806408,-259.6157448767823
0.4447248238209698,15.32022506220369,4.536990229075943e-05,-250.8454578426386
0.06701062926835546,66.33099521439175,1.665334536937735e-16,-131.9132330598135
0.3017997737281677,35.08662384389618,1.576798025482162e-09,-195.2526589083828
0.6560392392857299,5.410658417994227,0.01000708287348762,-258.8951073886367
0.5013176307438335,14.34798966141443,7.597092382688464e-05,-206.4939836580133
0.9652201763605498,0.04560168533907927,0.4154507474468641,-271.6966318224614
0.453699404411034,17.81245840833003,1.218908958178222e-05,-200.8332398364884
0.3862450213927567,25.03872351478725,2.809520462387916e-07,-216.7746039703395
0.3369588330225205,22.40612088144223,1.103348155284678e-06,-217.3430824800739
0.2771857819547,28.6355693947425,4.368130301912743e-08,-128.9566517087695
0.1032627438554829,50.47862750228472,6.023515020103787e-13,-170.7198969570121
0.4506268702890555,17.34248288584172,1.560652197291068e-05,-189.5113090521885
0.339746169785642,28.80119855964455,4.010073251237145e-08,-170.6731937964636
0.2917213022691342,30.53465777580828,1.639775593087478e-08,-151.2841987249792
0.2320668882233139,32.65425974640095,5.50489304140811e-09,-112.7590163655111
0.3838957719471498,19.17266619840404,5.970554084744339e-06,-241.0832951436734
0.2841114914438268,27.22777729121458,9.042088588984143e-08,-163.8042554873894
0.3873822427351217,18.58379413593241,8.129847155535774e-06,-131.8518302128307
1.346663635945886,4.805889133492656,0.01418131370241049,-387.1663164361271
0.1559826168438831,41.91504750157094,4.766309569248506e-11,-101.0325353269484
0.08942457736265158,61.23356552941792,2.55351295663786e-15,-85.89912207564377
0.6048939737423231,8.845173546881369,0.001469324770874358,-249.7106089929706
0.5545983850014905,13.92996130591837,9.487481441478041e-05,-203.8694901181697
0.6697328167188193,5.582611756860047,0.009069825658875874,-248.7678265674744
0.2067924893418062,35.50387829680727,1.272716265710017e-09,-130.8388217002513
0.4292892985643864,20.85567512424984,2.47611383480395e-06,-206.1867594628534
0.306791927994457,31.84063016285063,8.367752324378586e-09,-165.4616054193694
0.8877651031740684,0.4537711535851372,0.2502747564323833,-222.453693319558
0.4524828999836378,18.03828514882053,1.082533915452988e-05,-193.4134738485027
0.2067037500163313,35.53263950026368,1.254062242939114e-09,-109.8203547746286
0.6346837002435852,4.754897788547282,0.01460751394505411,-207.0698568881555
0.2485921252426785,35.23371796671921,1.462083232262046e-09,-150.8054988949761
1.105924907874169,0.5605943957009458,0.227010425333447,-370.2428900694858
0.3747130233896048,21.57551381064388,1.700835547624457e-06,-153.8545402750173
0.862695453169158,0.93148292360911,0.1672389423044233,-292.1702871293322
1.275692680187149,2.727395495292626,0.04932001329725888,-327.5309192346928
0.5370406422273971,11.74931941312508,0.0003043274522862016,-184.1825130555324
0.7964453876001083,2.137699234047886,0.07185864608953391,-301.9796936836802
0.5564443219869231,11.99406474443612,0.0002668512690414682,-207.8599286815083
1.391446511438015,5.546803936309402,0.009257231993242465,-385.4180253661186
0.6610644797669638,6.365439169980732,0.005818214586506443,-272.7068259751695
0.7157090356661802,3.91802890851892,0.02388542962524359,-211.9039557695232
0.6574918761981153,5.958493996365746,0.007323273398855801,-204.1576774497181
0.8035568880244239,1.858133463731861,0.08642019001041101,-251.3943056899018
0.3718626345462275,24.84018699949956,3.114265431092278e-07,-173.1971530414239
1.019447637606138,0.01345910982195164,0.4538209594867267,-311.9158323557493
0.5391648346180339,11.23471329606019,0.0004014075333076961,-221.9073482831163
0.6568280486617231,6.20259193359675,0.006378168722766142,-244.3443054029196
1.133063974537375,0.6577109517857025,0.2086846142050585,-346.8202564204565
0.7151528541163239,4.318684198430276,0.0188480300698074,-244.4247365696702
0.6881501326325953,4.076166458570526,0.02174611362046214,-209.8216396429985
1.346780738431406,4.299868142278228,0.01905766404973513,-363.3979969758396
0.8886792952490605,0.4644979745328328,0.2477646536788722,-336.1953649147659
1.384551523214608,5.62749249100068,0.008840452907263263,-334.0964197683924
1.130876197026268,0.7324561611762874,0.1960441039137138,-321.3684267501162
0.564047386356947,10.94901585116725,0.0004682667242154603,-254.7556830184029
0.6431198111324734,7.63836982879775,0.002856976705059411,-252.0256672861086
0.3407164843988458,25.27016408954449,2.491791469272364e-07,-138.4570389175413
0.3558016559646599,33.72125491522434,3.18009718558443e-09,-149.3161176624784
1.18412613357605,1.178659067026388,0.1388145760238365,-290.2109155892685
1.623094521362166,12.8239546329778,0.0001711048256293757,-367.045209527903
1.430045391093175,5.862899719154939,0.007731649185519218,-358.1334261100542
0.9193770780271276,0.3121185002387392,0.2881915446501665,-307.4502119501365
0.8788624450858754,0.6096488107416462,0.2174600348947502,-294.6398352891201
1.224801766575377,2.257827040258576,0.06647024111141886,-342.9689041886111
0.7937133449575492,2.199742139967611,0.06901691317132685,-274.8135267113588
1.654112839954211,13.94176104540634,9.428113429116314e-05,-332.6267455102719
0.8671998123264767,0.8082424927027887,0.1843201844817537,-264.2576010336052
0.7959516339447025,2.470569416259991,0.05799794773348677,-247.037735348369
1.496901854031005,9.527300232796051,0.00101218848998802,-386.0145932974779