ObservedSChanges	ObservedNSChanges	E[SSites]	E[NSSites]	ObservedS.Prop.	P{S}	dS	dN	dN-dS	P{Sleq.observed}	P{Sgeq.observed}	ScaleddN-dS
0	0	0.7459827168202617	2.25401728317974	0	0.2486609056067538	0	0	0	0	0	0
1	0	0.7459827168202616	2.137940482961894	1	0.2586694114727505	1.340513630479916	0	-1.340513630479916	1	0.2586694114727506	-2.474750346346732
1	0	0.7459827168202617	2.25401728317974	1	0.2486609056067538	1.340513630479916	0	-1.340513630479916	1	0.2486609056067538	-2.474750346346732
0	0	0.7459827168202617	2.137940482961894	0	0.2586694114727505	0	0	0	0	0	0
0	0	0.7459827168202617	2.137940482961894	0	0.2586694114727505	0	0	0	0	0	0
0	0	1.000000000000001	2.000000000000001	0	0.3333333333333334	0	0	0	0	0	0
1	0	1.000000000000001	2.000000000000001	1	0.3333333333333334	0.9999999999999993	0	-0.9999999999999993	1	0.3333333333333334	-1.846120986819617
0	0	1.000000000000001	2.000000000000001	0	0.3333333333333334	0	0	0	0	0	0
1	0	1.000000000000001	2.000000000000001	1	0.3333333333333334	0.9999999999999993	0	-0.9999999999999993	1	0.3333333333333334	-1.846120986819617
1	0	1	2.000000000000001	1	0.3333333333333333	0.9999999999999996	0	-0.9999999999999996	1	0.3333333333333333	-1.846120986819618
1	0	0.7459827168202616	2.137940482961894	1	0.2586694114727505	1.340513630479916	0	-1.340513630479916	1	0.2586694114727506	-2.474750346346732
1	7	0.9318247723027564	2.066023357834959	0.125	0.3108312135411443	1.073163141530104	3.388151432777356	2.314988291247252	0.2344956922026784	0.9491132406054155	4.273748468713239
0	0	1.000000000000001	2.000000000000001	0	0.3333333333333334	0	0	0	0	0	0
0	0	0.7283932771319742	2.081013782084157	0	0.2592693980541244	0	0	0	0	0	0
0	0	1.000000000000001	2.000000000000001	0	0.3333333333333334	0	0	0	0	0	0
0	0	0.7459827168202617	2.137940482961894	0	0.2586694114727505	0	0	0	0	0	0
1	1	1	1.812944306584392	0.5	0.3554993952988166	0.9999999999999996	0.5515889243636013	-0.4484110756363983	0.8736201799421758	0.5846189705398088	-0.8278210974547142
2	0	1	2.000000000000001	1	0.3333333333333333	1.999999999999999	0	-1.999999999999999	1	0.1111111111111109	-3.692241973639236
0	0	1.000000000000001	2.000000000000001	0	0.3333333333333334	0	0	0	0	0	0
1	0	1	2.000000000000001	1	0.3333333333333333	0.9999999999999996	0	-0.9999999999999996	1	0.3333333333333333	-1.846120986819618
1	0	0.7459827168202618	2.137940482961894	1	0.2586694114727505	1.340513630479916	0	-1.340513630479916	1	0.2586694114727506	-2.474750346346732
1	0	0.7459827168202616	2.25401728317974	1	0.2486609056067538	1.340513630479916	0	-1.340513630479916	1	0.2486609056067538	-2.474750346346732
0	0	0.7459827168202617	2.25401728317974	0	0.2486609056067538	0	0	0	0	0	0
2	2	0.746710222957268	2.252700536656254	0.5	0.2489523052366068	2.678415185048905	0.8878232891836817	-1.790591895865223	0.9498060213374457	0.2599520057128311	-3.305649277785918
0	0	1.000000000000001	2.000000000000001	0	0.3333333333333334	0	0	0	0	0	0
1	1	0.7459827168202617	2.13829974396376	0.5	0.2586371920791297	1.340513630479916	0.4676612822046656	-0.8728523482752502	0.9331068028734233	0.4503811870316828	-1.611391038545726
0	0	0.6188141184322595	2.190592940783872	0	0.2202650258182658	0	0	0	0	0	0
1	0	0.7459827168202617	2.137940482961894	1	0.2586694114727505	1.340513630479916	0	-1.340513630479916	1	0.2586694114727506	-2.474750346346732
1	1	0.6207271925460007	2.19104073666212	0.5	0.2207604639408546	1.61101368203052	0.456404111191206	-1.154609570839314	0.9512648175606186	0.3927857454423278	-2.13154896030925
0	1	0.7459827168202617	2.138661175239019	0	0.2586047861483941	0	0.4675822479866353	0.4675822479866353	0.7413952138516059	0.2586047861483941	0.8632134010724228
0	0	0.7459827168202617	2.137940482961894	0	0.2586694114727505	0	0	0	0	0	0
0	0	0.7459827168202617	2.137940482961894	0	0.2586694114727505	0	0	0	0	0	0
1	1	0.7273793525621638	2.082033280486831	0.5	0.2589079809799085	1.374798441112662	0.4802997192082229	-0.8944987219044388	0.9329666573849074	0.4507826193447244	-1.65135286319111
0	1	0.7459827168202617	2.25401728317974	0	0.2486609056067538	0	0.4436523213297197	0.4436523213297197	0.7513390943932462	0.2486609056067538	0.8190358612580367
2	2	0.7247518545044123	2.088216853494777	0.5	0.2576466110139968	2.759565205069543	0.9577549365396893	-1.801810268529854	0.9448074619711895	0.2746859603231093	-3.326359751000056
1	1	0.7459827168202616	2.140446727191408	0.5	0.2584448126275578	1.340513630479916	0.4671921927775106	-0.8733214377024053	0.9332062788259063	0.4500959040810222	-1.612257034381893
0	0	0.7459827168202617	2.137940482961894	0	0.2586694114727505	0	0	0	0	0	0
0	0	0.7459827168202617	2.25401728317974	0	0.2486609056067538	0	0	0	0	0	0
3	1	0.7270411895814463	2.082371460787178	0.75	0.2587876115265769	4.126313671068738	0.480221717801482	-3.646091953267256	0.9955148814247461	0.05586973366003434	-6.731126874800817
0	2	0.7474494676971279	2.251372760078447	0	0.2492476748952074	0	0.8883468945987922	0.8883468945987922	0.5636290536502522	0.4363709463497478	1.639995845694866
3	1	1	1.883789257227344	0.75	0.3467659772619664	3	0.5308449425345224	-2.469155057465477	0.9855407448504898	0.1234120132221341	-4.558358971298818
2	0	1	2.000000000000001	1	0.3333333333333333	1.999999999999999	0	-1.999999999999999	1	0.1111111111111109	-3.692241973639236
0	1	1	2.000000000000001	0	0.3333333333333333	0	0.4999999999999998	0.4999999999999998	0.6666666666666667	0.3333333333333333	0.9230604934098089
0	1	0.7459827168202617	2.25401728317974	0	0.2486609056067538	0	0.4436523213297198	0.4436523213297198	0.7513390943932462	0.2486609056067538	0.819035861258037
3	1	0.8575507171999097	2.142449282800091	0.75	0.2858502390666365	3.498335363528883	0.4667555064328253	-3.031579857096057	0.9933234172035821	0.07339795442769803	-5.596663197404651
1	0	0.7459827168202617	2.137940482961894	1	0.2586694114727505	1.340513630479916	0	-1.340513630479916	1	0.2586694114727506	-2.474750346346732
0	1	0.7467668242065097	2.137514684566607	0	0.2589091328065828	0	0.4678330433097144	0.4678330433097144	0.7410908671934172	0.2589091328065828	0.8636763995817553
0	0	0.7459827168202617	2.137940482961894	0	0.2586694114727505	0	0	0	0	0	0
1	1	0.9992185682687796	2.000781431731222	0.5	0.3330728560895931	1.000782042844314	0.4998047183668269	-0.5009773244774873	0.8890624725363213	0.5552081847155073	-0.9248647526386312
0	0	0.7459827168202617	2.25401728317974	0	0.2486609056067538	0	0	0	0	0	0
0	0	0.862059517038108	2.137940482961894	0	0.2873531723460359	0	0	0	0	0	0
0	3	0.7459827168202616	2.25401728317974	0	0.2486609056067538	0	1.330956963989159	1.330956963989159	0.4241387588308685	0.5758612411691315	2.457107583774111
0	0	1.000000000000001	2.000000000000001	0	0.3333333333333334	0	0	0	0	0	0
0	2	0.007271288800357595	2.992728711199644	0	0.00242376293345253	0	0.6682864345556715	0.6682864345556715	0.9951583487598527	0.004841651240147349	1.233737612040081
1	2	0.7463757354898771	2.253036669821973	0.3333333333333333	0.2488406509781959	1.339807756938479	0.8876908337927909	-0.4521169231456883	0.8450522483977585	0.5761655727645889	-0.8346625403155677
0	0	0.7459827168202617	2.25401728317974	0	0.2486609056067538	0	0	0	0	0	0
0	0	1.000000000000001	2.000000000000001	0	0.3333333333333334	0	0	0	0	0	0
0	2	0.002747273164542722	2.99666998180501	0	0.0009159356404951434	0	0.6674074930317562	0.6674074930317562	0.9981689676571072	0.001831032342892835	1.232114979646594
2	1	0.7459827168202616	2.254017283179739	0.6666666666666666	0.2486609056067538	2.681027260959832	0.4436523213297199	-2.237374939630112	0.9846247377196171	0.154746213370747	-4.130464831435427
0	0	0.7459827168202617	2.137940482961894	0	0.2586694114727505	0	0	0	0	0	0
2	0	0.7236585591626536	2.085748500053477	1	0.2575840894215471	2.763734325638604	0	-2.763734325638604	1	0.06634956312312745	-5.102187940555192
1	5	0.7467678629825829	2.002059627918882	0.1666666666666667	0.2716677803370207	1.339104224445346	2.497428113665846	1.1583238892205	0.4833412128375947	0.8507284181467456	2.138406041424489
1	4	0.7494562223974509	2.249367122668775	0.2	0.2499167627297833	1.334300750484237	1.778277969695839	0.443977219211602	0.6329880786125377	0.7625635993047387	0.819635662056353
1	0	1.000000000000001	2.000000000000001	1	0.3333333333333334	0.9999999999999993	0	-0.9999999999999993	1	0.3333333333333334	-1.846120986819617
2	0	1.000000000000001	2.000000000000001	1	0.3333333333333334	1.999999999999999	0	-1.999999999999999	1	0.111111111111111	-3.692241973639235
0	1	0.7467659289236489	2.253234071076352	0	0.2489219763078828	0	0.4438065325021061	0.4438065325021061	0.7510780236921172	0.2489219763078828	0.8193205537397813
0	5	0.7467109271918214	2.250188769562987	0	0.2491611340881369	0	2.222035798788143	2.222035798788143	0.2386347716270355	0.7613652283729645	4.102146921607287
1	0	0.7459827168202616	2.137940482961894	1	0.2586694114727505	1.340513630479916	0	-1.340513630479916	1	0.2586694114727506	-2.474750346346732
0	1	0.0008370741168312332	2.999162925883171	0	0.0002790247056104109	0	0.3334263675273752	0.3334263675273752	0.9997209752943896	0.0002790247056103645	0.6155454146513187
0	2	0.7502559227608734	2.249744077239128	0	0.2500853075869576	0	0.8889900056785069	0.8889900056785069	0.5623720458969481	0.4376279541030519	1.641183106555984
0	2	0.2799102802075933	2.720089719792408	0	0.09330342673586441	0	0.735269864610435	0.735269864610435	0.8220986759689259	0.1779013240310741	1.357397128033344
0	0	0.7459827168202617	2.25401728317974	0	0.2486609056067538	0	0	0	0	0	0
0	1	0.7459827168202617	2.138299081466329	0	0.2586372514861112	0	0.4676614270975857	0.4676614270975857	0.7413627485138888	0.2586372514861112	0.8633595752908662
1	0	0.8620595170381079	2.137940482961894	1	0.2873531723460358	1.160012714012871	0	-1.160012714012871	1	0.2873531723460359	-2.141523816316745
2	1	0.7285549768435529	2.080852082372578	0.6666666666666666	0.2593269545805268	2.745160027133371	0.4805723619046505	-2.264587665228721	0.9825601405836455	0.1668716892833229	-4.180702815271582
0	1	0.0008370995300319915	2.99916290046997	0	0.0002790331766773304	0	0.3334263703526406	0.3334263703526406	0.9997209668233227	0.0002790331766773235	0.6155454198671005
3	0	0.7459827168202618	2.137940482961894	1	0.2586694114727505	4.021540891439747	0	-4.021540891439747	0.9999999999999999	0.01730753525425888	-7.424251039040194
1	1	1.356670542639051	1.527546672204707	0.5	0.4703773820005245	0.7370986312231406	0.654644482028625	-0.08245414919451555	0.7787451185023324	0.7194998825033818	-0.1522203352783511
0	1	0.7459827168202617	2.000785816658468	0	0.2715855769162642	0	0.4998036229935444	0.4998036229935444	0.7284144230837358	0.2715855769162642	0.9226979576968629
0	2	0.2044429210546958	2.778312508451209	0	0.06854163067890615	0	0.7198614244856548	0.7198614244856548	0.8676146937783112	0.1323853062216888	1.328951283344833
0	0	0.7283932771319742	2.082822276032679	0	0.2591026064550633	0	0	0	0	0	0
0	1	0.7467663511353611	2.25323364886464	0	0.2489221170451203	0	0.44380661566273	0.44380661566273	0.7510778829548798	0.2489221170451202	0.8193207072643544
0	2	0.7286107068512796	2.083152343820557	0	0.2591294834311117	0	0.9600834072134864	0.9600834072134864	0.5488891223210512	0.4511108776789488	1.772430127154103
1	2	0.8085470291539129	2.00851552796364	0.3333333333333333	0.2870177757008089	1.236786437823449	0.9957602877124514	-0.2410261501109974	0.8001509808396011	0.6375600121698675	-0.444963434092248
0	3	1	2.000000000000001	0	0.3333333333333333	0	1.499999999999999	1.499999999999999	0.2962962962962963	0.7037037037037037	2.769181480229427
3	0	1.000000000000001	2.000000000000001	1	0.3333333333333334	2.999999999999998	0	-2.999999999999998	0.9999999999999999	0.0370370370370372	-5.538362960458853
0	4	0.7459827168202616	2.002773723482161	0	0.271389165617812	0	1.997230117961266	1.997230117961266	0.2818269362933857	0.7181730637066144	3.687128436276515
2	1	1.454646541378924	1.299598665239969	0.6666666666666666	0.5281470719757176	1.374904447993333	0.7694683187561997	-0.6054361292371333	0.8526790097936003	0.5421760084967724	-1.117708344363507
2	3	0.7455491754041279	2.236063973781242	0.4	0.2500489292542278	2.682586294748287	1.341643188735303	-1.340943106012983	0.8964327631940006	0.3672907101447584	-2.475543210141653
1	2	0.7459827168202617	2.004339497233283	0.3333333333333333	0.2712346622546454	1.340513630479916	0.9978349489997713	-0.3426786814801444	0.8192037885224535	0.6129535180125756	-0.6326263056161698
0	0	0.7459827168202617	2.25401728317974	0	0.2486609056067538	0	0	0	0	0	0
0	0	0.7459827168202617	2.25401728317974	0	0.2486609056067538	0	0	0	0	0	0
4	2	0.6225313714472357	2.186886828333843	0.6666666666666666	0.2215872921645293	6.425378998492818	0.9145420668721896	-5.510836931620629	0.9973865370904509	0.02452589055886534	-10.17367171440547
0	1	0.7283932771319741	2.082816710169449	0	0.2591031194475741	0	0.4801190595012291	0.4801190595012291	0.7408968805524259	0.2591031194475741	0.8863578719173162
0	0	0	1.762371763135483	0	0	0	0	0	0	0	0
0	1	0.7283932771319741	2.082816702374072	0	0.2591031201660572	0	0.4801190612981752	0.4801190612981752	0.7408968798339428	0.2591031201660572	0.8863578752346962
1	1	0.7283107965484532	2.0829047566162	0.5	0.2590732666260957	1.373040197590249	0.4800987643931249	-0.8929414331971244	0.9328810425196838	0.4510275757718754	-1.648477919826
1	2	0.9992144355935842	2.000785564406418	0.3333333333333333	0.3330714785311946	1.000786182003014	0.9996073720140766	-0.001178809988937823	0.7410898118730787	0.7033544268136891	-0.002176225860050718
1	0	1	2.000000000000001	1	0.3333333333333333	0.9999999999999996	0	-0.9999999999999996	1	0.3333333333333333	-1.846120986819618
0	4	0.7475501094940223	2.252449890505979	0	0.2491833698313407	0	1.775844167215396	1.775844167215396	0.3177865657801613	0.6822134342198387	3.27842318641755