ObservedSChanges	ObservedNSChanges	E[SSites]	E[NSSites]	ObservedS.Prop.	P{S}	dS	dN	dN-dS	P{Sleq.observed}	P{Sgeq.observed}	ScaleddN-dS	pvalue
65	5	0.9995424325148192	2.000401966994189	0.9285714285714286	0.3331869859582768	65.02975550168682	2.499497642222886	-62.53025785946394	1.000000000000003	-3.108624468950438e-15	-1.866782477366689	1.000000000000003
70	5	0.9982394987208048	2.000533745825645	0.9333333333333333	0.332882621430679	70.12345242770056	2.499332995723318	-67.62411943197723	0.9999999999999952	4.773959005888173e-15	-2.018854959573159	0.9999999999999952
36	3	0.6750545112601521	2.195063693687225	0.9230769230769231	0.2352009440226275	53.32902661860197	1.366702938337365	-51.96232368026461	1.000000000000002	-1.77635683940025e-15	-1.551286667449634	1.000000000000002
57	6	0.9988582011489437	2.001141798851047	0.9047619047619048	0.3329527337163156	57.06515693061873	2.998288278943997	-54.06686865167473	0.9999999999999966	3.441691376337985e-15	-1.614115893010936	0.9999999999999966
56	0	0.9999999999999956	1.999999999999991	1	0.3333333333333333	56.00000000000025	0	-56.00000000000025	1.000000000000001	-1.332267629550188e-15	-1.671827724867009	1.000000000000001
35	2	0.6744800906915102	2.195408141415489	0.9459459459459459	0.2350196370526681	51.891820800991	0.9109923399985665	-50.98082846099243	1.000000000000001	-6.661338147750939e-16	-1.521985043888855	1.000000000000001
54	3	0.998024097981785	2.00097938980712	0.9473684210526315	0.3327852408459868	54.10690995257467	1.49926581717025	-52.60764413540442	0.9999999999999991	8.881784197001252e-16	-1.570552107241179	0.9999999999999991
53	4	0.9980111788755214	2.000614330356299	0.9298245614035088	0.3328228802839702	53.10561757405977	1.99938585828665	-51.10623171577312	1.000000000000002	-1.998401444325282e-15	-1.525728840998336	1.000000000000002
52	3	0.9993897991641301	2.000610200835859	0.9454545454545454	0.3331299330547112	52.03174981723025	1.499542488959915	-50.53220732827033	0.9999999999999963	3.663735981263017e-15	-1.508591878752318	0.9999999999999963
25	1	0.6744800906915099	2.195472054546012	0.9615384615384616	0.2350144032229809	37.06558628642215	0.455482909896015	-36.61010337652614	1.000000000000002	2.109423746787797e-15	-1.09296046134149	1.000000000000002
49	6	0.9997604907415742	2.000239509258415	0.8909090909090909	0.3332534969138593	49.01173876520581	2.99964077913074	-46.01209798607507	0.9999999999999999	1.110223024625157e-16	-1.373648233793169	0.9999999999999999
53	1	0.9988030910388387	2.000598454480572	0.9814814814814815	0.3330007922850071	53.0635121932548	0.4998504311349357	-52.56366176211986	1.000000000000001	-6.661338147750939e-16	-1.569239054543634	1.000000000000001
31	40	0.6906081441303915	2.30526767522797	0.4366197183098591	0.2305196162230455	44.88797339486195	17.35156417184584	-27.53640922301611	0.9999643767267669	9.797423954760465e-05	-0.82207379254146	0.9999643767267669
54	9	0.9982956126499754	2.001704387350015	0.8571428571428571	0.3327652042166596	54.09219405127607	4.496168393733092	-49.59602565754298	1.000000000000002	-2.220446049250313e-15	-1.480643048883849	1.000000000000002
54	9	0.9992600153290259	2.000709528459856	0.8571428571428571	0.3330900533300039	54.03998876330446	4.498404127123936	-49.54158463618052	1	0	-1.479017763010923	1
51	47	0.6862647522452512	2.297867775368134	0.5204081632653061	0.2299712716827975	74.31534234148467	20.45374433803976	-53.8615980034449	0.9999999998899021	4.136508913177295e-10	-1.607987729425006	0.9999999998899021
55	10	0.9640785586531446	2.008675507263014	0.8461538461538461	0.3243048490646098	57.04929282613353	4.978404906039715	-52.07088792009382	0.9999999999999982	1.77635683940025e-15	-1.554527751486698	0.9999999999999982
47	8	0.9986928998334664	2.000653550083258	0.8545454545454545	0.3329701708387821	47.06151411293434	3.998693326821666	-43.06282078611267	1	1.332267629550188e-15	-1.285600316092896	1
29	30	0.6776402663676482	2.318129710315521	0.4915254237288136	0.2261990311812631	42.79556785408954	12.94146736763781	-29.85410048645173	0.999997949409798	7.190248566657509e-06	-0.8912663016824189	0.999997949409798
45	56	0.7190486780963966	2.092746172561319	0.4455445544554456	0.2557258677418097	62.58268928208396	26.75909803789602	-35.82359124418794	0.9999887913709743	2.748464005775109e-05	-1.069479875827432	0.9999887913709743
36	48	0.6846527432279974	2.314296900100076	0.4285714285714285	0.2282975123477587	52.58140036110478	20.74064049341481	-31.84075986768997	0.9999863392747448	3.654713652878616e-05	-0.9505761629935119	0.9999863392747448
58	11	0.9913342003177512	2.002278297818114	0.8405797101449275	0.3311498067752788	58.50701002891793	5.493741810010486	-53.01326821890744	1.000000000000005	-4.662936703425657e-15	-1.58266163561036	1.000000000000005
54.5	155.5	0.9586225542231074	2.036784289740279	0.2595238095238095	0.3200308352619978	56.85240740467265	76.34583631820365	19.493428913531	0.0341264155090445	0.9759616103586797	0.5819581233993779	0.0341264155090445
38	83	0.7292824745238702	2.145096993279998	0.3140495867768595	0.2537182312539509	52.10601012290776	38.69288906749498	-13.41312105541278	0.9457793678751443	0.07991587856574012	-0.4004362081685077	0.9457793678751443
45	101	0.909051342211292	2.080065844112031	0.3082191780821918	0.3041203424110128	49.50215451036713	48.55615522263257	-0.9459992877345584	0.5826998261391918	0.4882406959350907	-0.02824192565962627	0.5826998261391918
44	18	0.997776319255488	2.002223680744504	0.7096774193548387	0.3325921064184969	44.09806000690769	8.990004549994588	-35.10805545691311	0.9999999997139489	1.461287868487204e-09	-1.048118222839921	0.9999999997139489
48	1	0.6745452687988618	2.195264259889151	0.9795918367346939	0.2350487940247529	71.15904924434776	0.4555260240288769	-70.70352322031889	0.9999999999999992	7.771561172376096e-16	-2.110787685098339	0.9999999999999992
42	79	0.6195275590024476	2.190226455349667	0.3471074380165289	0.2204917426358054	67.79359431181345	36.06932963805687	-31.72426467375658	0.9995099826083454	0.0009743882491908273	-0.9470983077250905	0.9995099826083454
46	14	0.9815985377034959	2.018401462296498	0.7666666666666667	0.3271995125678326	46.86233549982617	6.936182053728335	-39.92615344609784	0.9999999999994575	3.785749491669321e-12	-1.191958040687153	0.9999999999994575
39	28	0.6821760635840197	2.3105835429999	0.582089552238806	0.227942151478945	57.16999185679665	12.11815088219955	-45.0518409745971	0.9999999999033291	4.74747463563574e-10	-1.344980657100547	0.9999999999033291
53	13	0.9982604859162024	2.000738523830021	0.803030303030303	0.3328645600322074	53.09235489908895	6.497600683528626	-46.59475421556032	1	4.884981308350689e-15	-1.391042891623882	1
69	18	0.9981135710182945	2.001115188242867	0.7931034482758621	0.3327900774278293	69.13040960820209	8.994984449548543	-60.13542515865355	0.9999999999999962	3.774758283725532e-15	-1.795286982623243	0.9999999999999962
39.5	70.5	0.6437660466197652	2.182603419015917	0.3590909090909091	0.2277713704619912	61.35769385074502	32.30087490277401	-29.05681894797101	0.9993478279088041	0.001306685730880663	-0.8674642056010494	0.9993478279088041
62	22	0.9935299074946718	2.001789964673705	0.7380952380952381	0.3316940927499119	62.40375808750628	10.99016399734327	-51.41359409016302	0.999999999999996	2.953193245502916e-14	-1.534904857767728	0.999999999999996
41	43	0.6785840357794414	2.320741732224198	0.4880952380952381	0.2262455259173494	60.4199300870764	18.52855895291236	-41.89137113416405	0.9999999618239127	1.299089215089921e-07	-1.250627780264083	0.9999999618239127
24	45	0.6805848877829774	2.317637757478762	0.3478260869565217	0.2269961134669382	35.26378623859929	19.41632157777459	-15.8474646608247	0.9924610192507214	0.01504495492454216	-0.4731112640860138	0.9924610192507214
37	108	0.7050593700836315	2.129718573534848	0.2551724137931035	0.248717671756558	52.47785019240465	50.71092553827176	-1.766924654132886	0.6143188332436756	0.4602808850305806	-0.05274988615232852	0.6143188332436756
44	9	0.9976056107519885	2.000654749296146	0.8301886792452831	0.3327281459759461	44.10560598875651	4.498527296209556	-39.60707869254695	0.9999999999999857	1.232347557333924e-13	-1.182432361771234	0.9999999999999857
36	151	0.6765798051193838	2.319325828819005	0.1925133689839572	0.2258348185119431	53.20880068781795	65.10512586189274	11.8963251740748	0.1579878161401514	0.8818653067278501	0.3551536830366341	0.1579878161401514
37	9	0.6757837063112642	2.195753385783043	0.8043478260869565	0.2353386651949506	54.7512460783686	4.09882095970921	-50.65242511865939	0.9999999999999998	7.771561172376096e-16	-1.512180868662938	0.9999999999999998
47	17	0.7035952118090569	2.18128830656419	0.734375	0.243890336413238	66.79977238497034	7.793559406540434	-59.00621297842991	0.9999999999999987	1.554312234475219e-15	-1.761575407084754	0.9999999999999987
60	117	0.9106101013974293	2.089189139033087	0.3389830508474576	0.3035570144576552	65.88989064356252	56.00258866660088	-9.887301976961645	0.8653661352855574	0.1724341692990479	-0.2951761708788714	0.8653661352855574
52	43	0.7715016551597541	2.22849834484024	0.5473684210526316	0.2571672183865852	67.4010219579275	19.2955045713003	-48.1055173866272	0.9999999995121729	1.763771018126192e-09	-1.436145315822053	0.9999999995121729
56.5	117.5	0.9652689872899007	2.028069570131096	0.3247126436781609	0.3224723728282703	58.53290714190454	57.93686850318686	-0.5960386387176868	0.5608396409914789	0.5033010354562518	-0.01779417716607527	0.5608396409914789
33	51	0.6813791024638313	2.316166534936732	0.3928571428571428	0.2273123364536045	48.43118886486792	22.01914207407936	-26.41204679078856	0.9997911033978271	0.0004893207033375147	-0.7885070017022292	0.9997911033978271
36	77	0.6461995856540524	2.180151821729152	0.3185840707964602	0.2286338436069917	55.71034212837279	35.31864122147636	-20.39170090689643	0.989584590038233	0.01773032373440075	-0.6087751952383044	0.989584590038233
52	14	0.9989399657930736	2.001060034206921	0.7878787878787878	0.3329799885976918	52.05518027173576	6.996291845660999	-45.05888842607476	0.9999999999999921	4.696243394164412e-14	-1.345191052185726	0.9999999999999921
47	16	0.9992094239275242	2.000354502934253	0.746031746031746	0.3331182292797218	47.03718647414304	7.998582239563105	-39.03860423457994	0.9999999999959867	2.447098079727539e-11	-1.165461087490734	0.9999999999959867
45	35	0.6757082313751026	2.316806948172981	0.5625	0.2257994331969086	66.59679120442647	15.10699889241992	-51.48979231200654	0.9999999999827112	7.896017173436576e-11	-1.537179684551006	0.9999999999827112
46	148	0.9487371231819495	2.050781500128583	0.2371134020618557	0.316296460308301	48.48550654971903	72.16761024551884	23.68210369579982	0.009579770099293901	0.993889001843562	0.707007098960954	0.009579770099293901
46	41	0.7048289975176467	2.2933813208051	0.5287356321839081	0.2350832405619699	65.26405718551372	17.8775328934862	-47.38652429202752	0.9999999991724491	3.135360526762554e-09	-1.414680448151701	0.9999999991724491
42	34	0.68177740133551	2.307818210025031	0.5526315789473685	0.2280500408632987	61.60368460105551	14.7325295607366	-46.87115504031891	0.9999999997769677	9.692748825784747e-10	-1.399294580231158	0.9999999997769677
45	78	0.7074516398284265	2.104096891028293	0.3658536585365854	0.2516234850880755	63.60858815863872	37.07053621560204	-26.53805194303668	0.9982076711503545	0.003263950507930491	-0.7922687678987382	0.9982076711503545
53	27	0.9952998909401977	2.004700109059792	0.6625	0.3317666303134004	53.25028213349266	13.46834864625365	-39.78193348723901	0.999999999625974	1.532841187312783e-09	-1.187652488442521	0.999999999625974
30	22	0.6765629064918568	2.195510653903221	0.5769230769230769	0.2355660091097353	44.34177474428401	10.02044784473625	-34.32132689954776	0.9999999708240124	1.361012271772211e-07	-1.024631176158707	0.9999999708240124
61	33	0.9946557479783216	2.004587723808483	0.648936170212766	0.3316355465419263	61.32775095703714	16.46223789962349	-44.86551305741365	0.9999999999161139	3.226404698963847e-10	-1.339418011067261	0.9999999999161139
59.5	97.5	0.8965568742685592	2.076336595631185	0.3789808917197452	0.3015771951958959	66.36500338982071	46.95770435542558	-19.40729903439514	0.9844324551343663	0.02336169249180164	-0.5793867962586855	0.9844324551343663
32	20	0.6800776516416873	2.191844193395641	0.6153846153846154	0.2368022837448934	47.05345032696332	9.124736174342607	-37.92871415262071	0.9999999987726832	6.640361815968276e-09	-1.132326355159049	0.9999999987726832
29	25	0.6758517777628834	2.194203960064921	0.5370370370370371	0.2354838510120365	42.90881662839155	11.39365366894166	-31.51516295944989	0.9999995806842751	1.671513320089524e-06	-0.9408557712376773	0.9999995806842751
57	30	0.9915496850982433	2.008409570353866	0.6551724137931034	0.3305210506763404	57.4857728832342	14.93719231516818	-42.54858056806601	0.9999999998470317	6.088738402354466e-10	-1.270248154418395	0.9999999998470317
63	41	0.9971744239059739	2.000352695695339	0.6057692307692307	0.3326656887890319	63.17851570362823	20.49638550653091	-42.68213019709732	0.9999999965649826	1.094633605980277e-08	-1.274235153926614	0.9999999965649826
38	25	0.6775777434639739	2.196004401697651	0.6031746031746031	0.2357955016545607	56.08212543365575	11.38431233592857	-44.69781309772718	0.9999999998980489	5.233177224894803e-10	-1.334411485316138	0.9999999998980489
40.5	31.5	0.675782310033108	2.191216384985152	0.5625	0.2357107142069362	59.93054183086832	14.37557706114609	-45.55496476972223	0.9999999992181837	3.335927090120094e-09	-1.360000948345735	0.9999999992181837
33	61	0.6950893347775168	2.300049483293781	0.351063829787234	0.232072493796837	47.47591187046856	26.52116854140246	-20.9547433290661	0.9968694081807543	0.006029938646813116	-0.6255843011607958	0.9968694081807543
29	63	0.7184302136707429	2.278864993083176	0.3152173913043478	0.2396928444191539	40.36578563675319	27.64534107602599	-12.72044456072721	0.9623297210210853	0.06075359387994883	-0.3797569980224535	0.9623297210210853
50	46	0.9973939002193579	2.002606099780633	0.5208333333333334	0.3324646334064537	50.13064546414756	22.97006885429885	-27.16057660984871	0.9999527693115815	0.000108298958755193	-0.810853660709273	0.9999527693115815
35	38	0.6607126286368393	2.183164541545495	0.4794520547945205	0.2323281172493389	52.97310583000488	17.40592579114501	-35.56718003885987	0.9999989412637469	3.391129496987944e-06	-1.061824958648252	0.9999989412637469
62	108	1.089288320298077	1.325636372308792	0.3647058823529412	0.4510651299532695	56.91789661623665	81.47030532354961	24.55240870731296	0.0139154551365364	0.9907820736732837	0.732989242663425	0.0139154551365364
33.5	70.5	0.6783470332387932	2.307813873555438	0.3221153846153846	0.2271635904466471	49.38475199051583	30.54839075535459	-18.83636123516125	0.9901042302020968	0.01721833901314507	-0.5623419812241539	0.9901042302020968
5	67	0.06784714004189654	2.928069052085128	0.06944444444444445	0.02264654138863837	73.69507391044679	22.8819740273161	-50.81309988313069	0.9941093506999199	0.02385187202260941	-1.516977663768823	0.9941093506999199
21	78	0.3637977434797214	2.633059005204766	0.2121212121212121	0.1213931041713674	57.72438223265276	29.62333918298733	-28.10104304966543	0.9965548495391783	0.007350886098708709	-0.83893040835914	0.9965548495391783
37	28	0.6797068407610858	2.192100353192665	0.5692307692307692	0.2366826165043836	54.43523263436649	12.7731378534836	-41.66209478088289	0.9999999979334174	9.200896600169983e-09	-1.243782948762801	0.9999999979334174
49.5	104.5	0.942399941922808	2.01445166742373	0.3214285714285715	0.3187173610416918	52.52547013002103	51.87515872924586	-0.6503114007751662	0.5667438836155876	0.5015294674047223	-0.0194144398145182	0.5667438836155876
42	118	0.6928848923020241	2.296091956370887	0.2625	0.2318134021712685	60.61612897989478	51.3916699514536	-9.224459028441181	0.8445904649546918	0.2028342541067998	-0.2753876134044231	0.8445904649546918
36	29	0.6797633647900734	2.192960156305816	0.5538461538461539	0.2366267967655852	52.9596060404309	13.22413447258084	-39.73547156785006	0.9999999908611603	3.830827266515513e-08	-1.186265411210647	0.9999999908611603
54.5	97.5	0.9526221534812318	2.014403018406355	0.3585526315789473	0.3210697915566333	57.21051079993988	48.40143660881461	-8.809074191125276	0.8579979696420809	0.1836572142394749	-0.2629866868416714	0.8579979696420809
28.5	80.5	0.6885349080193787	2.306244137918402	0.2614678899082569	0.2299117555778716	41.39223686128325	34.90523777446158	-6.486999086821676	0.814730603223447	0.2495392304068067	-0.1936633022238465	0.814730603223447
33	61	0.6937904929271388	2.299615940350872	0.351063829787234	0.2317729010047543	47.56479129711227	26.52616853520885	-21.03862276190342	0.9969377482504329	0.005907499552472606	-0.628088443328002	0.9969377482504329
39	148	0.6780476080662065	2.111770114027717	0.2085561497326203	0.2430436951835303	57.51808506666383	70.08338597884784	12.56530091218401	0.1550439506016582	0.8832813539318669	0.3751253292193905	0.1550439506016582
41	104	0.6940053503257032	2.302084055436588	0.2827586206896552	0.2316370629631222	59.07735434713625	45.176456417564	-13.90089792957225	0.9377050163923356	0.08887135911545829	-0.4149983314143783	0.9377050163923356
24	53	0.674315068248927	2.190655024844118	0.3116883116883117	0.2353654824790617	35.59167091182407	24.1936769591421	-11.39799395268198	0.9530690426887382	0.07735166354552825	-0.3402764696064314	0.9530690426887382
43	61	0.6892359108623406	2.307296197395283	0.4134615384615384	0.2300111882542472	62.38792744591668	26.43787133566257	-35.95005611025411	0.999990269525536	2.408203264814279e-05	-1.073255366350843	0.999990269525536
53.5	111.5	0.9375153801572853	1.844727105990586	0.3242424242424242	0.3369639364020042	57.06573047476235	60.44254439473121	3.37681391996886	0.3997250556298259	0.6624473611661785	0.1008116273771565	0.3997250556298259
26	55	0.6722537650571633	2.189965815797468	0.3209876543209876	0.2348714855959565	38.67587115378842	25.11454726975816	-13.56132388403026	0.9716635766026079	0.04833006809717033	-0.4048606652718366	0.9716635766026079
48	99	0.6918851572870101	2.300799579660195	0.3265306122448979	0.2311921295100373	69.37567527567076	43.02851968297965	-26.34715559269111	0.9969165298164157	0.005271796812873819	-0.7865697355579586	0.9969165298164157
43	79	0.639128282096993	2.179451424258008	0.3524590163934426	0.2267554402154965	67.27913817069106	36.24765347862501	-31.03148469206604	0.9994453571845412	0.001088923383316898	-0.9264160080711067	0.9994453571845412
48.5	74.5	0.6832264362822789	2.313590380161213	0.3943089430894309	0.227984050454277	70.9867145421199	32.20103292217561	-38.78568161994429	0.9999874773661633	2.867538848017048e-05	-1.157910318930131	0.9999874773661633
37	179	0.67684605446233	2.074914639563835	0.1712962962962963	0.2459683561625487	54.6653109020365	86.26860912101297	31.60329821897647	0.005373601521045302	0.996762962618651	0.943486967137943	0.005373601521045302
62	84	0.9933145042560703	2.00664445539287	0.4246575342465753	0.3311093643668744	62.41729053018719	41.86092846405823	-20.55636206612897	0.9928175174701581	0.01134941983633664	-0.613691000438549	0.9928175174701581
31	70	0.6004043011418927	2.1308194794708	0.3069306930693069	0.2198297720618135	51.63187528977048	32.85121084841258	-18.78066444135789	0.9846489186250312	0.02628651841640883	-0.5606792054372495	0.9846489186250312
36	107	0.5859964403049112	2.262053079561573	0.2517482517482518	0.2057535995133899	61.43382028271049	47.30216145977376	-14.13165882293673	0.9256347190147121	0.1061679699680684	-0.4218874824740537	0.9256347190147121
32	104	0.5996490768314598	2.250128932233889	0.2352941176470588	0.2104195747612386	53.36454475855729	46.21957369205088	-7.144971066506415	0.7949566375172036	0.2679040635392901	-0.2133064414706781	0.7949566375172036
29	100	0.6813459478652769	2.294064995831678	0.2248062015503876	0.2289922167923141	42.56281275446023	43.59074402063597	1.027931266175742	0.504248572850859	0.579097371125916	0.03068792839375441	0.504248572850859
51	89	0.9982228227746933	2.001777177225297	0.3642857142857143	0.3327409409248988	51.09079740156482	44.4604929122854	-6.630304489279425	0.8116550314151703	0.2396781906506735	-0.1979415512408481	0.8116550314151703
40	85	0.7108543115169151	2.131072114309933	0.32	0.250131145217841	56.2703205874108	39.88602705147031	-16.38429353594049	0.9691515131999816	0.04720876194042589	-0.4891377890311522	0.9691515131999816
55	82	0.9934246915300767	2.006575308469913	0.4014598540145985	0.33114156384336	55.36403561229063	40.86564787968412	-14.49838773260651	0.9655432737212366	0.05021610733764081	-0.4328358317364856	0.9655432737212366
28	108	0.684058205862503	2.30608775527156	0.2058823529411765	0.2287708408732871	40.93218933715715	46.83256296431883	5.90037362716167	0.3016016308918988	0.7669722283919516	0.1761501467314814	0.3016016308918988
36	113	0.6769404221862262	2.034180587923808	0.2416107382550336	0.249690227644524	53.18045550262089	55.55062351437233	2.370168011751446	0.4532184251539392	0.6209764100010453	0.07075915347569581	0.4532184251539392
4	80	0.08259624991101226	2.903336707722176	0.04761904761904762	0.02766178982681597	48.42834879682224	27.55450299209846	-20.87384580472378	0.9162777511613114	0.2034939805088678	-0.6231691810881423	0.9162777511613114
42	118	0.6310839090246547	2.241754400553413	0.2625	0.2196726167708832	66.55216429921552	52.63734509492646	-13.91481920428906	0.9175580822633709	0.1139461693362819	-0.4154139380757544	0.9175580822633709
