Codon,alpha,beta,beta-alpha,Prob[alpha<beta],Prob[alpha>beta],BayesFactor,PSRF,Neff
1,0.24437,0.147912,-0.0964585,0.306771,0.540949,0.752278,1.00244,337.54
2,1.04305,0.162766,-0.880284,0.0138419,0.977729,0.023861,1.01623,120.852
3,1.35772,0.158212,-1.19951,0.00305375,0.994394,0.00520719,1.00223,347.245
4,0.595228,0.148275,-0.446953,0.069733,0.892548,0.12743,1.01263,144.714
5,0.287451,0.147688,-0.139763,0.27214,0.591463,0.635601,1.00245,337.238
6,0.287451,0.147688,-0.139763,0.27214,0.591463,0.635601,1.00245,337.238
7,0.724617,0.158502,-0.566116,0.0540366,0.91786,0.097108,1.01784,112.636
8,1.36481,0.168586,-1.19622,0.00941732,0.984639,0.0161614,1.011,159.144
9,0.710453,0.148549,-0.561904,0.0352096,0.944908,0.0620397,1.02431,88.6136
10,0.629423,0.158436,-0.470987,0.0693974,0.895191,0.126771,1.01535,125.914
11,0.24437,0.147912,-0.0964585,0.306771,0.540949,0.752278,1.00244,337.54
12,1.01676,0.16202,-0.854739,0.0212762,0.966678,0.0369552,1.02118,98.752
13,1.97908,0.363291,-1.61579,0.00723935,0.986895,0.0123964,1.0134,138.827
14,0.503768,0.3327,-0.171068,0.274187,0.644537,0.642191,1.02137,98.056
15,0.826307,0.501084,-0.325222,0.203761,0.730505,0.435031,1.0137,136.67
16,0.732141,0.270102,-0.46204,0.103364,0.850869,0.195972,1.03547,65.2162
17,0.724568,0.158478,-0.56609,0.0540289,0.917866,0.0970933,1.01783,112.656
18,0.747169,0.334638,-0.412531,0.113169,0.841729,0.216934,1.04031,58.6613
19,0.597474,0.334485,-0.262988,0.209108,0.724148,0.449464,1.03034,74.1359
20,0.723333,0.509741,-0.213592,0.304103,0.623262,0.742876,1.01557,124.636
21,0.437058,0.391442,-0.0456162,0.458577,0.468446,1.43985,1.00863,186.043
22,0.434054,0.156862,-0.277192,0.193417,0.713475,0.407649,1.00438,268.721
23,0.581276,0.394901,-0.186376,0.278098,0.646918,0.654878,1.02165,97.0715
24,0.967781,0.161338,-0.806442,0.0226985,0.964522,0.039483,1.02191,96.1526
25,0.302924,0.147625,-0.1553,0.260785,0.608101,0.599726,1.00252,333.84
26,0.722945,0.158485,-0.564461,0.0542309,0.917572,0.0974772,1.01781,112.766
27,0.694312,0.33392,-0.360392,0.131254,0.818396,0.256839,1.04082,58.0561
28,0.837031,0.597415,-0.239616,0.28186,0.639368,0.667216,1.01116,157.547
29,0.587408,1.00643,0.419025,0.820938,0.112276,7.7938,1.00038,464.955
30,0.360856,0.502105,0.141249,0.639677,0.296172,3.01793,1.00877,184.269
31,0.628828,0.276231,-0.352596,0.13863,0.80418,0.273596,1.03138,72.1146
32,1.45234,1.019,-0.433333,0.353035,0.510773,0.927638,1.00203,357.102
33,0.805959,0.159495,-0.646463,0.0304579,0.952872,0.0534041,1.02468,87.5445
34,0.323475,0.904887,0.581413,0.912249,0.058931,17.6726,0.998583,695.532
35,0.747563,0.490042,-0.25752,0.275514,0.654665,0.646478,1.01596,122.351
36,0.427692,0.687648,0.259955,0.72145,0.222467,4.40296,1.0072,207.509
37,0.963821,0.605215,-0.358606,0.247621,0.678778,0.55949,1.0117,152.599
38,0.732634,0.27038,-0.462254,0.103443,0.850788,0.196139,1.03548,65.1996
39,0.689791,0.148483,-0.541308,0.0380059,0.94066,0.0671615,1.02414,89.0843
40,2.48249,0.638496,-1.84399,0.015361,0.971752,0.0265205,1.00954,174.72
41,0.742362,0.552943,-0.189418,0.334698,0.589659,0.855216,1.01302,141.729
42,0.635517,0.134158,-0.501359,0.051643,0.917314,0.0925722,1.01271,144.155
43,3.33693,0.520486,-2.81644,0.00594974,0.989413,0.0101749,1.01438,131.999
44,0.772653,0.35459,-0.418063,0.153697,0.792539,0.30873,1.02644,82.8645
45,3.45612,1.03124,-2.42488,0.0383142,0.923535,0.0677279,1.00039,464.025
46,0.424237,0.484735,0.0604979,0.554595,0.377778,2.11672,1.01008,168.553
47,1.45751,0.31025,-1.14726,0.0160717,0.973423,0.0277677,1.01756,113.987
48,2.1582,0.513652,-1.64455,0.0202488,0.965839,0.0351337,1.01453,131.026
49,0.431051,0.394205,-0.0368456,0.466484,0.460452,1.48638,1.00845,188.53
50,0.357737,1.23578,0.878039,0.95339,0.0234084,34.7721,1.00057,449.523
51,0.365019,0.296583,-0.0684365,0.422929,0.489346,1.24589,1.00736,204.737
52,0.737638,0.350239,-0.387398,0.165299,0.780154,0.336651,1.03454,66.6705
53,0.243672,0.468438,0.224766,0.738529,0.199734,4.80158,1.00202,357.55
54,0.743486,0.59668,-0.146806,0.376547,0.546025,1.02673,1.01372,136.575
55,1.57701,0.494399,-1.08261,0.0521236,0.919765,0.093481,1.01348,138.303
56,0.99289,0.585325,-0.407565,0.18931,0.742149,0.396973,1.01091,160.028
57,4.43549,0.616722,-3.81877,3.33817e-05,0.99984,5.67497e-05,1.00008,491.849
58,1.70701,0.501915,-1.20509,0.062963,0.907544,0.114227,1.01501,128
59,0.748459,0.812507,0.0640485,0.53964,0.361357,1.99272,1.00684,213.696
60,1.5385,0.359286,-1.17921,0.0328392,0.949786,0.0577211,1.01927,106.197
61,0.436258,0.350642,-0.0856161,0.412849,0.510778,1.19532,1.01136,155.678
62,2.10794,0.375668,-1.73227,0.00877995,0.98482,0.0150579,1.01424,132.989
63,0.744438,0.355595,-0.388843,0.293929,0.644387,0.707678,1.01395,134.973
64,0.637552,0.311951,-0.325601,0.1675,0.772828,0.342036,1.0327,69.7278
65,0.761329,0.143004,-0.618325,0.0207699,0.966544,0.036057,1.02525,85.9609
66,1.04155,0.16274,-0.878812,0.0138707,0.977684,0.0239115,1.01626,120.694
67,1.74122,0.618166,-1.12306,0.100539,0.856039,0.190018,1.01382,135.814
68,2.05957,0.540721,-1.51885,0.383627,0.558911,1.05805,1.0148,129.328
69,0.286817,0.467149,0.180332,0.686088,0.248723,3.71547,1.00365,290.796
70,0.444332,0.579782,0.13545,0.608066,0.316356,2.63742,1.01155,153.912
71,1.03784,0.738621,-0.299215,0.296211,0.609391,0.715483,1.00983,171.326
72,0.821064,0.391079,-0.429985,0.125353,0.825694,0.243637,1.02582,84.4407
73,1.04507,0.666908,-0.378164,0.233953,0.685197,0.519176,1.01086,160.474
74,0.703997,0.679376,-0.0246212,0.477054,0.4397,1.55079,1.01094,159.68
75,0.794931,0.632699,-0.162232,0.334754,0.580468,0.855429,1.01096,159.541
76,0.83399,0.591586,-0.242404,0.277569,0.644208,0.653153,1.01115,157.626
77,1.15279,0.643435,-0.509352,0.302745,0.627104,0.738121,1.01429,132.638
78,0.756045,2.82674,2.0707,0.991642,1.79281e-05,201.683,1.00191,363.017
79,0.928343,1.0601,0.131756,0.641407,0.241391,3.0407,0.999164,599.379
80,1.40285,0.725393,-0.677452,0.199694,0.726267,0.42418,1.01108,158.287
81,0.620016,0.870824,0.250809,0.698739,0.223151,3.94287,1.00418,274.425
82,0.247036,0.798828,0.551791,0.919399,0.0564513,19.3913,1.00057,449.003
83,1.62021,0.779459,-0.84075,0.160729,0.76517,0.325561,1.00923,178.358
84,0.437129,0.595815,0.158686,0.639447,0.298953,3.01493,1.01032,165.974
85,0.629016,0.681201,0.0521854,0.531021,0.386357,1.92486,1.01038,165.371
86,0.742317,0.350961,-0.391356,0.164567,0.781128,0.334867,1.03453,66.6771
87,0.622883,0.376479,-0.246404,0.231255,0.699759,0.511387,1.02351,90.9918
88,0.741092,0.479484,-0.261609,0.27129,0.660662,0.632878,1.02035,101.853
89,1.62717,1.18792,-0.43925,0.391658,0.478,1.09446,1.00106,413.228
90,0.359662,0.48669,0.127028,0.620164,0.313513,2.77556,1.00737,204.586
91,2.49904,1.0309,-1.46814,0.131795,0.79153,0.258058,1.00245,336.921
92,0.326234,0.57628,0.250046,0.73252,0.212643,4.65553,1.00846,188.41
93,0.697612,0.843055,0.145443,0.605867,0.298782,2.61322,1.00587,232.247
94,2.59889,0.885917,-1.71297,0.0252049,0.944981,0.0439554,1.00141,391.146
95,0.798974,0.801828,0.00285449,0.493516,0.407162,1.65644,1.00762,200.684
96,0.846482,1.82156,0.975078,0.816707,0.0962866,7.57462,0.998307,753.194
97,0.35683,0.704272,0.347442,0.788495,0.16393,6.33751,1.00559,238.446
98,1.97164,0.682789,-1.28885,0.0591272,0.904131,0.106831,1.01014,167.939
99,0.540663,1.04829,0.507624,0.840489,0.10371,8.95744,0.99818,782.901
100,1.94692,0.728013,-1.21891,0.504068,0.435803,1.72786,1.01246,146.15