dN,dS,dN/dS,dS=dN,LRT,p-value,Full Log(L)
0.01483033538523673,1.006600177313885,0.01473309435014359,0.1746133008518304,1122.273299159484,0,-1394.226661516334
0.03172215342687652,1.077994136297131,0.02942701853262478,0.1989548034315254,1060.742671405248,0,-1655.903780963131
0.02516871652161581,0.9012400502301909,0.02792676214864987,0.2593233031331613,1198.32774739762,0,-2410.714828822467
0.0486100805996556,1.034804660323106,0.04697512725201454,0.3005989889183691,1172.633969289238,0,-2759.276432939521
0.006636023285822724,1.037227080360897,0.006397850009386337,0.1714711817561314,1245.014052031662,0,-1292.34120995297
0.0432020475886746,0.8987354902775505,0.04806981370606918,0.276601145293293,1074.028649702896,0,-2647.982373917635
0.007661175080588395,1.136755349488926,0.006739510910621874,0.1859352473936691,1338.734261494042,0,-1349.021497571229
0.1710888046722171,0.9533065420139831,0.1794688246980556,0.3361666158482062,504.9115832178577,0,-3470.107845185596
0.01729163285333132,0.909877322783685,0.01900435632402528,0.2570283240132828,1289.106316159846,0,-2336.38304817313
0.01785346289502785,0.9140934810948802,0.01953133160258771,0.2583177282415493,1288.75786172087,0,-2358.037352236268
0.0626225632695436,0.9939990426942971,0.06300062734447028,0.2991792252332498,1037.401905686263,0,-2843.915975657305
0.09541426452812328,0.8510308175329958,0.1121161097370295,0.2879110313971239,717.0943678806079,0,-2946.623227199649
0.05191585988458101,0.9676993599981978,0.05364874880632111,0.2059903997092787,840.6038553153521,0,-1870.906318783786
0.1234767017049904,1.112649394569062,0.1109753910869775,0.2767539935482378,674.3998945638623,0,-2671.91233166801
0.08255160356815038,0.9472204671019073,0.08715141451780835,0.3058613002377522,881.1227730801183,0,-2970.335551144219
0.0991915074976278,0.8677587382647527,0.1143077022721545,0.3031180870928195,727.6041957338975,0,-3064.221733107777
0.2863615968580176,0.9643281905231789,0.296954501249888,0.4102541138905462,269.8071703755286,0,-4040.716748773558
0.06748035826753174,0.9944305402882953,0.06785829229256024,0.2235806021205321,793.094140387057,0,-2040.978485801012
0.08629123941504467,0.970351292088821,0.08892783481463744,0.3076828793378052,878.957609763278,0,-2978.828755566789
0.2856412858256522,0.9546370244986556,0.2992145480379433,0.413543372918421,271.3461192930235,0,-4034.007316757176
0.07058481192085649,1.082561207488644,0.06520168229988689,0.2327509486751506,838.3923959994099,0,-2084.270364598013
0.2624245641047093,0.9850756500753486,0.266400417150334,0.4008991532180307,328.2969294550903,0,-3925.201472795318
0.07802192037541357,1.060848652359857,0.07354670263458778,0.2395982700355525,794.696781276235,0,-2159.232699445594
0.07064879408173766,1.119782574608625,0.06309152837677448,0.2398700789200443,877.4918249663569,0,-2120.394095315679
0.1203786596983193,1.064575442488747,0.1130766828670216,0.2779094928613546,646.4912493331667,0,-2558.605407987002
0.08312052633477385,1.046569100712496,0.07942191899052445,0.2411244767178496,761.2095938449384,0,-2216.284675810224
0.2385841528340433,0.9942382386056287,0.239966784187104,0.3781567009780194,370.1570556319584,0,-3754.805082741283
0.3072014175857249,1.0409523387406,0.2951157379187923,0.4584125646031919,307.4627584771169,0,-4285.093796800304
0.3414118779241801,1.070513870242245,0.3189233576645976,0.4548892967358915,232.8712228509194,0,-4487.442056066465
0.1507834425801717,1.060595402619817,0.1421686745084089,0.302270120979673,560.3387822722052,0,-2870.246094426537
0.1626200321737593,1.148702909788105,0.1415683992684906,0.3162933672219077,595.4240347872874,0,-3074.96947633014
0.1503769204180754,0.9232127159227971,0.1628843687099415,0.3479768492812706,597.117568476031,0,-3459.149161689421
0.1677524324991247,0.9326709413650418,0.1798623984720753,0.362017490077013,556.5628752413813,0,-3584.588817940764
0.186726950353096,0.9051472808075092,0.2062945493097115,0.3727614098937976,481.6361964756497,0,-3667.427596335368
0.435478606793578,1.093683128151365,0.3981762135525125,0.5338671523653883,150.5674817915733,0,-4871.521572484183
0.3672235215187855,1.06129607554446,0.3460142084577053,0.4967512847324891,233.7001618091654,0,-4528.268878876791
0.1996410452126779,0.8772714477074421,0.2275704352790647,0.3785614239458748,430.4722422927844,0,-3776.009482202598
0.3235340315595124,0.9736021007408211,0.3323062176153204,0.4546909438877136,244.3999738228122,0,-4285.192505027971
0.3451623655813411,1.073776988742959,0.3214469756754736,0.4602987308440472,242.437176222682,0,-4457.397630395229
0.4331312126551113,0.9069692572901227,0.4775588689182667,0.5299186476243944,112.8407562401317,0,-4707.492501512428
0.1460215462464988,1.038534741470162,0.1406034294430911,0.2928730143495951,543.5970578869701,0,-2780.66606277428
0.3257267272404856,1.070688833782689,0.3042216533534863,0.4686762076983306,289.3627673984702,0,-4343.684864680479
0.3739834223928793,1.080669024905117,0.3460665696656895,0.4910201637367377,217.3629889079602,0,-4595.095453472368
0.3422377776935903,0.9560134798304133,0.3579842595465282,0.4658859419597901,213.5612079131552,0,-4372.764829361078
0.3577112897282427,1.002649818891472,0.3567659246412949,0.4926043160414358,226.2416879927696,0,-4528.195408838705
0.4315115223157077,1.149145210583802,0.3755065228845065,0.5605511297841819,195.6967570642828,0,-4785.689803918585
0.4017504338709769,1.033171409967515,0.3888516755255632,0.512997522239142,172.6830358073548,0,-4640.115796121434
0.5353231456435043,0.9766290228922889,0.5481335625866858,0.6319053077999803,80.60724027178912,0,-5210.43892549365
0.3443428648226975,1.040478598382347,0.3309466099139901,0.5022298467039092,281.2909282016535,0,-4503.269309182308
0.4098221046238384,0.9751795281302325,0.4202529819402729,0.5126964768936305,150.3206741093654,0,-4688.812410410658
0.3889905695971227,0.9754643788134232,0.3987747559478283,0.4926322958074172,163.8097197580355,0,-4559.318819499053
0.3295601157162752,0.9707233231787832,0.339499533849748,0.4831361926533483,265.1860338320184,0,-4428.479675508692
0.325723228771761,1.1079169091267,0.2939960804718721,0.4620423193573816,284.8763278614242,0,-4165.034524528239
0.3090374051981596,1.064854868004024,0.2902155162021494,0.4451906339806676,287.6260968125034,0,-4013.107801126811
0.4686093576051656,1.052234017283212,0.4453470900086267,0.5788297652298177,135.4977725750196,0,-4927.6564007788
0.4529133761811288,1.045092722909297,0.4333714762842499,0.5563234373553323,141.5243224907226,0,-4935.21699657391
0.4709412919729679,0.952768857544668,0.4942870332544314,0.5455015088763424,83.73971365797843,0,-4931.630252545137
0.4317663341115676,1.10059262018314,0.392303497400992,0.5466097249984622,174.638005107272,0,-4798.461883864779
0.485125576765809,0.841839538664846,0.5762684626754597,0.5685737308353661,68.15099662234388,1.110223024625157e-16,-5044.864270475729
0.5052610136458772,0.9962014137864832,0.507187609507017,0.5951437301454511,93.96375857221028,0,-5015.59495374046
0.5674284173635372,1.041166834774298,0.544992789255089,0.6571136384736502,77.69631322787973,0,-5280.898130743378
0.483449351101036,0.947337144673346,0.5103244962148461,0.5700351682241416,91.60799486105316,0,-5000.22503690812
0.432912343662236,0.9487369505701856,0.4563038715863845,0.5584215429254418,147.0901648909148,0,-4924.258815766397
0.5476646280707017,1.049957318741347,0.5216065627574492,0.6264942891624743,75.43083229435433,0,-5329.690861709082
0.3580809564593261,1.07435839453424,0.3332974901867478,0.4795650082435666,227.2532034335018,0,-4394.050667623161
0.4795172798916504,1.006163265043546,0.4765799910920989,0.5748848334517795,107.2946669648809,0,-5026.711425403148
0.5526608472231815,1.059591706602877,0.5215790608583089,0.6483895102769605,91.91421615030958,0,-5249.956306830561
0.55996267494024,1.094444751311914,0.5116408793308307,0.6531854577775772,89.60219754782884,0,-5349.678726405773
0.6082644017016914,0.9421761026135526,0.6455952342819928,0.673791534436854,40.41532227565585,2.05324535151874e-10,-5376.902154054365
0.544854993539487,1.131057795178704,0.481721620117035,0.646575277757766,109.7705575361306,0,-5201.973449743484
0.5088555012224627,1.070258650589328,0.4754509584596826,0.6030551481813616,109.8799106073729,0,-5190.643158384079
0.6054078042261366,0.9719351347361823,0.6228891029754426,0.6811913333473626,49.87805777059293,1.636024649087631e-12,-5452.428620704859
0.4411308674538495,1.055489717717609,0.4179395213889445,0.5675249701326203,168.4163299301745,0,-4882.104132799752
0.5504042263320176,1.011605591965916,0.5440897427844213,0.6369292900474089,76.03465754666831,0,-5218.64158052024
0.4419032614600018,1.120619195953457,0.3943384720302038,0.5661661771508779,177.4300734021945,0,-4800.592977896493
0.5607637863763881,0.982287973275183,0.5708751421506949,0.6423986437813155,66.09115884051971,4.440892098500626e-16,-5193.028756856512
0.5010180899971243,0.9306721519202017,0.5383400469901273,0.5928159596768102,86.88409513042097,0,-5161.020862665657
0.6424621327055141,1.027810438667969,0.6250784274366177,0.7237300841052161,51.80259093366658,6.137312880127865e-13,-5669.492842015603
0.6489574192686882,0.9540533640024621,0.6802108181309379,0.7127567329012219,32.59256970274873,1.136483995800575e-08,-5536.560479062166
0.6204648549096285,0.8797961947417836,0.7052370294596834,0.6839593321253327,28.8660381267473,7.756100051103942e-08,-5469.489866313423
0.5791673939942269,0.9700206117388881,0.59706710041552,0.6734062395536362,66.94047477289496,3.33066907387547e-16,-5481.065272779839
0.6553251681488521,0.9775324518753974,0.6703871230991972,0.7153084395269642,31.12413407293207,2.420432276828421e-08,-5573.290432063427
0.6071130852035599,0.9601397300715663,0.6323174285875112,0.6881646904874876,50.11349102875647,1.45106149318508e-12,-5471.818315111146
0.6548608419323857,1.046663740388896,0.6256649740145458,0.7276845940486105,44.81286864042522,2.167932500185543e-11,-5332.299672064803
0.7400153954993113,0.893161214967091,0.8285350764213127,0.7765507040898383,8.219803930232956,0.004143567691605177,-5831.50025135444
0.5926460353152123,0.9228378721529454,0.6421995165115968,0.661220693978623,42.78719800714134,6.103029193127441e-11,-5409.433515570068
0.6821979747313267,0.9104903681541469,0.7492643509391084,0.7353947290616131,19.44327331520435,1.036321785008454e-05,-5644.940599984116
0.527575648892758,0.9636156681244181,0.5474959222276153,0.614168767115989,76.1673422902968,0,-5087.86214010213
0.6625485039726566,1.019207524503069,0.6500624142229454,0.736316003826379,41.4791877980515,1.191324816574024e-10,-5588.234598701377
0.7650198035161929,0.9444703688846974,0.8099987344437144,0.8014240163118884,9.666511139024806,0.001876573412926352,-5864.446901081717
0.764288527904077,0.9857034576250461,0.7753736907300232,0.8114449666657013,14.99145480754851,0.0001079991181482942,-5949.191456934451
0.7409057433533879,1.003480937642572,0.7383356430207443,0.7946680167959904,20.07757843963373,7.436339091948518e-06,-5859.261231773319
0.7663947442583559,0.972601561574946,0.7879842831193106,0.8093590281485061,12.7357115972809,0.0003587393066625255,-5863.641679161813
0.7520144280938954,1.069813699266755,0.7029396133264345,0.8126376133763815,26.39502516028733,2.782562313896619e-07,-5849.771370229838
0.7861869990544501,0.8932597821277989,0.8801325379070634,0.8111082969372989,3.77123005748399,0.05214127529013168,-5871.684847844883
0.7754445551726357,1.130911696855887,0.6856809044671605,0.847701773527059,29.64024121115835,5.201383002084725e-08,-5657.386374517735
0.7493230802174741,0.8969375600301103,0.8354239064225599,0.7872845797745571,7.702982318980503,0.00551296623281361,-5866.75713840265
0.7511529445154118,0.9897964895283894,0.7588963513836217,0.8020412977407193,17.13679119546214,3.478197907547109e-05,-5753.55457959749
0.7546246138045288,0.9397925131710617,0.8029693823142551,0.8016902691471159,12.30622006693193,0.0004514513000443143,-5858.70982332336
0.7935723741164846,0.9962317250159652,0.7965740843113254,0.8391001860633862,12.39170674408888,0.0004312448983179173,-6090.257967428437