dN/dS,LRT,p-value,Log(L)
1,0,1,0
0.7654866169525821,0.07794469944312254,0.3900511281541892,-17.87880794636251
0.6599059622535403,0.1986934888293348,0.327888748673689,-11.91948936500898
1,0,1,0
1.028145822447522e-15,2.634694623961906,0.05227608113659193,-12.27217374400167
1,0,1,0
1,0,1,0
1,0,1,0
1,0,1,0
1,0,1,0
1,0,1,0
1,0,1,0
1.028145822447522e-15,3.039805796708823,0.04062281813688529,-10.08791400136403
0.6595242791540149,0.1993042775083076,0.3276415000871961,-10.97037556931653
1.028145822447522e-15,2.634694626293275,0.05227608105985432,-23.14533523182692
1,0,1,0
0.6588771318321822,0.2003130598487743,0.3272341358741808,-11.66585644563844
1.028145822447522e-15,2.634694623696486,0.05227608114532845,-10.44462980147463
0.6585366873995289,0.2008322840273387,0.3270249437161913,-12.61870949262191
0.7621711262740078,0.0806180238807741,0.3882308123487738,-25.34560848898865
5.840566125974614e-16,3.0398052587216,0.04062283159994412,-10.08679362527858
1,0,1,0
1,0,1,0
0.7907236649746531,0.05947521985027038,0.4036636537566858,-12.71570507066365
1,0,1,0
1,0,1,0
0.7612039509269316,0.08140818118454973,0.3876990401988462,-18.88116050209947
0.730837574722883,0.1090199715650257,0.3706313272774141,-12.87987688966381
1,0,1,0
0.7724054047344547,0.0725581496217238,0.3938239469080387,-12.14807529061552
0.7305638438734879,0.1092998495876891,0.370471329627332,-11.45662916646568
1,0,1,0
5.840566125974614e-16,2.538590626964098,0.05554695520159619,-9.234093737034314
0.6587741495389299,0.2004763355239909,0.3271683180835098,-12.51698965130415
6.728744545674702e-16,2.537831791765701,0.05557366054109319,-8.403432795134353
6.728744545674702e-16,2.538852669900521,0.05553773652491578,-9.929856572975053
1.132775029475945,0.02969776811694658,0.4315888915170608,-16.59988482756382
6.728744545674702e-16,2.538853076458739,0.05553772222349601,-9.931416045128991
6.728744545674702e-16,3.232315078877058,0.03609927855901801,-9.996338891589962
1,0,1,0
1,0,1,0
1,0,1,0
0.7906800069174004,0.05948986571122816,0.4036520263263837,-18.03567761628262
9.682324783204268e-17,2.5389157207149,0.05553551864705158,-10.08301399867677
1,0,1,0
1,0,1,0
5.840566125974614e-16,2.598632942852191,0.0534779683460388,-9.940578759442637
0.6572176241710022,0.2029366930848013,0.3261804006707639,-10.73114081808851
1,0,1,0
1,0,1,0
1.457396160540567,0.2498491653118364,0.3085906524205679,-24.18477761767411
1.475598104457441,0.2656639136305685,0.3031277001194319,-23.19038974595215
9.682324783204268e-17,2.216029000145696,0.06829198342072318,-10.34237870207239
1,0,1,0
0.7618838081548136,0.08085307997469471,0.3880723274835362,-17.91824917432242
1,0,1,0
1,0,1,0
0.728326526029895,0.1115660161011682,0.3691841221987606,-11.46139507096529
1,0,1,0
2.098616541777357,1.299446537604865,0.1271571723399598,-22.33940783552865
1.028145822447522e-15,2.441817202982833,0.05906964746970861,-21.94760182723551
1.452893715498993,0.2461218809257204,0.3099095579821088,-19.84650427924053
1,0,1,0
1.388520670893222,0.1926712478678354,0.3303512992602836,-26.89597862591989
1,0,1,0
1,0,1,0
1,0,1,0
0.7208668916542653,0.1194311931044396,0.3648261135347626,-11.64342481972366
0.7891503529275599,0.06050735991775724,0.4028479135894013,-16.27730037167614
1.672589188487601,0.6697480805004403,0.2065697257307563,-22.38538992706016
1.262594526679867,0.1003086492446243,0.3757297784313425,-18.90696470404603
1.748048887779446,0.5192460247921602,0.2355817418471667,-16.98767721851159
1.028145822447522e-15,3.232188555069989,0.03610206740906396,-16.43598322213749
1.46591949496051,0.2569921428731945,0.3060970822619357,-28.06814991086308
0.6600007903493326,0.1985579405780378,0.3279436806512662,-11.66482197863049
1.98921126252913,0.7580206101890496,0.1919743391873136,-20.15237401311018
0.7738935884318062,0.07128619367583156,0.3947366037174017,-21.9169547712045
1,0,1,0
0.7283448192522284,0.1115440683225231,0.3691965187868288,-11.22089490601754
1,0,1,0
2.951922426863714,3.344040160978047,0.03372440273568722,-29.92830894633414
1,0,1,0
1,0,1,0
1.104378998772687,0.01898752712632046,0.4452011246977897,-16.79561280851329
1.434907426134073,0.2308721029401113,0.3154389650081901,-17.96173975690485
1.557760713108513,0.3392090637838194,0.2801430607329601,-18.1723774949205
1.177012471287248,0.0501027089701509,0.4114423244218893,-18.40063125567797
0.9027431415935522,0.01078983307221648,0.4586346221106635,-28.19691418215392
1,0,1,0
0.7296417893030064,0.1102255787364257,0.3699437318473924,-11.05357115425156
0.7891673496672279,0.06051773342770161,0.4028397525974359,-10.1993677787896
1,0,1,0
2.554442891846703,2.618799246085601,0.05280216317034853,-34.41939764950525
1.557850060333551,0.3393332354120844,0.2801071720774096,-18.68836708987007
1,0,1,0
0.5461315128109616,0.4506186799778078,0.2510206497498693,-11.38199432021918
3.238871311095253,2.888965176476326,0.04459409753008925,-21.62421567097103
1.591523060240209,0.3701667270122329,0.2714567008510222,-19.86731849178662
1,0,1,0
1.028145822447522e-15,2.827570964203481,0.04632920445223421,-17.5062173582919