dN/dS,LRT,p-value,Log(L)
0.4005476495514248,82.22244877692765,0,-729.1644779390518
0.2399626357967018,147.0540711424103,0,-574.4245453456252
0.09431083716306919,228.4904576960528,0,-622.8687647195702
0.03489456004043055,287.5608007348242,0,-348.3731879670677
0.005815622606634848,327.264426517904,0,-358.8271930362148
0.09431456732719891,228.457355172113,0,-362.9546201422623
0.01769709560733749,305.0569676888091,0,-357.9866390567859
9.555848176237971e-17,335.5407602734771,0,-276.1381643452707
1.843763237323921e-16,339.6871249441981,0,-215.7589448320064
0.05203771553606477,270.7167570854947,0,-396.660779030517
0.02947686388366965,290.3010525352174,0,-341.3129628348936
0.02328913627064235,301.3403220143184,0,-270.5960625321449
0.06504494599596153,252.6473110234297,0,-681.1977820410663
0.3736269483578896,100.7792816828551,0,-698.6872594470558
0.07689298921488702,242.0659244408615,0,-477.8728729031045
0.01769423907000545,305.095864652434,0,-315.7138582595251
0.04725317469799933,270.1864392190666,0,-359.1633923625739
0.04662513398336229,274.1676347280979,0,-333.9290163355669
0.3133402666629672,123.6775463266843,0,-714.30160072682
0.7882082659277425,8.530773550451613,0.001745956276598404,-1041.366932048863
0.0892745356484427,230.6950787472658,0,-526.9339180133328
0.2190890913791662,157.1821438484012,0,-541.5546429083905
0.09357501132317339,230.6587202356732,0,-351.563907553305
0.06422590944482069,256.3811470929957,0,-318.3072862555288
1.071864051886856,0.7721473248980146,0.1897767894593609,-1160.793621237697
0.5255118869407228,51.29461577742313,3.97459842815806e-13,-892.9316339729487
0.2172485128425509,175.7190743496567,0,-437.1203278245024
0.2683744280656607,124.7949962675905,0,-777.5832365683909
0.07001582544927271,251.1853525075247,0,-309.4185626040921
0.08276779593444931,237.2011607698827,0,-384.0593393462514
0.08869659131090905,232.2270904090615,0,-421.245958032693
0.5941897897242545,34.67187449459857,1.951144634748658e-09,-873.8844364015009
0.2734918941334928,123.197994562782,0,-768.362983461997
0.3675360540469068,91.83967024946992,0,-680.6530034753456
0.324719154881966,101.2712140613446,0,-856.3763188072725
0.8023728641272936,7.575158306364756,0.002958909112900032,-1091.814865673477
0.620940433684386,33.70462138835546,3.207405563365739e-09,-978.7792001485168
0.7622053662160028,10.64973390389332,0.0005504337175738505,-1052.687853836706
0.6638497837940608,22.28235986881828,1.176793941737309e-06,-999.5340987302054
0.1604602682455489,180.9319054483196,0,-608.7002719420202
0.4099321862503892,85.14470535666715,0,-774.3703576365322
0.2128827539278164,152.3274998174348,0,-428.8488166670915
0.1128930484650753,212.9634332911118,0,-388.2717567516366
0.8603788590268194,3.556549732927124,0.02965544999038427,-1069.007176141045
0.2178163057467218,158.5757137589567,0,-450.1145779945
0.8397022227629208,2.891273441232897,0.0445302525992981,-864.3147312015545
0.1526668734945734,187.7723703825392,0,-430.3496570647806
0.6875043627535249,20.62328515062177,2.795596411642176e-06,-993.7162919284526
0.281540949557905,120.9833208322718,0,-680.8333454812182
1.070599932232706,0.8122677534765899,0.1837253185147764,-1276.029094159604
0.2233487745444263,147.7390316165345,0,-467.3836843307266
0.4725845789697701,59.40950936893228,6.38378239159465e-15,-786.8660050331341
0.5605767966434448,37.38361236063565,4.85170237318755e-10,-1113.592178776064
0.8209756496086529,5.762885354161881,0.008184085615337067,-1108.643768185244
0.6432983208796509,25.47133975155975,2.24501802759125e-07,-937.9571527335239
0.2575192883879295,129.0757239062838,0,-502.2231000190386
0.628652427717292,27.23798987613577,8.994453837285477e-08,-888.9019065399751
1.197985536728805,5.879479092603106,0.007659176503544307,-1367.399322827061
0.9992251355785406,0.0001078112745744875,0.4958577686389327,-1194.216219141842
0.1465961605754653,191.9011339098337,0,-438.9522597579005
0.4280479949975424,72.66559198847972,0,-725.6850998334521
0.8489081885045984,3.982990556527511,0.02298094607456719,-1075.607424604144
0.5351830764614073,51.82223949990293,3.038125306886741e-13,-889.1818056782197
0.5924318695213667,37.99182472071493,3.552084182345538e-10,-894.978209743354
0.5821223099966573,34.57547967706319,2.050194958247431e-09,-819.1281121314793
0.4706559341539145,60.30783725092624,4.052314039881821e-15,-828.8233387564226
0.8179987717200847,6.470118208605072,0.005485161762338875,-1024.761561795522
1.305259658837934,14.36752890359503,7.518659418143114e-05,-1455.631119015267
1.067977121207516,0.7138084777227505,0.1990911907722086,-1018.527102541049
0.6032948399180034,40.51729251582583,9.744183238069581e-11,-839.0326373683844
0.467573835402678,57.89886274722517,1.38222766565832e-14,-773.4859626559353
0.7933735866406907,8.672591131105037,0.001615157801856282,-1042.580202001232
0.3259162601626279,102.1977091800875,0,-577.4112686216819
0.569591653667886,40.00206347778749,1.268473659443714e-10,-910.2081043291664
0.45939331807835,73.11499609613725,0,-761.5171299322905
0.9482844606743192,0.4640611263662322,0.2478660457053169,-1139.555482136591
1.105254445978861,1.740993208901727,0.09350651493662848,-1302.46539248729
0.9721797020017172,0.1417563203890495,0.3532705988173515,-1191.616444899683
1.758784048557995,58.34880744224574,1.099120794378905e-14,-1426.863350382658
0.7329217088591999,8.529685973029245,0.001746999900551105,-656.5151902971028
0.5148695863427349,46.33323072951794,4.987898982733441e-12,-705.4772419040402
1.182668629014691,4.41408778858704,0.01782166569556287,-1129.276130773786
0.8152239019056021,7.644299387229694,0.002847600582058407,-1036.512026207795
0.8512770528697121,3.868476582137191,0.02460058060912551,-1132.615792357646
0.711739642038058,17.82368853532216,1.211736145134701e-05,-1067.840314427562
0.7697647675642846,9.824951277932087,0.0008608013069533182,-1005.871603802298
1.250481876917944,10.00325801986537,0.000781317650667801,-1318.947809291207
0.4939800812229442,52.51721048724517,2.132738430304926e-13,-672.2998620690946
0.555562164729522,46.17580276881426,5.405176306538806e-12,-803.4623641083112
0.6524966278677016,29.49192725410376,2.807504656532345e-08,-903.4003863928411
0.8796150565688589,2.519288956055789,0.05623064207629946,-1094.780296622978
0.7619114963950105,9.782849504420028,0.0008807356074259087,-905.1913410485242
1.285889968990735,11.99455104750496,0.0002667816434947512,-1313.304452889142
0.6773041555810674,15.54376900358056,4.030845736407995e-05,-610.8451929807696
1.641788773042345,41.07361063609051,7.330119844439764e-11,-1454.290920601419
1.103437619325664,1.595268439548818,0.1032875164328363,-1274.071041368823
1.018333563011824,0.05387400781728502,0.4082271626397982,-1099.203586643893
0.6805231967919878,16.28118434032126,2.730173463083574e-05,-726.6817475528242
1.359261569629988,17.02250170221987,1.846972623470444e-05,-1176.998771046467
1.228227345754534,8.546911475437355,0.001730544820599422,-1456.697768154471