Codon,alpha,beta,beta-alpha,Prob[alpha<beta],Prob[alpha>beta],BayesFactor,PSRF,Neff
1,1,0.229070691476548,-0.7709293085234521,0.005228058213044654,0.9935476044991279,0.02761100896420817,1.012387282990072,146.720066281754
2,1,0.2290706904464999,-0.7709293095535001,0.005228058558742812,0.9935476041444063,0.0276110107995434,1.012387283682047,146.7200605968336
3,1,0.3775548442584764,-0.6224451557415236,0.01329469132789873,0.9835450894662416,0.07078743618883268,1.00898678505954,181.4433359186516
4,1,0.3786484348497309,-0.621351565150269,0.01347754218357132,0.9833260314773259,0.07177432436426799,1.008989793957643,181.4051560053552
5,1,0.2290706967097894,-0.7709293032902107,0.005228060001062211,0.9935476024907338,0.02761101845691602,1.012387284749111,146.7200518303697
6,1,0.2290706982113699,-0.7709293017886301,0.005228059512556961,0.9935476029912265,0.02761101586340813,1.012387283763316,146.7200599291725
7,1,0.548729862709998,-0.451270137290002,0.04465525827521064,0.9462077769529407,0.2455714516416083,1.007825533784766,197.5148173950779
8,1,0.2290706889371294,-0.7709293110628707,0.005228061203849849,0.9935476013261185,0.0276110248425981,1.012387287882292,146.7200260897184
9,1,0.2353704202377231,-0.7646295797622769,0.005883184359144834,0.9927633005853554,0.03109141068519801,1.012484854150526,145.9229403846795
10,1,0.2295370881513385,-0.7704629118486614,0.005275302631232,0.9934909567679856,0.02786184473307575,1.012394728842892,146.6589210213771
11,1,0.2290706948696242,-0.7709293051303758,0.005228059216521762,0.9935476033644584,0.02761101429173696,1.01238728389863,146.7200588174935
12,1,0.3773920287856144,-0.6226079712143856,0.01326870002184814,0.9835763258972092,0.07064718481528789,1.008986889774346,181.4420069166332
13,1,0.2290706914772764,-0.7709293085227236,0.005228058212902708,0.9935476044992756,0.02761100896345457,1.012387282989778,146.720066284171
14,1,0.2290706966677195,-0.7709293033322806,0.005228060001228052,0.9935476024913538,0.02761101845779647,1.012387284757115,146.7200517646143
15,1,0.2290706982113699,-0.7709293017886301,0.005228059512556961,0.9935476029912265,0.02761101586340813,1.012387283763316,146.7200599291725
16,1,0.1925002468371758,-0.8074997531628243,0.002326112235662294,0.9970703979292687,0.01224919221567454,1.011918597661753,150.6771485116614
17,1,0.2290706919215228,-0.7709293080784771,0.005228058065229383,0.9935476046507284,0.02761100817944676,1.012387282693425,146.7200687188605
18,1,0.2290706948936233,-0.7709293051063767,0.005228059222540322,0.993547603357699,0.0276110143236899,1.012387283903958,146.7200587737272
19,1,0.1923490949737004,-0.8076509050262997,0.002315782702295899,0.9970830445829149,0.01219467114387978,1.01191538522394,150.7050270745219
20,1,0.2295659404676433,-0.7704340595323567,0.005278421930979798,0.993487230252026,0.02787840693440826,1.012395368527588,146.6536703778897
21,1,0.5487953929831212,-0.4512046070168788,0.04468021608676216,0.946179180593828,0.2457151206192646,1.007827321818148,197.4878366700863
22,1,0.6054087956154843,-0.3945912043845157,0.06939873002710725,0.9183436015996278,0.3917899321325909,1.009478440995245,175.4150939249316
23,1,0.2295255495140059,-0.7704744504859941,0.005273928510845139,0.993492590174508,0.02785454875079229,1.012394352624861,146.6620092647967
24,1,0.3892942875806119,-0.6107057124193882,0.01535734538858606,0.9810823658958088,0.08194130867831041,1.009039277664078,180.7796028849138
25,1,0.3964650795799833,-0.6035349204200167,0.01672482570697594,0.9794590327347038,0.08936180158399122,1.009091211981409,180.1277913802099
26,1,0.4375700894635245,-0.5624299105364755,0.02605228195401723,0.9685387252022328,0.1405320931289502,1.009570596330293,174.3304051243046
27,1,0.1994858704110327,-0.8005141295889673,0.002768722272999249,0.996526910476366,0.01458642597614883,1.011994930052203,150.0178100782388
28,1,0.8893430926209899,-0.1106569073790101,0.22977100971431,0.7470879841150577,1.567258960098852,1.011309754096736,156.1569519610349
29,1,0.2290706914763973,-0.7709293085236026,0.005228058213194548,0.9935476044989761,0.02761100896500396,1.012387282990364,146.7200662793587
30,1,0.2353704090781813,-0.7646295909218187,0.005883183610040609,0.9927633015130344,0.03109140670290881,1.012484854383236,145.9229384941101
31,1,0.229070691476548,-0.7709293085234521,0.005228058213044654,0.9935476044991279,0.02761100896420817,1.012387282990072,146.720066281754
32,1,0.2290706982074341,-0.7709293017925658,0.005228059512623113,0.99354760299123,0.02761101586375934,1.012387283764145,146.7200599223616
33,1,0.4368412413357591,-0.5631587586642409,0.02586317853202366,0.9687576866154707,0.1394849424627352,1.009559531850757,174.4599117605795
34,1,0.5378405642205244,-0.4621594357794756,0.04065134151953394,0.9508127010017002,0.2226198055318428,1.007543124412457,201.8727260576984
35,1,0.3842425811643178,-0.6157574188356822,0.01445684364620262,0.982156482897319,0.07706607255314418,1.009018006688728,181.0479612728615
36,1,0.6072869980059618,-0.3927130019940382,0.07032040055767896,0.9173225405701997,0.3973867883381263,1.009532564647336,174.7763806973674
37,1,0.2290706918956028,-0.7709293081043972,0.005228058076313968,0.9935476046394079,0.02761100823829558,1.012387282715435,146.7200685380404
38,1,0.2290706906984424,-0.7709293093015576,0.005228061974708998,0.993547600468046,0.02761102893514221,1.012387288724222,146.7200191728438
39,1,0.2353704244196833,-0.7646295755803167,0.005883184639867949,0.9927633002377126,0.03109141217754125,1.012484854063321,145.9229410931443
40,1,0.2353762545410607,-0.7646237454589393,0.005883576820531135,0.9927628146686592,0.03109349703754379,1.012484733279073,145.9239223665446
41,1,0.4383426847461919,-0.561657315253808,0.02625365404833151,0.968305654113753,0.1416476281035701,1.009582391196229,174.1925657605697
42,1,0.3629153512238956,-0.6370846487761044,0.01098559933387994,0.9863217677550722,0.05835613625475319,1.008965002768689,181.720221695689
43,1,0.4830548755796851,-0.5169451244203149,0.02406446972984661,0.9702376965337894,0.129544970476157,1.006473795471293,220.3156785079976
44,1,1.742805682826023,0.7428056828260228,0.7297645680103024,0.2496586474209654,14.18749991122867,1.001218004982082,402.9901577339661
45,1,0.6054823728018366,-0.3945176271981634,0.06943477153558213,0.91830366264535,0.3920085863646465,1.009480574437381,175.3898268544301
46,1,0.5721036326483692,-0.4278963673516308,0.05409505878247765,0.9354657392665026,0.300452271945882,1.00849028685716,187.9764703570987
47,1,2.259607557547778,1.259607557547778,0.9310346270879382,0.06120103352898344,70.92512896779229,0.9982430233092594,767.8136999639523
48,1,0.807225514386146,-0.192774485613854,0.1717196662728817,0.8043082601581663,1.089201110474349,1.012298336683724,147.4545598876431
49,1,0.229070691476548,-0.7709293085234521,0.005228058213044654,0.9935476044991279,0.02761100896420817,1.012387282990072,146.720066281754
50,1,0.5567773641765481,-0.4432226358234519,0.04780210081296792,0.9426129484746465,0.2637455579916138,1.008053316536083,194.1371180255388
51,1,0.2353762545410607,-0.7646237454589393,0.005883576820531135,0.9927628146686592,0.03109349703754379,1.012484733279073,145.9239223665445
52,1,0.1677145661540142,-0.8322854338459859,0.001128387327142512,0.9985571615212457,0.005934907007920339,1.011684380280137,152.737885389253
53,1,0.2290706966999007,-0.7709293033000992,0.005228060001612088,0.9935476024903916,0.02761101845983535,1.012387284752029,146.7200518063912
54,1,0.6819794592533912,-0.3180205407466088,0.09496663267947696,0.8885446445919782,0.551279492665818,1.009582490824608,174.1914024137272
55,1,0.4952846571792292,-0.5047153428207708,0.02726682264733154,0.9664383859140431,0.1472672557583255,1.006653518965702,216.9795670472062
56,1,0.6617974332321508,-0.3382025667678492,0.08291662077469832,0.9018552633521502,0.4750049782412571,1.008827162910483,183.4925838767703
57,1,0.4368232415776808,-0.5631767584223193,0.02585852275934265,0.9687630792415124,0.1394591664841477,1.009559260890044,174.4630857471534
58,1,0.3285358073587186,-0.6714641926412814,0.006647652136040747,0.9916064456102978,0.03515850113544761,1.009124920584206,179.7072881665021
59,1,0.3961757021517942,-0.6038242978482058,0.01666999474649204,0.9795241552785541,0.08906386977237767,1.009089715910549,180.1465009412871
60,1,0.2352751664178237,-0.7647248335821764,0.005873867777385512,0.9927744992590707,0.03104188356469547,1.012484204015283,145.9282223624788
61,1,0.5302297159622141,-0.4697702840377859,0.03800237413967329,0.9538766015815581,0.207540146319361,1.007359370892339,204.8151034182939
62,1,0.4377069257396767,-0.5622930742603233,0.02609031139197075,0.9684949566333623,0.1407427283368587,1.009573539001114,174.29599506369
63,1,3.064976469046555,2.064976469046555,0.9926169929759154,0.00638775799299039,706.3400205228616,0.9967123750584893,1445.813731888201
64,1,0.515684736185447,-0.484315263814553,0.03323340104704521,0.9594247886447131,0.1806003303989916,1.007030675072248,210.3023539620822
65,1,0.395963433827179,-0.604036566172821,0.01662886300861127,0.9795729253856246,0.08884039644239457,1.009088187254148,180.1656221115327
66,1,0.610726716455899,-0.389273283544101,0.0562178919930197,0.9319851083343303,0.3129451364241155,1.006960465569749,211.5134834938761
67,1,0.1961804746160159,-0.8038195253839842,0.002554912707508916,0.9967892124736597,0.01345713038336045,1.011960274066737,150.3164239609605
68,1,0.6682301107065556,-0.3317698892934444,0.08668819597694202,0.8976739414532343,0.4986620108137834,1.009072856240551,180.3576193602385
69,1,0.6711357538929159,-0.3288642461070841,0.08840544375402444,0.8957730520847906,0.5094982244509235,1.009181001909995,179.012118865042
70,1,0.5349161135288206,-0.4650838864711794,0.03960943678402215,0.9520150148668926,0.2166786756776323,1.007468493402036,203.0573162205341
71,1,0.7085465289650952,-0.2914534710349048,0.09895589985214884,0.8826663255297168,0.5769803655744782,1.008781001260269,184.0940543303854
72,1,0.3890887009765601,-0.6109112990234399,0.01533127283128262,0.9811143892774844,0.08180002882684828,1.009043510845782,180.7262932243798
73,1,0.1962534851346014,-0.8037465148653986,0.00255832575394479,0.9967849533634456,0.01347515354930182,1.011959567237293,150.3225270595317
74,1,0.2353704048479792,-0.7646295951520208,0.005883183326082303,0.9927633018646841,0.03109140519336706,1.01248485447145,145.9229377774469
75,1,0.7856442618678094,-0.2143557381321906,0.1553593206461045,0.8215762741363568,0.9663416737177812,1.011760318682712,152.0634440087898
76,1,0.2295254967544144,-0.7704745032455855,0.005273922228496007,0.9934925976423248,0.02785451539429398,1.012394350904654,146.6620233856833
77,1,0.6905599493077208,-0.3094400506922792,0.1156554499346372,0.8682533155863659,0.6870842418826488,1.011216251963973,157.0349265112217
78,1,1.560734023915509,0.5607340239155088,0.6047013810011507,0.3723920537045666,8.036760990410068,1.001872140304464,365.0579884978376
79,1,0.9147072137295771,-0.08529278627042292,0.2450605742136619,0.731576018410054,1.705401850162445,1.010847362015662,160.599755625083
80,1,1.937402044919184,0.9374020449191836,0.8179428973957631,0.1660406931597664,23.60373598521845,0.9998321398742325,517.1939447879007
81,1,0.5304225614602187,-0.4695774385397813,0.03805686483301664,0.953812170529911,0.2078495064364917,1.007360784396736,204.7921359355826
82,1,0.8060178684493877,-0.1939821315506123,0.170806540462174,0.8052677065957135,1.082216168692715,1.012272662603414,147.6679751923623
83,1,3.326420622943991,2.326420622943991,0.9977546688340209,0.001903119949178437,2334.579961936034,0.996272682048773,1939.155110826454
84,1,0.7187475782062215,-0.2812524217937785,0.1059642836100967,0.874918697994812,0.6226873266813986,1.009226351633973,178.4539802963839
85,1,0.8648595968430606,-0.1351404031569394,0.2146122373827687,0.7625426815593437,1.435607576127399,1.011673947924674,152.8310192118313
86,1,0.3892538591042227,-0.6107461408957773,0.01534989490306754,0.9810912323398107,0.08190093583024807,1.009039038169243,180.7826198715176
87,1,2.672229242479003,1.672229242479003,0.9844605512374777,0.01343899653791022,332.834317496362,0.9975011121792922,993.3260131445112
88,1,0.3958504349307276,-0.6041495650692723,0.01660693011146288,0.9795989280890162,0.08872124020226597,1.009087348775371,180.1761119686225
89,1,0.4367868016358189,-0.563213198364181,0.02584905697841529,0.9687740384384081,0.1394067613848716,1.009558697195026,174.4696891505935
90,1,0.9320312046329484,-0.06796879536705158,0.261076497443764,0.7123418078534738,1.856238119115563,1.012470901016008,146.0363879012903
91,1,1.465132663112314,0.4651326631123145,0.5909190145639702,0.3833168817478977,7.588991404529586,1.004288413536698,271.197477009777
92,1,2.117853525957892,1.117853525957892,0.8157874955205167,0.1703960766709416,23.26608586242542,0.9982119099446426,775.1862124164246
93,1,0.6903731169392915,-0.3096268830607085,0.1155476770541118,0.8683679121456157,0.6863603412610669,1.011214490351184,157.051564973135
94,1,0.5953775296442709,-0.4046224703557291,0.04941925601272094,0.9398243483962559,0.2731319969352765,1.006477299615754,220.2496353083379
95,1,0.7767990807067273,-0.2232009192932727,0.1486532180482949,0.8287074986471976,0.9173460726082684,1.011492796421632,154.4670042281494
96,1,1.009919330939205,0.009919330939205384,0.3212973891913947,0.648996033288841,2.487098961789208,1.012745529866021,143.8362672027075
97,1,0.5350420117031236,-0.4649579882968764,0.03965630831920077,0.9519611549739035,0.2169456687516848,1.007472326115786,202.9961359933223
98,1,1.904679000671893,0.904679000671893,0.7841960420072477,0.1986566137038725,19.09108581426448,0.9997247670056222,528.8311552953755
99,1,0.7363606126326045,-0.2636393873673955,0.1301334026440864,0.8505148608115561,0.7859619485686837,1.011261086900136,156.612672394458
100,1,1.846639646497709,0.8466396464977091,0.7655819530921334,0.2160673857200233,17.15797511442985,1.000198316034372,481.1139224767242