dN/dS,LRT,p-value,Log(L)
2.804502661847769e-15,1.704599123107727,0.09584380443312868,-11.89432735737729
1,0,1,0
2.804502661847769e-15,2.02806572311243,0.07720851361213432,-10.13762193835986
2.804502661847769e-15,1.712331133359925,0.09534159853595592,-10.07969299038391
6.728744545674702e-16,1.70459914376849,0.09584380308706275,-10.60019439849492
1,0,1,0
1,0,1,0
1,0,1,0
1,0,1,0
1,0,1,0
1,0,1,0
1,0,1,0
2.449231293967717e-15,2.028005695687519,0.07721156368086279,-10.05559704861427
1,0,1,0
1.111550623144369,0.01076419751099777,0.4586836150536722,-12.18116748006605
1,0,1,0
1,0,1,0
1,0,1,0
2.759252839597837,1.501139556975229,0.1102480528805171,-14.89846362749873
1,0,1,0
1,0,1,0
1,0,1,0
1.184040816417998,0.02691554810742502,0.4348421177696559,-31.34143772969457
1.11659543880832,0.01168871948268801,0.4569524801298716,-11.48087561228733
1.176140786825771,0.02488604122319416,0.4373256774582353,-10.99733734876352
1,0,1,0
1,0,1,0
1,0,1,0
9.682324783204268e-17,1.704599063536733,0.09584380831422845,-10.18321689585599
1,0,1,0
2.227068458656622,0.9937094805854301,0.1594187160198065,-21.92439821078102
1,0,1,0
2.804502661847769e-15,1.71233168876438,0.09534156257199844,-10.08140843538945
2.449231293967717e-15,1.811841172317038,0.08914376088315229,-9.784053077075983
1,0,1,0
1,0,1,0
1.174444869461259,0.0244346154525843,0.4378920689128195,-17.71379636175039
1,0,1,0
1.983050427699734,0.7527565641128504,0.1928024436239794,-18.99641735986474
1.983285159806335,0.7529316514595692,0.1927748184969267,-18.56075703577637
0.9920182812525953,6.445826893042295e-05,0.4967970901195239,-12.30446618428924
2.804502661847769e-15,1.704599143100964,0.09584380313055263,-17.4474474080289
1,0,1,0
1,0,1,0
1,0,1,0
1.028145822447522e-15,1.78237247957059,0.09092913467389974,-10.0787408536587
1,0,1,0
1,0,1,0
2.500215461432215,1.258968081438475,0.1309232545781183,-18.69016241326135
1,0,1,0
1.105492068591097,0.009698087529915966,0.4607760254662631,-10.82352741045742
1.028145822447522e-15,2.207159006631528,0.06868572386836791,-11.37659101739814
1,0,1,0
1,0,1,0
1.175556358475036,0.02473041369531614,0.4375203398818672,-17.28877006500119
1,0,1,0
1,0,1,0
1,0,1,0
1.179664307043455,0.0257505295937932,0.4362555379966157,-15.67608192969334
1.105492101561696,0.009698092931241575,0.4607760145786819,-10.8236862624891
1.336833030481753,0.07648336641250708,0.39106042626348,-12.1696335043303
0.9903044472543236,9.527057489577828e-05,0.4961061200054759,-10.37638905955122
2.449231293967717e-15,1.811311912625115,0.08917546690111888,-15.4384939583486
2.804502661847769e-15,1.704599143766739,0.09584380308717699,-9.904159378332704
1,0,1,0
1,0,1,0
5.885174113358073,5.624617355958719,0.008854965803304471,-25.15815632462439
1.05892603892167,0.003206465049686358,0.477421697935776,-12.53613701398104
1.10431013827982,0.009495447919295685,0.461186668159151,-10.64874863100863
0.8996495325065739,0.01155063339936646,0.4572065257518561,-10.80463730988776
1,0,1,0
1.122442811153426,0.01279457093065872,0.4549704489910718,-17.19915568602946
1.119595024429304,0.01225331975520305,0.4559292188365414,-17.17280860361691
1,0,1,0
1,0,1,0
1,0,1,0
1.126337513226193,0.01362236104198544,0.4535430028572681,-12.33811338110294
0.8303096687051048,0.03671507261969253,0.4240231588528729,-11.05180653998509
1,0,1,0
1,0,1,0
1,0,1,0
9.682324783204268e-17,1.70459914376849,0.09584380308706275,-10.59821532214066
1.060083851791379,0.003328843976071028,0.4769953362599418,-10.86485130424484
0.9880253173811362,0.000145667318665943,0.4951851741312992,-12.00767586617834
2.023231902987151,0.7926590529381521,0.1866486477617732,-15.78895309695689
2.785497103333495,2.277248544944605,0.06564229835922086,-27.63105049405629
1,0,1,0
1.345013588562699,0.07944901242740698,0.3890227425046909,-15.7850131616544
0.9853481338130071,0.0002187860651652329,0.4940992928870132,-10.51519121612933
1,0,1,0
1,0,1,0
1,0,1,0
1,0,1,0
1,0,1,0
1.12448274158995,0.01320680547602748,0.454253922941385,-11.40247511410266
2.804502661847769e-15,1.003378213750118,0.1582472287434712,-10.44188201056603
2.494712750615194,1.255495322127288,0.1312527451123158,-22.94799388559344
3.417685010016727,3.115402456511141,0.03877765870337446,-23.64872499143669
1.563152032311934,0.1724233170371861,0.3389835242244685,-10.27802143434738
1.240763157927234,0.04321501667147842,0.4176604668280629,-10.48665575991109