dN,dS,dN/dS,dS=dN,LRT,p-value,Full Log(L)
0,0,0,0,0,1,0
0,6.688381190777467,0,1.474117220785887,5.968189056695476,0.01456623244106803,-11.93848675982797
0,0,0,0,0,1,0
0.8632563673421019,1.00000100039498e-06,863255.5037456293,0.7213849199839383,0.358586356988873,0.5492923867291223,-12.1268556689351
0,0,0,0,0,1,0
0,0,0,0,0,1,0
0,0,0,0,0,1,0
1.051902381475217,4.587732236825739,0.2292859145160203,2.161077436012353,1.544794102023907,0.2139056209978646,-21.47170118686926
0,0,0,0,0,1,0
0,0,0,0,0,1,0
0,0,0,0,0,1,0
0,0,0,0,0,1,0
0,2.411934919399541,0,0.68066459865074,2.520733389388059,0.1123583183800074,-8.42228104041572
0.8544654691507108,6.070267243300222,0.1407624137296077,2.002262232886407,2.708962296999601,0.09978588244685971,-18.82069547943547
0,0,0,0,0,1,0
0,0,0,0,0,1,0
0,0,0,0,0,1,0
0,0,0,0,0,1,0
0,7.012068941357728,0,2.157440238220798,6.984625059459049,0.008221287431698254,-17.97342471132249
0.8532891096405067,1.000001002072654e-06,853288.2545836807,0.7194260581072672,0.3408607408157636,0.5593328069384012,-11.80067708637624
0,8.136621572069817,0,2.762137683118941,8.58759056496428,0.003384615402555968,-21.97321500054501
0,1.976058891226734,0,0.6826260931081946,2.122677628013051,0.1451326150877192,-11.7229927953705
0,0,0,0,0,1,0
0,0,0,0,0,1,0
0,0,0,0,0,1,0
0,0,0,0,0,1,0
0.9584307609441206,3.341685710722658,0.2868105632641481,1.48825325959642,0.7246288415416089,0.3946297498744236,-17.00497871989096
0,0,0,0,0,1,0
0,0,0,0,0,1,0
0.9616484119846164,0,inf,0.7491586391441338,0.4986933558619917,0.4800748136131824,-11.11983415332231
1.07274788738317,0,inf,0.8669480196036411,0.4253247307708818,0.5142919945062817,-10.70762267633314
0,0,0,0,0,1,0
0,6.160862821059566,0,1.578101495044155,5.413642073477302,0.01997998823974034,-12.46714738031793
1.070023325413491,1.000001000056511e-06,1070022.255330767,0.7831049578289163,0.622932113933178,0.429959776587492,-11.61420239982729
0,0,0,0,0,1,0
0,0,0,0,0,1,0
0,0,0,0,0,1,0
0,0,0,0,0,1,0
0,0,0,0,0,1,0
0,0,0,0,0,1,0
0.7331108832408934,3.066812207598675e-16,2390465517987884,0.6662882193693159,0.1906392862822699,0.6623850769550343,-12.25947345664209
3.764337892815706,1.826553331164283,2.060896787730933,2.973053010099294,0.4295231619137709,0.5122230182465162,-24.31629511626054
0,4.619240691382308,0,0.7169898331434765,3.701844809035247,0.05435234210921513,-9.038819765654779
0,0,0,0,0,1,0
0,0,0,0,0,1,0
0,0,0,0,0,1,0
1.100784371479461,1.000001000056511e-06,1100783.270633984,0.7034639908421353,0.8940970298403776,0.3443694613958119,-11.02255003581458
0,3.02763883485548,0,0.785051163811526,2.691067125461647,0.1009122113770469,-9.372836679231813
1.747867430631203,0,inf,1.377613966557793,0.9507120533353373,0.3295381165351697,-16.61496651739332
0,0,0,0,0,1,0
0,0,0,0,0,1,0
0,0,0,0,0,1,0
0,0,0,0,0,1,0
0.8065387932205034,2.174137980535629e-16,3709694602831976,0.6859781627549808,0.3236711341641509,0.5694097355008236,-12.49897927981343
0,2.27068867865993,0,0.7136980626255918,2.30516074704531,0.1289449403606699,-9.52305386320551
0,3.283827756581945,0,0.7348047565325889,2.974043764385197,0.08461011409242836,-8.819117714819377
1.129850397224446,4.605582811246962,0.2453219154946732,2.273823911769496,1.404325759948406,0.2360006381454726,-19.32353687807957
0,0,0,0,0,1,0
0,0,0,0,0,1,0
0,5.27011626163099,0,2.993737092688052,4.468331632109425,0.03452869100435474,-22.86903698468959
0,0,0,0,0,1,0
0,0,0,0,0,1,0
1.241777175720353,5.402439665059001e-15,229854890143746.1,0.7348044204159654,1.045860554830671,0.3064623682141862,-9.782076959292542
0,0,0,0,0,1,0
0.7331104263547282,7.594319335075577e-16,965340531532221.1,0.666287987816771,0.1906388277573114,0.6623854578194166,-12.25960026052592
0,0,0,0,0,1,0
0,0,0,0,0,1,0
0,0,0,0,0,1,0
0,0,0,0,0,1,0
0.7173581062164972,0,inf,0.7169730248346552,0.001070755146493241,0.9738959646814938,-10.549537540081
0,0,0,0,0,1,0
0,0,0,0,0,1,0
0,0,0,0,0,1,0
1.716215836795726,0,inf,1.449492316343279,0.6741017389335227,0.4116251988934925,-17.7643542423083
0,0,0,0,0,1,0
0,0,0,0,0,1,0
0,0,0,0,0,1,0
0,0,0,0,0,1,0
0,0,0,0,0,1,0
1.12712341880435,0,inf,0.7136971093226662,0.9108863806309557,0.339879345260389,-10.21704775947898
0,0,0,0,0,1,0
0,0,0,0,0,1,0
0,2.132417013961528,0,0.679924527764482,2.278831943202803,0.1311506138082572,-9.242760793237673
0,0,0,0,0,1,0
1.807215255927127,0,inf,1.506615420021149,0.7266386613514975,0.3939749037575213,-15.68216338507512
0,0,0,0,0,1,0
0,0,0,0,0,1,0
0,0,0,0,0,1,0
0.9495346568323643,4.095923600289098e-17,23182430862854580,0.7372575538009272,0.5054963826159273,0.4770949638239723,-11.38179771954851
1.075927813357882,0,inf,0.8632016960951562,0.4398498810973841,0.5071949202954098,-10.48805568374284
2.129133178913019,0,inf,1.500338607784183,1.394617859635233,0.2376267991518882,-17.59467685175379
0,0,0,0,0,1,0
0,0,0,0,0,1,0
0,0,0,0,0,1,0
3.22162010526307,0,inf,2.604262555772947,1.270254430900629,0.2597189543273372,-19.41944893796666
1.371780806565572,0,inf,0.7776564667037063,1.133132461509941,0.287108164254865,-9.765576107151304
0.8558182200494625,9.466110078002981,0.09040864864208407,2.171368913493394,3.940842355802332,0.04712717364691021,-21.15822227572189
0.8141579537385433,2.20791964941575e-15,368744376161506.8,0.688684878597423,0.3345807925632549,0.562974120200451,-11.70999666520062
0,4.61927019796324,0,0.6642053548777939,3.854298252823693,0.04961867938410813,-9.344078360540372
0,0,0,0,0,1,0