ObservedSChanges	ObservedNSChanges	E[SSites]	E[NSSites]	ObservedS.Prop.	P{S}	dS	dN	dN-dS	P{Sleq.observed}	P{Sgeq.observed}	ScaleddN-dS
159	15	0.9808692189309411	2.015695104711628	0.9137931034482759	0.327331274417168	162.1011210580098	7.441601641507162	-154.6595194165026	1.000000000000014	-1.4210854715202e-14	-1.416456711522109
147.5	31.5	0.9705760300854034	2.020355675756634	0.8240223463687151	0.3245062494036978	151.9716080223217	15.59131413245001	-136.3802938898717	0.9999999999999852	1.476596622751458e-14	-1.249045537762442
91	12	0.6042522683510336	2.225051675433823	0.883495145631068	0.2135692312868672	150.5993519036896	5.393133171911764	-145.2062187317779	0.9999999999999977	2.331468351712829e-15	-1.32987819859621
85.83333333333334	44.16666666666666	0.6125147473400727	2.238894360508247	0.6602564102564104	0.2148112474124339	140.1326804065961	19.72699893559984	-120.4056814709962	0.9999999999999934	6.550315845288424e-15	-1.102741274953087
156	6	0.9951415212916658	2.004217584042621	0.9629629629629629	0.3317847201163178	156.7616230076667	2.99368693687322	-153.7679360707934	1.000000000000006	-6.439293542825908e-15	-1.408291102197344
99.5	108.5	0.6678159674400748	2.313285339463508	0.4783653846153846	0.2240165290235384	148.9931430981073	46.90299037003496	-102.0901527280723	0.9999999999999941	6.439293542825908e-15	-0.9349976164258355
164	13	0.99159374301124	2.006500633469078	0.9265536723163842	0.3307413371607548	165.3903134785523	6.478941388383239	-158.911372090169	1.000000000000005	-5.329070518200751e-15	-1.455397510502604
134.5	42.5	0.9066704397369096	2.082381272322177	0.7598870056497176	0.303330462995679	148.3449709014756	20.40932684368887	-127.9356440577868	0.9999999999999867	1.332267629550188e-14	-1.171704802602791
148	29	0.9421335617624045	2.053124945427366	0.8361581920903954	0.3145416529160747	157.0902534489308	14.12481011668948	-142.9654433322413	0.999999999999989	1.099120794378905e-14	-1.30935594839356
90	2	0.6040730072274076	2.210051031340423	0.9782608695652174	0.21465756269039	148.9886138317696	0.9049564791211974	-148.0836573526484	1.000000000000003	-2.664535259100376e-15	-1.356231359797681
139.5	22.5	0.9885448998627415	2.008660306023912	0.8611111111111112	0.3298222283616725	141.116503680682	11.20149580918345	-129.9150078714986	1.000000000000001	-1.332267629550188e-15	-1.189832902114892
103	31	0.6074754141827381	2.22332768866435	0.7686567164179104	0.2145947252819413	169.554187042401	13.94306388484868	-155.6111231575524	1	0	-1.425172020549351
127	54	0.9455458097332206	2.047143878328146	0.7016574585635359	0.315951838744008	134.3139578143043	26.37821433640537	-107.9357434778989	0.9999999999999977	2.331468351712829e-15	-0.9885347428933317
119	108	0.8110398886670627	2.115802543574727	0.5242290748898678	0.2771040489685171	146.7252124868673	51.04446080187141	-95.68075168499594	1.000000000000016	-1.310063169057685e-14	-0.8762968060356695
146.5	44.5	0.9613497972599497	2.027329679915501	0.7670157068062827	0.321663732963598	152.3899005518657	21.9500559977274	-130.4398445541383	0.9999999999999938	6.217248937900877e-15	-1.194639644334076
83.5	112.5	0.6916134271143776	2.272470164323296	0.4260204081632653	0.2333312829342047	120.7321846662051	49.50560045460514	-71.22658421159994	0.9999999991321051	2.161116063881252e-09	-0.6523321268936404
97.5	96.5	0.6452925083912697	2.345732911699857	0.5025773195876289	0.2157429034393194	151.094269237791	41.13852839710996	-109.955740840681	0.999999999999988	1.199040866595169e-14	-1.007034986735835
94	24	0.6069171386966155	2.222894112308319	0.7966101694915254	0.2144726573127747	154.8811098033409	10.79673560117431	-144.0843742021666	0.999999999999998	1.998401444325282e-15	-1.319603731048094
141	46	0.9177652019499571	2.076260728732418	0.7540106951871658	0.3065321487515599	153.6340664261623	22.15521363161531	-131.478852794547	1.00000000000001	-9.992007221626409e-15	-1.204155451708922
92	25	0.6059426871825626	2.218713824272667	0.7863247863247863	0.2145190697435945	151.8295408890405	11.26778935007332	-140.5617515389672	1.000000000000001	-1.332267629550188e-15	-1.287341620495355
146.5	80.5	0.8722169023636513	2.08872807376475	0.6453744493392071	0.2945738301101842	167.962807878401	38.5402010970752	-129.4226067813258	0.999999999999994	5.995204332975845e-15	-1.185323222842853
146.5	69.5	0.9350413091974261	2.055355371621633	0.6782407407407407	0.3126813627084825	156.6775698131939	33.81410385745894	-122.863465955735	0.9999999999999898	1.021405182655144e-14	-1.125251013390252
111	55	0.6151924799921715	2.231846636947644	0.6686746987951807	0.216081498962129	180.4313342734822	24.64327032578727	-155.7880639476949	0.9999999999999986	1.443289932012704e-15	-1.426792541359741
92	85	0.6186292323052857	2.292346491655128	0.519774011299435	0.2125161083321004	148.7158950720246	37.07990930229226	-111.6359857697323	0.9999999999999998	2.220446049250313e-16	-1.022423591431717
142.5	95.5	0.92699158976082	2.05338202663752	0.5987394957983193	0.3110320077524548	153.7230775057706	46.50863734128635	-107.2144401644842	0.9999999999999988	1.221245327087672e-15	-0.9819286515050741
88.5	136.5	0.6667695549632333	2.225228444926642	0.3933333333333333	0.2305567137282333	132.7295155293646	61.34201650675912	-71.38749902260548	0.9999999825265151	3.866159159482407e-08	-0.6538058729966416
128.1666666666667	93.83333333333333	0.8749597095879342	2.064617845242019	0.5773273273273273	0.2976481121072339	146.4829354565678	45.44828165152956	-101.0346538050382	0.9999999999999922	7.771561172376096e-15	-0.9253307783341581
103.5	141.5	0.6951077729972374	2.262005078475406	0.4224489795918367	0.2350629847119542	148.8977738714071	62.55512038698479	-86.34265348442227	0.9999999999671988	7.946032720695939e-11	-0.7907733806496486
108.5	143.5	0.6993857703481552	2.221050762678378	0.4305555555555556	0.2394798731076554	155.1361274422106	64.60905910450805	-90.5270683377025	0.9999999999905325	2.312194880005336e-11	-0.8290965470805483
144	75	0.9434735978699214	2.034423666166832	0.6575342465753424	0.3168254356065244	152.6274824490145	36.86547755380352	-115.762004895211	1.000000000000004	-4.440892098500626e-15	-1.060211937756614
126	63	0.9532109069657406	2.026882501417298	0.6666666666666666	0.319859405844242	132.184807243848	31.08221614027811	-101.1025911035699	1.000000000000008	-8.215650382226158e-15	-0.9259529853785803
98.5	116.5	0.6669078941825307	2.266814833019637	0.4581395348837209	0.2273247870355312	147.6965572895751	51.39369934544219	-96.30285794413285	0.9999999999999631	9.547918011776346e-14	-0.8819943963900099
76.5	78.5	0.6108776501503008	2.323370236377463	0.4935483870967742	0.2081888353588222	125.2296592962238	33.78712474271647	-91.44253455350737	0.9999999999999953	7.438494264988549e-15	-0.8374808888297066
131	95	0.9134918699612768	2.074566829135893	0.5796460176991151	0.3057141649316611	143.4057645259099	45.7926920771069	-97.61307244880302	1.000000000000012	-1.154631945610163e-14	-0.8939940594930342
97	184	0.6724250378286056	2.194317655819319	0.3451957295373665	0.2345606528686905	144.253997907681	83.85294604545196	-60.40105186222904	0.9999897859506496	1.809358245141723e-05	-0.5531859636964597
89	117	0.6389746900024897	2.331095957683289	0.4320388349514563	0.2151378757607555	139.2856421271603	50.19098403665803	-89.09465809050232	0.9999999999990657	2.649547248267936e-12	-0.8159777483415213
133.5	130.5	0.8587835367584642	2.085397041388112	0.5056818181818182	0.291688472892205	155.4524444004885	62.57801148175346	-92.87443291873501	0.9999999999998883	2.772226892489016e-13	-0.8505949994728554
87.5	113.5	0.6622662030298799	2.244583934704941	0.4353233830845771	0.2278294964135834	132.1220977300154	50.56616428777923	-81.55593344223615	0.9999999999748113	6.704325983264425e-11	-0.7469339729267221
83	220	0.5868348624316759	2.340704639196965	0.2739273927392739	0.2004532687279572	141.4367231968321	93.98879137330042	-47.44793182353169	0.9991822232957334	0.001278864026158621	-0.4345541854316253
92.33333333333333	202.6666666666667	0.6524129774368637	2.220541778547473	0.3129943502824858	0.2270878008356705	141.5258992794464	91.26901759949654	-50.2568816799499	0.9997297467802828	0.0004331836482852625	-0.460280088961286
121	171	0.8066051349446677	2.133934857450352	0.4143835616438356	0.274305106215441	150.0114427219714	80.13365515961094	-69.87778756236044	0.9999999085029887	1.752496182616525e-07	-0.6399791073478551
132	82	0.9394017718745461	2.038150247696916	0.616822429906542	0.3154946633005416	140.5149574463738	40.23255895518938	-100.2823984911844	1.000000000000012	-1.176836406102666e-14	-0.918441211548315
95.5	194.5	0.6563979653326876	2.28118196480026	0.3293103448275862	0.2234485464036312	145.4910055237556	85.26281682094151	-60.22818870281412	0.9999865342537742	2.361969423569921e-05	-0.5516027880649049
75.83333333333334	215.1666666666667	0.5155340718583915	2.43011569920903	0.2605956471935854	0.1750153996317004	147.0966469005049	88.54173763689546	-58.55490926360945	0.9998998764419973	0.0001721262874999629	-0.5362779771456974
112	151	0.6290373608368565	2.2914938445123	0.4258555133079848	0.215384571027603	178.0498376932617	65.89587851680982	-112.1539591764519	0.9999999999999913	1.909583602355269e-14	-1.027167476005431
100.1666666666667	215.8333333333333	0.6968437482096554	2.164118623614592	0.3169831223628692	0.2435697005568528	143.7433670374697	99.73267221962186	-44.01069481784788	0.998735751809544	0.001888684838119548	-0.403074083565529
97.5	104.5	0.6485027229073553	2.219072319464849	0.4826732673267327	0.2261502186777581	150.3463232396154	47.09175049563108	-103.2545727439843	0.9999999999999949	5.995204332975845e-15	-0.9456620136306887
92.16666666666666	153.8333333333333	0.6346497716745418	2.232810575940713	0.3746612466124661	0.2213281771105756	145.2244541481237	68.89672370372095	-76.32773044440272	0.9999999821481909	3.852753149846677e-08	-0.6990512221369832
126	216	0.8324598435393051	2.023635081675671	0.3684210526315789	0.2914678487013685	151.3586522856112	106.7386120926216	-44.62004019298963	0.9991145266460181	0.001297077143682768	-0.4086548027447353
96.16666666666666	125.8333333333333	0.624031315315731	2.236530411209998	0.4331831831831832	0.2181499212302064	154.1055141087123	56.26274192500497	-97.8427721837073	0.9999999999997405	7.416289804496046e-13	-0.8960977756585022
100.8333333333333	190.1666666666667	0.6714076564412561	2.180997911581444	0.3465063001145475	0.2353829567464625	150.1819831304763	87.19250287075084	-62.98948025972541	0.9999929092687332	1.254598326616563e-05	-0.5768922107465002
122	185	0.7613264687750472	2.147104262275885	0.3973941368078176	0.2617653776818503	160.2466287508624	86.16256008169063	-74.08406866917176	0.9999999201761239	1.518360425167842e-07	-0.6785025369225095
108	180	0.6253445460113802	2.324768074156971	0.375	0.2119731096827396	172.7047924042094	77.42707842599451	-95.27771397821489	0.9999999999125296	1.990995146528007e-10	-0.8726055656456804
103.5	208.5	0.6515413411151618	2.219689244180499	0.3317307692307692	0.2269205909312471	158.8540795014665	93.93206753902051	-64.92201196244595	0.9999910470403598	1.554010019466645e-05	-0.594591396098137
118.1666666666667	191.8333333333333	0.7223718887985916	2.229270961771389	0.3811827956989247	0.2447355338601	163.5814855187607	86.05204868451776	-77.52943683424297	0.9999999631733699	7.150913405862269e-08	-0.7100571084063195
138.1666666666667	170.8333333333333	0.9109366186842626	2.061173357725917	0.4471413160733549	0.3064949231066222	151.6753897392243	82.88159396830791	-68.79379577091636	0.9999999235238052	1.428760155741671e-07	-0.6300513159385795
100	219	0.6486948958732111	2.285116411562347	0.3134796238244514	0.2211099583088848	154.1556757054325	95.83756822711209	-58.31810747832037	0.9999487253997951	8.502226958007064e-05	-0.5341092165072407
94	130	0.6328149473076471	2.295343944522619	0.4196428571428572	0.2161135958411402	148.5426354101293	56.63639225407551	-91.90624315605379	0.9999999999975471	6.563638521583925e-12	-0.84172778656187
98.91666666666666	222.0833333333333	0.6832106127099802	2.174580850267061	0.3081516095534787	0.2390694428061103	144.7820991455476	102.1269608375606	-42.65513830798699	0.9980668212764949	0.002844766218289885	-0.3906591535083038
106.1666666666667	153.8333333333333	0.6450422385215873	2.207500158038202	0.4083333333333333	0.2261288874442386	164.5887049350391	69.68666922771344	-94.90203570732571	0.9999999999818607	4.364320016492229e-11	-0.8691648979765862
98.5	233.5	0.6613241485713858	2.194355484599003	0.2966867469879518	0.2315820517433815	148.9436008238667	106.4093769850922	-42.53422383877454	0.9974319283262961	0.003730794628674317	-0.389551752476138
122.5	166.5	0.9133865032541699	2.033841143027511	0.4238754325259516	0.309913794547404	134.1162799795736	81.86480078387704	-52.2514791956966	0.9999823336123894	2.969833983990089e-05	-0.4785477070725012
112.5	189.5	0.8467413192801267	2.10184627333615	0.3725165562913907	0.2871684468185714	132.8623009629954	90.15882959852082	-42.70347136447459	0.9994402826631014	0.0008517644658873058	-0.3911018141509111
93.25	155.75	0.6261497953168605	2.262215361889297	0.3744979919678715	0.2167834609674212	148.9260248864431	68.84844061439175	-80.07758427205131	0.9999999946954309	1.17307108471465e-08	-0.7333944403329203
82.16666666666666	191.8333333333333	0.6233002055110282	2.327214625037511	0.2998783454987834	0.2112513379216428	131.8251878311195	82.43044335897521	-49.39474447214427	0.9997822899179692	0.0003606448876659618	-0.4523841635190212
123.5	160.5	0.8426801158838005	2.095904063614968	0.4348591549295774	0.2867639871482381	146.5562052220415	76.57793254294916	-69.97827267909236	0.9999999590301136	8.000016904485818e-08	-0.6408994051642456
108.6666666666667	235.3333333333333	0.6273320731970015	2.295168071731685	0.3158914728682171	0.2146559596534457	173.2203266969614	102.5342484638941	-70.68607823306726	0.9999951588233027	8.382616596858128e-06	-0.6473818766678613
101.5833333333333	267.4166666666666	0.6792863436766061	2.170114119268884	0.275293586269196	0.2383962354573398	149.5442007320774	123.2270064934465	-26.31719423863096	0.9556580822126459	0.05656249350278864	-0.2410273001518342
94.66666666666666	281.3333333333334	0.6576404990312812	2.264674554435075	0.25177304964539	0.2250409305633249	143.9489611818504	124.2268266680429	-19.72213451380755	0.9021110798316796	0.1202782966513529	-0.1806261257180896
103.8333333333333	277.1666666666667	0.6362022086971225	2.247752870276022	0.2725284339457568	0.2206005958052743	163.2080679914228	123.3083362196445	-39.89973177177832	0.9928540516791409	0.009841224995877584	-0.3654236290743115
111.6666666666667	252.3333333333333	0.6887873395824653	2.17584701463865	0.3067765567765567	0.2404451159944789	162.120672447838	115.9701631758514	-46.15050927198668	0.9983753347439608	0.002349411612393326	-0.4226716780518695
101.1666666666667	252.8333333333333	0.6822431498213785	2.17498963699562	0.2857815442561206	0.2387775868207812	148.2853535329063	116.2457645925062	-32.03958894040012	0.9821339737153358	0.02383501826643686	-0.293436129636627
120.8333333333333	247.1666666666667	0.7749438231111589	2.173612026347716	0.3283514492753623	0.2628214836945952	155.9252809425914	113.7124121833172	-42.21286875927424	0.9978222329472032	0.003089495438725942	-0.386608606390742
118.8333333333333	224.1666666666667	0.6432617707666595	2.302258564944855	0.3464528668610301	0.2183864640035745	184.735575365693	97.36815407266647	-87.3674212930265	0.9999999799216457	3.886607391478947e-08	-0.8001587663389719
104.5	254.5	0.7028590304800817	2.240677956889287	0.2910863509749304	0.2387804309903457	148.6784624914361	113.5816948694047	-35.09676762203148	0.9902897078949017	0.01324053938771286	-0.3214354489042452
79.5	255.5	0.6428129603190239	2.28978230945674	0.2373134328358209	0.2191959343807355	123.6751666620795	111.5826596025272	-12.09250705955236	0.807537091646659	0.2297815939547134	-0.1107498125447024
101.3333333333333	182.6666666666667	0.7064656734840051	2.231016523292032	0.3568075117370892	0.2405004102695054	143.4370233922308	81.87598108736923	-61.5610423048616	0.9999957261513622	7.684890628745222e-06	-0.5638097924395423
112.75	262.25	0.6795222410534054	2.244187051972762	0.3006666666666667	0.2324178544954003	165.925400506705	116.8574605978	-49.06793990890493	0.9990313171837267	0.001420774013422554	-0.4493911080724321
92.5	286.5	0.6606456215688133	2.233400466900695	0.2440633245382586	0.2282775053932158	140.0145508878774	128.2797260258381	-11.73482486203929	0.7869888677845828	0.2495923511835476	-0.1074739627866609
99.75	270.25	0.653234660166231	2.210323242377119	0.2695945945945946	0.2281199411354812	152.7016340109942	122.2671846446117	-30.43444936638254	0.9732909242560939	0.03495640624336749	-0.2787353809783821
88.5	256.5	0.6564424749860382	2.117930567070378	0.2565217391304348	0.2366093041689416	134.8176014994799	121.1087860896229	-13.70881540985702	0.8246660337523229	0.2092019825798361	-0.1255528509823996
97.5	274.5	0.6555377919420783	2.253880658568459	0.2620967741935484	0.2253157471476976	148.7328437787685	121.7899443594974	-26.94289941927113	0.9586509558315972	0.05308584931914517	-0.2467578514033555
98	239	0.6616991500203494	2.25550323990048	0.2908011869436202	0.2268266172777636	148.1035603521422	105.9630488540311	-42.1405114981111	0.9974053406913317	0.003768783206593129	-0.3859459189041354
92.33333333333333	264.6666666666667	0.677943766646286	2.258692013288114	0.2586367880485527	0.2308572861771201	136.1961535395425	117.1769613163751	-19.01919222316738	0.9030184162124448	0.1196377520546452	-0.174188194647655
96.33333333333334	253.6666666666667	0.6573615244900308	2.287880445880334	0.2752380952380953	0.2231944034151352	146.5454392209325	110.8740918361494	-35.67134738478309	0.9905781389671052	0.0129905386933995	-0.3266977655358037
87.66666666666667	250.3333333333333	0.6178866531346892	2.331220281315722	0.2593688362919132	0.2095165305526085	141.8814700429478	107.3829596197778	-34.49851042316995	0.9882307841266843	0.0162655868634537	-0.3159562813254184
79.83333333333333	248.1666666666667	0.6119927845556143	2.192716457942084	0.2433943089430894	0.21820186395172	130.4481610699097	113.1777279126992	-17.27043315721052	0.8781847815768369	0.1501253647418245	-0.1581720999051194
86.83333333333334	259.1666666666666	0.6378923763388576	2.217350418522817	0.2509633911368016	0.2234109048403224	136.1253662125697	116.8812401060729	-19.24412610649682	0.900812868343821	0.1228669447497398	-0.1762482625302707
87.75	305.25	0.6252456189293965	2.244053648272565	0.2232824427480916	0.2179088204832373	140.34484583875	136.0261597288356	-4.318686109914495	0.6288950340133108	0.4177480149905372	-0.03955289624864158
106.8333333333333	326.1666666666666	0.70224102978977	2.225249526172631	0.2467282525019246	0.2398781537858491	152.1320014088554	146.5753223763918	-5.556679032463535	0.6546638612560521	0.3873447982504529	-0.05089111448814781
117.5	302.5	0.8244444648776693	2.094848962864258	0.2797619047619048	0.2824123320537109	142.5202121011687	144.4018186334522	1.881606532283428	0.476656847483001	0.5662978814702082	0.01723278470767262
108.8333333333333	314.1666666666667	0.6925977851495813	2.27279911585055	0.2572892040977147	0.2335598937585693	157.1378593274428	138.2289637811197	-18.90889554632301	0.8860037722009551	0.1371377310877624	-0.1731780371819897
89.16666666666667	290.8333333333334	0.5851643801162967	2.306626660459782	0.2346491228070175	0.2023536181921793	152.3788352410403	126.0860018306392	-26.2928334104011	0.9463094857388819	0.06849573761737837	-0.2408041903246823
74.25	294.75	0.4949086145067547	2.046974822228964	0.201219512195122	0.1947015379833134	150.027697687179	143.9929777343548	-6.034719952824247	0.652685238140391	0.3964876785828935	-0.05526927544831232
98	293	0.6686944705454274	2.190185717656908	0.2506393861892583	0.233900837574415	146.5542251606557	133.7786095662498	-12.77561559440591	0.8008748292547859	0.2335530911314521	-0.1170060952005768
111.5	296.5	0.7102792712938687	2.158184709262535	0.2732843137254902	0.2476165906591213	156.980506832035	137.3839777139909	-19.59652911804415	0.8946017465697144	0.1272815636413874	-0.1794757626075376
107.6666666666667	291.3333333333333	0.6415879178695063	2.274993059344079	0.2698412698412698	0.2199794632420802	167.8128026852357	128.0589987458379	-39.75380393939778	0.9920284941505542	0.01086191422282445	-0.3640871419421058
111	290	0.6807202648559665	2.050745076114814	0.2768079800498753	0.2492143153513469	163.0625761133855	141.4120181867811	-21.65055792660442	0.9079465191785425	0.1121037905541129	-0.1982876850971565
99.16666666666666	299.8333333333334	0.6544587271302006	2.247584387880203	0.2485380116959064	0.2255165416892348	151.5247066862599	133.4024808813161	-18.12222580494381	0.8761039741712613	0.1494584877672861	-0.1659732841921195
120.5	293.5	0.7280760574208798	2.139243591795224	0.2910628019323672	0.2539221804656235	165.5046870059929	137.1980269688216	-28.30666003717124	0.9617403696474875	0.04828019237741321	-0.2592479191820611