Codon,alpha,beta,beta-alpha,Prob[alpha<beta],Prob[alpha>beta],BayesFactor,PSRF,Neff
1,1,0.06236075786803026,-0.9376392421319697,1.374501232299176e-06,0.999998130794334,1.075579801760507e-05,1.000877061444631,426.1012697457696
2,1,0.0623607571585588,-0.9376392428414412,1.374500657467581e-06,0.9999981307951034,1.075579351940538e-05,1.000877061719148,426.1012500602204
3,1,0.2343095224912673,-0.7656904775087326,0.0001615717213706655,0.9997832880068263,0.001264539602110158,0.9986535924946237,682.2474330697456
4,1,0.0623607551399496,-0.9376392448600503,1.374498958360031e-06,0.9999981307973757,1.075578022346769e-05,1.000877062559077,426.1011898290958
5,1,0.06977208759002253,-0.9302279124099775,4.678410585305264e-06,0.9999937111969684,3.660979297080941e-05,1.000281381303763,473.6238894521215
6,1,0.188433694765162,-0.811566305234838,1.666920289498357e-05,0.9999770149939226,0.0001304424597674936,0.9990320473775851,618.7607627385968
7,1,0.06236075324162504,-0.937639246758375,1.374499101992377e-06,0.9999981307972213,1.075578134742639e-05,1.000877061657283,426.1012544965704
8,1,0.06236075711081508,-0.9376392428891849,1.374500623811451e-06,0.9999981307951489,1.075579325603781e-05,1.000877061732157,426.1012491273266
9,1,0.06236075494094486,-0.9376392450590552,1.374501391186194e-06,0.9999981307941782,1.075579926093537e-05,1.000877060115234,426.1013650766524
10,1,0.07084716906853446,-0.9291528309314655,5.463339491319084e-06,0.999992667327869,4.275210160701029e-05,1.000203864596906,480.606171265779
11,1,0.06977012528540696,-0.9302298747145931,4.677062448068541e-06,0.9999937129913009,3.659924339311195e-05,1.00028152512676,473.6111247006002
12,1,0.06236075713200519,-0.9376392428679948,1.374501281234242e-06,0.999998130794283,1.075579840053409e-05,1.00087706110169,426.1012943380291
13,1,0.06977278555230366,-0.9302272144476963,4.679984816772714e-06,0.9999937091218376,3.662211180362241e-05,1.000281116912153,473.6473568636656
14,1,0.06236075803466433,-0.9376392419653357,1.374501159827275e-06,0.9999981307944266,1.075579745049448e-05,1.000877061580904,426.1012599736601
15,1,0.2343029858824321,-0.765697014117568,0.0001615313871845518,0.9997833413988685,0.001264223875971121,0.9986536251241231,682.2413944046222
16,1,0.06236075511334226,-0.9376392448866577,1.374500608130271e-06,0.9999981307952053,1.075579313332869e-05,1.000877060944739,426.1013055929188
17,1,0.06977013116959173,-0.9302298688304083,4.677067671811538e-06,0.9999937129843695,3.659928427046555e-05,1.000281524469834,473.6111830032887
18,1,0.2051858254968591,-0.794814174503141,4.355223196334059e-05,0.9999406057864763,0.0003408209158058983,0.9988605279871438,645.9962250302279
19,1,0.2339463110968917,-0.7660536889031082,0.0001592942645066975,0.9997863018640242,0.001246712266965924,0.9986557385564362,681.8504952523488
20,1,1.109279173508808,0.1092791735088077,0.5238973025573326,0.4343893377704509,8.61077870018916,0.9967005031891005,1455.807489189906
21,1,0.2830444418269226,-0.7169555581730773,0.0002202465788718471,0.9997032669089722,0.001723859002150912,0.9996228522358789,540.3755209322032
22,1,0.0623607546910265,-0.9376392453089735,1.374501435259659e-06,0.9999981307941244,1.075579960582115e-05,1.00087705997405,426.1013752008908
23,1,0.5614736097679065,-0.4385263902320935,0.01413073322863179,0.9819901326641256,0.1121611043688248,0.9980455509190171,817.1515314121488
24,1,0.1265236491301864,-0.8734763508698136,3.129526862891982e-06,0.9999956801969745,2.448933264829343e-05,0.9996077518814522,542.1293295940734
25,1,0.06236075638376558,-0.9376392436162344,1.374500667496667e-06,0.999998130795104,1.075579359788546e-05,1.00087706139874,426.1012730366057
26,1,0.7212092569301365,-0.2787907430698635,0.04951663585186934,0.9375682223417792,0.4076650862726887,0.9973460448139052,1058.385781675914
27,1,0.1703724959959359,-0.8296275040040642,8.169991730672878e-05,0.9998910012427528,0.0006393725807628824,0.9980990367620406,803.1698934642072
28,1,0.3604884095334312,-0.6395115904665688,0.0008083411664133334,0.9989244539265266,0.006330569839332311,0.99968241347017,533.5678763251027
29,1,0.1678027132076916,-0.8321972867923084,7.113184782700448e-05,0.9999049424444635,0.0005566624049502825,0.9981561279490436,788.7665931073682
30,1,0.3436361260108955,-0.6563638739891045,0.0005128901009276535,0.9993127957517485,0.00401554065327954,0.9998678090559111,513.4413807540111
31,1,0.4078716673487702,-0.5921283326512298,0.002362329353305511,0.9969126558297294,0.01852953471963433,0.9991561754081089,600.4484027908311
32,1,0.1881493550972503,-0.8118506449027497,1.637524905895145e-05,0.9999774159399794,0.0001281421284573806,0.9990352804578464,618.2695473924576
33,1,0.2636850619431117,-0.7363149380568883,0.0004467773334708484,0.9994093866232008,0.003497696445060601,0.9984952814367897,712.8682146034615
34,1,0.4067200279137667,-0.5932799720862334,0.002308053243747886,0.9969823230122996,0.0181028212896557,0.9991690566526262,598.610322929321
35,1,0.5290049891973253,-0.4709950108026747,0.01170008730811583,0.9851096794147729,0.09263972412848266,0.9981667295168815,786.1489148887325
36,1,0.2347481575881951,-0.7652518424118049,0.0001643465867256684,0.9997796165633976,0.001286260630252587,0.9986510670508004,682.7151373908746
37,1,0.6467984653856038,-0.3532015346143962,0.02635857017655086,0.9664653569699825,0.2118457278536643,0.9976955257415194,922.2846303407146
38,1,0.7022143665612621,-0.2977856334387379,0.04679355008888511,0.9413514472394635,0.3841456593885965,0.9972083454231112,1123.774482390186
39,1,0.558334859891579,-0.441665140108421,0.01351972045380822,0.9827495135932027,0.1072447920798272,0.9980818711662276,807.6044529833853
40,1,0.1499535721751795,-0.8500464278248205,2.33931445433095e-05,0.9999683420329374,0.0001830609329950921,0.9986479953894424,683.2848693066026
41,1,1.005973344216686,0.005973344216685827,0.4094264828396562,0.542963736996269,5.424989100702851,0.9961660929062539,2114.179071545047
42,1,0.165993709731839,-0.834006290268161,6.416018207351373e-05,0.9999141500848919,0.00050210016094365,0.9982006899449508,777.879890517375
43,1,0.5322279222204722,-0.4677720777795278,0.01225119906860378,0.9844264588696877,0.09705747598638517,0.9981303131463608,795.2144918138642
44,1,0.7017296224167681,-0.2982703775832319,0.05621515782480262,0.9306918978351447,0.4660981120948319,0.996883790320381,1315.462834658478
45,1,0.3673468784079845,-0.6326531215920155,0.0004554675086802257,0.9993851140175497,0.003565760429450574,1.000139320238687,486.5802890820381
46,1,0.5110792241448161,-0.4889207758551839,0.009016708579443715,0.9884539941618282,0.07119977299071438,0.9983689098485712,739.369049119823
47,1,0.263614911417768,-0.736385088582232,0.0004457521471067568,0.9994107197769175,0.003489666964782274,0.9984957893000467,712.765564460639
48,1,0.2676712393023206,-0.7323287606976794,0.0005039145128876139,0.9993350704347537,0.003945233174622936,0.9984758804988325,716.8119430524632
49,1,0.6673131723041321,-0.3326868276958679,0.03047328962465234,0.9612332910607304,0.245955460312574,0.997657520691812,935.3586877767169
50,1,1.066937027840482,0.06693702784048172,0.5002806609385654,0.4525938869513393,7.834016205518203,0.9965077023211124,1639.957958799997
51,1,0.6657443589350265,-0.3342556410649735,0.03780267098296694,0.9526928251381637,0.3074363723565502,0.997275392230154,1090.95308873106
52,1,0.7327668524109623,-0.2672331475890377,0.06103173737853792,0.9239953720054723,0.5086297133975043,0.9969845165099488,1249.304428817459
53,1,0.5383137638713724,-0.4616862361286276,0.007749425312103123,0.9899287092756284,0.06111461010190416,0.9985573420957434,700.5406964682206
54,1,0.1947906825736479,-0.8052093174263522,2.453068417358837e-05,0.9999663212904579,0.0001919628646710272,0.9989607659861178,629.7939458304546
55,1,0.6716247629095591,-0.3283752370904409,0.04565966934802857,0.9435475756263528,0.3743918551172699,0.9970519206800083,1208.637895105387
56,1,0.5814941844010993,-0.4185058155989007,0.0184944545572109,0.9765944012146969,0.1474503057409655,0.9978215069636269,881.4537110433416
57,1,0.2606366878281749,-0.739363312171825,0.0004056760191812096,0.9994629236111285,0.003175795010666102,0.9985125214913683,709.4001669121825
58,1,0.5389779636531248,-0.4610220363468752,0.007835240841637326,0.9898195980611584,0.06179672516154919,0.9985490003439692,702.1726814628504
59,1,0.6455871581273547,-0.3544128418726453,0.02968457269633324,0.9625523743932701,0.2393948331901837,0.9975049669412389,991.8108105252091
60,1,0.7615972070116425,-0.2384027929883575,0.1146543369647008,0.8649655048495383,1.013385137507566,0.9964724923667402,1678.751627107427
61,1,0.7529309565225661,-0.2470690434774339,0.07582666293891183,0.906470878616165,0.6420449233478016,0.996714105784829,1444.36828148512
62,1,2.092164700895808,1.092164700895808,0.9979737881159038,0.00149398060848863,3854.17281618655,0.996739530671112,1423.463290312854
63,1,0.847853488250918,-0.152146511749082,0.1681494698654089,0.8002217663339039,1.581783759602673,0.9959232898373718,2661.720705129007
64,1,1.216345937935358,0.2163459379353583,0.6337585292663357,0.3289158348843445,13.54107692995034,0.9970863093697245,1188.896614559902
65,1,0.5904803014442799,-0.4095196985557201,0.01704043203512143,0.9782664562421226,0.1356568894422101,0.9979305376643925,848.9382553199401
66,1,0.5941994225196272,-0.4058005774803728,0.0148658424249352,0.9808747211306545,0.1180839996951492,0.9981018982212611,802.4354176829355
67,1,0.5097874438320316,-0.4902125561679684,0.008841924483027152,0.9886726978930922,0.06980729106937238,0.9983838754958988,736.1277267578355
68,1,0.8162886868505386,-0.1837113131494614,0.1281634616300374,0.8450498706641912,1.150339599645245,0.99617262237536,2102.55222121191
69,1,1.033051561336134,0.03305156133613441,0.4246186950702202,0.5337641921205003,5.774844202355959,0.9964199026725549,1740.245410380177
70,1,0.9084574542242929,-0.09154254577570708,0.2570620230593736,0.7053492868562474,2.707586062025584,0.9959427773766347,2607.502028320258
71,1,0.3227431149172882,-0.6772568850827118,0.0007252847582668934,0.9990399136524344,0.005679636741173831,0.9992979216647587,580.826708004734
72,1,0.8631972906432139,-0.1368027093567861,0.2007110786940806,0.7672819311289302,1.965008616876967,0.9959975190366047,2466.39105858959
73,1,0.2229175859383754,-0.7770824140616246,0.0001011394769402287,0.9998635052997681,0.0007915193518188207,0.9987248719749104,669.307377779692
74,1,3.28276349697501,2.28276349697501,0.9999999915362754,5.073282326298926e-09,924560595.2937951,0.9957533435324664,3251.495256029025
75,1,0.4813868862707583,-0.5186131137292417,0.003864206929451828,0.9949346714937075,0.03035559410640909,0.9990332098056759,618.5840598068174
76,1,0.2885107761630409,-0.7114892238369591,7.895301391810084e-05,0.9998914651176088,0.0006178739863664089,1.000442962656241,459.7073985062145
77,1,0.5977315335858774,-0.4022684664141226,0.02273801074863631,0.9713922865911642,0.1820699897892408,0.997645685950044,939.5062711546564
78,1,0.7614363440103953,-0.2385636559896047,0.08272387128131639,0.8983771389218017,0.7057122663629152,0.9966072426451346,1539.409793968053
79,1,0.6133140519041351,-0.3866859480958649,0.01655858981255104,0.9786546698738287,0.1317564133951437,0.9980935464850217,804.5829200972003
80,1,0.4467885881509209,-0.5532114118490791,0.004831209587308048,0.9937717814940378,0.03798884051938013,0.9987287418988127,668.6189446210038
81,1,0.1703608977370173,-0.8296391022629828,8.16524046391476e-05,0.9998910639262929,0.0006390007226441064,0.9980992570140699,803.1133114639952
82,1,0.5810783961446381,-0.4189216038553619,0.01839910882338619,0.9767120449730851,0.1466758965984875,0.997825797870456,880.1268432120208
83,1,0.7463100945871837,-0.2536899054128163,0.07564256465667996,0.9070770106320909,0.6403585517848654,0.9966567260395964,1493.887682286255
84,1,0.6410156717353009,-0.3589843282646991,0.02441844974874318,0.9688623282069709,0.1958625558929097,0.9977646131304665,899.4344684607563
85,1,0.8189103230961834,-0.1810896769038166,0.1312599102735854,0.841533744809845,1.182331192155957,0.9961457735218711,2151.199913807083
86,1,0.6526901156441095,-0.3473098843558905,0.02845472719613088,0.9638839306173146,0.2291861086704403,0.997624685902038,946.9575426978386
87,1,0.9827796573115541,-0.01722034268844586,0.3731287783688703,0.5794310254961543,4.657762296718749,0.9960268773252179,2396.835457518513
88,1,0.5033172994998486,-0.4966827005001514,0.004145961680285275,0.9945433319753135,0.03257815629176918,0.9990143781623814,621.4592547342585
89,1,0.6013166871188927,-0.3986833128811073,0.01648000027163881,0.9788544479931639,0.1311205995621451,0.998018244611078,824.4799046135648
90,1,0.9367174804427764,-0.06328251955722364,0.2962685151071944,0.6593541473043714,3.29439315273875,0.9958204905354202,2989.715776634303
91,1,0.7320465759393169,-0.2679534240606831,0.06054231104155343,0.9245791043166592,0.5042880504527378,0.9969945543622218,1243.075263027549
92,1,0.4785910596738769,-0.5214089403261231,0.002523125200955712,0.9966496035929857,0.01979396841720711,0.9993524605666294,573.6164755748609
93,1,0.6010744693890917,-0.3989255306109083,0.03571403388102475,0.9563111918575327,0.2898210780820673,0.9973139105933588,1072.952809667322
94,1,0.5102792810700074,-0.4897207189299926,0.008912574273812715,0.9885844834277997,0.07037008952599912,0.9983777225384324,737.4568959175458
95,1,1.11902005450292,0.1190200545029199,0.5500540908866565,0.4069084765946509,9.566256005015092,0.9967541236173143,1411.736383852318
96,1,0.7523856134245074,-0.2476143865754926,0.08592969141948556,0.8955477897084704,0.7356319065627021,0.9964871057788638,1662.42971402705
97,1,0.7901242935054145,-0.2098757064945855,0.1043529186547318,0.8728249958584151,0.9117265312288585,0.9963748187989714,1796.673904586207
98,1,0.7792300866101178,-0.2207699133898822,0.1098253745783873,0.8682091457181501,0.9654380031976907,0.9962700014292809,1943.200194768146
99,1,0.7030523455045832,-0.2969476544954168,0.04724957814514711,0.9408014158728463,0.3880750241683165,0.9971975801256235,1129.229951438526
100,1,1.598111760359439,0.5981117603594392,0.8739182752625796,0.1086179397331543,54.23948880922831,0.997507044598669,990.9960624624804