Codon,alpha,beta,beta-alpha,Prob[alpha<beta],Prob[alpha>beta],BayesFactor,PSRF,Neff
1,1,0.613605808599513,-0.386394191400487,0.08877394715681799,0.8984951192255088,0.5105855398733773,1.003650329042894,290.8960877723445
2,1,0.3454917959586129,-0.6545082040413871,0.02288961837821565,0.9729664462848913,0.1227733294195376,1.001335951647244,395.572971029539
3,1,0.3564316727335658,-0.6435683272664342,0.02546322882417719,0.9700431361975488,0.1369381168478427,1.001516111769744,384.7607575456272
4,1,0.3564316677891444,-0.6435683322108556,0.02546322643362203,0.9700431386931736,0.1369381036558192,1.001516111776212,384.7607571681775
5,1,0.3564316673351726,-0.6435683326648274,0.02546322614452999,0.9700431389846692,0.1369381020604956,1.001516111787183,384.7607565279303
6,1,0.3724042629254004,-0.6275957370745996,0.02951352965828223,0.9654752824369943,0.1593825517100603,1.001747415016405,371.7241610816695
7,1,0.3724042629254004,-0.6275957370745996,0.02951352965828223,0.9654752824369943,0.1593825517100603,1.001747415016405,371.7241610816695
8,1,0.3564316727335658,-0.6435683272664342,0.02546322882417719,0.9700431361975488,0.1369381168478427,1.001516111769744,384.7607575456272
9,1,0.3564316744517543,-0.6435683255482457,0.02546323067613791,0.9700431344142709,0.1369381270676903,1.001516111616468,384.7607664905873
10,1,0.3723975399571984,-0.6276024600428016,0.02951213288254312,0.9654768962721658,0.1593747792912078,1.001747321579629,371.7292471936915
11,1,0.3429409774650022,-0.6570590225349978,0.02231269688539383,0.9736240501000724,0.1196082673979288,1.001291616210303,398.3284910811848
12,1,0.3564316721663011,-0.6435683278336989,0.02546322822623257,0.9700431367742945,0.1369381135481492,1.001516111818364,384.7607547082434
13,1,0.3454917959586129,-0.6545082040413871,0.02288961837821565,0.9729664462848913,0.1227733294195376,1.001335951647244,395.572971029539
14,1,0.3564316727335658,-0.6435683272664342,0.02546322882417719,0.9700431361975488,0.1369381168478427,1.001516111769744,384.7607575456272
15,1,0.3724042629254004,-0.6275957370745996,0.02951352965828223,0.9654752824369943,0.1593825517100603,1.001747415016405,371.7241610816695
16,1,0.7903982441484441,-0.2096017558515559,0.1705500963199423,0.8094503728990563,1.077633086159036,1.003999021295909,279.7857470624907
17,1,0.3562217633611962,-0.6437782366388038,0.02541293407236305,0.9701001724117979,0.1366605849507236,1.001512830164443,384.9523628840043
18,1,0.3454917959586129,-0.6545082040413871,0.02288961837821565,0.9729664462848913,0.1227733294195376,1.001335951647244,395.572971029539
19,1,0.3564316677891444,-0.6435683322108556,0.02546322643362203,0.9700431386931736,0.1369381036558192,1.001516111776212,384.7607571681775
20,1,0.5901082886659987,-0.4098917113340013,0.077685248043826,0.9105117621008392,0.4414367753486546,1.003557401466496,294.0096118737617
21,1,0.3724042629254004,-0.6275957370745996,0.02951352965828223,0.9654752824369943,0.1593825517100603,1.001747415016405,371.7241610816695
22,1,0.3564316722426217,-0.6435683277573783,0.02546322826301186,0.9700431367379088,0.1369381137511117,1.001516111816831,384.760754797698
23,1,0.591324588070015,-0.408675411929985,0.07825179644876692,0.9098951469348548,0.4449294221982332,1.003564296580883,293.7762747830093
24,1,0.6111207071420711,-0.3888792928579289,0.08758722413042123,0.8997754131956531,0.5031048613402164,1.003644619842615,291.0854464659993
25,1,0.3695704606404437,-0.6304295393595563,0.02877136792083377,0.9663095600188948,0.1552559105370524,1.001709293583287,373.8109924827116
26,1,0.32486592831254,-0.67513407168746,0.01846008756829151,0.9780369497442714,0.09856776331636731,1.000953410597685,420.696352050934
27,1,0.6089488096670324,-0.3910511903329676,0.08654725094151686,0.900896121434101,0.4965652218589077,1.003639905415733,291.2419995994096
28,1,0.3523898084774261,-0.6476101915225739,0.02449475928337969,0.9711413896645057,0.1315990268959548,1.001451539231301,388.5667474390344
29,1,0.6131030395422465,-0.3868969604577535,0.08853649081382911,0.8987528057252068,0.5090871408902199,1.003648543458637,290.9552839313896
30,1,0.3454917959586129,-0.6545082040413871,0.02288961837821565,0.9729664462848913,0.1227733294195376,1.001335951647244,395.572971029539
31,1,0.3454917959586129,-0.6545082040413871,0.02288961837821565,0.9729664462848913,0.1227733294195376,1.001335951647244,395.572971029539
32,1,0.356230149273474,-0.643769850726526,0.02541736797907608,0.9700954033455821,0.1366850505776812,1.00151302828574,384.940789573881
33,1,0.3562217633611962,-0.6437782366388038,0.02541293407236305,0.9701001724117979,0.1366605849507236,1.001512830164443,384.9523628840043
34,1,0.3564316793207915,-0.6435683206792085,0.02546323302907066,0.9700431319577536,0.1369381400520986,1.001516111610267,384.7607668524331
35,1,0.7808932149197011,-0.2191067850802989,0.1651676149882691,0.8150435592315803,1.036894852750913,1.004088259778882,277.0791782391349
36,1,0.3429341500732838,-0.6570658499267161,0.02230903466261907,0.9736280205638673,0.1195881879258245,1.001291356861197,398.3447240819925
37,1,0.631740728400374,-0.368259271599626,0.0974929767130109,0.8891363465550131,0.5661504402948335,1.003662310840451,290.4994944896781
38,1,0.3429341500732838,-0.6570658499267161,0.02230903466261907,0.9736280205638673,0.1195881879258245,1.001291356861197,398.3447240819925
39,1,0.3248606975720498,-0.6751393024279502,0.01845725853775761,0.9780400500952917,0.09855237363727508,1.000953088055678,420.7188944872789
40,1,3.242334696861782,2.242334696861782,0.7994585069119307,0.188728165856791,20.89299945840134,1.003379364642527,300.1673169245327
41,1,0.3226449052128488,-0.6773550947871512,0.01802276063667806,0.9785410230297951,0.09618979564389339,1.000910117143591,423.7440814190255
42,1,0.3695429012357574,-0.6304570987642426,0.02876344882792713,0.9663183809194005,0.1552119120186988,1.001708920911669,373.83150999073
43,1,0.3695566454196594,-0.6304433545803405,0.0287673974854595,0.9663139824625901,0.1552338506892919,1.001709106860073,373.8212722810052
44,1,0.3723700282895249,-0.6276299717104752,0.02950525240505171,0.9654846698615875,0.1593364929039499,1.00174695301186,371.7493110826229
45,1,0.589927363081367,-0.410072636918633,0.07760316541158549,0.9106016826511654,0.4409311097310965,1.003556127969829,294.0527492715474
46,1,0.3564316787037572,-0.6435683212962429,0.02546323240236059,0.9700431325635244,0.136938136593666,1.001516111659959,384.7607639524879
47,1,0.5853780165513903,-0.4146219834486097,0.07550345538861425,0.9128921776997572,0.4280264863554282,1.003527095147049,295.0396738332713
48,1,0.3429341500732838,-0.6570658499267161,0.02230903466261907,0.9736280205638673,0.1195881879258245,1.001291356861197,398.3447240819924
49,1,0.7839970218637243,-0.2160029781362757,0.1669374177015978,0.8132022902751107,1.050231818914352,1.004059919149338,277.9329688144654
50,1,0.5900223602100971,-0.4099776397899029,0.07764888625142875,0.9105523150605782,0.4412127593888454,1.003556511529671,294.0397555258306
51,1,0.5903264274219329,-0.4096735725780671,0.0777863541237005,0.9104015833869934,0.4420597576114796,1.003558703108279,293.9655343578283
52,1,0.3564316739059852,-0.6435683260940148,0.02546323033779939,0.9700431347560972,0.1369381252006053,1.001516111628651,384.7607657795929
53,1,1.441544382348157,0.4415443823481566,0.4940104635186131,0.4808802259578333,5.11686219164341,0.998738873011592,666.8234148868758
54,1,0.5620865991680642,-0.4379134008319358,0.06511964919414934,0.9242998228473631,0.3650607395776778,1.003319777280623,302.2870220143735
55,1,0.3564316793055771,-0.6435683206944229,0.02546323302282659,0.9700431319644378,0.1369381400176415,1.001516111610119,384.7607668610646
56,1,0.7899014299814421,-0.2100985700185579,0.1702659890745715,0.8097460602037808,1.075469558932,1.004003590495721,279.6458635626904
57,1,1.241053898991467,0.2410538989914666,0.4237499119319725,0.54927782077871,3.853964634798978,0.9999984078148606,500.1576764132785
58,1,0.5850743757009268,-0.4149256242990732,0.07536417484384654,0.9130443354731002,0.4271725538271042,1.003525009092019,295.1108444255977
59,1,1.232884442925471,0.2328844429254713,0.4209669121338681,0.5519801769276118,3.810251908109233,1.000064565828907,493.6892707095707
60,1,0.6094475832914776,-0.3905524167085224,0.08678493977297017,0.900639392037785,0.498058561976541,1.003641271144366,291.1966299628288
61,1,0.7835169135428626,-0.2164830864571374,0.1666647574347361,0.8134857559319343,1.048173400837274,1.004064377064393,277.7983161767814
62,1,0.3724042629254004,-0.6275957370745996,0.02951352965828223,0.9654752824369943,0.1593825517100603,1.001747415016405,371.7241610816697
63,1,0.60936463962329,-0.39063536037671,0.08674530135622471,0.9006821439747368,0.4978094696046973,1.003641072019695,291.2032440117771
64,1,0.3696593555053471,-0.6303406444946529,0.02879525638034756,0.9662827766056928,0.1553886392800417,1.001710504277658,373.744353168291
65,1,0.3599908265082762,-0.6400091734917237,0.02633889321708639,0.9690525874200558,0.1417747232504903,1.001571104526832,381.5782788478083
66,1,0.3392870216198191,-0.6607129783801808,0.02149694974010742,0.9745549218419528,0.1151393480942029,1.001226315304951,402.458371454436
67,1,0.6312004301093911,-0.3687995698906089,0.09723222031988718,0.889412200030774,0.564473114471172,1.003663769365085,290.451292623324
68,1,2.502526757812674,1.502526757812674,0.7736800484344339,0.2112227935497258,17.91627273151934,0.9989949799682881,624.4492031455512
69,1,0.6087943460334829,-0.3912056539665171,0.08647363198522454,0.9009756281913279,0.4961028497907435,1.00363948359489,291.2560154235599
70,1,0.7909102422646646,-0.2090897577353354,0.1708370460414216,0.8091527033021292,1.079819764308984,1.00399403158104,279.9386665241635
71,1,0.6089627557786454,-0.3910372442213546,0.08655390242989572,0.9008889361234443,0.4966070009448101,1.003639944121006,291.2407136092939
72,1,0.3723354856964056,-0.6276645143035944,0.02949575315242754,0.9654952937383792,0.1592836352459088,1.001746500664367,371.773938716676
73,1,0.3695429012357574,-0.6304570987642426,0.02876344882792713,0.9663183809194005,0.1552119120186988,1.001708920911669,373.8315099907281
74,1,0.3248606975720498,-0.6751393024279502,0.01845725853775761,0.9780400500952917,0.09855237363727508,1.000953088055678,420.7188944872769
75,1,0.8022862118213041,-0.1977137881786959,0.1771382876513739,0.8026275281416908,1.128222342578956,1.003879608584897,283.492473033741
76,1,1.166765741036806,0.166765741036806,0.3604100338082609,0.6147809431453293,2.953278067946144,1.000670661668913,441.439694701066
77,1,0.3562217633611962,-0.6437782366388038,0.02541293407236305,0.9701001724117979,0.1366605849507236,1.001512830164443,384.9523628840029
78,1,0.35235430213031,-0.6476456978696901,0.02448399707692599,0.9711533645463417,0.1315397553270889,1.001450871948195,388.6064749722016
79,1,0.3564316727975406,-0.6435683272024594,0.02546322884091201,0.9700431361803197,0.136938116940192,1.001516111770075,384.7607575263062
80,1,0.3122229666315107,-0.6877770333684893,0.01602586885893879,0.9808472690967605,0.08535854676429992,1.000696746850607,439.4399732195544
81,1,0.5615095337478599,-0.4384904662521401,0.06487099906186192,0.9245746314307531,0.3635701082450024,1.003313450252491,302.5138756490495
82,1,0.4198522178758108,-0.5801477821241892,0.04336687544702236,0.9501137635190009,0.2375865366830162,1.002197625285,348.7480872592622
83,1,0.4426572413719601,-0.5573427586280399,0.05076202087870642,0.9420674185691933,0.2802676075464398,1.00231004119384,343.4518494124921
84,1,0.3429341500732838,-0.6570658499267161,0.02230903466261907,0.9736280205638673,0.1195881879258245,1.001291356861197,398.3447240819925
85,1,0.3564316787311376,-0.6435683212688624,0.02546323241959951,0.970043132546212,0.1369381366887971,1.001516111659277,384.7607639923044
86,1,0.7610933841365556,-0.2389066158634444,0.1536832663753152,0.8270322926904597,0.9517059037546856,1.004250841962862,272.2821740194489
87,1,1.259533331010047,0.2595333310100467,0.3920729662795398,0.5836277608516763,3.38006110080957,1.000156950657617,484.9336377437784
88,1,6.323290523123824,5.323290523123824,0.9996094821127188,0.00034282587691677,13415.24303652608,1.007781964824237,198.1745867182278
89,1,0.608837328603981,-0.391162671396019,0.08649751032532564,0.9009514258453402,0.4962528122037291,1.003638902934505,291.2753112384502
90,1,0.8191153139659658,-0.1808846860340342,0.1862210024766928,0.7932553645004731,1.199309550244731,1.003701831993531,289.1990895922914
91,1,0.3429341500732838,-0.6570658499267161,0.02230903466261907,0.9736280205638673,0.1195881879258245,1.001291356861197,398.3447240819925
92,1,0.5924663795558985,-0.4075336204441015,0.07877743997907846,0.909321337840226,0.4481737413296724,1.003571372614797,293.5372049567646
93,1,0.3448647465868305,-0.6551352534131695,0.02274354734350355,0.9731325265991382,0.1219716125162609,1.001324925930891,396.2546355841172
94,1,0.7900789633079738,-0.2099210366920262,0.1703710239948562,0.8096361562697657,1.076269245892977,1.004002125624481,279.690694333692
95,1,0.5938128354226716,-0.4061871645773284,0.07940836468278349,0.9086357622047343,0.4520727576399695,1.003578296704306,293.3036499435024
96,1,0.9337832961685082,-0.06621670383149181,0.2570904956443633,0.7178186671718579,1.813673953157987,1.003231096089728,305.4984237795519
97,1,1.0522901185874,0.05229011858739963,0.2830049941787404,0.6954356402264996,2.068650287450447,1.001878087054628,364.7461808795765
98,1,0.3775377815031329,-0.6224622184968671,0.03088691590929598,0.9639349737289082,0.1670356600608229,1.001813147931879,368.1805805005533
99,1,0.6481376061175279,-0.3518623938824721,0.1053749442163662,0.8807408415027085,0.6173129807840781,1.00363653147428,291.3541436810292
100,1,0.5493893400385019,-0.4506106599614981,0.05976741462344268,0.930234406516619,0.3331488208296758,1.003167966825534,307.8269415326719