dN,dS,dN/dS,dS=dN,LRT,p-value,Full Log(L)
0,0,0,0,0,1,0
0,0,0,0,0,1,0
0,0,0,0,0,1,0
0,0,0,0,0,1,0
0,0,0,0,0,1,0
0,8.186516891970903,0,3.237771016001215,3.684628199875011,0.05491621390397716,-12.80149394996439
0,0,0,0,0,1,0
0,0,0,0,0,1,0
0,0,0,0,0,1,0
0,0,0,0,0,1,0
0,0,0,0,0,1,0
0,0,0,0,0,1,0
0,0,0,0,0,1,0
0,0,0,0,0,1,0
0,0,0,0,0,1,0
0,0,0,0,0,1,0
0,0,0,0,0,1,0
0,0,0,0,0,1,0
0,6.758835700463431,0,1.725918939330186,2.712876855717834,0.09954133338389615,-9.031050470759141
10.57897073931251,2.906731760426369e-15,3639472648745804,7.19874157597219,3.026089111212492,0.08193529196129934,-22.86028479994716
0,0,0,0,0,1,0
0,0,0,0,0,1,0
0,0,0,0,0,1,0
0,0,0,0,0,1,0
0,0,0,0,0,1,0
0,0,0,0,0,1,0
0,0,0,0,0,1,0
0,5.298309220210808,0,1.806626940429017,2.143601221719688,0.1431654693985079,-8.151254177718805
0,0,0,0,0,1,0
0,0,0,0,0,1,0
2.050576262203212,0,inf,1.612341929162817,0.4798538776569643,0.4884885115322385,-9.787887185848373
0,6.758842629747617,0,1.579715938428133,2.888621815556963,0.08920720624324452,-9.45441830328715
0,0,0,0,0,1,0
0,0,0,0,0,1,0
0,7.863270264716242,0,1.606274385388321,3.151120203732201,0.07587485817147566,-8.881007341367633
0,0,0,0,0,1,0
0,0,0,0,0,1,0
0,5.571602946820025,0,1.805393647611336,2.238480095080359,0.1346132410882636,-8.797190414167504
0,0,0,0,0,1,0
0,0,0,0,0,1,0
0,0,0,0,0,1,0
0,0,0,0,0,1,0
0,0,0,0,0,1,0
0,7.841019465815075,0,1.605941442105656,3.147040307612883,0.07606481432356116,-8.188050721026277
0,7.863270263846807,0,1.606274349933668,3.151120203550075,0.07587485817994377,-8.881007292949048
0,0,0,0,0,1,0
2.71842215708444,0,inf,1.723794943241018,0.9072178558582529,0.3408536826907651,-11.21030587424205
0,0,0,0,0,1,0
0,0,0,0,0,1,0
0,0,0,0,0,1,0
2.089623585736994,0,inf,1.641840722730738,0.4818095112864675,0.4876038236937983,-11.89515450410556
1.897649082229676,0,inf,1.375359886650438,0.6426611751605975,0.4227487868558915,-10.42983527767054
0,0,0,0,0,1,0
0,0,0,0,0,1,0
2.341923059434214,0,inf,1.728885481778273,0.6053872042070374,0.4365299145524393,-11.92933662095252
0,0,0,0,0,1,0
0,0,0,0,0,1,0
1.794667437188684,13.85698849627574,0.1295135258047609,4.271851397508017,2.911882237249166,0.0879291997419801,-18.09734696328383
2.008664313029335,6.758218154364008,0.2972180339772361,3.095110612248758,0.6864008113271467,0.4073913028858287,-16.79150431548398
0,0,0,0,0,1,0
0,0,0,0,0,1,0
2.176175791679921,0,inf,1.694024284832937,0.5002079510088215,0.4794087646153021,-9.87230764328214
0,0,0,0,0,1,0
5.529759791887376,8.898616609865591e-15,621417916326086.1,3.625068071345424,1.672408713053411,0.1959362176681009,-13.31229036959205
0,0,0,0,0,1,0
2.717104048327747,5.571420076030716,0.4876860856386029,3.651572286911053,0.2488183796983705,0.617908324232693,-16.25935780642395
0,0,0,0,0,1,0
0,0,0,0,0,1,0
2.078482897341495,0,inf,1.57971548254931,0.5480088161836285,0.4591324340542603,-10.62530311903729
2.487044637633798,4.817707256581241,0.5162299212423844,3.280826859174794,0.2128463015074331,0.6445455906044207,-14.24826556072203
2.155868931044873,0,inf,1.681703330067136,0.4960960178190952,0.4812205391969602,-9.883306411104591
0,5.298317793599068,0,1.778118638060232,2.174692910623136,0.1402975187263518,-8.429619874887834
2.078531852837079,0,inf,1.63330762766524,0.4815958888054332,0.4877003325284723,-10.4792301670335
0,0,0,0,0,1,0
0,0,0,0,0,1,0
2.200481664455909,0,inf,1.528205351144757,0.7272663926454257,0.3937706946526736,-11.83873040751719
0,0,0,0,0,1,0
0,0,0,0,0,1,0
0,0,0,0,0,1,0
1.514893517977715,1.315408747139681e-14,115165230676153.6,1.408283640263681,0.1454228657290422,0.7029483788152324,-10.65753335476475
2.537499580757201,4.782792655223489,0.5305476870267188,3.315934702066226,0.1958104665937697,0.6581239833616368,-16.62994624997151
2.713805104971524,0,inf,1.787863043495948,0.8312115566835629,0.3619224286396178,-11.48609919357646
0,0,0,0,0,1,0
0,0,0,0,0,1,0
0,0,0,0,0,1,0
2.745591125237955,0,inf,1.738006852351255,0.9099399181046053,0.3401303607678137,-8.950927380699085
3.591823683043113,0,inf,2.824838007492249,0.9578537861419356,0.3277282078681732,-15.00382365908306
4.408619072491476,1.003090382159737e-14,439503672939157.3,3.303162308322018,1.149878561812478,0.2835745723814647,-16.57695612530864
0,0,0,0,0,1,0
2.756207170711432,0,inf,2.038582308795936,0.6032630378372872,0.4373357307515187,-11.46949444452014
0,5.571456458676385,0,1.604929853556806,2.472519826978299,0.1158520610368612,-9.220239526337421
0,0,0,0,0,1,0
0,0,0,0,0,1,0
0,0,0,0,0,1,0
0,0,0,0,0,1,0
1.90273295383068,0,inf,1.526831898019319,0.4399184120637258,0.5071618370475957,-12.12862922220107
0,0,0,0,0,1,0
0,0,0,0,0,1,0
3.570914010144017,0,inf,1.629340229347127,1.56596217403181,0.210794374283265,-11.92547605161675
0,0,0,0,0,1,0