dN/dS,LRT,p-value,Log(L)
0.02459877847083179,339.6396323869743,0,-307.1009128005283
0.1065556309717022,241.6869072174479,0,-404.8597470621713
0.1625531837812666,221.0570060475652,0,-390.5524767428897
0.05005117990652966,301.8075617899206,0,-329.2278889754042
0.009845389120248363,363.806226700996,0,-272.0465929060286
0.004927560446647609,370.6091341125771,0,-138.4054937079667
0.01978575242615496,342.5993214324319,0,-189.4468108723365
0.00986651620843014,360.2311217941137,0,-179.5254948251594
0.02968818794274305,330.5112879774782,0,-314.5513963697351
0.09564526073433054,264.8179254122325,0,-364.1816035959577
0.2625487067514729,149.942258059704,0,-479.4750387694374
0.2314818920381825,170.8628432998279,0,-436.0023805714746
0.06996994588248348,277.0371760309522,0,-230.3117682875599
0.2607283861956097,151.3740285912817,0,-453.7456216306421
0.1124075860045659,244.8429294673482,0,-410.2649748627775
0.1343553182397978,220.8227151665296,0,-318.4738829155994
0.1509456021725778,206.8137703959345,0,-325.6480246534436
0.3861464880313398,89.3862974705371,0,-520.1558273827176
0.1057555793801238,244.0709201127281,0,-406.9721743732355
0.1614139528035978,200.3709687470661,0,-409.5881875371385
0.265136047331497,150.0491859593841,0,-449.5900592782015
0.3261053103321264,116.3823843448002,0,-479.2368749170752
0.2017774129618341,172.0304990299466,0,-373.7918724222674
0.1538630893759296,204.0167331551274,0,-443.8059118592181
0.4537986608795598,63.85881202387259,6.661338147750939e-16,-555.6218173436188
0.1287951261388602,228.2413840527114,0,-409.3805007614173
0.3577017014816529,95.16700808257156,0,-489.3590163225156
0.09034555617174077,255.8522929778693,0,-264.3261327607858
0.04475106732662303,306.7182688504233,0,-209.1990571516316
0.07991657405976534,266.6532059390836,0,-245.9134951841431
0.1677315225660208,193.8639664111009,0,-448.0718518009726
0.302078893253945,129.6986268240698,0,-489.1171630540007
0.2126784011160824,162.7740202883347,0,-446.8950546443247
0.300833491247232,122.8229466015665,0,-488.0795935142175
0.2329192325219991,155.2004630867904,0,-461.3090908040644
0.5288801347943122,44.35469027190584,1.369776514437149e-11,-601.4459964797877
0.2242058598444032,157.7637615715819,0,-380.1741726015827
0.3490075075210821,104.8597113371425,0,-499.8554017694983
0.3643233075655148,97.73863412184653,0,-504.7807738110669
0.3292241690235795,106.9305750723779,0,-536.2033465884167
0.5057642089134818,53.08535437470641,1.597055820923288e-13,-585.1826204194487
0.4137276495407416,82.66127386944004,0,-555.6666015587404
0.2159301808193432,158.0198878229154,0,-352.1067255223536
0.2365945733429359,150.8189117427207,0,-384.1885326659024
0.4141214089799598,81.01429484642244,0,-557.036309468065
0.4283262346058125,66.98735906393813,1.110223024625157e-16,-624.6991253691688
0.2243758015090487,157.2017576415279,0,-391.5307177474335
0.4273991382693899,67.59431197460117,1.110223024625157e-16,-499.2260865987275
0.7454698983600517,10.61812568193341,0.0005599224940636693,-703.505894794434
0.2943056229431076,119.3670362679322,0,-443.9167641575002
0.6395960713286581,23.86919502410638,5.155429312897475e-07,-665.6484577621857
0.2297381159549397,150.4749921361775,0,-384.7409894239953
0.2170632783152897,158.8843491806349,0,-389.61902562465
0.4798971996311859,62.07334928982232,1.665334536937735e-15,-617.4392239718374
0.6047216968881037,30.83891359910172,1.401795984845577e-08,-642.158123504207
0.5950634827347001,32.07379411467264,7.421300241006179e-09,-618.7994290324657
0.5527829285502613,40.29523017247402,1.09170728013197e-10,-597.9128424514502
0.615434528752427,27.6615957065394,7.225161874346853e-08,-636.878730502616
0.4983090102769491,49.34026291971509,1.07597264431547e-12,-615.7221964518353
0.6571932905367088,22.06154735826772,1.320232200729965e-06,-664.2771921401699
0.6957503188883758,15.65273521622044,3.805121697508795e-05,-663.0559333791803
0.4258978401287063,73.90155173078574,0,-543.5472218113321
0.718341555429868,11.87765875529158,0.0002840565559499297,-673.8972738943176
0.6297649940269059,25.64916575309485,2.047362350765525e-07,-627.6852320393053
0.6331501854855325,26.03688604177273,1.674781396898695e-07,-649.9724925161304
0.5603313118963844,38.76793623516915,2.386520425723404e-10,-617.5553821743529
0.64471547478582,23.79119418926393,5.368627984947416e-07,-648.7641468823274
0.7012026383662744,15.3229891227295,4.530356911486288e-05,-653.2477296845656
0.5451660596880888,38.86074622055821,2.27570740030103e-10,-574.11777442423
0.6665652036721015,19.36738605206642,5.391649690322797e-06,-679.4420670427536
0.5798230735576232,31.23862143023916,1.140904992702474e-08,-618.5051964361963
0.5779900584470257,31.57061515781766,9.615891138903265e-09,-563.3507102686845
0.6849635374273553,16.63243507473294,2.268424797008395e-05,-639.6783066921308
0.5894801249669359,33.71480415423002,3.190660069485318e-09,-626.1037266401405
0.923020281938526,0.7520208801054196,0.1929185807657985,-696.7263933310859
0.5963803853534876,31.77620673843694,8.649955918205166e-09,-597.0014149914585
0.7148863901359356,14.36153123381905,7.54264769347035e-05,-677.0103279708978
0.8083051552575611,5.358203176099778,0.0103125068534155,-705.623321325046
0.8720386426527776,2.195723189776572,0.0691971210866747,-707.0155003992598
0.6418206980936689,23.41788581207879,6.51804162532521e-07,-600.9162849730644
0.7464371238283369,9.698434722318552,0.0009221251946009978,-637.7673648672901
0.87505139896852,2.274675269426325,0.06575133314855569,-680.2754170101502
0.9625400746393041,0.1839141417785868,0.3340154227351931,-757.79288340567
0.794194577931343,6.911296322027738,0.004282643517461826,-696.437732918984
0.7640732687414453,9.674897228362852,0.0009340135955261952,-675.3784960848271
0.7484770644827625,11.0375572940809,0.0004464221371376365,-687.0285521575415
0.7629341136753669,9.272052663854538,0.001163383978033727,-661.9599565741321
0.8119861366260782,5.799159910294748,0.008016916796332818,-677.8883508638387
0.9318622022305751,0.633550003596838,0.213028065803712,-725.2690500045596
1.014834441010952,0.02696336187409543,0.4347847868589613,-743.780136390075
0.8288024546457196,4.251041973257088,0.01961312799934528,-625.5908468194216
0.7715498664288791,8.664153735421451,0.001622653411429198,-688.4684854084376
0.6587870010091073,17.65055239964954,1.327190852079552e-05,-475.4690397500041
0.8332019373558428,4.482935253132609,0.01711743817546429,-708.4850283417127
1.019220915654792,0.04352610913224453,0.4173688886971058,-745.4524346037309
0.747485462352641,9.957844202696151,0.0008008274660418202,-682.1267359169022
0.8258770882970686,4.616466639121199,0.01583320227952567,-724.6833302000239
0.8851166803597161,1.813422627387581,0.08904909921858267,-674.481695959715
0.7604238295479938,8.95370568403996,0.001384536531607083,-700.8715593987012
0.8577128513552389,3.178684172885824,0.03730239280272007,-705.493667958836