Codon,alpha,beta,beta-alpha,Prob[alpha<beta],Prob[alpha>beta],BayesFactor,PSRF,Neff
1,1.95348,0.589537,-1.36394,0.0963106,0.861597,0.156912,1.03633,63.9442
2,0.483127,0.320407,-0.16272,0.332339,0.590723,0.732869,1.00493,254.059
3,0.481417,0.320376,-0.161041,0.333161,0.589751,0.735588,1.00489,255.006
4,0.549317,0.296596,-0.252721,0.283552,0.643996,0.582705,1.00511,249.595
5,1.41361,0.332853,-1.08076,0.0742545,0.898272,0.118095,1.01756,113.957
6,1.0972,0.725984,-0.371221,0.375597,0.546664,0.885643,1.02552,85.2272
7,0.451568,0.319808,-0.131759,0.34908,0.570958,0.789583,1.00417,274.783
8,0.861883,0.587771,-0.274113,0.32607,0.603028,0.712354,1.0205,101.253
9,0.483127,0.320407,-0.16272,0.332339,0.590723,0.732869,1.00493,254.059
10,0.563541,0.593887,0.0303463,0.535183,0.398887,1.6952,1.01082,160.874
11,0.549317,0.296596,-0.252721,0.283552,0.643996,0.582705,1.00511,249.595
12,0.451568,0.319808,-0.131759,0.34908,0.570958,0.789583,1.00417,274.783
13,2.4806,0.338831,-2.14177,0.0283047,0.957935,0.0428874,1.01604,121.891
14,0.550794,0.327378,-0.223417,0.310031,0.618195,0.661573,1.00644,221.047
15,1.08529,0.3351,-0.750185,0.133271,0.827251,0.226388,1.01668,118.434
16,0.492413,0.585655,0.0932422,0.569734,0.36459,1.94956,1.00771,199.294
17,2.29339,0.341537,-1.95185,0.0531559,0.926248,0.0826559,1.01645,119.637
18,0.776541,0.326921,-0.44962,0.16394,0.789751,0.288701,1.01485,129.007
19,1.10673,0.596158,-0.51057,0.286012,0.647848,0.589784,1.02538,85.6257
20,1.62398,0.309114,-1.31486,0.0577778,0.919766,0.0902835,1.01472,129.815
21,0.503218,0.310213,-0.193005,0.313486,0.610945,0.672311,1.00496,253.187
22,1.74063,0.329209,-1.41142,0.0615465,0.914946,0.0965588,1.01643,119.745
23,0.928878,0.723035,-0.205842,0.408905,0.510778,1.01851,1.02244,94.3891
24,1.10465,0.557211,-0.54744,0.261242,0.675741,0.520646,1.02423,88.8454
25,0.451568,0.319808,-0.131759,0.34908,0.570958,0.789583,1.00417,274.783
26,0.549317,0.296596,-0.252721,0.283552,0.643996,0.582705,1.00511,249.595
27,0.515891,0.56356,0.0476685,0.539974,0.393507,1.72819,1.00824,191.487
28,0.502278,0.281807,-0.220471,0.287684,0.635767,0.594626,1.00389,283.272
29,1.08586,0.30419,-0.781669,0.115072,0.848719,0.191452,1.01428,132.687
30,1.0882,0.335083,-0.753121,0.133059,0.827512,0.225972,1.01668,118.428
31,1.1044,0.866607,-0.237796,0.457678,0.455742,1.24252,1.02171,96.8348
32,0.504296,0.329323,-0.174973,0.330145,0.594975,0.725647,1.0057,235.999
33,0.520302,0.737661,0.217359,0.660789,0.277264,2.86809,1.0102,167.316
34,0.481417,0.320376,-0.161041,0.333161,0.589751,0.735588,1.00489,255.006
35,1.07731,0.335153,-0.742156,0.133861,0.826526,0.227544,1.01668,118.45
36,3.5944,0.51116,-3.08324,0.348766,0.595598,0.788494,1.01574,123.615
37,0.451568,0.319808,-0.131759,0.34908,0.570958,0.789583,1.00417,274.783
38,0.550794,0.327378,-0.223417,0.310031,0.618195,0.661573,1.00644,221.047
39,3.6495,0.511505,-3.138,0.348279,0.596183,0.786805,1.01577,123.431
40,0.913711,0.336707,-0.577004,0.149694,0.807232,0.259197,1.01639,119.972
41,1.20288,0.331733,-0.871146,0.0849718,0.884458,0.136723,1.01787,112.45
42,0.504296,0.329323,-0.174973,0.330145,0.594975,0.725647,1.0057,235.999
43,1.62032,0.323114,-1.29721,0.0628574,0.913152,0.0987533,1.01612,121.457
44,1.11125,0.909309,-0.201939,0.472116,0.440206,1.31677,1.02083,100.01
45,2.30951,0.558064,-1.75145,0.112087,0.848356,0.18586,1.03146,71.9703
46,0.502278,0.281807,-0.220471,0.287684,0.635767,0.594626,1.00389,283.272
47,0.964137,0.762735,-0.201402,0.421135,0.497497,1.07114,1.02264,93.7164
48,0.92875,0.557097,-0.371652,0.288854,0.644191,0.598028,1.02141,97.8995
49,1.08589,0.335102,-0.750792,0.133228,0.827304,0.226305,1.01668,118.43
50,0.50352,0.310169,-0.193352,0.313302,0.611156,0.671735,1.00496,253.078
51,0.50616,0.302964,-0.203196,0.30561,0.618838,0.647984,1.00474,258.86
52,1.20161,0.773784,-0.427822,0.307985,0.607627,0.655264,1.02976,75.3031
53,0.564054,0.571831,0.0077771,0.520442,0.413258,1.59784,1.01032,165.951
54,0.936631,0.565442,-0.371189,0.293316,0.639262,0.611098,1.02183,96.4415
55,0.946513,0.32362,-0.622894,0.137826,0.821246,0.235362,1.01562,124.316
56,1.65349,0.306465,-1.34703,0.0560919,0.92199,0.0874926,1.01438,132.034
57,0.50616,0.302964,-0.203196,0.30561,0.618838,0.647984,1.00474,258.86
58,0.860557,0.587768,-0.272789,0.32642,0.602644,0.71349,1.02047,101.398
59,0.561961,1.51361,0.951648,0.851431,0.100373,8.43766,1.00132,396.509
60,3.56718,0.667868,-2.89931,0.450692,0.491472,1.208,1.02024,102.272
61,0.520663,0.605253,0.0845902,0.564513,0.37002,1.90853,1.00929,177.626
62,0.50616,0.302964,-0.203196,0.30561,0.618838,0.647984,1.00474,258.86
63,0.550005,0.310533,-0.239473,0.295649,0.632209,0.618,1.00571,235.822
64,1.18634,0.331626,-0.854713,0.0860753,0.883054,0.138666,1.01789,112.392
65,1.96593,0.834118,-1.13182,0.174101,0.750004,0.310366,1.03683,63.2239
66,0.50352,0.310169,-0.193352,0.313302,0.611156,0.671735,1.00496,253.078
67,0.483127,0.320407,-0.16272,0.332339,0.590723,0.732869,1.00493,254.059
68,0.852233,2.64839,1.79616,0.879365,0.053952,10.7324,1.00213,351.884
69,0.502923,0.296224,-0.206699,0.300793,0.623174,0.633378,1.00443,267.131
70,0.51684,0.701298,0.184458,0.645347,0.291954,2.67912,1.01009,168.495
71,0.962021,0.581733,-0.380287,0.299636,0.632311,0.629899,1.02278,93.2723
72,0.913711,0.336707,-0.577004,0.149694,0.807232,0.259197,1.01639,119.972
73,0.515235,0.597313,0.082078,0.562771,0.371611,1.89506,1.00892,182.254
74,0.787984,0.77407,-0.0139144,0.482575,0.434514,1.37315,1.017,116.753
75,3.0667,0.726672,-2.34003,0.0837606,0.875293,0.134596,1.03522,65.5975
76,1.10986,0.788056,-0.321808,0.403253,0.516332,0.994919,1.02472,87.4434
77,0.513951,0.316229,-0.197722,0.314283,0.611181,0.674803,1.00538,243.066
78,0.549317,0.296596,-0.252721,0.283552,0.643996,0.582705,1.00511,249.595
79,0.961095,0.569167,-0.391928,0.291238,0.641654,0.60499,1.02244,94.3867
80,0.50352,0.310169,-0.193352,0.313302,0.611156,0.671735,1.00496,253.078
81,0.516841,1.11733,0.600486,0.804771,0.142617,6.06916,1.00388,283.481
82,1.10539,1.39659,0.291199,0.617041,0.287196,2.37226,1.01044,164.776
83,0.788081,0.812676,0.0245949,0.50001,0.416812,1.47237,1.01621,120.995
84,0.562025,1.5185,0.956479,0.851964,0.0999349,8.47332,1.00132,396.482
85,0.82254,0.756529,-0.0660106,0.460145,0.457261,1.25493,1.01866,108.835
86,0.788961,0.944586,0.155625,0.577585,0.335922,2.01315,1.01248,145.933
87,1.11553,0.865245,-0.250282,0.455053,0.458522,1.22944,1.02188,96.2507
88,1.1098,0.909478,-0.200322,0.472451,0.439856,1.31855,1.02081,100.093
89,0.562923,0.548098,-0.0148251,0.504073,0.429232,1.4965,1.00962,173.805
90,0.932686,1.00821,0.075525,0.54553,0.365458,1.76732,1.01552,124.94
91,0.513519,0.306196,-0.207323,0.305429,0.619717,0.647433,1.00499,252.536
92,0.561636,0.537073,-0.0245634,0.496431,0.436681,1.45145,1.00923,178.442
93,0.525765,0.579278,0.0535132,0.54506,0.38879,1.76397,1.00901,181.152
94,3.74521,0.511606,-3.2336,0.346942,0.597718,0.782178,1.01581,123.248
95,0.931534,0.913536,-0.0179975,0.515518,0.396051,1.56663,1.01757,113.922
96,0.517931,0.55085,0.032919,0.529605,0.403537,1.65764,1.008,194.932
97,0.461553,1.61142,1.14987,0.88787,0.0766299,11.6581,1.00025,476.224
98,1.09526,1.46825,0.372991,0.632877,0.271441,2.5381,1.00938,176.647
99,1.08234,0.289619,-0.792722,0.106851,0.858457,0.176138,1.0131,141.114
100,1.18993,0.315619,-0.874306,0.0785308,0.892642,0.125476,1.01653,119.252