dN,dS,dN/dS,dS=dN,LRT,p-value,Full Log(L)
0.05607470713308697,1.1111083757741,0.05046736066049377,0.3977014042885579,92.11249411013148,0,-314.5735781983842
0.02803435749394406,1.188415544765798,0.02358969269412309,0.3962771384672762,112.4124463793056,0,-303.315498594543
0.02821184117432436,1.153088749911869,0.0244663224547812,0.3976778270626573,110.264917565528,0,-300.0452142618109
0.01882023138453209,1.116322568325273,0.01685913365772632,0.3570630738317231,107.2639162194704,0,-269.7699515487225
0.01880298720149546,0.9813590224653296,0.01916015114861773,0.338735759774199,97.84972792497047,0,-274.8282775333973
0.03802221238409635,0.9614149916887116,0.03954817920751463,0.3453491614392219,84.38905584650581,0,-282.456387729897
0.01881825275755042,1.098205329907885,0.01713545932173617,0.3420010228183525,103.424141431341,0,-253.0948509329629
0.2365422649658323,1.133578210994143,0.2086686764721648,0.4208147780049505,39.3300218666576,3.578960461325664e-10,-379.4743227380351
0.02825350939692629,1.149429430689425,0.02458046457013015,0.393571129010539,109.1214715389285,0,-297.2690519372167
0.00940953457434196,1.186572102339125,0.007930015003549017,0.3624557269769955,119.2677834242321,0,-267.7384888923994
0.2944188117275994,1.101391228846537,0.2673153771488972,0.4548196761389164,29.10368092394742,6.860651091677994e-08,-416.1608126974153
0.04702425701627413,0.9465059499489916,0.04968194549522729,0.3580035791253727,82.1108589311574,0,-295.9300781806501
0.07608704640311664,1.452414836419634,0.05238658026289499,0.3640012921860062,95.20081398643026,0,-256.8704502800323
0.02821504672374698,0.9417609434938446,0.0299598819835019,0.3323749725514402,88.28315873492045,0,-270.4887373069619
0.01673728472458562,1.030093223430035,0.01624832038876376,0.2355525859518018,88.40270271809879,0,-167.0632855274579
0.2150664479255702,0.8736253189771623,0.2461769860074217,0.3687162327997173,25.90044599766532,3.594860785716136e-07,-302.9848702746772
0.103657060814486,0.9093694075531292,0.1139878469118502,0.372351138006104,57.32202976711449,3.697042672001771e-14,-319.0939028666073
0.2307027844415362,1.235141132705214,0.1867825290023737,0.4286923151704889,46.75767803054237,8.032907672372858e-12,-373.5979333956976
0.04877627558941953,1.481980962442266,0.03291288945374676,0.3366471906753437,110.5967813517324,0,-235.6586377191895
0.3272637029278987,1.299400204489028,0.2518575122562729,0.5158272802606871,35.30419367756883,2.820241262746492e-09,-447.6405213612773
0.0472002564455419,0.7778523415138189,0.06068022673002825,0.3129006329788732,66.15506049696558,4.440892098500626e-16,-276.8094133347417
0.1418009010412717,0.9696114078969137,0.1462450832223992,0.4130006247255525,52.38489455542015,4.561906408184768e-13,-348.7884589514578
0.2508921984757747,1.131379425756467,0.2217577876741238,0.4327004233116592,37.59781541411473,8.694179820523118e-10,-390.869266242947
0.1529276400433194,1.401428546648035,0.1091226808595378,0.3978092330748973,72.77343864403758,0,-320.5244601676599
0.3922314308310328,0.9404274665545342,0.4170778127823724,0.503000661314697,12.90244684156789,0.000328152858177333,-447.6933572630885
0.09456779010006092,0.8512496297775226,0.111092900122349,0.346757847740061,54.14871287567382,1.858513343222512e-13,-293.1561264151957
0.02516251474916288,0.9042589089598934,0.02782667054738292,0.2161504703113284,71.95727519665024,0,-164.2742492813035
0.1219758647219567,1.086541852289344,0.1122606225107238,0.4146559924629984,64.01644501078772,1.221245327087672e-15,-338.5890175711597
0.09264160907213095,1.558265373329426,0.05945175363435736,0.3940382538809526,97.77807199230494,0,-281.9200392149629
0.3994000103915943,0.768473982666761,0.51973133690954,0.4969973519732674,7.95389592146762,0.004798397189713088,-448.5290799653018
0.09332507063164501,1.339776705404794,0.06965718261495536,0.4591510240937924,93.96924801966611,0,-362.7127692503913
0.3139613004175826,0.9157481439994405,0.34284677776838,0.4894287985883701,20.52242394527775,5.893674560719653e-06,-415.8694095756334
0.3471362305929526,1.169508625076155,0.296822291986387,0.5240906396482772,29.94325718562425,4.448762536135575e-08,-492.2995016072821
0.1324418657116088,0.9407601637775296,0.1407817537466739,0.4169448570292696,54.92794179553073,1.250111125727926e-13,-363.692966229399
0.1609400264143302,1.02935742511735,0.1563499931969525,0.3540245988213199,43.27166269070085,4.764333372264673e-11,-288.8432827810202
0.2398465813081348,0.8951479593448576,0.2679407117049947,0.4691480564112135,30.80287095619178,2.85614993877914e-08,-396.7128698636602
0.1183429642463542,0.9992208745699942,0.1184352401537669,0.3100321335967084,49.19220588538917,2.320699188373965e-12,-244.5155944374638
0.2423053713601112,0.6367342008870306,0.3805439868355697,0.3259488599132883,10.81660163506888,0.001005939636271491,-317.064385762677
0.3955327432133941,0.9195067005208348,0.4301575431580358,0.4607116455200442,8.58391919764756,0.003391446268371068,-455.4036438899527
0.5709099346381167,0.565249998176379,1.010013156090222,0.5693636984991529,0.0017645325074227,0.9664936448737704,-500.5340428079066
0.2992689745399592,0.9626142548674359,0.3108918998723661,0.4331361858418777,22.28750966766586,2.347284370096681e-06,-417.903897341281
0.03359266708764826,1.132995570202092,0.02964942491492385,0.2696002487036039,87.99617638420023,0,-194.8261135836651
0.5250851194063177,1.199497441328901,0.4377542638395172,0.6681556930250808,14.91656229842056,0.0001123720936435646,-539.5832463892402
0.8250656797926395,1.032126658496242,0.7993841385656292,0.8777957801410755,1.228042131715711,0.2677881350343144,-623.0451036098073
0.7941643000696702,0.8709561387352505,0.9118304180310473,0.8126328427970138,0.1892143292911896,0.6635713303690711,-619.8147041875507
0.7276751628777999,0.8956215748363581,0.8124806093586522,0.7681072738465978,0.9793185423948216,0.3223671050440672,-600.1420335300697
0.6138608655546318,0.8421379351717884,0.728931496749888,0.6588228280723194,1.848663500175689,0.1739389173092297,-559.3801634834566
0.321891245221611,0.7454659394134564,0.4317987290940211,0.4622577344052737,12.46238190559131,0.0004152301087848587,-407.7021001309294
0.8717112914149354,0.8495107149256957,1.026133368419234,0.8633844807036666,0.01853821415761558,0.8916986611301781,-621.3951489096793
0.1897297064267991,1.05731928318994,0.1794440992832206,0.4830079654007047,50.82426053084509,1.01019193010643e-12,-400.7790949748021
0.4684433394395723,1.191378634146999,0.3931943431023232,0.641558101165694,20.11682553795731,7.285294364112183e-06,-531.5153058780264
0.2625912657132667,1.0209338879842,0.257206924761548,0.4207790597760449,29.06746920904584,6.990092826786309e-08,-377.0179408985683
0.1789875610198207,1.320696218695825,0.135525155964003,0.4258794873409953,59.00047451317084,1.576516694967722e-14,-318.5518857029604
1.050951070408426,0.8225623890253519,1.277655147415249,0.9402723823006237,2.113995733304364,0.1459577728936272,-738.5218213364648
0.9803206139617474,0.8175816257141129,1.199049224113239,0.9287106032824837,0.8959323797889738,0.3438747362365067,-675.7923779088617
0.8416515679021271,0.9800629125366385,0.8587730003206943,0.8852962595139067,0.649270530441072,0.420373604761431,-629.2673752250155
0.3628726978471974,0.7888745490205535,0.4599878374802823,0.4994559491479724,11.42504857405277,0.000724605310301385,-441.1220153297562
0.520161796215067,0.9404334461018921,0.5531085675133566,0.6115006333591317,6.904160582248551,0.00859953916450984,-517.9506434411799
0.5594973397436618,0.5544440587323227,1.00911414042905,0.5582835549888664,0.00133789012681973,0.970822138748502,-486.5830063564254
0.8667164529121119,0.7686388188393368,1.127599116345535,0.8384842880357999,0.3584930793624608,0.5493443340323029,-647.8748196089796
0.2396062137007374,0.8854444259371527,0.2706055927193157,0.4573645221401232,29.24204657863095,6.387788664685701e-08,-394.5444126785418
0.3330919798029828,1.260118399956429,0.2643338751457799,0.5229351914992747,33.7411898777857,6.295350352125695e-09,-450.5215961151742
0.6603595394724211,1.254040056599233,0.5265856828076262,0.7884738376762146,9.337731491658815,0.002244832376128603,-582.3266836015233
0.3367786552194328,0.9681682006708465,0.3478513908906303,0.5491030666265787,23.09505261129107,1.541869222521086e-06,-460.8542500432347
0.313144536295868,0.7539314819854657,0.4153487999615127,0.4143124782856336,10.49553082872421,0.001196636310678678,-342.0665874432755
0.3028675980098058,1.050731152551324,0.2882446164029691,0.4441874932551489,26.3517169454293,2.845658328975986e-07,-418.9578393340107
0.8973351315769756,1.109036386775075,0.8091124351530997,0.9330814569787625,0.6952035915078341,0.4044000657525852,-561.5834676129431
0.5195264036356799,0.9755799860764743,0.5325308135164583,0.6845139657056492,10.43183715408577,0.001238614752856693,-563.0839903429269
0.2700388783063545,0.9975490688602393,0.2707023511283414,0.4283083833919702,25.50303604740634,4.416873308210612e-07,-347.7092310641884
0.6461067939489947,1.173018192876512,0.550807138263211,0.695684448759278,4.181607934640851,0.04086491263222591,-567.4174387473919
0.4174701037262619,0.7512469335284796,0.5557029055219906,0.5276658633567084,6.812669350470514,0.009051335910938318,-457.9577325561787
0.8320862616320175,1.309661291235338,0.6353446247519098,0.9278979173913736,4.984760766687259,0.02557152059251122,-650.9211464019305
0.6528494993457103,0.6085870727182767,1.072729817328741,0.6374999810053933,0.1103932094315496,0.7396969158612385,-524.543879381964
0.3916700456696079,1.020836897559348,0.3836754398337542,0.5272787765590353,17.13612412791258,3.479419664598193e-05,-460.5694569071928
0.904354864557292,0.7969886311664807,1.134714887003682,0.8718325671500465,0.4045620631977727,0.5247425725542001,-633.5086631382516
0.7063662036575216,0.9671234709865923,0.7303785140659814,0.7545816705992885,1.940258622669717,0.1636404560795995,-591.1534153738622
0.753851261342909,1.035630014116269,0.7279156176119429,0.828551988607677,2.692820277220562,0.1008012559693513,-643.3841764016668
0.6897181337212608,0.8943426192814875,0.7712012363621656,0.7415031626284418,1.520349177846583,0.2175666599422972,-558.6258889316134
0.9270334815537009,0.7846959213551753,1.181391996982357,0.9087408255242467,0.2599032627693987,0.6101866223783695,-499.0365042919006
0.6304538408759121,0.8278916011133965,0.7615173774296553,0.680454476429604,1.669727244051955,0.1962950719175198,-564.6004482483
0.7544050239557721,0.7925027697632934,0.9519273026403424,0.764566016370082,0.057045781023362,0.8112276466247774,-606.7035575605222
0.6787116839430433,1.177632886707642,0.5763355385229993,0.8417872115111494,9.127416333312567,0.002518070793646854,-645.6272768243409
0.5479769639618004,1.067008904312052,0.5135636279578244,0.6385701687745156,7.593178698152315,0.005858955417804346,-497.3762957591211
0.719024255054637,1.238341523964481,0.580634858106608,0.8337730712677104,6.922397459018612,0.008512277989708439,-586.3521077195751
0.9142599014670703,0.6833104757249588,1.337986075066514,0.830512885876868,2.351505029077316,0.12516211697585,-665.2100240031924
0.4382161273066246,1.220184222788608,0.3591393161150091,0.6086751811588953,20.89202673433988,4.859129769885229e-06,-447.7169287956091
0.7589480619614869,1.380520532829715,0.5497549974181383,0.8654906852717312,8.58636245542084,0.00338689883825205,-658.2359159116032
0.8946056032018029,1.005919555927145,0.8893410988289761,0.9258244475543133,0.3507933907089864,0.5536643541418742,-641.6146277703966
0.697641233339772,1.061816218330811,0.6570263490950188,0.7735433144814575,4.064760728020474,0.04378688798524244,-615.5948520394205
0.8993415069614976,1.390182755416829,0.6469232217542804,1.020064946284818,5.815060763455449,0.01588950442541592,-710.9776069602634
0.7835973277723707,1.279012356537798,0.6126581371688364,0.8603741945697571,4.912704569000425,0.02665986568540801,-674.9002351997059
0.6033167755041383,1.241796602389894,0.4858418635894379,0.7404974472538227,11.17743040289429,0.0008279836384874617,-522.1768592536296
1.035392678306037,1.000829613718571,1.034534414363548,1.025160588783358,0.03619935168558186,0.849104399638507,-743.1233140134248
0.7880758463144795,0.8498463127734042,0.927315721053914,0.8053991705431006,0.1334278177732813,0.7149041028058848,-587.0192219031771
0.9302986770133533,0.9391991371763041,0.9905233514271425,0.9322693340324948,0.002107360019408588,0.9633851790043669,-662.5418442182799
0.5380914274306129,1.192745212791052,0.4511369416201353,0.6879172670109813,14.83347928136891,0.0001174322001662453,-562.4121251015645
0.6156243770638126,0.935177139531826,0.6582970766073368,0.6883716072186743,3.299728279943338,0.06929134434294326,-502.0720001792132
1.112579801104622,1.049519661466678,1.060084762537768,1.093527513154106,0.1179636743197534,0.7312536295554686,-799.5589416222231
0.5332162270682517,0.94765255524814,0.5626705949509423,0.6215824539080538,6.583489061493083,0.01029289440604675,-525.1470984808276
1.008823611251821,1.120425039198884,0.9003936684359903,1.031557596828073,0.268126620628891,0.6045912283112347,-724.0392106323682