dN,dS,dN/dS,dS=dN,LRT,p-value,Full Log(L)
0.1628965758861585,1.352817203900335,0.1204128506175912,0.5658890570130117,19.60117032635435,9.541073699881331e-06,-139.3781393297623
0.2912473909211709,1.224032269046967,0.237940941824954,0.4517433910550117,6.862248767569298,0.00880356870142851,-106.7730896587252
0,1.503029286424271,0,0.4079826561474346,33.78362632593374,6.159510457237616e-09,-69.03129339922809
0.327425440876048,1.991350723856998,0.1644237938367108,0.6052162156892053,14.93101554860311,0.0001115145079404467,-131.66829647071
0,1.17727458435534,0,0.2398538965125592,22.18669383517398,2.473823491944138e-06,-43.49978477636532
0,0.8974280520014869,0,0.2489910643413378,20.47199397662453,6.051019122210732e-06,-48.30936501538609
0,0.5494154527105772,0,0.1045543257738261,9.93536686425886,0.001621331183770058,-23.5053559336995
0.04062173606392373,0.3552606888709872,0.1143434591455051,0.139348860713798,5.01345302969186,0.02515109218935574,-41.27592968490809
0.08130791755817457,0.8009865544768443,0.1015097158669286,0.3068869517405248,11.91447709814182,0.0005569937068486963,-79.88664080862512
0,1.14000690631635,0,0.3206939110479626,27.81571136159533,1.334380783646338e-07,-72.73965363603536
0.4388671369746902,0.9261848007878837,0.4738440283206506,0.5516297724595507,2.198690133418154,0.138128067551661,-133.2603393179854
0.2171548091455924,0.9033768996014975,0.2403811844661789,0.3315373821529078,4.907906280167538,0.0267340279672329,-86.05372398682036
0.0862828233770586,0.9280667928553101,0.09297048880673665,0.2449534045890845,9.105734332669883,0.002548093998242296,-54.40646785215766
0.2391465681769655,0.7988873390046669,0.2993495534363055,0.3679772800455108,4.100104472731772,0.0428805637837294,-91.53635442856823
0.1294255572426133,1.122391500654562,0.1153123105147662,0.3398074015965064,10.87173584834551,0.0009764296892241786,-70.48625478020905
0.1283573805481138,1.104580527506382,0.1162046381877505,0.3122409424429393,9.760475356612147,0.001783038009535276,-64.1715709131751
0.04309789446259584,1.109003830828364,0.03886180846679685,0.244481477047007,14.60070677180663,0.0001328647035820918,-49.04479532888185
0,0.5908610630685728,0,0.1578319464845588,13.18405014788614,0.0002823418852966331,-37.4792791169797
0.214324962539102,1.259720848808725,0.1701368701976964,0.4991371152375295,11.85455798175772,0.0005752038690678418,-100.6357139798347
0.04061276923592957,0.6206429606873149,0.06543660656515626,0.2227855350448605,10.91244119027034,0.0009552056527489805,-56.13167019437714
0.0812451724861097,0.3127659338431585,0.2597634962599584,0.1461524462796384,2.212234283507456,0.1369202423861215,-45.58445703731709
0.2530835061839377,1.128723588842141,0.2242209772930803,0.4655929468212274,9.136104397400402,0.002506141363769365,-120.621324793277
0.1294510724397631,1.479109593229647,0.08751959491866032,0.3845265844977326,14.90184444329984,0.0001132522019456905,-74.36706210148493
0.3266458336118221,0.895719629839283,0.3646741934978376,0.4223680157664074,2.861558647468883,0.09071955471112525,-100.2250660432125
0.2887379611733815,0.9149020150148729,0.3155944094938819,0.4389523986813375,5.025257112767264,0.0249802165253713,-115.0468443786522
0.300494465786015,0.4427109870026353,0.6787599011727853,0.3402516606758832,0.3657546575277308,0.5453274867405628,-84.79174991721796
0.04309483609973067,1.652167998620953,0.0260838099610339,0.348689168636254,23.65839890979431,1.150427169194224e-06,-62.61074876522188
0.3405452755731088,1.644624183839914,0.2070657107680335,0.5448587891531893,10.34623874036976,0.001297387722969501,-134.839669731366
0.04310467572493974,0.5506489495473686,0.07827977472829399,0.1395890114307913,5.867387626174718,0.01542392388003033,-32.90887918650078
0,0.6572356156171658,0,0.2172953457401173,17.67699393829379,2.617736344157073e-05,-54.88730543971023
0,0.3121260181463614,0,0.08758453584995825,7.618607444608301,0.005776907973015222,-25.69124864654902
0.1219898847616499,0.7386546290761122,0.1651514523292588,0.2934561917582676,7.626524240410305,0.005751603916563153,-79.97161542165021
0.1294855247533919,0.9080955396550193,0.1425902001485248,0.3440330726146095,9.635803693775358,0.0019082069048173,-75.88344903906091
1.40947958338574,1.034685566769334,1.362229868332511,1.29865910270837,0.6805299664903259,0.409404291854813,-244.3352776711026
0.8518099179881602,0.3672761114694217,2.319263059555343,0.7356541892984316,2.280433690459688,0.1310152334508019,-166.6379556615125
0.1220836197510193,0.7361619421491745,0.165837994007955,0.2933290069507542,7.590097105475365,0.005868978802257674,-78.35947754228987
0.5815603223005943,2.461391699594512,0.2362729680109022,0.902947367452083,13.75757164617528,0.0002079807933506039,-183.7683668189083
0.5103942462016701,1.42542357214457,0.3580649683193992,0.6654355444166932,4.68342760487991,0.03045492413166928,-142.9004543697974
0.3045494635726442,1.470488447832397,0.2071076886197721,0.5729637440845623,13.04204395607809,0.0003045755103785464,-140.8432111265979
0.2162206571539656,1.464916572608418,0.1475992975961525,0.454414216140086,11.1930075575678,0.0008210615390797926,-93.93267720673643
0.08627571694094074,0.9084456798588003,0.09497069428999935,0.2439008670179646,8.946986957986425,0.002779276214538884,-52.10898552454567
0.6219940557200431,1.089336018246181,0.5709845679402455,0.7255602876119651,1.542280022187981,0.2142787473196797,-155.1416531815081
0.8408463480190085,2.592035252101379,0.3243961853286251,1.253548591135581,12.03776091047087,0.0005213355782225371,-229.6926810466217
0.2523048192208566,0.3646240714154573,0.6919587569778881,0.270825092229949,0.1957270087011409,0.6581922164724157,-73.79680132186911
0.3007944759594184,0.3658033299906724,0.8222846849619667,0.3131461009535157,0.05713183569591251,0.8110880058055354,-72.41879095762799
0.1221350004507626,0.244810287131101,0.4988965205753662,0.162961084564698,0.7100437650708358,0.3994292833851353,-51.29998671654238
0.603542174099768,1.08009627889385,0.5587855322655758,0.7126914747797425,1.631325894005954,0.2015197569008097,-154.6300600074541
0.3989869367849924,0.3572287298803467,1.116894872701399,0.3919504368235009,0.02109720847553831,0.8845144523568842,-95.06801212384772
0.4704358368951482,1.129901140847222,0.4163513248091829,0.63043374687047,4.032767043677723,0.04462469299824834,-150.9459811528241
0.7404891517394793,0.2347909914124095,3.153822671325633,0.6144694574845797,3.228842901893756,0.07235179301929962,-131.7772456572175
0.3007671296126387,0.4489091621737355,0.6699955246095796,0.3416965293830036,0.3883311681778423,0.5331779174651549,-83.07279316898274
0.7213541800198976,2.089589131754755,0.3452134053808619,0.7613976609854186,1.54136639999291,0.2144145338761371,-158.784510747492
0.1079901852648416,0.3640589884123366,0.2966282627323321,0.150241327620153,1.553297292971564,0.2126493305963461,-44.04785980970921
0.300913993796271,2.025362564525493,0.1485729019913873,0.6264323575731247,15.32453040126015,9.053324640584393e-05,-114.459002788227
0.9887805736971841,0.4942151127713581,2.000708898100067,0.6981142958235164,2.829086713294146,0.09257098933786789,-163.5948573523148
0.8185178395031264,0.1134588948260441,7.214223624847426,0.6428177891584025,6.662146869301694,0.009848219929345703,-138.6634676744225
0.2163520351011372,1.124637043956023,0.1923749855687639,0.408941817977205,7.741911910884141,0.005395364603821839,-79.38178548153256
0.7447221805483958,1.564420455372187,0.4760371024241183,0.7606784066844873,0.4211265374856907,0.5163754586297493,-164.4068707775584
0.3911374135497403,1.461681953418401,0.2675940635614995,0.5964359684368377,6.658113711980917,0.009870534320909341,-111.6748734753005
0.8851582377250006,0.6420702365336899,1.378600326505799,0.8140347443014762,0.4988560146329633,0.480003211175833,-170.4780979631793
0.306441770632908,1.301139471285639,0.2355180035619985,0.4600763650174622,7.154436505425736,0.007477878451544795,-113.1641742004787
1.237815637549727,1.491948234067043,0.8296639315530729,1.339751744951354,0.39597898120644,0.5291732192752832,-288.8561475318719
1.194982662543124,1.636156135732876,0.7303597966265367,1.294281247033285,0.7917211585829023,0.3735801919217842,-245.4821173480613
0.236867895884203,1.016544866492471,0.2330127313529228,0.4165529203644356,8.115642852714245,0.004388490779465348,-108.0626964643715
0.1728301424258088,1.253557758573464,0.137871702555204,0.44999592500538,12.77041850377614,0.0003521440424403277,-91.40563622478891
0.487857685734741,0.7108074692264839,0.6863429365277187,0.5636595933651178,0.7086437214280181,0.3998944315570935,-141.9535099083615
0.9714773846398869,0.4428215951418243,2.193834707471183,0.820912961410487,2.466328539787128,0.1163093228332149,-171.9423375569946
0.9967997709627177,1.111082832220138,0.8971426270451296,1.015144695593112,0.05598178625450601,0.8129634700751172,-207.0725877638047
1.492757138142127,1.99244817684131,0.749207510384858,1.654276566274674,1.023655870321818,0.3116533933570789,-298.8646397601862
0.6657287913525033,0.9106273757337559,0.7310660859674675,0.7254973335695964,0.5114386066979364,0.4745167565957328,-166.1546220044604
0.684983253272952,1.918229190269284,0.3570914553629502,0.8956262087896478,6.429874669693561,0.01122164968059414,-183.7099709596789
0.9764468676298035,0.2314388210070379,4.219028006542215,0.7832570574466161,5.686114948665193,0.01709967087486919,-173.0300076940021
1.141283109008559,1.859190570143101,0.6138602074131191,1.309961524191962,2.355152003665125,0.1248697132691233,-272.014432197462
0.9842296537663779,0.4995709350978776,1.970149951925334,0.8040699700559004,2.351457249738019,0.1251659528276029,-162.1804752687186
0.4156680185998393,0.5428757313752816,0.7656780264367619,0.4557326801761004,0.259567044140141,0.6104177573857,-104.8448883412394
0.8619759336506276,2.261818968693251,0.3810985519095844,1.161349999755404,7.327239903041459,0.006791726973887191,-219.224322589854
0.398763610797335,0.444315543349858,0.8974784176824195,0.413874856982789,0.03683832868509285,0.8477945812110577,-100.4478949382803
0.6115803471155714,1.848760491862319,0.3308056126294142,0.8473385745061288,6.345018622191105,0.01177113737985669,-144.0494163879721
0.6059583250946051,0.7701054893616623,0.7868510658155181,0.6522988592217608,0.258972797103695,0.6108267367167755,-139.708509011976
0.7247703718223251,1.078573499803727,0.6719712397478843,0.8059417703478604,0.8183230012902527,0.3656709375353804,-165.3153787613145
0.5739692479758653,0.7394942652613163,0.7761645694075002,0.6079507964103117,0.2278115518840309,0.6331512990713024,-135.1914024985263
0.8922926854337678,1.751200921468323,0.5095318729535676,1.037315243630057,2.868778853774927,0.09031337187517552,-217.1484769430255
0.9525610332355201,2.316373812077131,0.4112294087720421,1.360391090407978,6.843397929288813,0.008896944958537767,-225.7196013347446
0.9315740614056752,0.8284013199733483,1.124544395264419,0.905314658332368,0.07458972747241432,0.7847677376954048,-183.5588605871663
0.8126227883555678,1.095111329307293,0.7420458236603107,0.8756522155026851,0.4228162181441348,0.5155351408106965,-167.0834975118096
0.5849340898266235,0,inf,0.5816069016184623,0.1136907096799291,0.735980813774082,-77.25265256021456
1.940823086103439,1.782478439018941,1.088833976119032,1.895697461919325,0.094833828107312,0.7581196058656994,-349.6954880250035
0.3419830370136407,0.9044994213872833,0.3780909406101349,0.4725809452916565,3.89636548679681,0.04839068696397253,-122.5710167561119
1.866474681645269,2.560688776452615,0.7288955607603913,2.059725859240771,1.540946441412189,0.2144769842874867,-386.110969516644
0.350779526194023,0,inf,0.3502031052993483,0.0197571870961184,0.8882173432660521,-49.82192633107731
1.091702562677215,0.2239527730734541,4.874699909695462,0.8650026319373045,7.124479260136752,0.007603849625964831,-177.2558663530489
0.6678652278467254,0.9150523800302267,0.7298655710011529,0.7075665292148567,0.3646940025096228,0.5459107935657761,-160.780249719482
1.460798423500355,2.164934145218061,0.6747542075249671,1.675451603539071,2.149389020881586,0.1426266372942335,-325.6161293060916
0.8822634352832741,0.7333545033138333,1.203051772773687,0.8583361922142947,0.1218038709417897,0.7270862217305651,-181.1274455737669
0.7158940160265449,1.305807472218184,0.5482385659889438,0.8769260205469823,2.215503527395299,0.1366304773153777,-177.6028869025033
0.663316414682897,1.088516379562438,0.6093766039143456,0.7097681875346957,0.7242136415729306,0.3947652269218911,-156.4520616892272
0.698560322803881,0.3041852466066179,2.296496396839659,0.5601345505781684,2.609200982637503,0.1062452819264693,-144.1377246711616
0.571275153402837,0.8351362260101907,0.6840502610359355,0.6493829590329256,0.6852249043740244,0.4077933323722046,-144.1475731302217
0.5701711044105296,0.2249788184129948,2.534332380410424,0.4872162141491502,1.93787219706536,0.1638997540427409,-129.7797471773792
1.723543422926362,1.006394422791699,1.712592383158603,1.493851229397402,2.48399520456212,0.1150097772912168,-271.0652656258233