Codon,alpha,beta,beta-alpha,Prob[alpha<beta],Prob[alpha>beta],BayesFactor,PSRF,Neff
1,0.911563,0.103744,-0.807819,0.0037629,0.992906,0.00691696,1.02172,96.8172
2,0.860585,0.122485,-0.738099,0.00976412,0.982967,0.0180572,1.02085,99.9363
3,0.925713,0.103716,-0.821997,0.0035925,0.99322,0.0066026,1.02226,94.9861
4,1.18472,0.103806,-1.08092,0.00104807,0.997912,0.00192132,1.02778,79.6346
5,0.866976,0.336314,-0.530661,0.0518182,0.918171,0.10008,1.01482,129.186
6,1.01037,0.103595,-0.906775,0.00287017,0.994555,0.00527123,1.02399,89.5359
7,1.21502,0.244004,-0.971021,0.0132869,0.976837,0.0246597,1.01145,154.829
8,0.861097,0.122488,-0.738609,0.00974885,0.982993,0.0180287,1.02088,99.8418
9,1.16562,0.350579,-0.815045,0.035154,0.943647,0.0667225,1.01541,125.573
10,0.605212,0.375125,-0.230086,0.206919,0.718086,0.477793,1.00437,268.746
11,0.57304,0.374372,-0.198668,0.254763,0.666081,0.626034,1.00174,372.334
12,0.906726,0.451188,-0.455538,0.124965,0.823703,0.261528,1.0143,132.532
13,1.10116,0.422463,-0.678701,0.0659328,0.900451,0.129264,1.02017,102.547
14,0.721957,0.265374,-0.456583,0.0554025,0.91166,0.107408,1.00849,187.999
15,0.427707,0.12278,-0.304926,0.152735,0.745991,0.330123,0.997266,1095.3
16,1.5286,0.298282,-1.23032,0.0127524,0.978201,0.023655,1.01259,145.103
17,1.89755,0.566685,-1.33086,0.0255821,0.952954,0.0480781,1.01399,134.697
18,1.03543,0.26616,-0.769266,0.0161147,0.972203,0.029994,1.02048,101.33
19,0.718164,0.297889,-0.420275,0.0896525,0.867184,0.180348,1.00887,182.947
20,0.427665,0.0917766,-0.335889,0.116591,0.779488,0.241691,0.996911,1297.23
21,0.735012,0.559487,-0.175525,0.282433,0.636303,0.720791,1.01267,144.474
22,3.01065,0.251835,-2.75882,0.000258446,0.999428,0.00047341,0.997233,1111.27
23,0.731617,0.640512,-0.0911053,0.366703,0.542597,1.06038,1.01577,123.443
24,0.32231,0.288212,-0.0340977,0.45176,0.449114,1.50901,1.00824,191.52
25,1.19893,0.417442,-0.781491,0.050129,0.921726,0.0966452,1.01433,132.356
26,0.563108,0.337117,-0.225991,0.223035,0.698271,0.525688,0.999089,610.202
27,0.87303,0.451584,-0.421446,0.106035,0.8449,0.217213,1.01631,120.402
28,0.618074,1.10275,0.484675,0.833845,0.0892215,9.19024,1.04547,53.0596
29,0.732164,0.720791,-0.0113732,0.450336,0.451719,1.50036,1.02208,95.5827
30,0.732658,0.715185,-0.0174731,0.444072,0.458385,1.46282,1.02155,97.4092
31,0.58076,0.337329,-0.243431,0.210346,0.71414,0.487813,0.999571,546.41
32,0.565955,0.296808,-0.269147,0.18396,0.743752,0.412826,0.997587,960.586
33,0.710144,0.0928009,-0.617343,0.0205501,0.961006,0.0384226,0.999224,590.844
34,1.17381,0.123163,-1.05065,0.00544849,0.990382,0.0100324,1.02273,93.4415
35,0.734647,0.699152,-0.035495,0.425485,0.478194,1.35625,1.0201,102.823
36,1.63685,0.61764,-1.01921,0.0571772,0.904092,0.111058,1.02004,103.048
37,0.427707,0.12278,-0.304926,0.152735,0.745991,0.330123,0.997266,1095.3
38,0.462488,0.422452,-0.0400355,0.453834,0.470783,1.52169,1.00317,307.603
39,0.320853,0.519902,0.199049,0.693466,0.242272,4.14288,1.00901,181.208
40,0.479764,0.584168,0.104404,0.58757,0.344451,2.60894,1.00609,227.859
41,0.69707,0.124065,-0.573005,0.0361232,0.939381,0.068631,1.00091,423.693
42,0.913495,0.481707,-0.431788,0.11583,0.832441,0.239906,1.01826,110.664
43,0.613495,2.22521,1.61171,0.954676,0.0131697,38.5726,1.04966,49.2827
44,0.734608,0.571305,-0.163303,0.294348,0.622973,0.763881,1.01314,140.799
45,0.427707,0.12278,-0.304926,0.152735,0.745991,0.330123,0.997266,1095.3
46,0.835733,0.644404,-0.191329,0.300769,0.612721,0.787714,1.02016,102.579
47,0.869579,0.265662,-0.603917,0.0313614,0.948464,0.059291,1.0163,120.495
48,15.5296,0.497276,-15.0323,0.109235,0.865902,0.224572,1.00493,254.063
49,0.744685,0.577827,-0.166858,0.293711,0.62366,0.761542,1.01385,135.606
50,0.324942,0.641573,0.31663,0.785211,0.164681,6.69468,1.00864,185.984
51,0.671308,0.53352,-0.137789,0.336952,0.583967,0.930632,1.00992,170.347
52,0.839555,0.516494,-0.323061,0.16379,0.771967,0.358696,1.01815,111.149
53,2.36237,1.26936,-1.09301,0.105756,0.715264,0.216573,1.00241,339.001
54,1.08555,0.975892,-0.109655,0.423944,0.406208,1.34772,1.02461,87.748
55,0.899379,0.532616,-0.366763,0.186137,0.748817,0.418829,1.01758,113.87
56,1.13622,0.859362,-0.276857,0.305338,0.561383,0.80494,1.02603,83.8887
57,0.750947,0.480904,-0.270044,0.181575,0.750112,0.406286,1.01301,141.813
58,0.86992,0.718278,-0.151642,0.320222,0.578847,0.86266,1.02775,79.7046
59,0.474562,0.657251,0.182689,0.653883,0.281467,3.45965,1.00595,230.641
60,0.479962,0.3762,-0.103762,0.342043,0.564165,0.952003,1.00029,472.548
61,1.30372,0.52094,-0.782776,0.0548202,0.910165,0.106214,1.02247,94.2868
62,1.08133,0.83364,-0.247687,0.302043,0.570357,0.792494,1.02863,77.7001
63,0.950511,0.621039,-0.329472,0.156332,0.768602,0.339337,1.02583,84.4134
64,0.715538,0.297549,-0.417988,0.0902797,0.866277,0.181735,1.00869,185.349
65,0.577741,0.638848,0.0611072,0.533536,0.382237,2.0946,1.00859,186.59
66,0.80423,0.390203,-0.414027,0.116216,0.83467,0.24081,1.01364,137.126
67,0.885951,0.699838,-0.186113,0.527083,0.402332,2.04103,1.00979,171.829
68,1.9949,0.958181,-1.03672,0.115264,0.770484,0.238582,1.00917,179.132
69,0.725586,0.529974,-0.195612,0.263753,0.658619,0.656039,1.01271,144.126
70,1.22471,0.560597,-0.664115,0.394887,0.540154,1.19507,1.00622,225.133
71,3.22457,0.391427,-2.83314,0.233524,0.712537,0.557941,1.00254,333.144
72,0.967174,0.66864,-0.298534,0.192984,0.718229,0.437919,1.02607,83.7844
73,0.243145,0.805267,0.562122,0.92741,0.0493486,23.3965,1.00988,170.776
74,0.861794,0.122477,-0.739317,0.00972424,0.983033,0.0179827,1.02091,99.7331
75,0.426598,0.865046,0.438448,0.83256,0.117712,9.1057,1.02305,92.4155
76,0.623802,0.867443,0.243641,0.702924,0.212617,4.33307,1.0333,68.7027
77,0.964326,0.660785,-0.303541,0.176959,0.73891,0.393738,1.02752,80.2226
78,0.859896,0.490377,-0.369519,0.129479,0.813488,0.272379,1.0151,127.433
79,0.930479,1.01177,0.0812883,0.572068,0.289835,2.44809,1.03034,74.1304
80,0.686194,0.299426,-0.386769,0.128234,0.817873,0.269376,1.00198,359.687
81,0.431007,0.299132,-0.131875,0.354314,0.56091,1.0049,1.00197,359.863
82,1.88706,0.123866,-1.76319,0.000962145,0.998152,0.00176366,1.01193,150.555
83,0.858967,0.706454,-0.152512,0.315722,0.585103,0.844944,1.02687,81.7929
84,0.622081,0.279658,-0.342423,0.13734,0.802098,0.291551,0.998347,744.223
85,1.07917,0.707134,-0.372031,0.199501,0.710654,0.456395,1.02893,77.0575
86,0.457719,0.37509,-0.0826283,0.363791,0.538998,1.04715,1.00022,478.726
87,0.570694,0.686366,0.115672,0.591188,0.326363,2.64824,1.01002,169.196
88,0.682915,0.664499,-0.018416,0.438705,0.468214,1.43132,1.01464,130.31
89,0.321045,0.832466,0.511421,0.890908,0.0756676,14.9553,1.01363,137.189
90,0.902862,1.01109,0.108232,0.561282,0.287637,2.34289,1.03336,68.5904
91,0.69749,1.09318,0.39569,0.768069,0.13482,6.06452,1.0424,56.2448
92,1.40741,0.658054,-0.749356,0.460476,0.471619,1.56297,1.01049,164.211
93,1.08975,2.53528,1.44554,0.841314,0.0281367,9.709,1.00679,214.527
94,1.76974,0.66581,-1.10393,0.0441813,0.914687,0.0846483,1.01682,117.717
95,1.03341,0.225087,-0.808322,0.00860876,0.983984,0.015902,1.01533,126.064
96,0.768908,1.62614,0.857232,0.828717,0.074673,8.86031,1.05157,47.7442
97,0.682387,0.299083,-0.383304,0.12925,0.816446,0.271827,1.00182,368.077
98,0.857364,0.941184,0.0838199,0.548901,0.310036,2.22832,1.03536,65.3941
99,1.06901,0.643929,-0.42508,0.135693,0.792079,0.287506,1.02731,80.7216
100,0.799729,0.886905,0.0871753,0.561129,0.320882,2.34143,1.0357,64.8727