Codon,alpha,beta,beta-alpha,Prob[alpha<beta],Prob[alpha>beta],BayesFactor,PSRF,Neff
1,1,0.0297793,-0.970221,1.51673e-45,1,1.61367e-44,1.00053,452.319
2,1,0.00636223,-0.993638,1.74005e-49,1,1.85125e-48,0.999734,527.809
3,1,0.0240739,-0.975926,3.96683e-47,1,4.22034e-46,0.999126,604.767
4,1,0.10238,-0.89762,1.68141e-34,1,1.78886e-33,1.00007,493.254
5,1,0.00636223,-0.993638,1.74002e-49,1,1.85122e-48,0.999734,527.809
6,1,0.0701277,-0.929872,9.14296e-39,1,9.72726e-38,1.00154,383.155
7,1,0.062671,-0.937329,4.1052e-40,1,4.36756e-39,1.00128,399.117
8,1,0.0701043,-0.929896,8.77611e-39,1,9.33697e-38,1.00154,383.156
9,1,0.284011,-0.715989,1.79441e-21,1,1.90909e-20,1.00271,325.831
10,1,0.28413,-0.71587,1.87445e-21,1,1.99424e-20,1.00271,325.722
11,1,0.0553049,-0.944695,3.02232e-41,1,3.21546e-40,1.0008,431.414
12,1,0.0855273,-0.914473,1.72763e-36,1,1.83804e-35,1.00111,409.844
13,1,0.120211,-0.879789,1.91504e-32,1,2.03742e-31,0.99959,544.24
14,1,0.975523,-0.0244775,0.372438,0.517243,6.31394,1.0011,410.76
15,1,0.0855603,-0.91444,1.79949e-36,1,1.91449e-35,1.00111,409.988
16,1,0.0775232,-0.922477,9.80527e-34,1,1.04319e-32,1.00136,394.348
17,1,0.683619,-0.316381,0.000241311,0.999606,0.00256795,1.00152,384.363
18,1,0.0423975,-0.957602,8.74066e-39,1,9.29925e-38,1.00066,442.381
19,1,0.0330615,-0.966938,3.08872e-40,1,3.28611e-39,1.00066,442.198
20,1,0.137117,-0.862883,1.21759e-30,1,1.29541e-29,0.999652,537.035
21,1,0.330108,-0.669892,5.88516e-16,1,6.26126e-15,1.0045,265.13
22,1,0.154398,-0.845602,7.89114e-29,1,8.39544e-28,0.99972,529.351
23,1,0.254173,-0.745827,1.75583e-26,1,1.86804e-25,1.00254,333.319
24,1,0.128931,-0.871069,1.8297e-31,1,1.94663e-30,0.999609,541.961
25,1,0.0772331,-0.922767,6.57431e-34,1,6.99446e-33,1.00137,393.565
26,1,0.585846,-0.414154,1.32728e-07,1,1.4121e-06,1.00337,300.63
27,1,0.174499,-0.825501,6.52176e-27,1,6.93854e-26,1.00039,464.383
28,1,0.17424,-0.82576,1.94736e-24,1,2.07181e-23,1.00045,459.384
29,1,0.891991,-0.108009,0.110565,0.842575,1.32254,0.999808,519.81
30,1,0.0521639,-0.947836,2.19723e-37,1,2.33765e-36,1.00079,432.498
31,1,0.0776238,-0.922376,1.32715e-37,1,1.41197e-36,1.00147,387.442
32,1,0.623081,-0.376919,2.58208e-06,0.999996,2.7471e-05,1.00191,363.192
33,1,0.137356,-0.862644,1.45779e-30,1,1.55095e-29,0.999656,536.596
34,1,0.55045,-0.44955,1.27401e-08,1,1.35543e-07,1.00426,271.885
35,1,0.386453,-0.613547,4.87866e-13,1,5.19044e-12,1.00466,260.846
36,1,0.163014,-0.836986,4.4547e-28,1,4.73939e-27,0.999879,512.323
37,1,0.279169,-0.720831,1.16532e-24,1,1.2398e-23,1.00233,342.736
38,1,0.333,-0.667,5.28021e-16,1,5.61766e-15,1.00461,262.134
39,1,0.467421,-0.532579,2.94446e-12,1,3.13264e-11,1.00364,291.306
40,1,0.347946,-0.652054,1.77813e-15,1,1.89177e-14,1.00504,251.228
41,1,0.917851,-0.0821487,0.147058,0.790853,1.83431,1.00009,490.977
42,1,0.133868,-0.866132,7.64046e-28,1,8.12874e-27,0.999801,520.558
43,1,0.479088,-0.520912,7.88172e-12,1,8.38542e-11,1.0038,285.89
44,1,0.173812,-0.826188,1.62803e-24,1,1.73207e-23,1.00043,461.134
45,1,0.315802,-0.684198,7.25302e-17,1,7.71654e-16,1.00392,282.351
46,1,0.293376,-0.706624,2.21028e-17,1,2.35154e-16,1.00327,304.143
47,1,0.175146,-0.824854,2.83073e-24,1,3.01163e-23,1.00049,455.685
48,1,0.672572,-0.327428,0.000131055,0.999785,0.00139449,1.00141,390.959
49,1,0.945895,-0.0541049,0.245612,0.667337,3.46386,1.00085,427.796
50,1,0.980912,-0.0190879,0.398099,0.495156,7.0367,1.00054,451.875
51,1,0.556924,-0.443076,2.25088e-08,1,2.39473e-07,1.00416,274.877
52,1,0.31139,-0.68861,1.64117e-21,1,1.74605e-20,1.00338,300.092
53,1,0.590901,-0.409099,1.2334e-07,1,1.31222e-06,1.00316,308.19
54,1,0.634138,-0.365862,8.29038e-06,0.999986,8.82027e-05,1.00164,377.844
55,1,0.363509,-0.636491,5.43189e-14,1,5.77902e-13,1.00507,250.459
56,1,0.627466,-0.372534,1.97997e-06,0.999997,2.10651e-05,1.00165,377.084
57,1,0.585889,-0.414111,7.55224e-08,1,8.03489e-07,1.00335,301.103
58,1,0.258122,-0.741878,1.65015e-19,1,1.75561e-18,1.00292,317.197
59,1,0.645908,-0.354092,1.27462e-05,0.999978,0.00013561,1.00132,396.699
60,1,0.357993,-0.642007,3.33808e-14,1,3.55141e-13,1.00508,250.218
61,1,0.649395,-0.350605,2.70034e-05,0.999955,0.000287299,1.00139,392.485
62,1,0.769285,-0.230715,0.00536123,0.991526,0.0573459,1.00115,407.338
63,1,0.616617,-0.383383,1.00858e-06,0.999998,1.07303e-05,1.00208,354.379
64,1,0.290217,-0.709783,1.97894e-19,1,2.10541e-18,1.003,314.209
65,1,0.26825,-0.73175,6.77546e-19,1,7.20846e-18,1.00297,315.343
66,1,0.670615,-0.329385,2.89802e-05,0.999951,0.000308331,1.00126,400.412
67,1,1.92787,0.927865,1,6.07e-18,inf,0.994987,inf
68,1,0.619878,-0.380122,1.88169e-07,1,2.00194e-06,1.00163,378.143
69,1,0.66226,-0.33774,3.33782e-05,0.999944,0.000355124,1.00124,401.769
70,1,0.412409,-0.587591,4.37103e-12,1,4.65037e-11,1.00413,275.967
71,1,0.371576,-0.628424,1.29364e-13,1,1.37631e-12,1.00498,252.757
72,1,0.671742,-0.328258,8.10206e-05,0.999865,0.000862054,1.00137,393.771
73,1,0.850958,-0.149042,0.0438393,0.934201,0.487794,0.999492,555.982
74,1,0.690284,-0.309716,0.000257776,0.999577,0.00274321,1.00163,378.131
75,1,0.677725,-0.322275,0.000127366,0.99979,0.00135523,1.00145,388.729
76,1,0.63,-0.37,8.56886e-06,0.999986,9.11655e-05,1.00181,368.31
77,1,0.292578,-0.707422,1.7399e-17,1,1.85109e-16,1.00325,304.956
78,1,0.44833,-0.55167,1.13853e-10,1,1.21129e-09,1.00409,277.159
79,1,0.855861,-0.144139,0.0453964,0.931674,0.505944,0.999412,565.896
80,1,0.751944,-0.248056,0.00434174,0.993181,0.0463935,1.00135,394.731
81,1,0.415629,-0.584371,4.72075e-11,1,5.02244e-10,1.00431,270.667
82,1,0.399869,-0.600131,1.10332e-11,1,1.17383e-10,1.00448,265.819
83,1,0.701576,-0.298424,0.000613781,0.999009,0.00653408,1.0017,374.549
84,1,0.625379,-0.374621,9.40682e-07,0.999998,1.0008e-05,1.00161,379.111
85,1,0.705008,-0.294992,0.000666403,0.998924,0.00709464,1.00174,372.128
86,1,0.660162,-0.339838,1.76256e-05,0.99997,0.000187523,1.00114,408.248
87,1,0.642133,-0.357867,1.7417e-05,0.999971,0.000185304,1.0015,385.669
88,1,0.673486,-0.326514,7.13038e-05,0.999881,0.00075866,1.00137,393.431
89,1,1.4518,0.451798,0.99994,1.81444e-05,176691,0.99894,633.13
90,1,0.786239,-0.213761,0.0119333,0.981615,0.128493,1.00058,448.37
91,1,1.02974,0.0297443,0.576228,0.317341,14.4666,0.999811,519.481
92,1,0.782193,-0.217807,0.00976334,0.984847,0.104897,1.00071,438.291
93,1,1.43932,0.439323,0.999929,2.06e-05,150724,0.999017,621.007
94,1,0.996656,-0.00334426,0.47425,0.40869,9.5969,1.00066,442.205
95,1,0.816746,-0.183254,0.0170104,0.973564,0.184106,0.999959,504.1
96,1,0.943917,-0.0560825,0.230004,0.684285,3.17797,1.0009,424.553
97,1,0.902671,-0.0973289,0.10941,0.84118,1.30702,0.999683,533.537
98,1,1.4745,0.474503,0.999083,0.000425002,11591.4,0.998231,770.748
99,1,0.71767,-0.28233,0.000947031,0.99847,0.0100851,1.00187,365.377
100,1,0.975408,-0.0245919,0.37118,0.517648,6.28004,1.00118,405.131