Codon,alpha,beta,beta-alpha,Prob[alpha<beta],Prob[alpha>beta],BayesFactor,PSRF,Neff
1,1.66766,0.147022,-1.52064,2.888e-05,0.999917,6.04227e-05,0.997556,972.124
2,1.04911,0.0618205,-0.987294,0.00041288,0.999023,0.000864158,0.99615,2142.73
3,0.517812,0.0387993,-0.479013,0.00549391,0.984276,0.0115575,1.0028,322.056
4,0.939749,2.62551,1.68576,0.933481,0.00688416,29.3595,1.01443,131.707
5,0.698378,0.0564376,-0.64194,0.00402138,0.990705,0.00844724,1.00054,451.665
6,0.356514,0.0393424,-0.317172,0.0157592,0.954992,0.0334983,1.00063,444.75
7,0.712496,0.0402661,-0.67223,0.000565492,0.99836,0.00118376,0.997767,898.823
8,0.831542,0.0425398,-0.789002,7.95497e-05,0.999764,0.000166442,0.996166,2113.96
9,1.53529,0.14718,-1.38811,5.1938e-05,0.999855,0.000108667,0.997685,925.834
10,4.45748,0.0687414,-4.38874,7.66932e-09,1,1.60453e-08,1.00008,492.303
11,0.135566,0.0425716,-0.0929949,0.173179,0.565142,0.438201,1.00261,330.043
12,1.06496,0.141955,-0.923007,0.00110548,0.99726,0.00231538,1.00062,445.174
13,0.523402,0.0387486,-0.484653,0.00355031,0.989831,0.0074542,1.00117,406.089
14,2.31539,0.349975,-1.96541,0.000160103,0.999531,0.000335012,0.996159,2126.05
15,0.35353,0.146381,-0.207149,0.100457,0.798987,0.23364,1.00274,324.651
16,0.712745,0.0402701,-0.672474,0.000564382,0.998363,0.00118143,0.997762,900.135
17,0.77958,0.280406,-0.499174,0.028821,0.948256,0.0620868,0.995454,5336.08
18,2.10687,0.179434,-1.92744,0.000177201,0.999584,0.000370794,0.996427,1731.59
19,0.998926,0.287322,-0.711603,0.00274249,0.993795,0.00575344,0.995922,2666.27
20,0.31724,0.257606,-0.0596334,0.43233,0.473676,1.59334,1.00427,271.608
21,0.639338,0.92438,0.285042,0.743661,0.174637,6.06945,0.996472,1679.6
22,0.98938,0.505817,-0.483563,0.0711493,0.88905,0.160256,0.999052,615.682
23,0.565249,0.258079,-0.30717,0.1439,0.789822,0.351662,0.999623,540.377
24,1.3845,0.462144,-0.922356,0.0105215,0.979122,0.0222466,0.999537,550.484
25,1.02021,0.607796,-0.412414,0.0799203,0.869907,0.181728,1.0043,270.887
26,0.997479,0.679163,-0.318316,0.146307,0.77949,0.358554,1.00375,287.64
27,0.413781,0.146703,-0.267078,0.0957956,0.813433,0.221651,1.00523,246.526
28,0.915435,0.656404,-0.259032,0.173585,0.747773,0.439446,1.00299,314.586
29,0.632001,0.499705,-0.132296,0.294065,0.614192,0.871502,0.99632,1870.81
30,0.68783,0.0562448,-0.631586,0.00423922,0.990202,0.00890679,1.00071,438.481
31,0.569153,0.258286,-0.310867,0.14193,0.79254,0.346052,0.999581,545.286
32,0.186839,0.473969,0.287129,0.845754,0.109484,11.4715,0.997719,914.533
33,0.80533,0.592235,-0.213095,0.214068,0.704971,0.569844,0.999304,579.955
34,1.0488,0.182866,-0.865931,0.00373382,0.992415,0.00784094,0.999092,609.74
35,0.58978,0.411806,-0.177974,0.27966,0.641043,0.812236,0.995982,2504.01
36,0.54205,0.0388755,-0.503175,0.00468037,0.986597,0.00983803,1.00288,319.1
37,1.88279,0.682606,-1.20018,0.00621334,0.977563,0.0130804,0.999329,576.64
38,0.78908,0.0567895,-0.732291,0.000681224,0.99837,0.00142619,0.997026,1223.93
39,0.879842,0.18028,-0.699562,0.00312137,0.993377,0.00655078,1.00059,447.712
40,0.904044,0.493444,-0.4106,0.0580252,0.902215,0.128875,0.99852,707.943
41,0.905956,0.601017,-0.304939,0.135723,0.797783,0.328543,1.00172,373.215
42,1.05504,0.343204,-0.711835,0.0200756,0.964862,0.0428613,0.995791,3100.38
43,1.0356,0.199428,-0.836169,0.00367853,0.992082,0.0077244,0.996938,1278.81
44,0.312314,0.671447,0.359133,0.872925,0.0858523,14.3717,0.99927,584.595
45,0.554233,0.274475,-0.279757,0.134582,0.795331,0.325351,0.997799,888.519
46,0.626132,0.145012,-0.481121,0.0112364,0.974381,0.0237752,1.00068,441.07
47,0.874555,0.516781,-0.357773,0.108485,0.837756,0.254585,0.998314,751.442
48,1.5452,0.557788,-0.987417,0.0229792,0.957534,0.0492062,0.998031,821.014
49,1.58909,0.709833,-0.879257,0.161,0.778466,0.40147,1.00112,409.633
50,0.785724,0.812172,0.0264488,0.477885,0.414304,1.91491,0.99677,1398.92
51,0.569025,0.49792,-0.0711053,0.396665,0.520817,1.37548,0.997478,1002.4
52,0.80319,0.469858,-0.333332,0.111377,0.832518,0.262222,0.996157,2131.07
53,0.629464,0.2024,-0.427064,0.0298845,0.94237,0.0644484,0.997143,1157.71
54,1.37328,0.633103,-0.74018,0.0371843,0.930214,0.0807991,1.00082,430.169
55,0.935983,0.378894,-0.557089,0.0256894,0.954501,0.0551629,0.995945,2602.63
56,0.3631,0.372124,0.00902386,0.471945,0.426672,1.86983,0.999128,604.447
57,0.573996,0.347761,-0.226236,0.226802,0.698192,0.613686,0.997179,1138.67
58,2.53472,2.60886,0.0741313,0.155503,0.114027,0.385239,0.996641,1507.96
59,1.18519,0.910466,-0.274719,0.234148,0.611653,0.639639,0.999847,515.652
60,0.615665,0.175743,-0.439923,0.0310799,0.94167,0.0671093,0.9998,520.648
61,0.475197,0.513457,0.0382603,0.519028,0.385395,2.25768,0.997285,1086.59
62,1.00197,0.626072,-0.3759,0.109646,0.830693,0.257643,1.00358,293.109
63,0.857882,0.643654,-0.214228,0.238822,0.679904,0.656413,1.0012,404.433
64,0.527848,0.201602,-0.326246,0.0743329,0.875499,0.168003,0.998926,635.331
65,0.655871,1.08381,0.427936,0.83584,0.0812649,10.6523,1.01141,155.257
66,1.48331,0.51502,-0.968288,0.00721079,0.984112,0.0151955,1.00032,469.825
67,0.472597,0.769306,0.296709,0.808877,0.130421,8.8544,1.00308,311.108
68,0.976985,0.722923,-0.254062,0.275937,0.639424,0.797305,1.00239,339.911
69,0.495604,0.634863,0.139259,0.63867,0.286365,3.69796,1.00181,368.404
70,0.63029,0.427541,-0.202749,0.21766,0.702618,0.582069,0.996027,2395.64
71,0.842132,0.625263,-0.216868,0.230097,0.69013,0.625266,1.00143,389.979
72,0.789551,0.586895,-0.202656,0.236039,0.684006,0.646403,0.999583,545
73,1.07846,0.47467,-0.603793,0.0174026,0.966233,0.0370534,1.00168,375.597
74,1.24865,1.90646,0.657811,0.612805,0.0952833,3.31119,1.00465,261.274
75,0.902211,0.363053,-0.539158,0.0488067,0.92243,0.10735,0.995363,6628.84
76,1.24812,0.574982,-0.673138,0.0588073,0.905683,0.13072,0.999323,577.536
77,1.26626,0.592289,-0.673973,0.0485558,0.918196,0.10677,1.00047,457.696
78,1.10141,0.657922,-0.443485,0.0721595,0.875276,0.162709,1.00525,246.208
79,0.933823,1.71567,0.781849,0.774044,0.0647386,7.16689,1.01265,144.56
80,0.120305,0.27547,0.155164,0.762082,0.150247,6.70138,1.00483,256.606
81,0.863334,0.901463,0.0381294,0.487307,0.384011,1.98855,0.998258,764.226
82,1.07112,0.746554,-0.324564,0.193936,0.716535,0.503359,1.00082,430.369
83,1.4352,0.679278,-0.755923,0.0361884,0.927635,0.0785538,1.00079,432.681
84,0.895791,0.8692,-0.0265906,0.402095,0.464257,1.40698,0.999124,605.043
85,0.885505,1.0501,0.164598,0.61173,0.22738,3.29622,1.00695,211.656
86,1.1924,0.834169,-0.358235,0.0958125,0.787492,0.221694,1.00057,449.048
87,0.580913,0.589817,0.0089047,0.481955,0.440961,1.94639,1.00067,441.287
88,0.59832,0.697797,0.0994775,0.576608,0.344102,2.84924,1.00209,354.168
89,1.06849,0.411663,-0.656824,0.110567,0.846322,0.260077,0.995394,6125.17
90,1.48321,0.732362,-0.750848,0.0703981,0.873432,0.158436,0.999318,578.152
91,0.999376,0.745176,-0.2542,0.177866,0.728625,0.452626,1.00297,315.289
92,1.07069,0.622459,-0.448229,0.104956,0.840413,0.245332,1.00239,339.896
93,1.77896,1.07242,-0.706542,0.127517,0.659078,0.305775,1.01006,168.846
94,1.72863,1.02897,-0.69966,0.154957,0.676413,0.383637,1.00512,249.236
95,0.52542,0.562817,0.0373967,0.511645,0.389081,2.19191,0.997503,992.405
96,0.902051,0.748577,-0.153474,0.387874,0.526953,1.32569,1.00219,349.049
97,2.30456,1.09274,-1.21182,0.0507985,0.828253,0.111965,1.00719,207.548
98,1.10027,0.95672,-0.143547,0.361151,0.475256,1.18272,0.999848,515.513
99,0.909974,0.750249,-0.159724,0.302063,0.599551,0.905466,0.999847,515.615
100,0.987067,1.0122,0.0251362,0.436219,0.359905,1.61877,1.0031,310.204