dN,dS,dN/dS,dS=dN,LRT,p-value,Full Log(L)
0,0.736714140586934,0,0.2037776417323272,43.57682883293532,4.076372572825449e-11,-111.310862114069
0,0.7783807643224796,0,0.1600969804101956,34.67571713494169,3.894594091669035e-09,-70.98250883642307
0,0.8395783247458695,0,0.1742130050742903,37.59682027447158,8.69861627172952e-10,-74.49179226826114
0,1.117861084307215,0,0.3360866173129713,69.45091992439018,1.110223024625157e-16,-170.3883892068062
0,0.982944519925948,0,0.2860925358846489,54.15709557098529,1.850741782050136e-13,-122.158815777274
0.01658447147305183,0.714739432315855,0.02320352106405524,0.2453134441654515,39.43682556250099,3.388461733422332e-10,-142.3944236218606
0.01834379766885328,1.092523582629943,0.01679029904754619,0.2455702733981659,42.33595606621626,7.686629110992271e-11,-101.9182710774081
0.01658634674995478,1.091931816468169,0.01518991067006636,0.3756607171477426,63.9783317703816,1.221245327087672e-15,-203.4904532877368
0,0.8273881210376527,0,0.2905380829355081,56.39638318194403,5.928590951498336e-14,-166.1404996594645
0,0.9647632273777396,0,0.3133991634080859,62.79014629905475,2.331468351712829e-15,-169.9353088360868
0.03318833145828832,0.898990764704232,0.03691732191398794,0.3350979909074526,47.85892553210931,4.580225088091083e-12,-204.5423409468835
0.04978421124921851,1.04534254114446,0.04762478258534647,0.324219559082774,44.72222709246495,2.270650334423863e-11,-181.2220481064735
0.03670718856987103,0.8420765067300249,0.04359127499283101,0.2812282069148663,35.61233151895789,2.407586241481852e-09,-135.5088863942594
0.07348063256890239,1.147801779331316,0.06401857349594857,0.3029797529047609,33.70425765156949,6.416010611687284e-09,-128.1684990269719
0.0183448704073017,1.201502652572934,0.01526827291476839,0.2618205066633184,46.18212033427031,1.077560263240684e-11,-110.8878516921959
0.3366308125167165,0.5429237174272558,0.6200333522210151,0.389057447146581,1.528249422489864,0.2163753655135775,-223.3508521719458
0.01834415795591367,0.7032071933243785,0.02608641966415692,0.2287786401686862,33.05165936429398,8.974242460269011e-09,-108.2609154745603
0.05508720551593659,0.8813194215676668,0.06250538019229053,0.2310104410595393,26.06376758091309,3.303249619390769e-07,-105.7573732019185
0.01834429866559016,1.18248289970734,0.01551337331823598,0.3243523726831179,53.49357386447588,2.594591208548991e-13,-135.2266252105492
0.232289213547045,1.316517443337922,0.1764421844332687,0.4293551449960549,23.62145213091151,1.172728240295129e-06,-224.2762668651114
0.09187361999909971,0.9547160343840277,0.09623135748251631,0.3567017753396112,31.60115542629285,1.89316912146964e-08,-167.8469621784851
0.3254142856329543,1.21837293362212,0.2670892274876175,0.4988270027647423,15.76882024013491,7.157236466615036e-05,-267.6603816781631
0.2715043250885812,1.038186460882402,0.2615178826911472,0.5043286908039782,17.42339579083216,2.991214891712168e-05,-251.409324759198
0.4524654554790364,0.681141723532693,0.6642750544370658,0.4949564851544596,1.149432601274611,0.2836679575887736,-263.509160305517
0.8677105150791335,1.008767746412224,0.8601687734022294,0.9327513905679539,0.3575458364605311,0.5498723843330708,-408.2874773354242
0.3086611319542816,0.9653811384906953,0.3197298141093282,0.4284615917098256,9.49451719323082,0.002060868061619425,-247.0863420193225
0.06652330096383401,0.923822414008705,0.07200875401493254,0.3469039591156019,39.5409375195681,3.212538013386279e-10,-193.3902580390922
0.2671321014220901,0.6585336512792804,0.4056468502454719,0.3748742588631189,6.01470893955252,0.01418711828436281,-225.3335860615024
0.4184383547252847,0.7468616895670427,0.5602621751396223,0.4877052978724382,2.289394655069088,0.1302607183021087,-234.5559009909353
0.60575530261971,1.043957167010132,0.5802491919803363,0.7140850328810197,3.430738496533195,0.06399347974567082,-355.1430770344581
0.340923830291526,1.043227820428518,0.3267971037730643,0.5303921813408382,14.05709453524389,0.0001773435583884986,-291.123712943417
0.2331744612782824,0.9572217254408282,0.2435950366367822,0.4334207897955748,17.37558529818216,3.067409683155109e-05,-248.9360088461453
1.145995381297505,0.878007198977158,1.305223217568765,1.047346346060106,1.359491906377798,0.2436255581100343,-523.6921753052383
0.806685316218958,1.731410115628488,0.4659123271473654,1.002508869764076,9.636714422544628,0.00190726097737437,-439.6732227840248
1.026143644483493,1.117215125079283,0.9184834876010766,1.042170997825173,0.0899087718185001,0.7642931654151811,-487.9173594250819
0.04980834990581306,0.7598559583710707,0.06554972604622188,0.2657032262151659,31.88883343458832,1.632529667006111e-08,-158.6806752313213
0.3975618970220701,0.9145443612889057,0.4347103474147164,0.5590305935724923,7.906512422350488,0.004925714148812155,-303.4490414636958
0.5103628630442778,0.7445819109954107,0.6854354846762097,0.5700684392471379,1.350962886028583,0.2451098543677744,-294.7434125674332
0.3276875806257087,0.9790046820903839,0.3347150290701632,0.4909060057283584,13.05718932110051,0.0003021224744998996,-303.3946052663784
0.4095161545964136,1.05799068034462,0.3870697182918676,0.5876197963737978,10.97832066936314,0.000921839262482238,-318.6304060079621
0.4253253873718753,0.7626940730549134,0.5576618494860811,0.4632219207641586,1.703918875715431,0.1917762701510785,-262.7725439516785
0.7923757265753769,1.470831251090317,0.5387264691228137,0.9285675788541335,5.412657550765971,0.01999125918242828,-419.9128873105369
0.418773239855224,1.033282836393411,0.4052842310987355,0.5959412007906333,9.799062858402863,0.001746008251546805,-317.8678014543283
0.5075974754912502,1.294215754355223,0.3922046797708276,0.6890996641111675,10.48138815045263,0.001205831209127317,-339.7311649580694
0.1103152364163306,0.900934988308416,0.1224452794573525,0.2758708560422266,19.62708203093865,9.412553451992878e-06,-133.5798988093632
0.6787393317487088,1.051451716755647,0.6455259152013394,0.7729289104598821,2.477874321507329,0.1154582011643608,-367.6119765212577
0.3401941410161954,0.9996191327106323,0.3403237592038708,0.464076225840151,9.222861072536489,0.002390117535253311,-243.450097433085
1.389572519165274,1.116220555869126,1.244890637301789,1.2636616915481,0.9674255013546826,0.3253230918120859,-505.939076838707
1.023204754463318,0.6212713083671563,1.646953175984475,0.9162564908716743,3.35203092804943,0.0671221519346803,-504.6496878089085
0.4189322885652801,0.6909247541155233,0.6063356191392647,0.4686720619898093,1.666673608748113,0.1967046702105624,-249.2714518990532
0.4653432839657181,1.202740137134144,0.3869025981576745,0.597406484323903,8.6113355059166,0.003340772523219515,-308.0898086562304
0.6445131644990544,1.126375268438065,0.5722010972353782,0.7292127956715503,3.273517049973975,0.07040653048116741,-363.800878850622
1.230796932045483,1.180495983112274,1.04261001278513,1.219018457002342,0.03166713039877322,0.8587601955862926,-596.9841244651624
0.5978816946110461,1.383778564396007,0.4320645730424436,0.7827873087385397,9.435960372861473,0.002127716395484924,-362.8027082666534
0.2724841266057948,0.9992323037061146,0.272693472373903,0.4933394384321418,15.98278559969174,6.392107711616912e-05,-253.8119959349341
0.2398511538566052,1.442596361114184,0.166263523409526,0.4843435484594372,25.0683538686439,5.533354925368883e-07,-212.2126762903894
1.011825602632121,0.9729048741208682,1.040004659804405,1.000433177371247,0.02177944746813409,0.8826753334110325,-440.3420883656678
0.628341108225177,0.6283737971503311,0.999947978535543,0.6283500742390152,2.729973402892938e-08,0.9998681684775852,-345.0321823022191
0.6089805065022946,0.781079746062836,0.7796649568395077,0.6421632976994808,0.5374480624448097,0.4634922605999237,-337.1937198432311
0.6122791612098389,1.137653815675354,0.5381946184097903,0.7232136657819456,3.786458483195247,0.05166886233924151,-323.7207030927328
0.2026141715671395,0.847529524692533,0.2390644404283662,0.3910891718985646,14.84459347663517,0.0001167422303817167,-196.2913713963961
0.8514515577353357,1.203388988103404,0.7075447475028521,0.925258973708921,1.620142337066341,0.2030719419135861,-438.2346658267629
0.2862345659200776,0.9908701859693724,0.2888719127622688,0.4840880819951309,14.97162511962244,0.0001091400236870044,-272.8555773584596
0.2337262531058243,1.281440274544124,0.1823934035388213,0.5486074543892411,31.8841937245212,1.636433843987817e-08,-295.4349176087216
0.3090179119543534,0.7194454180519833,0.4295223851603227,0.4323922396907773,5.865410640624873,0.01544125614804148,-232.6009044814832
0.2211177425878387,0.9818532665555139,0.2252044680398655,0.3791164999213615,13.55909074749707,0.0002311690548844059,-168.4100757148448
0.3514586810215772,0.9665726547401254,0.3636133086302458,0.5522829644880755,12.28716130949067,0.0004560849157426716,-330.6861917253345
0.7857939799791676,2.024503482864358,0.3881415797158279,0.8380188332822954,3.972753507308994,0.04624209743197394,-401.2343526272186
0.7951583024059435,1.174474793286378,0.6770330933888813,0.8645886545722672,1.782447483000055,0.1818490766713439,-419.8030977663918
0.8453468840490019,1.128360208387298,0.7491817575322061,0.9033566636215238,1.046161322980083,0.3063928280984369,-422.9088850319225
0.8511491950151575,0.9230340974231799,0.9221210759074856,0.8699955437286291,0.1020290364316452,0.7494081654104521,-476.1967475412259
0.483117210462169,0.7930647734715318,0.6091774929649062,0.5509666716708079,1.865370885074981,0.1720062008598263,-264.4908006065096
0.3994261010381265,0.9561734430026608,0.41773394143202,0.5793499058636891,8.368519238772819,0.003817765705999454,-287.0704511157656
0.3451465112552546,0.8977442040004532,0.3844597489098134,0.4736902446327657,7.071207952766713,0.007833242684607722,-230.8542820300032
0.8478589085087493,2.000008403912685,0.4239276729288006,1.133587525042692,12.53042603962035,0.0004003785073886101,-444.8951165740107
0.4993226218911455,1.032775688556831,0.4834763515675737,0.6596958516439805,6.428094131296234,0.01123290490137885,-313.9838623123214
1.36639047825024,0.7126104477429729,1.917443790752665,1.115122713225577,8.259781308799575,0.004053301044975255,-560.6094030765031
0.5405853541146384,1.139335343416092,0.4744743127987149,0.6830345071421996,6.239445187001593,0.01249356082071107,-340.9487708182245
0.4874800964296152,1.091928972549291,0.4464393826747827,0.6827223031104902,9.508316840410998,0.002045426954355611,-373.7356849774829
0.7320849366984308,0.8812050389846583,0.8307770658483222,0.7788548708702699,0.4743838015189112,0.4909772977977247,-372.2272609679026
0.515081512430878,1.440102050136512,0.3576701473218872,0.6924652410352244,11.27231556588958,0.0007867153542781002,-304.9681775148248
0.7644305904520061,1.382384098468598,0.5529798782399483,0.7871856493684524,1.096652403215899,0.2950019374295473,-385.1209736275882
0.8652503280897864,0.6681543851865533,1.294985630975396,0.8134184654519342,0.8707039044157909,0.3507605119041685,-442.5187926864461
0.7848085738433095,0.9468006307723288,0.8289058417748641,0.8243947377289732,0.4365570890865911,0.5087889000939315,-396.0411266227895
0.797195619763598,0.6649508270905845,1.198879055841821,0.7627651351457869,0.3900339708577576,0.5322815458008011,-402.5020377350171
0.6245568366655559,1.114843268569651,0.5602194086589992,0.7407376188460424,3.979003871411237,0.04607080111245487,-366.3692366586576
0.8038539182483649,0.8336881751701344,0.9642141296826225,0.8134037653852102,0.01846734168782405,0.8919046062663111,-386.8637183806147
0.4759866643877546,1.490468799486213,0.319353658762823,0.6423425681989838,14.63792742686132,0.0001302663791636904,-363.874589644983
0.9262821930610312,1.282162431040108,0.7224374779953723,1.015094874939013,1.635943793279694,0.2008829055832398,-462.1470388698457
0.8823701190567075,0.9696587145596294,0.9099800845470006,0.9009072323079275,0.09292092575219613,0.7604961352345331,-373.6969581105858
1.72450804501774,1.077157935801503,1.600979752086726,1.53875650586253,4.753042266666171,0.02924654428078655,-681.7501744377017
0.6765469313447716,1.139325167038473,0.5938137337063895,0.7885410577197315,3.430444568191206,0.06400486974083308,-394.477325674267
1.470539794240926,1.471351918388359,0.99944804221391,1.470772433780663,7.016701147222193e-06,0.9978864815499727,-622.7414518268429
0.6005580910058242,2.406909528805216,0.2495141939564051,0.6529474708252934,3.58158988215763,0.05842321087508462,-199.653565506234
0.6879824977120813,1.000829926360381,0.6874119963758465,0.7782398639140296,1.940561225731813,0.163607610118028,-395.2016966631161
1.539691086409865,1.21780578885535,1.264315788691613,1.446115996949935,1.144072093261684,0.2847935152320067,-625.1352570911748
0.7851324929176517,1.072880078969255,0.7317989291701177,0.8748754243887026,1.507544523562842,0.2195141530060325,-401.091076281235
0.8130672008706837,0.7825614069895991,1.038981980977616,0.8036086123404503,0.01932105833805053,0.8894499832314785,-408.5150753713985
0.5451827426653174,1.123394493227762,0.4852994615443469,0.7012301859410935,6.753830733169366,0.009354662778470746,-367.9205477793046
1.148906081484819,1.204779104574833,0.9536238445057266,1.16656359704923,0.05070226609609563,0.8218457533203501,-612.2150589268521