dN,dS,dN/dS,dS=dN,LRT,p-value,Full Log(L)
0,0,0,0,0,1,0
0,2.194170457102306,0,0.8535271913304884,1.885240602225622,0.1697397126974435,-9.788731033291789
0,0,0,0,0,1,0
0,0,0,0,0,1,0
1.128136911556529,0,inf,0.8562127683272607,0.5510101676828185,0.4579052337604164,-12.49311477394127
0,13.30980337462211,0,3.926068606952784,9.616340438304071,0.001928536471856312,-23.91672618754732
0,2.556989814560605,0,0.9034418084165718,2.076989764736862,0.1495348197756877,-11.17309915695968
0,0,0,0,0,1,0
0,0,0,0,0,1,0
0,0,0,0,0,1,0
0,0,0,0,0,1,0
0,0,0,0,0,1,0
0,0,0,0,0,1,0
0,0,0,0,0,1,0
0,3.616614584545806,0,0.9895440763136495,2.583398736584599,0.1079895670401109,-9.265604250129192
0,0,0,0,0,1,0
0,0,0,0,0,1,0
0,0,0,0,0,1,0
0,4.496320276874958,0,0.8944854702420842,3.21404531520713,0.07300876954189706,-9.316660034268883
0,0,0,0,0,1,0
0,3.67664495330001,0,0.8025208815001027,3.033851633281071,0.08154423091508489,-9.966935660326419
0,4.496325569728358,0,0.8944855645417703,3.214047206301341,0.07300868517425896,-9.317241241000181
0,0,0,0,0,1,0
0,0,0,0,0,1,0
0,0,0,0,0,1,0
0,0,0,0,0,1,0
0,0,0,0,0,1,0
0,0,0,0,0,1,0
0,0,0,0,0,1,0
1.347552872694615,0,inf,0.9675220748978723,0.6614785983056315,0.4160384273774347,-10.06121526031403
0,0,0,0,0,1,0
0,4.496341203387427,0,1.044864892485968,2.904064165158868,0.08835652320962206,-9.05261423677765
0,2.941533962961284,0,0.9469426975093498,2.26117633334912,0.1326532636944834,-9.688256573982184
1.40786471365799,3.167729575972744,0.4444396782909298,1.948722938047118,0.3176352347359739,0.5730322599855817,-17.46712981095319
0,0,0,0,0,1,0
3.478138049644588,1.000001003239842e-06,3478134.560241424,1.933638900168932,2.333436145005571,0.1266220967678896,-14.98760351151962
0,3.606859019081263,0,0.9888184272078882,2.579522074654651,0.1082543429124755,-9.268273838676663
1.213208190568879,0,inf,0.8570215387776094,0.6941617558165873,0.4047524104072513,-11.55350769615276
0,0,0,0,0,1,0
0,0,0,0,0,1,0
1.216776654231654,0,inf,0.8526391637502708,0.7102576594250714,0.3993582885331669,-12.2521375037224
0,0,0,0,0,1,0
1.372923999049555,3.616651701973466,0.3796118930391898,1.990174497221156,0.4483656757287022,0.5031120924103742,-17.1131076326418
1.21677585784927,0,inf,0.852642635809181,0.7102482255368798,0.3993614194014923,-12.25103565703071
0,0,0,0,0,1,0
0,0,0,0,0,1,0
0,0,0,0,0,1,0
0,4.738630453364838,0,0.9644539660090111,3.162982880189883,0.07532543355340893,-9.081430225837444
0,3.139688608699891,0,0.8382241012442611,2.634268220910919,0.104580236798933,-11.75918577594661
0,0,0,0,0,1,0
1.57539355032062,0,inf,1.049599553752224,0.810257985289212,0.36804398831354,-9.670014640867498
0,0,0,0,0,1,0
0,5.930479583549054,0,1.898933397384287,4.532064328410595,0.0332654673872621,-14.01261636437126
1.216238475214089,1.882105650874148e-16,6462115846946233,0.9643651824078614,0.4637933173231694,0.4958564769418632,-10.43115547307802
0,0,0,0,0,1,0
1.264947006228296,1.000001000062761e-06,1264945.741203166,0.9839628296896444,0.5019894736547634,0.4786272667247757,-10.97895991102205
2.08896366669544,0,inf,1.690858450323786,0.8449967446239981,0.3579715986608817,-16.80621992870221
0,0,0,0,0,1,0
2.535085179824069,2.941531763163074,0.8618248531499977,2.657383451655539,0.01438006244404733,0.9045489783504903,-21.43816173680408
0,7.315763682431083,0,1.985504839662962,5.18217470294638,0.02281974528604314,-12.46175519946727
0,2.842379765697715,0,0.8502823096093893,2.407302292549442,0.1207703291584281,-9.583853090321007
0,0,0,0,0,1,0
2.711570078430504,0,inf,1.765513601574593,1.711069888055896,0.1908466168880896,-15.80336511469726
4.764376537891091,0,inf,3.100367701454835,2.556867424403457,0.1098159876162677,-20.70645058932492
1.184023835828164,0,inf,0.8720369013934786,0.6108354201673016,0.4344734330360803,-10.40570157029283
1.743443327635037,0,inf,0.9674678770605346,1.174087162770341,0.2785630274392931,-11.39116739399547
0,0,0,0,0,1,0
0,0,0,0,0,1,0
0,0,0,0,0,1,0
1.732011568073451,0,inf,0.9643640721992016,1.167411536003698,0.2799337392244049,-10.07821863760368
0,0,0,0,0,1,0
0,3.606854513805217,0,0.9888179501618812,2.579520415271084,0.10825445640085,-9.269344675443238
1.408412619105001,6.005151148085885,0.2345340832185259,2.876470270250051,1.502404047010984,0.2203018303092431,-23.70859536068032
1.357493413854738,2.560244590572916,0.5302202058557876,1.774277218393332,0.1969800414062135,0.6571695921284362,-17.68226142192116
0,4.738683705724516,0,0.8489453311743503,3.417413362624515,0.0645120203763957,-9.58668793866652
0,0,0,0,0,1,0
0,0,0,0,0,1,0
2.283837627101048,0,inf,1.724860651705322,1.12020639758537,0.2898740156078579,-19.34642828643666
0,0,0,0,0,1,0
1.032943240093568,0,inf,0.8007908169540724,0.5087725436605659,0.4756706958711694,-13.08636522087023
0,0,0,0,0,1,0
0,0,0,0,0,1,0
0,0,0,0,0,1,0
0.9690594764156469,0,inf,0.7951037432690846,0.3955407659536156,0.5294012238356942,-10.89156003597673
1.477024367566247,0,inf,1.121754039415221,0.550448453539687,0.4581345141968195,-12.27739556486617
1.354241844495564,0,inf,0.9250576963175845,0.7612071022386573,0.3829510269694698,-10.69303689770956
0.897273404650761,2.885038432179331e-14,31100916876624.38,0.8955292796826387,0.003850594197317037,0.9505205009852147,-10.46766211566073
0,0,0,0,0,1,0
0.876179620176601,1.719234714957887e-14,50963350876617.39,0.8232843249777874,0.1242863948029509,0.7244312593476356,-10.9905811057499
1.213416207166263,2.891229284963249e-16,4196886817233822,0.9625905603528686,0.4628353985760896,0.4963018187874447,-10.43120215756393
1.283799156681882,2.516597328660333,0.5101329251451168,1.700378241720179,0.2210829253005429,0.6382160196368403,-16.2948390472406
5.208205979044764,4.715760273837735e-15,1104425517119485,3.445030310064564,3.284047302650642,0.06995621692645149,-25.39530823447391
0,0,0,0,0,1,0
0,0,0,0,0,1,0
1.254579242575308,6.644545392147695e-15,188813405362228.1,0.9739259357557108,0.506025080010879,0.4768646499201029,-10.55745770453628
0,0,0,0,0,1,0
1.791651846444157,2.76644272186237e-13,6476374270413.291,1.785420649665946,0.0138893946506542,0.9061839155533543,-16.5430865532748
1.031093813171577,4.095923600289098e-17,25173658344086308,0.7996792289432676,0.5079695064231871,0.4760191647820615,-11.23215584526648
0,0,0,0,0,1,0
1.283344941058699,1.000001005560482e-06,1283343.650579038,0.9950305432223906,0.5084033334713354,0.4758308588944327,-10.34393555133791