dN,dS,dN/dS,dS=dN,LRT,p-value,Full Log(L)
0.03688001968871725,1.326011815059592,0.02781273837070586,0.4505954606410579,31.60656150511849,1.887906142528095e-08,-125.7127054173319
0.07375294667678965,1.305695340541603,0.05648557085774457,0.4572418031355399,26.22986452963738,3.030986860386164e-07,-132.4553776004566
0.1491726608513133,0.6925591660272538,0.2153933817770639,0.24545405465666,5.380954654465,0.02035773535537033,-85.63236358818304
0.07377273647889245,0.9823839886076648,0.07509562180817983,0.3560377648912407,18.03602193205728,2.167643168193845e-05,-111.3606019034383
0.0368800911325321,0.8381586530000753,0.04400132480947946,0.3284369244048265,19.9556918254419,7.925766036698256e-06,-102.4745248898129
0.2692213204560526,0.8252763542888658,0.3262195979043147,0.3685290258074618,4.010026274759525,0.04523044589856839,-124.8976056358587
0.07374528931689235,1.289710754145725,0.05717971186937922,0.487027420695483,27.46773886465445,1.597369717609709e-07,-136.2416822391814
0.07376824547677495,1.162668804142184,0.06344734219578643,0.4247210997728114,23.14558372366488,1.501877387122263e-06,-120.9983675984119
0.03687827976916442,0.9769239647136112,0.03774938593094645,0.3299812479572559,21.63737191127942,3.293713157659361e-06,-95.40756548984278
0,1.100210967423286,0,0.2694082951864684,28.10247197100438,1.150588028187016e-07,-67.13399987213825
0,0.766451871942697,0,0.1883652841487618,19.62912925534899,9.402473757802454e-06,-50.01720641467978
0.3291170221450552,1.24706039904539,0.2639142598040884,0.4920528787034383,7.856094472115444,0.005064968220012456,-158.6419946334034
0.03687539816302146,1.101647527584146,0.03347295504206072,0.4230174437609827,27.61121718151941,1.483161573556657e-07,-132.877750819891
0,0.7666782035215221,0,0.1883790514611812,19.63238161096193,9.386482771267524e-06,-50.71710197661838
0.2024337784224768,1.073423393478877,0.1885870753816959,0.3774203531313859,9.219009528206158,0.002395150882624653,-109.2146098551905
0.03568426435231508,0.9807442007574305,0.03638488438142796,0.2487439453842955,18.03693888826177,2.166599383779388e-05,-65.62269754270071
0.1476024511230663,1.149996390602693,0.1283503603395751,0.4583617574980793,16.65889840592439,4.473993562670309e-05,-135.5945874719051
0.03687583952849487,0.9851804769398017,0.03743054231346499,0.3308271389813466,21.77175440957922,3.070879398991977e-06,-99.70662109362162
0.1790093289690116,1.43080813584943,0.1251106451549067,0.4459997511679513,19.30010813469488,1.117000235162369e-05,-134.2255912031385
0,1.116896404230899,0,0.2703985770448939,28.32942177899906,1.023288166424052e-07,-66.61225650546702
0.07138297150261987,0.9734888635020804,0.07332695234522045,0.2555867227877719,13.5915713175809,0.0002272033684709296,-70.17550084420313
0.299535698413469,0.6862309531766653,0.4364940069037598,0.3687888108703052,2.042936838349334,0.1529141720337474,-122.1016106286083
0.03687363508220957,0.3265736278131408,0.1129106331369414,0.1270149170830082,5.078911365159229,0.0242185717312785,-44.2773789177259
0.1476528016295577,0.9159919526466023,0.1611944310241374,0.4247695674811103,13.03593643459078,0.00030557039459711,-131.8568631161823
1.284803651879082,1.492339577326019,0.8609325058450834,1.351203823974379,0.2554625979582852,0.6132546898659759,-330.0470005842344
0.1106042981538613,1.071068336050381,0.1032653981367055,0.4075646426763098,17.26684506358365,3.248051074189462e-05,-123.0887338883866
0.1106698866854787,1.175151392784779,0.09417500363355072,0.4513235254977579,20.21402861356739,6.924327941137953e-06,-134.8903473347137
0.4925183980841348,1.264799901800741,0.3894042032916974,0.663873573390571,5.179635155984101,0.02285312205829504,-185.0465772474088
0,1.254171384758081,0,0.2555775614537806,28.57792666890704,9.000233935907431e-08,-62.43658521268883
0.2878443640995048,1.243990963462641,0.2313878255982598,0.452535469507579,9.112148806154835,0.002539174183677217,-146.0392992896658
0.1071996251750823,0.8796651200458959,0.1218641307154354,0.2966678411822567,11.26438072803174,0.0007900853366271665,-81.43836597771171
0.1106325997244362,0.7806381693005303,0.1417207152752543,0.3397959276852736,11.55496018590352,0.0006756875503474147,-110.9472405159111
0,1.373191015629314,0,0.4950231787945879,42.76411795125841,6.175460143253986e-11,-137.5595907332205
0.2088770736332475,0.2768981162063098,0.7543463151537602,0.220935300267025,0.1169959738597868,0.7323157161982946,-76.96139147171651
0.03568512347229028,1.099045752830916,0.03246918827571348,0.2963349117025556,21.94492496908393,2.805879137257605e-06,-78.70960712264501
0.1428296947329516,0.8356925229204561,0.1709117777359205,0.2841762064232899,7.42209683602573,0.006442769104881063,-82.65217434423224
0.1786857466616405,0.830966666534267,0.2150335914277879,0.312448172167167,6.133733605934225,0.0132626505788892,-91.45715180257235
0.1072135854888136,0.8728431589906223,0.1228325895488464,0.296125827436341,11.18101348463674,0.000826386201038698,-83.48643384916313
0.1107211413158983,1.166655113568313,0.09490477522294341,0.4938219902443216,21.92754280725336,2.831408598802376e-06,-149.7705239892652
0.298889582965751,0.4097281389957246,0.7294826850270829,0.3187854946504637,0.2160430790339944,0.6420715760446563,-106.2971315402482
1.035336754575138,0.7101350355389371,1.457943493506693,0.8470545350752954,1.235154927939902,0.2664068647078093,-251.3210177513452
1.189451668248251,0.7144265163011835,1.664904144944712,1.001460236249639,2.181038325431018,0.1397201709484015,-260.9326499893361
0.1477468912874265,1.281436545761607,0.1152978598714888,0.5351602176042847,21.10441385741706,4.349251774504737e-06,-157.5628207889845
0.2953635972335716,0.9991430465615746,0.2956169271757716,0.5354073490485235,7.941623686258822,0.004831046810494177,-165.6706188752363
0.7289825700150184,1.588964375053733,0.458778422889668,0.9230118522587766,4.764860558729424,0.02904641208478353,-238.5543732199295
0.07137477925304854,1.786293481179892,0.03995691637742736,0.4867934897077936,33.82794826205927,6.020768106296259e-09,-110.2386161305916
0.5281335714238593,0.5232937739558683,1.009248719760995,0.5268157907452207,0.0003691355785235828,0.9846712657102324,-161.8314347527578
0.8231412724028686,1.591631472089233,0.5171682558666573,1.003170120658392,4.039980007511076,0.04443434813259994,-273.3341269547652
0.4623658386217576,1.900173937911176,0.24332816559416,0.7898821761459304,14.71786222499657,0.000124857803064149,-207.2952014529536
0.5092494940513028,1.659732189331934,0.3068263044631815,0.7543883028104486,10.24890413251103,0.001367658234000535,-216.4391838687712
0.3750784099251578,1.536408567374867,0.2441267367872226,0.6502693179893987,11.91604182877052,0.0005565260447298881,-173.8863684294115
0.6931881337249866,1.131471211979779,0.6126431909054832,0.7920282329041507,1.514244567818082,0.2184925437543869,-213.0810491916514
1.347249401736604,0.6556180679691913,2.054930252166134,1.07655981112642,4.394724147008333,0.03605029123188885,-273.0506072015791
0.3579034586537467,0.6897767883979039,0.5188685161253742,0.4262392480557191,1.313290864470048,0.2517996898162713,-118.0300276246248
1.512801401670354,1.091425148011468,1.386078930311087,1.354945387122856,1.229176045394183,0.2675673375345609,-348.3809400511727
0.4782103583227563,0.6896394925963167,0.6934207849994442,0.5158479988146343,0.4760165125226763,0.4902322349332086,-159.5259388941621
0.4755317342001959,0,inf,0.4681445769121525,0.5945181604145091,0.4406772733190342,-150.9288279214273
0.6147273685287165,1.203273674651972,0.5108790971484658,0.6715149416789367,1.598133640389051,0.2061679018079985,-213.5604046842747
0.4801473930380013,0.753462575191052,0.6372544686990625,0.5397311607366779,0.9239020192518979,0.3364525109829786,-171.6823098905583
0.4773740447593525,1.394846838204533,0.3422411921396582,0.6389480420136334,6.248070120605234,0.01243286922868136,-186.451113755913
0.4929343342661988,3.897783895075263e-13,1264652806660.233,0.4911261392603098,0.1467665151447477,0.7016447437723883,-153.405602561426
0.6287109762380837,1.354555306152905,0.4641456671294555,0.7930153342441054,3.982457312011434,0.04597644368553411,-219.0869749521997
0.6307733493097163,0.604782334095593,1.042975817494721,0.6235932914695412,0.009002256202165881,0.9244099675609077,-182.735033015391
0.2144880682109742,0.974700719787439,0.2200553091391473,0.3869214829001854,7.682485428368381,0.005575931963853531,-110.9279948409653
0.7526644681050573,0.9610014601403372,0.7832084542255993,0.7901071913491429,0.3099670454390662,0.5777004083120612,-233.9118714229559
0.2874517333460491,0.9744833850428992,0.2949785884070202,0.4049563010273777,5.416647528727083,0.0199456220327322,-138.0029588358812
0.5180717783232379,0.9703348555706268,0.5339103046221857,0.6826357328753923,2.816784802888151,0.09328308910579497,-215.2817921974191
0.5177318589818973,1.086377653335145,0.4765671103344926,0.7011677221071828,3.745381643556641,0.05295363323539637,-194.0651476788464
0.3938376814923844,0.7657258228422428,0.5143325061580482,0.4855435682026089,1.767902125214562,0.1836419208581913,-141.2302334201631
0.796722944343516,0.7814445581900977,1.019551465287319,0.7925178541221428,0.00244932390876329,0.9605282925491012,-230.830910869119
0.774897861033004,0.9493583807980874,0.8162332336304636,0.8322500068743842,0.3021049757389278,0.582565789581409,-223.4930209495746
0.567903954614482,0.9791950159673286,0.5799702259038361,0.6486108769917421,1.53311926628129,0.2156449015777113,-195.1068700171832
0.3936967418186487,1.209566731389767,0.3254857558510224,0.5940508847114372,6.570612484154537,0.01036762656183143,-154.8264981818585
1.004708209396929,1.321345815435357,0.7603673449148491,1.068711410268373,0.6404134179275616,0.4235611322484724,-318.7820868176985
0.8247367456076433,1.045611541674419,0.7887601778830103,0.8853632741864231,0.440839523067325,0.506717531480847,-257.3459543181508
2.58836890611196,1.094017069628349,2.365931005986278,2.13208340287616,9.710705061322642,0.001831977162738418,-475.6456106292993
0.7964679245254438,0.6670696949202309,1.193980075231399,0.766765720860579,0.1553360840350706,0.6934872854916204,-207.4208673187609
1.866207473855862,0.5829135701243299,3.201516604696332,1.463535564489778,10.88666415380226,0.0009685911514909495,-354.3684419589492
0.6828900915978899,0.4042859170848615,1.689126587742477,0.626638800091092,0.8109517671376807,0.3678390100554912,-172.3463429820183
0.9816292402183755,1.39703779384104,0.7026504540864762,1.078593931852005,1.064543592452765,0.3021811797746876,-301.4582831347952
1.006563061976797,1.214835743409872,0.8285589779829133,1.057699851918461,0.27014763435227,0.6032327551636663,-260.7564026665141
0.5828295839286296,0.8316535085995614,0.700808182616903,0.6260084430841478,0.5437715905028995,0.4608738465493295,-193.1956952844058
0.5431235510626801,1.396453828587731,0.3889305467492287,0.7479486745346166,5.962622872503346,0.01461228739899789,-204.1876870514196
1.827687676111433,1.11818440950434,1.63451364602874,1.639024695427252,2.587416525522258,0.107715902391547,-413.6714730557402
1.039399525270968,1.035860129131432,1.003416866852964,1.038109855350233,0.0001179513595843673,0.9913347120400449,-298.1238303730067
0.816082173637106,1.11649613519497,0.7309314810074072,0.8664322831305129,0.57623070616512,0.4477935680939769,-259.0450068006368
0.8443306118367716,0.6423465498434221,1.314447181264669,0.7756915321182415,0.5007032592214387,0.479191279128555,-225.0298192976454
2.051578582014344,0.8657148604052256,2.369808670090331,1.610301096958706,8.981565046000924,0.002727169649080929,-403.1101644759416
1.809554660002361,1.210190845519117,1.495263880653588,1.661250811288235,1.574549192707309,0.209547588730203,-382.7644277761326
0.5100912593935301,0.9876545053828026,0.5164673037114583,0.623029135824315,2.28194913411096,0.1308872910197176,-177.7542167571832
0.5529889672815974,1.42790594163006,0.3872726845371338,0.7361867127128262,6.316945739457765,0.01195894412108889,-222.8736070483591
0.8546041253231558,0.6047143458630191,1.413236069508994,0.7746876654085391,0.6601588622360168,0.416503864589001,-208.6970433380599
0.5686443217484886,0,inf,0.5654802971450736,0.2562188776558401,0.6127298187314046,-173.6025132228312
0.6687564056941799,0.6095057484759524,1.097210989997029,0.6533051817206245,0.04700516221907947,0.8283589596664124,-197.3505001603907
0.5735211241871307,0.6934842041741106,0.8270139690782904,0.5981427859579416,0.1323413451029865,0.7160166976638426,-155.6190589369664
0.9193481208295834,0.696511184476617,1.319933033839814,0.8822812698097161,0.356108022362605,0.5506757259959546,-264.5165638097635
1.896662627065729,0.7289908685996881,2.601764588230043,1.460814132018746,9.704626669862591,0.001838046603403365,-377.307005986064
0.8255147732420807,0.4472491148545315,1.845760552283218,0.7864593735472483,0.8362655480001422,0.3604670148668391,-235.3680822039101
0.637902307864142,0.08746989655114849,7.292821107786783,0.4961679295586305,7.074040105352765,0.007820870805088864,-163.8300851736718
0.9277620889568976,1.82284848362932,0.5089628113850191,1.128903317324458,4.26367353094497,0.03893563660437727,-292.7790720209918