Codon,alpha,beta,beta-alpha,Prob[alpha<beta],Prob[alpha>beta],BayesFactor,PSRF,Neff
1,1,0.7614359789704503,-0.2385640210295497,0.1211360591793675,0.8553996827424898,0.8164537770946586,1.005815473545682,233.4815728796019
2,1,0.1366765621550656,-0.8633234378449344,0.0007815720359293807,0.998989615898387,0.004633278277067556,1.007902617838456,196.358430743027
3,1,0.4526211585889565,-0.5473788414110434,0.01667761002278116,0.9789275924644478,0.1004656720870359,1.004299428092079,270.8811443188986
4,1,0.1366765574937202,-0.8633234425062799,0.0007815721322977654,0.9989896157969886,0.004633278848800894,1.00790261913022,196.35841148012
5,1,0.1518825577281027,-0.8481174422718973,0.001333104862297368,0.9982922115893255,0.007907213520695899,1.008103741878932,193.4052415809991
6,1,0.1366765611303591,-0.8633234388696409,0.0007815720569665372,0.9989896158762106,0.004633278401876577,1.00790261811763,196.3584265799527
7,1,0.151891885774807,-0.8481081142251931,0.001332969040769953,0.9982923600315285,0.007906406829993846,1.008102772731517,193.4192548003068
8,1,0.1366765726154865,-0.8633234273845134,0.0007815740750585016,0.998989613415356,0.004633290374791372,1.007902625432441,196.358317500889
9,1,0.2574227844709411,-0.7425772155290589,0.00214579347127482,0.9972078891088492,0.01273798211197604,1.004637570425961,261.5212374052405
10,1,0.1483880059593811,-0.8516119940406189,0.001189835124509611,0.9984726931947018,0.007056407280767971,1.008058069598864,194.0678907212466
11,1,0.151887347898658,-0.848112652101342,0.00133303545460196,0.9982922873983874,0.007906801284525936,1.008103244688249,193.4124303649325
12,1,0.3462313570822403,-0.6537686429177596,0.009477522391502799,0.9880379822275043,0.05667744855563269,1.005133128478911,248.9312135830119
13,1,0.2276378480276212,-0.7723621519723789,0.001022626521925268,0.998653058122672,0.006063748886038068,1.004604267894579,262.4138427526678
14,1,0.1479221595900163,-0.8520778404099837,0.00117160067587551,0.9984956988266284,0.006948139656307092,1.008052181634335,194.153655067355
15,1,0.1479334727251028,-0.8520665272748972,0.001172193557932463,0.9984949569577539,0.00695165985038808,1.008052662664135,194.1466454666916
16,1,0.8201542020240286,-0.1798457979759714,0.167909696857606,0.8026942513052548,1.195322581728967,1.005509540397467,240.1606969374824
17,1,0.1366765162744524,-0.8633234837255477,0.0007815730543461524,0.9989896148148869,0.004633284319119868,1.007902630782548,196.3582377197191
18,1,1.084479540116443,0.08447954011644265,0.4692538262407302,0.4866274274350005,5.237219281195546,1.005650931985006,237.0262070302674
19,1,0.3162659787029704,-0.6837340212970296,0.006232346842992428,0.992056872581182,0.03714895193948196,1.004914763294114,254.3240361176723
20,1,0.1366765738992887,-0.8633234261007112,0.0007815740717023463,0.9989896134154226,0.004633290354880007,1.007902625184795,196.3583211937978
21,1,0.1518825987015548,-0.8481174012984452,0.001333101622494796,0.9982922154633458,0.007907194278393091,1.008103732470228,193.4053776145716
22,1,0.1366765914708405,-0.8633234085291596,0.0007815754652269809,0.9989896116867643,0.004633298622368342,1.007902628519107,196.3582714723048
23,1,0.7706418706594554,-0.2293581293405446,0.1200127866685369,0.8556944486219479,0.8078504401796818,1.005639848098139,237.2689182685892
24,1,0.3159225392453264,-0.6840774607546736,0.006200393292295976,0.9920967229740274,0.03695729910145349,1.004912640768367,254.3776192570617
25,1,0.3158486944961656,-0.6841513055038344,0.006193373901250953,0.9921054680976586,0.03691519944651098,1.004912106998364,254.3910978815893
26,1,0.1518830121847251,-0.848116987815275,0.001333110146927476,0.9982922043035686,0.007907244907933663,1.008103717520314,193.4055937648376
27,1,0.1517640822350138,-0.8482359177649863,0.001328686263326359,0.9982977971907225,0.007880970056292021,1.008103443979407,193.40954878717
28,1,0.6047630814926169,-0.3952369185073831,0.04877812264851931,0.9399498726811867,0.3037547365434313,1.005514094067268,240.0584349827065
29,1,0.3577895163968706,-0.6422104836031295,0.00478875811309055,0.9937649493692675,0.02850279407491623,1.003112202567247,309.9139011543066
30,1,0.3450328647155431,-0.6549671352844569,0.009336820922372605,0.9882116013573515,0.05582809583366902,1.005125777157192,249.108985586769
31,1,0.6779728178077705,-0.3220271821922295,0.0726724197313685,0.9113550503549466,0.4642118812728718,1.005815487746161,233.4812716151471
32,1,0.151891885774807,-0.8481081142251931,0.001332969040769953,0.9982923600315285,0.007906406829993846,1.008102772731517,193.4192548003068
33,1,0.5038296888894065,-0.4961703111105935,0.01874510239165766,0.9761148709925773,0.1131581365861884,1.004207777390377,273.5363280284804
34,1,0.8480343673236771,-0.1519656326763229,0.1972154669787252,0.771102027940027,1.455196975201692,1.005460645713263,241.2643306984733
35,1,0.6809097678744009,-0.3190902321255991,0.07457787085007447,0.909173831378669,0.4773642677730895,1.005838098639633,233.0025797041787
36,1,0.1281279494527489,-0.871872050547251,0.0005489996156674392,0.9992862695265382,0.003253796149942023,1.007785009516015,198.1283346287992
37,1,0.1366765738992887,-0.8633234261007112,0.0007815740717023463,0.9989896134154226,0.004633290354880007,1.007902625184795,196.3583211937978
38,1,0.6955924893140597,-0.3044075106859403,0.07323758474465721,0.9100318073708124,0.4681072940739002,1.005721733084015,235.4876554710295
39,1,0.1501468536207068,-0.8498531463792931,0.001261442182650004,0.9983824664353105,0.007481614734603998,1.008082721977738,193.7096405902174
40,1,0.6530938973607819,-0.3469061026392181,0.05957164752781016,0.9266459822509143,0.3752266748657178,1.005659256900471,236.8442423735154
41,1,0.256872662542671,-0.743127337457329,0.002119616347235069,0.9972413480188201,0.01258225789326567,1.004635885271747,261.5662564589898
42,1,0.1281279494527489,-0.871872050547251,0.0005489996156674392,0.9992862695265382,0.003253796149942023,1.007785009516015,198.1283346287992
43,1,0.8157128404782948,-0.1842871595217052,0.1633393274122877,0.807673727738228,1.156434967584167,1.005520722958565,239.9097277370012
44,1,1.307071381227026,0.3070713812270256,0.6048031997650111,0.3601936161100245,9.065264248558256,1.007255876694155,206.5111206177532
45,1,0.5849210828432995,-0.4150789171567005,0.03213089099301041,0.9594102697876435,0.1966463760807044,1.004933712125988,253.8466865084759
46,1,0.4531419448002715,-0.5468580551997284,0.01675310722762772,0.978833710377811,0.1009282151476846,1.004303472053854,270.7651914318947
47,1,0.1022476726831762,-0.8977523273168239,0.0001307257182672224,0.9998265174886193,0.0007744575562081311,1.00739064433498,204.3081768082629
48,1,0.6517326846015097,-0.3482673153984903,0.05889399833161659,0.9274412979738434,0.3706912238784018,1.005648486532449,237.0797133389629
49,1,0.3473881702876494,-0.6526118297123507,0.009620396645818523,0.9878621296877543,0.05754016437459643,1.005142231098409,248.7114478147237
50,1,0.8373612474331651,-0.1626387525668349,0.1858931015707879,0.7832324097507171,1.352575904148944,1.005472471754981,240.9964536708574
51,1,0.3163572071116014,-0.6836427928883986,0.006240816408403868,0.9920463090711064,0.03719975325076395,1.004915312714296,254.3101697441691
52,1,0.6319038466043752,-0.3680961533956248,0.04975148420986537,0.9382436273046999,0.3101334775515844,1.005477677325892,240.8787313724063
53,1,0.6338217560727829,-0.3661782439272171,0.06161867492195326,0.9249399981693536,0.3889670437405963,1.00577816691312,234.2757739218346
54,1,0.8626702113805328,-0.1373297886194672,0.2086972279923197,0.7574373472400838,1.562261754720113,1.005199840273913,247.3296676992441
55,1,0.3161792130435843,-0.6838207869564157,0.006224320915777306,0.9920668842179001,0.03710081241411291,1.004914250779959,254.3369724334106
56,1,0.7065231899806733,-0.2934768100193267,0.09051284135615281,0.890900373919474,0.5895130648595329,1.00593953053373,230.8795019815819
57,1,0.9844958585927193,-0.01550414140728074,0.3454977917196851,0.6142133679488756,3.126899818233383,1.005376072970737,243.1978029062392
58,1,0.7803236494836296,-0.2196763505163704,0.128806862588722,0.8458317446618328,0.8757988364284872,1.005619891752592,237.7071914320114
59,1,0.2715270209690652,-0.7284729790309348,0.002882054531561449,0.9962696885522984,0.01712125000706609,1.004682591835273,260.324280617183
60,1,0.4800392683459532,-0.5199607316540468,0.02212371832610823,0.972282440972456,0.1340151866531092,1.00465432591004,261.0744669796705
61,1,0.818767439010647,-0.181232560989353,0.1736323788634343,0.7978146881956142,1.244621304568698,1.005735988224741,235.1803338576134
62,1,0.9432572431566278,-0.05674275684337216,0.298400082104301,0.6637580273694865,2.519354120914019,1.005383758672037,243.0207956143592
63,1,0.7590146405612637,-0.2409853594387363,0.1190857119041827,0.857689635779983,0.8007663423319977,1.005816870129863,233.4519480013034
64,1,0.420568606443444,-0.579431393556556,0.01153647006002635,0.9852762856926967,0.06913406609621729,1.003878738680368,283.5198413092823
65,1,1.025362408885833,0.02536240888583285,0.3939821918717832,0.563939263304207,3.850977784278612,1.005471464823648,241.0192385904817
66,1,0.136676589900827,-0.863323410099173,0.000781575351176891,0.998989611828808,0.004633297945733163,1.007902628280824,196.3582750255919
67,1,0.8292450521095587,-0.1707549478904413,0.1773664791498309,0.7924363178257636,1.277158947629044,1.005488785712698,240.6279090783373
68,1,0.6443682731829983,-0.3556317268170017,0.08261655907326274,0.9020042405727532,0.5334528181322541,1.006259882425453,224.4250967003289
69,1,0.5113517541431744,-0.4886482458568256,0.02975551220727333,0.9630901512777168,0.1816628210217002,1.005049741336823,250.9629460519323
70,1,2.378142733098072,1.378142733098072,0.9750239135784662,0.02081401845060394,231.2441136304477,1.002479803106857,335.7550998433007
71,1,0.5118622813911953,-0.4881377186088047,0.02989682640051203,0.9629213945974195,0.1825521582684732,1.00505633873017,250.8009742392346
72,1,0.8279056586559841,-0.1720943413440159,0.1890099250011505,0.7829708906541112,1.380539629848745,1.006009013672162,229.4476996108654
73,1,1.421148548127483,0.4211485481274826,0.6638623206689079,0.3046943306576673,11.69878150655768,1.007242146109073,206.7382838452011
74,1,0.4059003377552104,-0.5940996622447896,0.009601120211248152,0.9876903188135306,0.05742375319551558,1.003691783836033,289.528594869841
75,1,0.1366765738992887,-0.8633234261007112,0.0007815740717023463,0.9989896134154226,0.004633290354880007,1.007902625184795,196.3583211937978
76,1,0.6017676875745003,-0.3982323124254997,0.04755633848382694,0.9413886362694898,0.2957664584855952,1.005482384698987,240.7723762109443
77,1,0.5231063040605535,-0.4768936959394465,0.02299925152387296,0.9708818782984305,0.1394436088367814,1.00449101623244,265.4961298862084
78,1,0.7151457449043503,-0.2848542550956497,0.08584177310426344,0.8954303134498085,0.5562334664366431,1.005789530689058,234.0332755269199
79,1,0.8371780248899936,-0.1628219751100064,0.1972233420980521,0.7742822528069399,1.455269359308214,1.006014946912957,229.3262726229045
80,1,2.103150332455765,1.103150332455765,0.9095608058614679,0.0786280772993411,59.57373941755974,1.004483749335282,265.6964177506192
81,1,0.569651284406132,-0.430348715593868,0.03599997990229034,0.9551338305460335,0.2212101360729893,1.005118417277008,249.2872230040507
82,1,0.6265430075943467,-0.3734569924056533,0.05817378582349701,0.9289419377081689,0.3658780544452436,1.00571676224533,235.5950120854996
83,1,0.7929082403587635,-0.2070917596412365,0.1406669278844773,0.8326223219659449,0.9696394666082273,1.005586373841588,238.4470121383995
84,1,1.209628903019541,0.2096289030195406,0.528073675639592,0.4350724780397002,6.628268960829807,1.006754589331473,215.1482220243065
85,1,0.994430130016112,-0.005569869983887976,0.3557007310081816,0.6039440641194714,3.270219671608736,1.005456579855378,241.3565680927579
86,1,3.247616629772492,2.247616629772492,0.9999034363450342,7.173866196617484e-05,61337.23192017929,0.9981265832684398,796.1548912402064
87,1,0.6842144445992878,-0.3157855554007122,0.08915840517746618,0.89344230191639,0.5798280804306808,1.006083822057459,227.9262086200852
88,1,0.9719859884562225,-0.02801401154377747,0.3276062553339594,0.6340544254581987,2.886079756804297,1.005563477135921,238.9550932591534
89,1,1.063366362480496,0.06336636248049565,0.439727297623495,0.5171023241654189,4.649045226664249,1.005632421855799,237.4318184101107
90,1,0.7311599057151408,-0.2688400942848592,0.1205176794951102,0.858504465379162,0.8117147819791237,1.006213484168613,225.3371086986943
91,1,0.7205680239981045,-0.2794319760018955,0.1001524398763387,0.8799778970371179,0.6592837903617624,1.005973298943054,230.1813919391246
92,1,0.6302736254890982,-0.3697263745109018,0.05994689909021492,0.9268827514561456,0.3777410160924099,1.005749882190805,234.8815821376959
93,1,0.5127486067480078,-0.4872513932519922,0.02057455425118792,0.9738548566143166,0.12443394201175,1.004333649738912,269.9030722634536
94,1,0.5281138719664615,-0.4718861280335385,0.02421493148717123,0.9693950882426122,0.1469971395885021,1.004563659538446,263.5106664178126
95,1,0.8562897085013759,-0.1437102914986241,0.201414551816484,0.7652409055830551,1.493995397698072,1.005212898503691,247.0186252154657
96,1,1.057521180938441,0.0575211809384415,0.4039595564117818,0.5578112965125313,4.014597084978561,1.006108705055114,227.4246622389711
97,1,0.7389576497779112,-0.2610423502220888,0.1030042656926516,0.8758085134143372,0.6802125496283207,1.005821247065142,233.3591522548248
98,1,0.7236515682448335,-0.2763484317551665,0.1023223191119767,0.8775273898945585,0.6751958354468808,1.005977829777937,230.0880503043867
99,1,0.8434765840060784,-0.1565234159939216,0.1923551675177325,0.7762814013098057,1.410792839528195,1.005461493583289,241.2451050800712
100,1,0.6758602908190492,-0.3241397091809508,0.06197192249222937,0.9232472314255187,0.3913442332038051,1.005616107257317,237.7904906343074