Codon,alpha,beta,beta-alpha,Prob[alpha<beta],Prob[alpha>beta],BayesFactor,PSRF,Neff
1,0.4293573602920152,0.001053560870388574,-0.4283037994216266,8.907935717707216e-11,0.9999999835332767,2.949294217839639e-10,1.022948071690247,92.73055820577792
2,1.230169904998653,0.07426133212143493,-1.155908572877218,2.998396007833443e-15,0.9999999999998506,9.927274161094893e-15,1.152443631980698,19.63949901436524
3,1.194765677890638,0.004234534654170745,-1.190531143236467,6.975288709787789e-20,1,2.309421543850306e-19,1.04739822444103,51.24308104479348
4,1.210072782512013,0.07756497773539944,-1.132507804776614,6.512305668963212e-15,0.9999999999997081,2.156134267379992e-14,1.172758776563455,17.84502689373683
5,0.5800304999863611,0.0754516995751143,-0.5045788004112468,9.301584217676169e-09,0.9999994249786438,3.079625815904443e-08,0.9996858142085854,533.1843924175531
6,0.4595752678704953,0.07341862319289866,-0.3861566446775966,1.744734669923743e-07,0.999988184749418,5.776576003773685e-07,1.004501056258217,265.2199133624256
7,1.462065599064823,0.07221178675394901,-1.389853812310875,1.659888585011849e-22,1,5.495661352681398e-22,1.10925770640424,25.58617282967445
8,0.881660409647363,0.001078376713022446,-0.8805820329343406,5.597473675124374e-16,0.9999999999999135,1.853246056801635e-15,1.022155423543748,95.32564879541516
9,1.220376726107912,0.07158398169327022,-1.148792744414642,5.619948096239658e-20,1,1.86068702655481e-19,1.170039411490826,18.06095397416304
10,1.224465279549239,0.07171908310999726,-1.152746196439242,1.694743142395458e-20,1,5.611059967809864e-20,1.159217716246624,18.99152031547717
11,0.3705265647825526,0.0739065924323167,-0.296619972350236,9.308388779034102e-06,0.9995588696018439,3.081907370931795e-05,1.016595404997812,118.8815450010499
12,0.6621888148288453,0.2783712416949901,-0.3838175731338552,0.001096685518939908,0.9942273861243134,0.003634960364661138,1.032544361056588,70.00511188729774
13,1.340632652525199,0.076985241261463,-1.263647411263737,1.054080403013996e-15,0.9999999999999506,3.48991431459329e-15,1.185114115157876,16.9422295457381
14,0.8383317608174412,0.07365487881211705,-0.7646768820053241,4.572168502787646e-10,0.9999999674494076,1.513781706621375e-09,1.024478073299925,88.11599665465658
15,1.21554006804416,0.0743628206488673,-1.141177247395293,1.070073411341215e-14,0.9999999999994712,3.542864951503923e-14,1.133515817056955,21.78773577454659
16,0.5219926494226076,0.07671199263983425,-0.4452806567827733,1.956382055750779e-06,0.9999402742381021,6.477322867484258e-06,1.007215994824805,207.172350227624
17,1.192900304485615,0.2623187154065169,-0.9305815890790978,5.513944849833372e-09,0.9999999247783145,1.82559082897226e-08,1.029733392086422,75.36161442795904
18,1.21825076106257,0.2741329017684284,-0.9441178592941417,3.426458762493596e-09,0.9999999516951524,1.134453073064578e-08,1.035901228021254,64.57298502002638
19,1.519524783411412,0.0718628994112981,-1.447661884000113,1.813122530488549e-19,1,6.002997736387645e-19,1.157671427794899,19.13465360262544
20,1.21252930409533,0.346542760519443,-0.8659865435758866,1.358417728906799e-06,0.9999910427155294,4.497539185527749e-06,1.081503872890278,32.55348022185012
21,0.7856352653885675,0.3260756334879799,-0.4595596319005877,0.001588347380951004,0.9933825377783208,0.005267164415164463,1.068426082276276,37.66587313397536
22,1.149960715201054,0.140390323062683,-1.009570392138371,3.558708443625492e-10,0.9999999922068501,1.178239108494978e-09,1.146083273606457,20.30106609290995
23,0.7151295846223444,0.4817881522155802,-0.2333414324067642,0.06951357575329674,0.8555464492880656,0.247343563162197,1.106539279446367,26.11511913422564
24,0.4764993830391677,0.2058206211095012,-0.2706787619296664,0.004273428066687077,0.9742857811454358,0.01420945189585155,1.011747845882975,152.1738007708419
25,0.9744131588161687,0.6805936080895439,-0.2938195507266248,0.1049271391979664,0.8173054241400642,0.3881239725648209,1.080673343971528,32.83167996859098
26,1.904374797775456,0.09212646331832118,-1.812248334457135,1.05942987999079e-15,0.9999999999999603,3.507625692419424e-15,1.160918460440096,18.83718689268721
27,0.7707814217362925,0.1140124000846724,-0.6567690216516201,5.900062458403996e-07,0.9999870056467903,1.953430167220487e-06,1.013546837993617,137.7889689990032
28,1.187535723358849,0.1172830067126463,-1.070252716646203,1.864645097649581e-11,0.9999999995186108,6.173581824913604e-11,1.168341105099738,18.19926302827647
29,1.213774224494445,0.2965520049394392,-0.9172222195550055,1.994101976194964e-09,0.9999999733980983,6.602195644146332e-09,1.106914514868979,26.04057384441933
30,1.198177919849984,0.3357227365978054,-0.862455183252179,1.264399599707183e-06,0.9999910164633355,4.186257356765179e-06,1.084858390689071,31.48223930911754
31,0.5839426183412536,0.2493376897815772,-0.3346049285596764,0.005220645798841246,0.9778718942702002,0.01737554720552533,1.012715100818322,144.0766836764795
32,0.4620966303235676,0.0877396675933603,-0.3743569627302072,2.7276278292265e-05,0.999406239245984,9.031044533195262e-05,1.006681376019742,216.4716507304986
33,1.213946075914051,0.3146901493886991,-0.8992559265253515,8.491157231214054e-08,0.9999991933299732,2.811304868220998e-07,1.10401143944566,26.63071481964286
34,1.150157799565941,0.2810250138510616,-0.8691327857148795,6.366410664978066e-07,0.9999935396935851,2.107831792888052e-06,1.035468411744546,65.22276457497711
35,1.122690699000987,0.4370188669963279,-0.6856718320046591,0.0002933112700892081,0.9988727197159623,0.0009713979387586106,1.08890423771463,30.29220946555925
36,2.648686612194823,0.2707921216126347,-2.377894490582189,3.744094435670934e-14,0.999999999999185,1.239617844035002e-13,1.025958239959652,84.08572411353217
37,1.14112597943791,0.5445710980938474,-0.5965548813440629,0.00129825512075184,0.9958950485088838,0.004303930607704962,1.094121997028353,28.90115705398286
38,2.480700347532472,0.2460766579364893,-2.234623689595983,3.9767881171451e-12,0.9999999999349154,1.316659501163317e-11,1.038415091367886,61.05514341599562
39,0.9195014057434397,0.4457298025454689,-0.4737716031979708,0.003954582859616718,0.9872548111853205,0.01314505970522813,1.094666647867158,28.76436466366478
40,1.205641752254019,0.5120739382024385,-0.6935678140515807,0.0001624578982764773,0.9993824062208908,0.0005379630110395942,1.087103571079894,30.80891739405774
41,1.625086516397343,0.4374989779206326,-1.18758753847671,6.696117973569602e-07,0.9999953123902005,2.216993461735245e-06,1.055708217267618,44.7527012542476
42,0.8358409894426533,0.3810301223360635,-0.4548108671065897,0.004663619824055764,0.98503170647564,0.01551294620931318,1.099121745771961,27.69927778210543
43,1.178710119202867,0.5931355127647068,-0.5855746064381605,0.001864475154516707,0.994607757023957,0.006184550106623765,1.072654379199657,35.82433285128268
44,1.171506045267209,0.6079966593093334,-0.5635093859578754,0.001907113443572313,0.9942403226851451,0.006326253523064171,1.060580568002762,41.7125869812033
45,0.7478087791858503,0.7689263754317707,0.02111759624592036,0.4773312864780715,0.3305684826006755,3.023670212457687,1.09472330572122,28.75022067496711
46,1.173586610028795,0.7069534834304529,-0.4666331265983423,0.005573701215061675,0.9819512942980282,0.01855718545028923,1.028570991115414,77.83880236262809
47,0.6891798691333715,0.3897353730683614,-0.2994444960650101,0.03407342379947002,0.9220072141868277,0.1167918894986573,1.093832021852761,28.97460237792024
48,0.7662336250427767,0.3610614044804646,-0.4051722205623121,0.001692294824890308,0.9929775905374022,0.005612451850654239,1.076622610698812,34.26980772660813
49,1.218756449150523,0.6254402062745904,-0.593316242875933,0.0003683102536170818,0.9985009659826423,0.001219873562266587,1.039500934644294,59.65857030530704
50,1.201923473867179,0.332864040336004,-0.8690594335311751,2.652677386959736e-07,0.9999978581967198,8.782649989531682e-07,1.077062745785575,34.10666214303665
51,0.5356568251212208,0.1918595730781204,-0.3437972520431004,0.001514468316860653,0.9895351665403036,0.005021800330569579,1.014446906230506,131.5902887096882
52,1.186332513949611,0.4966162162913049,-0.6897162976583059,0.0001287077881879057,0.9994765947246138,0.0004261885254760548,1.069948669517316,36.97877789545803
53,0.9099687067006172,0.7574114961297331,-0.1525572105708841,0.2561223411326777,0.6128291868630548,1.139953069420845,1.074797645193746,34.96549824943569
54,1.068403379593316,0.3006512399787474,-0.7677521396145689,7.695649324874146e-06,0.9999448107001838,2.547942580758002e-05,1.07102854995645,36.50816107910326
55,1.425961559966961,0.3866339575399291,-1.039327602427032,3.930996140257833e-08,0.9999996265603457,1.301498462598939e-07,1.047052119806948,51.5583758883357
56,1.219546821653328,0.8242732918163946,-0.3952735298369332,0.002237496160772717,0.9841138108438952,0.007424652718839094,1.166216668804437,18.37616160144081
57,0.6057788614523271,0.3282814951708145,-0.2774973662815126,0.03523324375842792,0.9164098369415745,0.1209125340868172,1.05103525185548,48.16542974236277
58,1.181938181066875,0.2667930796301279,-0.9151451014367475,2.885656009439298e-08,0.9999996621109751,9.554007906934001e-08,1.035274303475027,65.51871253433936
59,0.6388563110128533,0.4519769484257813,-0.186879362587072,0.09195634376850757,0.8137334965804147,0.3352864414134226,1.103714110401192,26.69294004921926
60,0.3742665138419307,0.2472532104391517,-0.127013303402779,0.08432258251313365,0.7684855951500144,0.3048894664424364,1.011539406071691,154.0426492211631
61,1.245741192667998,0.3035412052602973,-0.9421999874077007,3.243267382000616e-08,0.9999996955099439,1.07380097355284e-07,1.11093024942888,25.27309131026733
62,1.93270079787617,0.3514938629201154,-1.581206934956054,2.336884817149295e-08,0.9999997977848455,7.737102352145761e-08,1.067250003353474,38.21644507513419
63,1.109163322603668,0.6964286474094564,-0.4127346751942119,0.01897892037709837,0.9482167504592474,0.06405222040592579,1.041219102397694,57.58281519444485
64,0.5170975226678012,0.7273616057265336,0.2102640830587325,0.8521788935092577,0.07075386240356782,19.08689787038646,1.183199088579926,17.07434626601809
65,1.192887847401914,0.6454492680569788,-0.5474385793449348,0.001773563962333802,0.9941274450142151,0.005882457707698556,1.033628134231004,68.14812953920355
66,1.186964788189948,0.3074915788921493,-0.8794732092977984,2.899642878554598e-07,0.9999975084231976,9.600319002646118e-07,1.103143149646465,26.81339286029881
67,1.134473765372972,0.8781167361351769,-0.2563570292377946,0.07196272974038147,0.8289182498522829,0.2567339105183957,1.188653117385058,16.70499902397527
68,1.40160794919549,0.8749983317370921,-0.526609617458398,0.0009308617220399257,0.9867206219207378,0.003084825863429278,1.281119803882334,12.60055824267516
69,0.7288672511536235,0.2444557108225194,-0.4844115403311041,0.0004705854330576151,0.9973353471773366,0.00155877677074889,1.017466950201473,114.4188769468602
70,1.322813733246987,0.6409171212894653,-0.6818966119575218,0.0003073139916805674,0.9986339058419922,0.0010177868699534,1.029150186945258,76.58340303478451
71,1.114647830797833,0.2533802961247512,-0.8612675346730816,3.029369268898592e-07,0.9999968207809017,1.002982537974424e-06,1.054972887059443,45.25444307131217
72,0.7720797359359912,0.445952962607486,-0.3261267733285052,0.03450145083043855,0.9233325796005166,0.1183114446978301,1.107214715502914,25.98129506630249
73,1.109829281980619,0.5663564992521913,-0.5434727827284281,0.003798222434753553,0.9892649791087201,0.01262333498737424,1.091551248229145,29.56769206169586
74,1.520096787919511,0.8213039083474015,-0.6987928795721091,0.00228199530002425,0.9866061350177395,0.007572651332380086,1.140515938811843,20.92783978440001
75,1.283169538957849,0.4726645347873442,-0.8105050041705044,0.008280425050471368,0.9834156850265607,0.02764424733109387,1.099432041693228,27.6284871935245
76,1.160119352611022,0.4464117709476712,-0.7137075816633509,0.0002343659374883148,0.9991517509073653,0.0007761350790554009,1.07912100109714,33.366415114335
77,1.04826047845776,0.5334153575073544,-0.5148451209504052,0.00549537019673567,0.9848151701912101,0.01829494759340702,1.122510165100498,23.33135960576064
78,1.190597457955471,0.9628914287181353,-0.2277060292373362,0.03501846019434345,0.8496191107334227,0.1201486970120353,1.259769170281825,13.29120226748607
79,0.6683840900224902,0.9843553234550975,0.3159712334326072,0.8892531265752665,0.03590347839237139,26.58489513706531,1.054774656722406,45.39181646180032
80,0.5813292897064285,0.5267508050699734,-0.05457848463645509,0.3110659607997758,0.5274246514668219,1.494912838725291,1.143597041694626,20.57513823168084
81,1.059888880407628,0.6965611848124367,-0.3633276955951914,0.04075733833472663,0.9070784732177934,0.1406754632807346,1.045237798095318,53.28229419415232
82,1.28147591446776,0.8964986534237797,-0.3849772610439807,0.001693457970475146,0.9776615102107155,0.005616315936455162,1.271031432269911,12.9134046290262
83,1.008351820529279,0.8743489581471762,-0.1340028623821032,0.2251828555509849,0.5977987687127329,0.9622260833365796,1.108223903818336,25.7843273714353
84,1.185834671960852,0.9388927120543595,-0.2469419599064921,0.03658818287285327,0.8683055572483648,0.1257389695779832,1.348412118833288,10.97670719842436
85,1.10958642138638,0.9306863798920325,-0.1789000414943475,0.1316765217154841,0.7148242238525612,0.5020741099268343,1.236109299294582,14.20132157339415
86,1.774179103230935,0.9593856415896337,-0.8147934616413014,0.004127702478953475,0.9555972737872473,0.01372289560503207,1.159655556509429,18.95148227899019
87,1.175811692269105,0.7818285514271901,-0.3939831408419148,0.01479534996801839,0.9560640058723573,0.04972099538377253,1.081600536649326,32.52144824743458
88,0.4293157445826306,0.6383186018387362,0.2090028572561057,0.8530915609140216,0.07493524092843622,19.22604375691625,1.135885810731608,21.4869986264903
89,0.5881439828418584,0.7974299922162267,0.2092860093743683,0.8300763487319187,0.07996873042793019,16.17354544654101,1.153213288374629,19.56306872888788
90,0.8505340339636414,0.8327158020047456,-0.01781823195889576,0.430189118989993,0.3854188397887889,2.49959535018292,1.067307201142441,38.18925361825451
91,0.9833485093798682,0.9862182897569898,0.0028697803771216,0.3921774530755083,0.4218637711408417,2.136224249562556,1.141191650804862,20.84921111180021
92,0.4428505100901824,0.6710160705366337,0.2281655604464513,0.8820359615871004,0.05366262532738236,24.7558410319561,1.179072762901073,17.36842679292761
93,1.081971919989826,1.037395336548903,-0.04457658344092352,0.2754625126747203,0.5145909806042107,1.258759232577322,1.196360411076437,16.21741257030844
94,1.184817322355769,0.9860096853416043,-0.1988076370141652,0.0591968859224562,0.7919021678971673,0.2083248797350576,1.23321076214777,14.32539202506159
95,0.2535249022983431,0.6852180034666351,0.431693101168292,0.9928422119908632,0.002314718486087634,459.2428744970028,1.058917245364541,42.69827793963913
96,1.168380057354832,0.8610586554758685,-0.3073214018789633,0.02954456372807871,0.9088672499113576,0.1007959329794257,1.165924748830295,18.40081496682941
97,0.7201721818193874,0.9329248825252174,0.2127527007058301,0.7900037435479628,0.08490406386427159,12.45542702177093,1.060830668812251,41.56868753403808
98,1.158894463918022,0.9878548512850249,-0.1710396126329969,0.0987337132865104,0.736784508594577,0.3627048557727265,1.259424752264956,13.30326953411596
99,1.206552689163138,0.8907857741521281,-0.3157669150110098,0.02453901852503,0.9181464457085464,0.0832891272214748,1.280190067577961,12.62845145883482
100,1.001870736494302,0.658221058925655,-0.3436496775686468,0.05388429443602673,0.889924296499766,0.1885640830951164,1.074534164952698,35.06857975143584