Codon,alpha,beta,beta-alpha,Prob[alpha<beta],Prob[alpha>beta],BayesFactor,PSRF,Neff
1,0.564658,0.414526,-0.150132,0.381574,0.553137,0.828316,1.00708,209.382
2,0.589805,0.41584,-0.173964,0.375044,0.56039,0.805636,1.00736,204.875
3,0.564658,0.414526,-0.150132,0.381574,0.553137,0.828316,1.00708,209.382
4,1.94366,0.408675,-1.53498,0.143488,0.817428,0.224899,1.0112,157.173
5,0.564658,0.414526,-0.150132,0.381574,0.553137,0.828316,1.00708,209.382
6,1.9358,0.397878,-1.53792,0.138734,0.823073,0.216248,1.01132,156.062
7,0.668521,0.409181,-0.259341,0.353731,0.583443,0.734793,1.00792,196.15
8,0.638258,0.729295,0.0910373,0.579527,0.357135,1.8503,1.01211,149.049
9,1.08126,0.413269,-0.66799,0.185921,0.766399,0.306598,1.01127,156.562
10,1.08675,0.413268,-0.67348,0.185459,0.766942,0.305662,1.01126,156.598
11,0.561629,0.414534,-0.147096,0.382545,0.552075,0.83173,1.00705,209.978
12,2.8981,0.414482,-2.48362,0.0665375,0.908325,0.095692,1.01059,163.175
13,0.589885,0.405539,-0.184345,0.367648,0.567737,0.780511,1.00731,205.57
14,0.563803,0.746236,0.182434,0.609008,0.328651,2.09103,1.01227,147.66
15,0.62744,1.13796,0.510516,0.715763,0.224867,3.3806,1.00651,219.728
16,0.541981,0.414592,-0.12739,0.389471,0.544516,0.856395,1.0068,214.397
17,0.568502,0.414516,-0.153986,0.380339,0.554488,0.82399,1.00713,208.631
18,0.568502,0.414516,-0.153986,0.380339,0.554488,0.82399,1.00713,208.631
19,2.78976,0.798528,-1.99123,0.16587,0.772059,0.266957,1.00892,182.334
20,0.668596,0.398219,-0.270378,0.345876,0.591329,0.70985,1.00787,196.773
21,0.588073,0.726006,0.137933,0.593461,0.343564,1.95973,1.01242,146.429
22,0.668521,0.409181,-0.259341,0.353731,0.583443,0.734793,1.00792,196.15
23,0.568502,0.414516,-0.153986,0.380339,0.554488,0.82399,1.00713,208.631
24,1.67418,0.416926,-1.25725,0.155836,0.802471,0.247826,1.01112,157.957
25,0.668594,0.398481,-0.270113,0.34607,0.591134,0.710459,1.00788,196.75
26,0.890454,0.380544,-0.509911,0.310589,0.629739,0.604802,1.00858,186.717
27,0.561629,0.414534,-0.147096,0.382545,0.552075,0.83173,1.00705,209.978
28,2.97795,1.22393,-1.75402,0.245025,0.655278,0.435696,1.00996,169.949
29,2.47558,1.22038,-1.2552,0.278805,0.616809,0.518984,1.01182,151.546
30,1.50038,0.405879,-1.0945,0.157276,0.800522,0.250543,1.0112,157.202
31,0.617956,0.732081,0.114126,0.585995,0.350816,1.90017,1.01217,148.503
32,1.21714,0.413281,-0.80386,0.175889,0.778267,0.286523,1.01119,157.238
33,0.634462,0.729943,0.0954805,0.580738,0.35595,1.85952,1.01212,148.964
34,0.619883,0.720234,0.100351,0.581468,0.355213,1.8651,1.01234,147.115
35,0.56843,0.425176,-0.143254,0.387792,0.54712,0.850365,1.00716,208.041
36,0.561629,0.414534,-0.147096,0.382545,0.552075,0.83173,1.00705,209.978
37,1.27284,5.35209,4.07926,0.889163,0.0342381,10.7696,1.00898,181.517
38,0.564585,0.425185,-0.139401,0.389037,0.545765,0.854834,1.00712,208.774
39,1.34506,0.404023,-0.941041,0.163561,0.792888,0.262514,1.01121,157.108
40,2.91898,0.414517,-2.50446,0.0661537,0.908833,0.0951009,1.01058,163.276
41,0.564658,0.414526,-0.150132,0.381574,0.553137,0.828316,1.00708,209.382
42,3.86166,0.643857,-3.2178,0.428298,0.515927,1.00573,1.01007,168.702
43,1.94366,0.408674,-1.53498,0.143488,0.817428,0.224898,1.0112,157.173
44,0.589885,0.405539,-0.184345,0.367648,0.567737,0.780511,1.00731,205.57
45,1.94366,0.408675,-1.53498,0.143488,0.817428,0.224899,1.0112,157.173
46,1.34507,0.404298,-0.940767,0.163707,0.792717,0.262794,1.01121,157.124
47,0.668521,0.409181,-0.259341,0.353731,0.583443,0.734793,1.00792,196.15
48,0.46924,0.47653,0.00728999,0.463722,0.469111,1.16084,1.00557,238.893
49,0.66415,0.691801,0.0276513,0.559808,0.376511,1.70727,1.01262,144.831
50,1.51652,0.406422,-1.1101,0.157089,0.800857,0.25019,1.01117,157.444
51,1.54632,0.417888,-1.12843,0.161251,0.795915,0.258094,1.01112,157.992
52,0.564658,0.414526,-0.150132,0.381574,0.553137,0.828316,1.00708,209.382
53,0.890454,0.380544,-0.509911,0.310589,0.629739,0.604802,1.00858,186.717
54,3.83077,1.47079,-2.35998,0.604645,0.336107,2.05315,1.00108,411.808
55,0.564585,0.425185,-0.139401,0.389037,0.545765,0.854834,1.00712,208.774
56,0.564666,0.413169,-0.151496,0.3806,0.554099,0.824903,1.00708,209.481
57,1.21714,0.413281,-0.80386,0.175889,0.778267,0.286523,1.01119,157.238
58,0.668596,0.398219,-0.270378,0.345876,0.591329,0.70985,1.00787,196.773
59,0.623821,0.730525,0.106705,0.583797,0.352956,1.88305,1.01216,148.576
60,0.615864,0.733449,0.117585,0.587049,0.349791,1.90846,1.01216,148.574
61,0.619466,0.413437,-0.206029,0.366072,0.570087,0.775233,1.0076,200.923
62,0.521323,0.913154,0.391832,0.664166,0.277198,2.65495,1.0109,160.078
63,0.589904,0.403246,-0.186659,0.365965,0.56941,0.774877,1.0073,205.761
64,1.14395,0.74469,-0.399255,0.359098,0.566222,0.752188,1.01211,149.015
65,0.756813,0.676158,-0.0806551,0.536299,0.400115,1.55265,1.0126,144.961
66,4.63795,0.668641,-3.96931,0.191098,0.761721,0.317151,1.00583,233.088
67,0.564658,0.414526,-0.150132,0.381574,0.553137,0.828316,1.00708,209.382
68,1.11549,3.243,2.12751,0.803187,0.106187,5.47859,1.00544,241.79
69,1.96839,0.679987,-1.2884,0.270505,0.6665,0.497806,1.00876,184.317
70,0.619466,0.413437,-0.206029,0.366072,0.570087,0.775233,1.0076,200.923
71,0.668547,0.686442,0.0178945,0.556699,0.379586,1.68589,1.01271,144.135
72,0.665707,0.673857,0.0081496,0.552066,0.384145,1.65456,1.01299,141.942
73,0.587685,0.686171,0.0984862,0.578882,0.357671,1.84541,1.0131,141.07
74,1.07997,0.7226,-0.357373,0.360081,0.565382,0.755406,1.01226,147.76
75,0.619432,0.418673,-0.200758,0.369721,0.566447,0.787494,1.00762,200.694
76,0.595764,1.17144,0.575673,0.729551,0.21263,3.6214,1.00647,220.359
77,0.668521,0.409181,-0.259341,0.353731,0.583443,0.734793,1.00792,196.15
78,0.589904,0.403246,-0.186659,0.365965,0.56941,0.774877,1.0073,205.761
79,1.92085,0.397938,-1.52291,0.139171,0.82253,0.217038,1.01132,156.066
80,1.94239,0.388492,-1.55389,0.134167,0.828503,0.208025,1.01144,154.917
81,0.563802,0.746237,0.182434,0.609008,0.328651,2.09103,1.01227,147.66
82,0.617955,0.732013,0.114058,0.585975,0.350835,1.90002,1.01217,148.496
83,4.50517,0.382179,-4.12299,0.0940524,0.878814,0.139371,1.01076,161.464
84,0.564658,0.414526,-0.150132,0.381574,0.553137,0.828316,1.00708,209.382
85,0.668612,0.396274,-0.272338,0.344458,0.592753,0.70541,1.00787,196.909
86,1.34497,0.394677,-0.95029,0.15862,0.798678,0.253089,1.01127,156.512
87,0.46924,0.47653,0.00728999,0.463722,0.469111,1.16084,1.00557,238.893
88,1.78279,0.409692,-1.3731,0.148741,0.810999,0.234571,1.01118,157.343
89,1.34506,0.404023,-0.941041,0.163561,0.792888,0.262514,1.01121,157.108
90,0.668596,0.398219,-0.270378,0.345876,0.591329,0.70985,1.00787,196.773
91,1.73628,1.10843,-0.627849,0.427589,0.484069,1.00282,1.01087,160.333
92,0.64409,1.09416,0.450069,0.705184,0.234506,3.21112,1.00661,217.84
93,1.09029,0.41195,-0.678337,0.184419,0.768151,0.30356,1.01126,156.596
94,0.58787,0.704959,0.11709,0.586122,0.350653,1.90117,1.01276,143.735
95,0.616733,1.06033,0.443602,0.707506,0.232596,3.24727,1.00685,213.402
96,1.57375,0.825182,-0.748565,0.339015,0.587422,0.688546,1.01066,162.479
97,1.34669,0.404036,-0.942656,0.16349,0.792981,0.262377,1.01121,157.129
98,0.561566,0.423739,-0.137827,0.389015,0.545688,0.854754,1.00708,209.428
99,3.82501,0.369941,-3.45507,0.254285,0.6947,0.457776,1.00836,189.828
100,0.668671,0.389329,-0.279343,0.339317,0.597918,0.689475,1.00783,197.496