ObservedSChanges	ObservedNSChanges	E[SSites]	E[NSSites]	ObservedS.Prop.	P{S}	dS	dN	dN-dS	P{Sleq.observed}	P{Sgeq.observed}	ScaleddN-dS
2	0	1.000000000000001	2.000000000000002	1	0.3333333333333333	1.999999999999998	0	-1.999999999999998	1	0.1111111111111109	-0.5170427472723396
2	0	0.6766526009594607	2.163792626097137	1	0.2382206122174162	2.955726464605466	0	-2.955726464605466	1	0.0567490600852405	-0.7641184657225858
5	0	1.000000000000001	2.000000000000003	1	0.3333333333333333	4.999999999999994	0	-4.999999999999994	1	0.004115226337448097	-1.292606868180849
11	1	0.9998639531437802	2.000057550826144	0.9166666666666666	0.333296705203992	11.00149671904234	0.4999856127074642	-10.50151110633487	0.9999981208032815	4.698735260866282e-05	-2.714865076465188
0	0	1.000000000000001	2.000000000000003	0	0.3333333333333333	0	0	0	0	0	0
2	1	0.6766526009594608	2.16434727659183	0.6666666666666666	0.2381741042321621	2.955726464605466	0.4620330622610099	-2.493693402344456	0.9864891204713724	0.1431589527231227	-0.6446730438015432
6	0	1.000000000000001	2.000000000000002	1	0.3333333333333333	5.999999999999994	0	-5.999999999999994	1	0.001371742112482699	-1.551128241817019
2	0	0.6766526009594607	2.163792626097138	1	0.2382206122174162	2.955726464605466	0	-2.955726464605466	1	0.0567490600852405	-0.7641184657225858
2	0	0.6766526009594606	2.163792626097137	1	0.2382206122174162	2.955726464605467	0	-2.955726464605467	1	0.0567490600852405	-0.7641184657225859
1	5	0.6766526009594606	2.319628399595396	0.1666666666666667	0.2258308218869181	1.477863232302733	2.155517668636981	0.677654436334248	0.5920883026181047	0.7847142616041295	0.1751881557317743
3	0	1.000000000000001	2.000000000000002	1	0.3333333333333333	2.999999999999997	0	-2.999999999999997	1	0.03703703703703698	-0.7755641209085093
4	1	0.9998649574044639	2.000057126001686	0.8	0.3332969755898475	4.000540243338007	0.4999857189074894	-3.500554524430517	0.9958870174781712	0.04524953771853579	-0.9049681641440873
8	10	0.6789320400943571	2.320211027168749	0.4444444444444444	0.226375342845489	11.78321176135415	4.30995279433809	-7.473258967016064	0.9899761743852082	0.03319742339872545	-1.931997173691818
1	0	1.000000000000002	2.000000000000003	1	0.3333333333333334	0.9999999999999984	0	-0.9999999999999984	1	0.3333333333333334	-0.2585213736361697
4	1	0.9978991450619397	2.002100854938066	0.8	0.3326330483539792	4.008421111285469	0.4994753373855057	-3.508945773899963	0.9959278198823104	0.04492257735188265	-0.9071374814834523
8	1	0.9998603673966775	2.00013963260333	0.8888888888888888	0.333286789132225	8.001117216826474	0.4999650942861554	-7.501152122540319	0.9999492585475666	0.0009642789222963355	-1.939208150572996
2	0	0.6766526009594608	2.163792626097138	1	0.2382206122174162	2.955726464605466	0	-2.955726464605466	1	0.0567490600852405	-0.7641184657225856
10	2	0.9992999340769018	2.000700065923103	0.8333333333333334	0.3330999780256334	10.00700556358732	0.9996500895186508	-9.007355474068671	0.9999533047018099	0.000540336543694897	-2.328593909985508
3	6	0.6855203871569954	2.135045467064104	0.3333333333333333	0.2430435673505316	4.376237463106915	2.810244602542627	-1.565992860564288	0.8470302301366096	0.3798292764483836	-0.404842625417515
9	1	0.9950304631801818	2.004969536819822	0.9	0.3316768210600602	9.044949208123153	0.4987606951805102	-8.546188512942644	0.999983887934343	0.0003407674607625033	-2.20937239371959
2	4	0.6780526455014517	2.32124768298413	0.3333333333333333	0.2260702734773535	2.949623474326107	1.723211197720061	-1.226412276606045	0.8665383004209233	0.4084943734529181	-0.3170537863924573
13	12	0.6416926822390295	2.179338768402264	0.52	0.2274673974631357	20.25891888721511	5.506257298766609	-14.7526615884485	0.9996731439475736	0.001352459002735951	-3.813878338635269
3	3	0.6769324938392725	2.166071147257983	0.5	0.2381046876106042	4.431756530086596	1.384996057861572	-3.046760472225023	0.9683324138861742	0.1510718228702029	-0.7876527024199992
4	6	0.6807361024552078	2.318951299146133	0.4	0.226935680728534	5.875992158449094	2.587376458578183	-3.288615699870911	0.9459563019499977	0.1729279164365686	-0.8501774480921026
2	3	0.6772172025328105	2.322704760082122	0.4	0.2257449396925321	2.953262251047295	1.29159764579547	-1.661664605251826	0.9203960771669757	0.3161349976418369	-0.4295758162723063
5	8	0.6805161871034459	2.314260095453274	0.3846153846153846	0.2272343984648066	7.347363802295486	3.456828390083402	-3.890535412212084	0.9467050681375067	0.1524537123546483	-1.005786558945231
1	3	0.6814074466764651	2.318592553323538	0.25	0.2271358155588215	1.467550736167408	1.293888396087407	-0.1736623400800001	0.7762158604248839	0.6432099553838719	-0.04489542670635335
5	5	0.6876342615964403	2.13239024344548	0.5	0.243839817833859	7.271307262078234	2.34478656773494	-4.926520694343294	0.9825642231684764	0.07113805251526528	-1.273610897148647
1	1	0.9998600138679461	2.000139986132057	0.5	0.333286671289315	1.000140005730915	0.4999650059163289	-0.5001749998145857	0.8889199947408881	0.5554933373195181	-0.1293059280105378
3	3	0.6766526009594607	2.164138864173924	0.5	0.2381915776868506	4.433589696908199	1.386232671878536	-3.047357025029663	0.9682915439415908	0.151202568564613	-0.787806924070501
1	2	0.9953660261295432	2.00463397387046	0.3333333333333333	0.331788675376514	1.004655547556185	0.9976883690834029	-0.006967178472782054	0.7427978913439535	0.701639384139366	-0.00180116454915197
1	1	0.6766526009594607	2.164000977277247	0.5	0.2382031396378443	1.477863232302733	0.4621070001817666	-1.015756232120967	0.9432592642666736	0.4196655435423623	-0.2625946964074127
7	7	0.6766526009594606	2.323347399040543	0.5	0.2255508669864865	10.34504262611913	3.012894241683676	-7.332148384435456	0.9946809091563502	0.02234887212500891	-1.895517072048479
3	6	0.6767964055456835	2.322811271799498	0.3333333333333333	0.2256283082141881	4.432647655067224	2.583076840053285	-1.849570815013939	0.8767426339405844	0.3313021622582827	-0.4781535877347741
3	1	0.6773529989288503	2.163437837337246	0.75	0.238438180763479	4.429005267185836	0.4622272860082716	-3.966777981177565	0.9967677629929419	0.04452676940815192	-1.025496892603738
1	1	0.9998596340236831	2.000140365976321	0.5	0.3332865446745606	1.00014038568169	0.4999649109685729	-0.5001754747131173	0.8889200791388921	0.5554931684880133	-0.1293060507819585
3	0	1.000000000000001	2.000000000000002	1	0.3333333333333333	2.999999999999997	0	-2.999999999999997	1	0.03703703703703698	-0.7755641209085093
2	0	1.000000000000001	2.000000000000003	1	0.3333333333333333	1.999999999999997	0	-1.999999999999997	1	0.1111111111111109	-0.5170427472723395
11	7	0.9943973994605152	2.00560260053949	0.6111111111111112	0.3314657998201712	11.0619758317628	3.490222837822937	-7.571752993939866	0.9962823324861743	0.01379733366168234	-1.957459984827117
0	8	0.6875736820841465	2.140695307102301	0	0.2431075985746063	0	3.737103535219592	3.737103535219592	0.1077142501366473	0.8922857498633527	0.966121139345556
3	13	0.6885099125629351	2.124316551486936	0.1875	0.2447751119248315	4.357235742376877	6.119615266802174	1.762379524425296	0.424005387446265	0.7895357815574469	0.4556127755226877
1	4	0.6770929311836572	2.320336478922716	0.2	0.2258912016078565	1.476902141411895	1.7238879086438	0.2469857672319051	0.6835584892690866	0.72202226109085	0.06385109981337547
8	2	0.6814174474597404	2.161447880772954	0.8	0.2396938893631492	11.74023358195955	0.9253056794896117	-10.81492790246994	0.9999795175779644	0.0003039120035785992	-2.795890017122671
1	6	0.6494024538832082	2.175888622855854	0.1428571428571428	0.2298532916589767	1.539877150171417	2.75749408171683	1.217616931545412	0.4964289311055943	0.8393006038373476	0.3147800017057784
3	5	0.6961367997777111	2.124689254354009	0.375	0.2467847312875126	4.309497789741834	2.353285305017557	-1.956212484724277	0.8905877349592402	0.3134631400023278	-0.5057227386751454
8	11	0.8288422204064473	2.171157779593557	0.4210526315789473	0.276280740135482	9.652017963173936	5.0664212906992	-4.585596672474736	0.9474479855703586	0.1257492534789852	-1.185474750709619
3	2	0.6783348691073869	2.321665130892616	0.6	0.2261116230357954	4.422594409672122	0.8614506775277516	-3.56114373214437	0.9892945690695834	0.07994036934285764	-0.9206317693497998
6	7	0.6971742156786702	2.301152129417862	0.4615384615384616	0.2325211252667109	8.60617025854757	3.041954467291494	-5.564215791256076	0.9836269180625983	0.0589090959643932	-1.43846870956359
5	17	0.677956781693848	2.317378332251988	0.2272727272727273	0.2263375401761832	7.375101385530357	7.335875960952693	-0.03922542457766376	0.6210335563921361	0.5783437396043637	-0.01014061064327962
11	5	0.9997294251769825	2.000114459128499	0.6875	0.3332604841229723	11.00297712858923	2.499856934276965	-8.503120194312269	0.9992093078174227	0.004031741475024053	-2.198238312827065
5	4	0.677072571797807	2.163928532776038	0.5555555555555556	0.2383218263124783	7.384732757263635	1.848489882828303	-5.536242874435333	0.9922131247944928	0.04039123522282762	-1.431237112682481
3	5	0.6900361132626632	2.301777317945984	0.375	0.2306414250516614	4.347598542075211	2.172234455964578	-2.175364086110633	0.9112388754209884	0.273962393641492	-0.5623781117001125
12	3	0.9526037411861739	2.023698129406918	0.8	0.3200628775589713	12.59705319344821	1.482434537249489	-11.11461865619872	0.9999807996857324	0.0001844883129987762	-2.873366482442695
3	14	0.3137426273817056	2.686012700782046	0.1764705882352941	0.1045894058212267	9.561977679080695	5.212186820979599	-4.349790858101096	0.905860361421306	0.259824641165596	-1.12451390766635
5	7	0.6780922050036787	2.299472672741634	0.4166666666666667	0.227733813651492	7.373628487548938	3.044176207431934	-4.329452280117005	0.9642899451888018	0.1151853068912192	-1.119255950548097
7	39	0.9403772982985578	2.049206365176964	0.1521739130434783	0.3145512566807808	7.443820701185823	19.03175817855322	11.5879374773674	0.01008064902701249	0.9964569525378898	2.995729514259075
1	3	0.9974798753395199	1.822518602220044	0.25	0.3537164588126807	1.002526491734605	1.646073733538656	0.6435472418040507	0.5563892816789736	0.8255413996905114	0.1663707169509517
4	5	0.9982456645289236	2.000742122666371	0.4444444444444444	0.3328608635190543	4.007029674291265	2.499072690755641	-1.507956983535624	0.8558790444142627	0.3485316339789368	-0.3898391107678849
17	20	1.073789415450051	1.920654480939126	0.4594594594594595	0.3585939334995958	15.831782056517	10.41311709028517	-5.418664966231834	0.9247036204870532	0.1345145456119433	-1.400840710344445
2	13	0.6772852992637797	2.322633056799646	0.1333333333333333	0.2257679106149182	2.95296531930345	5.597095917472513	2.644130598169063	0.3079470920320637	0.8842907591771028	0.6835642743120942
8	5	0.6771370024182883	2.322171923969445	0.6153846153846154	0.225764340732253	11.81444814185203	2.153156684218782	-9.661291457633247	0.9995590595278148	0.002857442529552001	-2.497650338726743
10	6	0.9993011031532172	2.000698896846786	0.625	0.3331003677177387	10.00699385645205	2.99895202094445	-7.0080418355076	0.9959853566238263	0.01586245262578956	-1.811728601815171
2	3	1.000000000000001	1.678054466773132	0.4	0.3734054002288202	1.999999999999998	1.787784639534941	-0.2122153604650572	0.7274158137931367	0.6156055204656313	-0.05486220649412156
23.5	24.5	1.45462448017817	1.451173649567452	0.4895833333333333	0.5005937836106702	16.15537227664531	16.88288648798347	0.7275142113381676	0.4967347051469312	0.6154062134680837	0.188077973254978
4	1	1.000000000000001	2.000000000000002	0.8	0.3333333333333333	3.999999999999996	0.4999999999999994	-3.499999999999996	0.9958847736625519	0.04526748971193373	-0.9048248077265941
4	4	0.8192662618099138	2.180733738190091	0.5	0.2730887539366375	4.882417580779227	1.834245020357147	-3.04817256042208	0.9605033654733404	0.148198964968042	-0.7880177574003977
5	4	0.6780689787205066	2.321402642283649	0.5555555555555556	0.2260628085200901	7.373881060647888	1.723096169161354	-5.650784891486534	0.994103122356027	0.03258628975960209	-1.460848672269615
8	15	0.6532605170872612	2.122729962276376	0.3478260869565217	0.235325200840391	12.24626284727901	7.066372203044745	-5.179890644234263	0.9301864065306987	0.1522223694067474	-1.339112444632587
2	2	0.6766526009594607	2.163930679695612	0.5	0.2382090345907466	2.955726464605466	0.9242440244348903	-2.031482440170576	0.9555921899166682	0.2419861553855327	-0.525181630950656
11	8	0.6780486654072252	2.321120113558712	0.5789473684210527	0.2260788623043098	16.22302433615672	3.446611811800855	-12.77641252435587	0.9998238603169883	0.0009432390010880587	-3.302975715938846
2	3	0.99878106463064	2.000515636593661	0.4	0.3330050889006551	2.002440845972207	1.499613372234466	-0.5028274737377403	0.7906095052886888	0.5384461066771482	-0.1299916492126858
1	8	0.6925985931913403	1.639673414538633	0.1111111111111111	0.2969630432881859	1.443837758018281	4.879020376293056	3.435182618274776	0.2014603783049129	0.9580430995337293	0.8880681291674902
8	4	0.6769317782536616	2.319336078250337	0.6666666666666666	0.225924987575542	11.81802990640841	1.72463147428704	-10.09339843212137	0.999829077342377	0.001377212106420722	-2.609359227329182
7	2	0.6775277615878231	2.322121951867822	0.7777777777777778	0.2258689601484502	10.33167996481077	0.8612812080740548	-9.470398756736714	0.9999512734797985	0.0006957608607512933	-2.448300495473852
6	10	0.6768666734958694	2.321606704273851	0.375	0.2257370962550704	8.864374972121619	4.307361785952365	-4.557013186169254	0.9510185812179011	0.1310215204073664	-1.178085308566615
4	10	0.6810441956859069	2.317166322908409	0.2857142857142857	0.2271502255969698	5.873333955913742	4.315615975053713	-1.557717980860029	0.805196723656932	0.3974024232288211	-0.402703392149696
3	2	0.6784671465162888	2.321118447940022	0.6	0.2261869598821247	4.42173215815097	0.8616535712664675	-3.560078586884503	0.9892810831576511	0.08000958965009841	-0.9203564065340968
0	12	0.1172642491436109	2.882571814459022	0	0.0390902191511036	0	4.162949189958712	4.162949189958712	0.619714086005961	0.380285913994039	1.076211342965708
2	8	0.6877293785756359	2.123700210718555	0.2	0.2446191009707236	2.908120639170923	3.76701003259457	0.8588893934236466	0.5418083329961121	0.7436358754705852	0.222041265789418
4	15	0.6767919870557427	2.086437450655548	0.2105263157894737	0.2449279013241519	5.910235458610043	7.189288130965573	1.27905267235553	0.4860806446746911	0.7201547261584959	0.3306624538103656
10	27	1.011576291797696	1.803146179273645	0.2702702702702703	0.3593875780629518	9.885561851423745	14.97382758555733	5.08826573413358	0.1692709951146917	0.9058387473784764	1.315425447014068
6	4	0.6868964374690696	1.644934179851183	0.6	0.2945738993076836	8.73494121196425	2.431708240363684	-6.303232971600565	0.990499994829324	0.04347747020287596	-1.629520446166976
6	8	0.6902415717195681	2.129902088794439	0.4285714285714285	0.2447540461799605	8.692608857291031	3.756041201184106	-4.936567656106925	0.9656804033769084	0.1026543876933124	-1.276208251504651
5	11	0.6403385012382936	2.172520477757514	0.3125	0.2276468553951094	7.808370089149638	5.063243413638271	-2.745126675511367	0.8647774302027974	0.2910220547138185	-0.7096739189584914
3	14	0.6737878499903375	2.301359383964528	0.1764705882352941	0.2264721027250375	4.452440037384203	6.083361033287353	1.63092099590315	0.4409919856169059	0.7758866567357473	0.4216279361529528
6	14	0.9953997331608624	2.003621971086361	0.3	0.33190814583008	6.027729162581928	6.98734601737733	0.959616854795402	0.4847992861119882	0.6980939765632544	0.2480814674661285
5	9	0.677477572924689	2.162958338419843	0.3571428571428572	0.2385118320110247	7.38031810915137	4.160967800505571	-3.219350308645798	0.9074815511106459	0.2255584228491619	-0.8322708640071398
2	0	0.6766526009594607	2.163792626097137	1	0.2382206122174162	2.955726464605466	0	-2.955726464605466	1	0.0567490600852405	-0.7641184657225858
1	7	0.6887487925963702	2.131638173520549	0.125	0.244203650375194	1.451908171381773	3.28385937489523	1.831951203513457	0.381689974089977	0.8935272870568612	0.4735985415667339
2	8	0.6772815740503463	2.322231141874083	0.2	0.2257972004768157	2.952981561331135	3.44496284445822	0.4919812831270853	0.5991364461419793	0.6969970398873148	0.1271876771172996
10	14	0.6766526009594608	2.010589801687518	0.4166666666666667	0.2518018472367609	14.77863232302733	6.963130912257483	-7.815501410769846	0.9775177415708504	0.05710458480199598	-2.020474160367645
3	14	0.8077495831359114	2.006387497664284	0.1764705882352941	0.2870327777018699	3.714022343847155	6.97771493108782	3.263692587240665	0.2360048159328177	0.9050140744568547	0.8437342907796425
6	7	0.6897290919425938	1.635055542470531	0.4615384615384616	0.2966851560065955	8.699067605081359	4.281200129399374	-4.417867475681985	0.94097545568501	0.1586431998612865	-1.142113168355866
6	16	0.6772703146993281	2.316928291661626	0.2727272727272727	0.2261941854025706	8.859091960443711	6.905694948601675	-1.953397011842037	0.7867873329149676	0.378338470305791	-0.5049948787581933
8	22	0.945619185392734	2.053739841029847	0.2666666666666667	0.3152737558466284	8.460065239346264	10.71216497848535	2.252099739139085	0.3615983949297963	0.7758845881893215	0.5822159181278966
0	13	0.08131045950010389	2.918525634603494	0	0.02710496738802685	0	4.45430386009481	4.45430386009481	0.699612914635129	0.300387085364871	1.151532752504605
7	12	0.6776305408296617	2.318608093507965	0.3684210526315789	0.2261604042694898	10.33011291290015	5.17551889584085	-5.1545940170593	0.9539990638263645	0.1163169912841684	-1.332572725826954
0	5	0.003800103441438208	1.721546542460364	0	0.002202515912071672	0	2.904365276615876	2.904365276615876	0.9890358244749555	0.01096417552504447	0.7508405008519312
3	12	0.6767113655516426	2.321189978128598	0.2	0.2257283639363889	4.433204690679985	5.16976211041317	0.7365574197331846	0.5510097083734451	0.6919252411240933	0.1904158359113359
15	14	0.6555885642845553	1.690580845753812	0.5172413793103449	0.2794293376597363	22.88020386134941	8.281177463451945	-14.59902639789747	0.9981542445524633	0.005746818249934615	-3.774160358135162