dN,dS,dN/dS,dS=dN,LRT,p-value,Full Log(L)
0.7337143191045734,1.674918229050707,0.4380597848770329,0.9293029833618993,1.160099468221091,0.2814449126148845,-64.06770175981816
0.1729730493077737,2.039916828568179,0.0847941675294594,0.7288036264801732,7.393251190539544,0.006546904509497242,-40.72379754183835
0,0.8125550378660338,0,0.2424578341809149,4.833107103058424,0.02791827315489603,-17.16469147865589
0,1.66071764566853,0,0.3949087058295491,8.59786990132136,0.003365564195350612,-21.59401130417673
0.1697025122230209,1.469885777207572,0.1154528568508327,0.6456925055074926,5.546235903720898,0.01852047380744626,-46.52341475709056
0,0.29598588417161,0,0.1077945499442387,2.019710225959425,0.155268769680907,-11.85573925895585
0,0,0,0,0,1,0
0,2.039004976343448,0,0.6067946372747317,12.09325235232293,0.0005060462520866116,-32.46193267618847
0,2.236934035058083,0,0.5277040232044078,11.51761718496359,0.0006893970154144835,-27.34042931619993
0,0.798322638856098,0,0.2379601281672622,4.837552304546499,0.02784639281795598,-18.07638792688505
0,0,0,0,0,1,0
0.4388209337847155,0.4049412692719913,1.083665625322985,0.4298334252212136,0.004898373582108206,0.9442029069737258,-34.93715248153526
0.1729135258737677,1.112940023530223,0.1553664368411242,0.3956731681605253,2.473995550171253,0.1157433636198226,-26.51288945600584
0,1.112549661842407,0,0.2636143201975698,5.750665458633335,0.01648241196623856,-16.15661640134488
0,0,0,0,0,1,0
0,0,0,0,0,1,0
0.1698188072713412,0.3983516091460944,0.4263038064170605,0.2381203731755636,0.3526514959261604,0.5526160066684153,-21.17334840801104
0.1697127956105809,0.8900856434351436,0.1906701864728448,0.4318542356213467,2.468422218220198,0.1161544701547984,-33.98430878406015
0,1.218553157387388,0,0.32204284194156,7.973983475347957,0.004745439628538684,-23.04811617071136
0.1697366932491383,2.2326638852504,0.07602429294013589,0.815757000477485,8.910949107311382,0.002834659020152119,-50.16675320998544
0,2.788954882392816,0,0.5252308338504799,16.63379999817082,4.533586001287393e-05,-32.25589630193824
0.2921088632031817,0.556088584030678,0.5252919617336846,0.3469860180525777,0.2535914758304045,0.6145574854255933,-29.11047923455911
0.4386170174137497,1.638030016678297,0.2677710499488927,0.7540250955440887,2.943619241344933,0.0862173516900353,-54.83007284705941
0,1.220961106141266,0,0.3638800571122521,7.253791591696356,0.007075146555280409,-22.57406619182478
2.991756153727031,1.200898030855967,2.491265766831668,2.276384218044277,3.052277604460443,0.08062400422991745,-121.2903659795014
0.1460089330859255,0.8136213485286019,0.1794556317259572,0.3223102119231468,2.116848994953415,0.1456860069165189,-27.92099629979964
0.146060324511747,1.455708738624647,0.1003362284200786,0.4489182401370221,4.798849079836174,0.02847875552925838,-32.28398957493835
0,0.3975536620298212,0,0.1188470296922924,2.414051759685549,0.1202507656309206,-11.72606446494265
1.014915750393105,2.383999079950028,0.4257198582536277,1.752961234604007,2.37316190983924,0.1234368105757128,-102.8001863901657
0,1.673545456968982,0,0.3956191300740808,8.632941502631894,0.003301380709851198,-22.27125542057148
0,2.459508354889228,0,0.7292864843991744,14.54873967569189,0.0001365799830503889,-35.65766095448669
0,0.7388610493765826,0,0.2323784786939234,4.62303289030821,0.03154541365447083,-17.9856489832276
0.1577776284173129,1.222756445889034,0.1290343869768741,0.4549821081069126,3.806800283176365,0.05104487468763153,-31.88205548267379
0.3154353454704961,3.930673438418315,0.08024969522714301,1.015781824875525,11.46688864094658,0.0007084719385072047,-54.2146421169674
0,0,0,0,0,1,0
0.5852101422445593,0.4075684525188057,1.435857310907931,0.5382288670087614,0.1123974866235358,0.737430968230476,-44.44645260376949
0.78972592167809,0.4096643731391194,1.927738835639252,0.6840041886469386,0.4115916118413452,0.5211627696088253,-53.80842067723771
0,2.040920206541188,0,0.6069861334590333,12.09963976560697,0.0005043156528085069,-31.06470551513798
1.593725500521302,2.991730045857402,0.5327103301743775,2.079455237991593,1.548516234392679,0.2133546186482684,-103.8629158184846
0,0.397811402044514,0,0.1188700257921481,2.414959225881599,0.1201810992538987,-11.72550160305189
0.3398658742204986,0.8838577793471096,0.3845255222752598,0.5389043334826561,1.123732156205307,0.2891162412287368,-45.49418385718773
0.172903640940397,0.8109609929587632,0.2132083323879291,0.3637372884213695,1.717782135792817,0.1899787833284079,-26.82208389310361
0.5850949865305991,0,inf,0.4633765133996844,1.865485928632566,0.1719929784551568,-34.18250182717834
0.4470363709543224,0.2921763933144754,1.530022209813399,0.3798961718095087,0.1254466250699622,0.7232006559007647,-27.04752842557866
0,0,0,0,0,1,0
0.5200749069965958,2.446086998046781,0.2126150490198753,1.094669627003524,5.158098306719481,0.02313821900297963,-60.21865773809536
0.4752628525774415,0,inf,0.3692902812227667,1.513051720119456,0.2186740109390822,-28.59740540481272
0.1460068900251693,0,inf,0.1155918624692352,0.4671523931735138,0.4943001260189178,-14.35414269671126
0.4763225062623627,1.219671961525713,0.3905332919734588,0.6850694005212878,1.276155495083913,0.2586150816237206,-48.99109267754194
0.6996804450425036,2.431934716349045,0.2877052744626726,0.8518606703103971,1.837804568487428,0.1752084834307966,-59.44125656698196
0,0,0,0,0,1,0
0.1730073224019219,1.628190981560573,0.1062573889434638,0.6070048279013099,5.369124597613251,0.02049626157164219,-36.6157342528747
1.20103803023017,0.4670072950372088,2.571775736681967,1.022714624417748,1.004080343073696,0.3163251945584385,-73.4326995784474
0.7490067318613952,0.4653827231034445,1.609442496847712,0.6799998846407003,0.2085220492751176,0.6479282809468051,-48.02138209757375
0.8285809195455942,1.302562423860009,0.6361160926861229,0.9113462380763327,0.2820625735689788,0.5953525088767999,-60.44353427491749
0.4629538265794015,0,inf,0.4627721707126994,0.003135051653003984,0.955348553087859,-36.19432761189219
0.5102987917716078,0.3690346559083904,1.382793685095757,0.4657157625343522,0.08286983704394402,0.7734453209327976,-32.78644279431352
0.4748453174711777,1.629629278131287,0.2913824167516724,0.7979433986595811,2.588757298901001,0.1076247474741981,-50.80865869159257
0.149353581101194,1.429434049350984,0.1044844154712881,0.5266104910700055,5.456790072775973,0.0194924232371162,-37.26782065632292
0.5855555261842001,0.4046495557177852,1.447068254271319,0.5375177609853075,0.1170769787293438,0.7322266226136259,-41.49860408970269
0.7323313668332229,0.8120778447056046,0.9017994661567309,0.7534550022223413,0.0149833952887235,0.9025769484931714,-54.98502319393475
0.1579978320160919,1.11396489388203,0.1418337623419074,0.3691585385596547,2.712871433243741,0.09954167168202266,-26.59960559672276
0.6921282967480544,0.4086332831628146,1.693763883820215,0.6204256316901321,0.2585471074979324,0.6111200728850738,-49.24556843559493
0.1493581140536915,0.466452249630236,0.3202002223637896,0.2260114734660549,0.6110624820172461,0.4343880471873443,-20.19540531101497
2.302147853661152,1.209645691069915,1.903158809770929,1.917198800293154,1.428734699693251,0.2319710472444553,-116.1216365591751
0.5520754491864922,0.4086965018356924,1.350820099283458,0.5158916194619074,0.07656045338427475,0.7820138530527306,-44.76393968272933
0.8801710876701594,0.8093377079765172,1.08752017729501,0.8613377985131401,0.01067005102405005,0.9177280985559156,-58.22836756359457
0.6310777134050719,0.8173180680755512,0.7721323411961283,0.6829134271356513,0.0861382288302508,0.7691452349660454,-49.85816451350073
0.6814256521830315,0,inf,0.4324191298741155,3.635037042272543,0.05657534552754728,-37.93534957768794
2.997317771013519,0.8992676638359595,3.333065216898844,2.157590065751875,4.572538276573908,0.03248839368992984,-119.4048944494109
0.2926445646163666,0.5543413834024427,0.5279139775208005,0.3472620471320282,0.2498677146402031,0.6171682390662212,-27.48038598975422
0,0,0,0,0,1,0
0.1730020551143107,1.67129163450459,0.103513983761184,0.5278167148407327,4.666969590123763,0.03074813692989919,-31.92488070594819
0.4751808434810805,0.5547747700492579,0.8565292964546489,0.4928475370167651,0.01747477347286974,0.8948322832545055,-37.34012195840757
2.212704254919259,1.830088763710095,1.209069362533814,1.992320167401809,0.1508495271628476,0.6977248381637021,-115.091923465643
1.39907935506212,0.397468177550862,3.519978287778993,1.09307138504523,1.920494985902963,0.1658021037412544,-62.09670578078841
0.1580380926957266,1.112232680048127,0.1420908552056645,0.3691041991917894,2.708014507609455,0.09984519104289091,-26.60431748388151
0.4451213040269068,0.2917610365507967,1.525636559593897,0.3934159630027191,0.142748868798563,0.705563414291269,-34.42783617605393
1.022520603105612,2.237561390565947,0.4569799101006948,1.403412767071395,1.78502693900117,0.1815332569600289,-89.31606025387532
0.1492562273891017,1.877246814663704,0.0795080466900885,0.566179714844677,6.898248513415979,0.008628023742181856,-41.58016614532972
0.4386779389860202,0.5558199515644849,0.7892446785173126,0.4630563224638921,0.04024075866442445,0.8410105810368432,-36.55959141552275
0.1580504302922303,2.801235702038626,0.0564216821087949,0.7391701253812,10.18352877805967,0.001417007368315071,-42.37033575290714
0.6954815971322831,8.855808549796095e-14,7853394675614.307,0.6947757612894029,0.01215731412895593,0.9122030118406345,-48.30750763793651
0.8519702666439104,0,inf,0.5378096627037654,4.594830640235998,0.03206851102492092,-40.9726771202258
1.782350397370807,2.208180772111648,0.8071578286891674,1.904633012805729,0.1778203571736867,0.6732531213063756,-114.9823682123211
0.3170105199429597,1.666535680655558,0.1902212617603594,0.6163803428664776,3.292333809186232,0.06960402278049127,-40.85481902944394
1.024927490183258,0.811697038137375,1.26269709266796,0.9684401244476135,0.08793362282887074,0.7668207482316457,-72.03964335525961
0.9561706412387942,0.7431047077014664,1.286723972179335,0.8837768692896322,0.09364158139109691,0.7595977020927078,-56.64331333643251
0.63185489960366,0.816314234481973,0.7740339111011956,0.6832648340496403,0.08446195416722446,0.7713393700940792,-48.69543937566977
1.924809825674278,0.3708022273689777,5.190933828342243,1.39238938723345,3.808899708708424,0.05098092969547485,-76.22618476792915
1.026597655852561,0.8119134436351004,1.26441760990713,0.9696690307693198,0.08895968358478967,0.7655038917873982,-68.53995027116655
0.169726290735108,0.5847932667706693,0.2902329769840994,0.3221919535467351,1.101921862539939,0.2938447224465194,-28.44543399370907
0.5102395073278486,0.5934849446164802,0.8597345424787041,0.540571362551162,0.02706600434287054,0.8693237797322918,-43.85460921181987
1.430967717313805,2.223827181924621,0.6434707377195417,1.606935263553996,0.5014405407067386,0.478867844116557,-88.08054307287901
0,0,0,0,0,1,0
0.1696330050330461,0.2923923457604798,0.5801554229877313,0.2147085371451482,0.1463345653141062,0.7020630812242907,-19.52859935438208
0.5090775902907122,0.2965652624952418,1.71657862423749,0.4317294026108906,0.2373587217020514,0.6261203274784539,-36.90521271980123
2.376627435609318,2.157406734489973,1.101613060539171,2.302731812865737,0.03861134870334126,0.8442206275504173,-118.1817058820947
1.962520498736179,1.112945623164862,1.763357039093606,1.770085379757579,0.6246936516435539,0.4293084245712819,-90.13391113268389
0.3282945898265125,0,inf,0.227157632569354,1.472474236077005,0.2249557204526726,-19.28331809504861