Codon,alpha,beta,beta-alpha,Prob[alpha<beta],Prob[alpha>beta],BayesFactor,PSRF,Neff
1,1,0.435052,-0.564948,0.0438572,0.948837,0.243029,0.997422,1025.46
2,1,0.709413,-0.290587,0.130829,0.85237,0.79751,0.995683,3581.63
3,1,0.435052,-0.564948,0.0438572,0.948837,0.243029,0.997422,1025.46
4,1,0.435052,-0.564948,0.0438572,0.948837,0.243029,0.997422,1025.46
5,1,0.435052,-0.564948,0.0438572,0.948837,0.243029,0.997422,1025.46
6,1,0.435052,-0.564948,0.0438572,0.948837,0.243029,0.997422,1025.46
7,1,0.435052,-0.564948,0.0438572,0.948837,0.243029,0.997422,1025.46
8,1,0.444026,-0.555974,0.0467531,0.945635,0.259863,0.9973,1079.24
9,1,0.435052,-0.564948,0.0438572,0.948837,0.243029,0.997422,1025.46
10,1,0.435052,-0.564948,0.0438572,0.948837,0.243029,0.997422,1025.46
11,1,0.435052,-0.564948,0.0438572,0.948837,0.243029,0.997422,1025.46
12,1,0.421183,-0.578817,0.0395321,0.95365,0.218075,0.997625,946.891
13,1,0.435052,-0.564948,0.0438572,0.948837,0.243029,0.997422,1025.46
14,1,0.683956,-0.316044,0.119235,0.864559,0.717269,0.995706,3465.58
15,1,0.674806,-0.325194,0.114912,0.869133,0.687889,0.995732,3343.26
16,1,0.952941,-0.0470586,0.24556,0.730819,1.72453,0.99602,2412.78
17,1,0.435052,-0.564948,0.0438572,0.948837,0.243029,0.997422,1025.46
18,1,0.446197,-0.553803,0.0474633,0.944852,0.264007,0.997272,1092.45
19,1,0.435052,-0.564948,0.0438572,0.948837,0.243029,0.997422,1025.46
20,1,0.435053,-0.564947,0.0438573,0.948837,0.243029,0.997422,1025.46
21,1,0.42129,-0.57871,0.0395675,0.953611,0.218278,0.997623,947.554
22,1,0.446219,-0.553781,0.0474709,0.944844,0.264051,0.997272,1092.59
23,1,0.435052,-0.564948,0.0438572,0.948837,0.243029,0.997422,1025.46
24,1,0.709414,-0.290586,0.130829,0.85237,0.797512,0.995683,3581.61
25,1,1.62104,0.621045,0.479355,0.496408,4.87814,0.99906,614.567
26,1,0.444214,-0.555786,0.0468165,0.945566,0.260233,0.997298,1080.43
27,1,0.419065,-0.580935,0.0388921,0.954366,0.214402,0.997657,935.588
28,1,0.446229,-0.553771,0.0474734,0.944841,0.264066,0.997272,1092.64
29,1,0.416106,-0.583894,0.0379989,0.955366,0.209284,0.997703,919.872
30,1,0.446229,-0.553771,0.0474734,0.944841,0.264066,0.997272,1092.64
31,1,0.427382,-0.572618,0.0414422,0.95152,0.229068,0.997532,981.227
32,1,0.444026,-0.555974,0.0467531,0.945635,0.259863,0.9973,1079.24
33,1,0.419062,-0.580938,0.0388877,0.954371,0.214377,0.997657,935.469
34,1,0.446204,-0.553796,0.0474672,0.944849,0.26403,0.997272,1092.52
35,1,0.402989,-0.597011,0.0341794,0.959661,0.187502,0.997909,855.065
36,1,0.645163,-0.354837,0.1005,0.884527,0.591978,0.995885,2774.22
37,1,0.680316,-0.319684,0.117525,0.866366,0.705612,0.995715,3421.56
38,1,0.446229,-0.553771,0.0474734,0.944841,0.264066,0.997272,1092.64
39,1,0.73405,-0.26595,0.141303,0.841453,0.871868,0.995721,3393.38
40,1,0.683762,-0.316238,0.119144,0.864654,0.71665,0.995706,3463.41
41,1,0.435052,-0.564948,0.0438573,0.948837,0.243029,0.997422,1025.46
42,1,0.681307,-0.318693,0.117993,0.865871,0.708798,0.995713,3434.31
43,1,0.65994,-0.34006,0.10775,0.876748,0.639841,0.995797,3077.95
44,1,0.675346,-0.324654,0.11517,0.86886,0.689631,0.99573,3351.55
45,1,0.419062,-0.580938,0.0388877,0.954371,0.214377,0.997657,935.469
46,1,0.87027,-0.12973,0.186724,0.794938,1.21647,0.996394,1772.08
47,1,0.446229,-0.553771,0.0474734,0.944841,0.264066,0.997272,1092.64
48,1,0.444047,-0.555953,0.0467606,0.945627,0.259906,0.9973,1079.38
49,1,0.409555,-0.590445,0.0360618,0.95754,0.198216,0.997805,886.492
50,1,0.435052,-0.564948,0.0438572,0.948837,0.243029,0.997422,1025.46
51,1,0.444026,-0.555974,0.0467531,0.945635,0.259863,0.9973,1079.24
52,1,0.492626,-0.507374,0.0629471,0.928018,0.355919,0.996843,1344.55
53,1,1.16928,0.169275,0.312792,0.663799,2.41161,0.99738,1043.26
54,1,0.409555,-0.590445,0.0360618,0.95754,0.198216,0.997805,886.492
55,1,0.444026,-0.555974,0.0467531,0.945635,0.259863,0.9973,1079.24
56,1,0.71098,-0.28902,0.131516,0.851651,0.802334,0.995684,3577.22
57,1,0.443167,-0.556833,0.0464709,0.945946,0.258218,0.997312,1073.98
58,1,0.419062,-0.580938,0.0388877,0.954371,0.214377,0.997657,935.469
59,1,0.671086,-0.328914,0.113134,0.871019,0.67589,0.995746,3283.48
60,1,0.427382,-0.572618,0.0414422,0.95152,0.229068,0.997532,981.227
61,1,0.664517,-0.335483,0.109973,0.874378,0.654671,0.995774,3166.61
62,1,0.447132,-0.552868,0.0477629,0.94452,0.265757,0.997261,1098.03
63,1,0.435052,-0.564948,0.0438572,0.948837,0.243029,0.997422,1025.46
64,1,0.443167,-0.556833,0.0464709,0.945946,0.258218,0.997312,1073.98
65,1,0.446229,-0.553771,0.0474734,0.944841,0.264066,0.997272,1092.64
66,1,0.735649,-0.264351,0.141999,0.840726,0.876876,0.995725,3378.01
67,1,0.733834,-0.266166,0.14121,0.841551,0.871199,0.995721,3395.47
68,1,0.439829,-0.560171,0.0453902,0.94714,0.251927,0.997356,1053.88
69,1,0.68329,-0.31671,0.118923,0.864888,0.715139,0.995708,3458
70,1,0.435052,-0.564948,0.0438572,0.948837,0.243029,0.997422,1025.46
71,1,0.439783,-0.560217,0.0453737,0.947157,0.251831,0.997357,1053.57
72,1,0.421183,-0.578817,0.0395321,0.95365,0.218075,0.997625,946.891
73,1,0.92782,-0.0721802,0.200982,0.780558,1.33272,0.996693,1461.79
74,1,0.419062,-0.580938,0.0388877,0.954371,0.214377,0.997657,935.469
75,1,0.443173,-0.556827,0.0464745,0.945942,0.258239,0.997312,1074.06
76,1,0.729863,-0.270137,0.139569,0.843256,0.859431,0.995711,3440.03
77,1,0.439783,-0.560217,0.0453737,0.947157,0.251831,0.997357,1053.57
78,1,3.03493,2.03493,0.761779,0.223331,16.9429,1.00282,321.304
79,1,0.42734,-0.57266,0.0414319,0.951532,0.229008,0.997533,981.069
80,1,0.430728,-0.569272,0.0424901,0.950355,0.235117,0.997483,1000.33
81,1,0.727913,-0.272087,0.138764,0.844092,0.853677,0.995707,3461.03
82,1,0.409555,-0.590445,0.0360618,0.95754,0.198216,0.997805,886.492
83,1,1.19194,0.19194,0.366647,0.606294,3.0672,0.996776,1394.41
84,1,0.409555,-0.590445,0.0360618,0.95754,0.198216,0.997805,886.492
85,1,0.732672,-0.267328,0.140731,0.842048,0.867759,0.995718,3408.88
86,1,0.419062,-0.580938,0.0388877,0.954371,0.214377,0.997657,935.469
87,1,0.709077,-0.290923,0.130679,0.852526,0.796462,0.995683,3582.19
88,1,0.421183,-0.578817,0.0395321,0.95365,0.218075,0.997625,946.891
89,1,0.66217,-0.33783,0.108832,0.875596,0.647045,0.995785,3121.61
90,1,0.726172,-0.273828,0.138033,0.844852,0.848463,0.995703,3477.98
91,1,0.420637,-0.579363,0.0393625,0.953839,0.217101,0.997633,943.837
92,1,0.402989,-0.597011,0.0341794,0.959661,0.187502,0.997909,855.065
93,1,0.435052,-0.564948,0.0438572,0.948837,0.243029,0.997422,1025.46
94,1,0.697761,-0.302239,0.125614,0.857837,0.76116,0.995684,3572.62
95,1,0.392085,-0.607915,0.031177,0.963061,0.170502,0.998084,807.003
96,1,0.413648,-0.586352,0.037267,0.956186,0.205096,0.997741,907.163
97,1,0.7103,-0.2897,0.131219,0.851962,0.800247,0.995683,3579.39
98,1,0.709617,-0.290383,0.130919,0.852275,0.798143,0.995683,3581.23
99,1,0.444026,-0.555974,0.0467531,0.945635,0.259863,0.9973,1079.24
100,1,0.708849,-0.291151,0.130581,0.852628,0.795777,0.995682,3583.07