dN/dS,LRT,p-value,Log(L)
9.555848176237971e-17,54.67322248994638,7.116529587847253e-14,-24.03118617367506
0.03489366420619791,47.75923296518602,2.409572541495208e-12,-74.59678544242568
0.03496561607398058,47.65608981442125,2.539690679981277e-12,-70.70732043403792
0.07011671248311872,41.63055002087887,5.51284018435183e-11,-76.80722711869872
5.840566125974614e-16,56.48164182160801,2.836619827917275e-14,-64.11794237868367
2.731941657024047e-16,56.4816341893344,2.836619827917275e-14,-63.98338031228436
5.840566125974614e-16,56.48129798102138,2.836619827917275e-14,-74.1147154448019
0.03604699044543626,45.93966050747267,6.097566895846285e-12,-44.23856233204802
5.114956077737342e-17,54.67919987164736,7.09432512735475e-14,-32.30598988155383
3.17603086687411e-16,54.67118048819441,7.122080702970379e-14,-43.0256916702732
0.07003393112611132,41.69910076283981,5.322897678183836e-11,-96.99762998654843
0.03618161085383877,46.37948141294351,4.871547609752724e-12,-85.9633341872957
0.3374393900235482,17.04658706658131,1.823693497232659e-05,-96.45768673657186
0.0724931059323177,39.84706920459293,1.373229863155245e-10,-41.91007775686022
5.840566125974614e-16,56.48124246403677,2.836619827917275e-14,-81.7652518373642
0.03513990821076538,47.36472019470065,2.946698440808859e-12,-82.63702359302613
0.0360470289985063,45.93241129903417,6.120215445548638e-12,-43.68665054052817
0.5441553311650194,7.09816479581923,0.003858145956191661,-130.801283754111
0.03488918251424189,47.77245503929677,2.393363285335681e-12,-54.63772179621037
0.03605204209451577,45.91925683653089,6.161460230913463e-12,-39.15318688909342
0.07015368896936865,41.59576181931217,5.611816566997163e-11,-84.20416863937889
0.06982570258503951,41.83955739964136,4.953926158179911e-11,-70.245596218012
0.5738426989140462,6.142204706228085,0.006599632174054459,-136.2913489061587
0.1454067637153922,30.85136895317484,1.392827764234994e-08,-74.7160267564401
0.5186640548884498,8.397301298579748,0.001878892367359664,-121.0971892684476
0.03605063870577265,45.91355622202336,6.179390332761159e-12,-51.7563528491579
1.077973936198257,0.1377037589203951,0.3552872712049947,-170.2490117724731
9.555848176237971e-17,54.65896649669965,7.166489623955385e-14,-41.4229598047942
0.1453806572425959,30.86981490801327,1.379651620725397e-08,-74.99196577960454
0.1438753898060281,31.4944730058786,1.000043753363045e-08,-54.65553758707863
0.6032980734023903,4.994197584786889,0.01271622152333257,-149.0828389936284
0.03605734438618712,45.8940584814209,6.241174244081549e-12,-62.28677743579962
0.1103696646230367,34.38607807742976,2.259722575725931e-09,-52.90304632992386
0.6465737512367994,4.282839038566522,0.01924949613839899,-164.8794862865525
0.795902106938895,1.204126911387959,0.1362491996025132,-152.8162391015576
0.2090942405987811,25.98453534292344,1.720816146799642e-07,-105.7317970041332
0.3351329144324613,19.0628633956172,6.324116225864262e-06,-112.8924202294889
0.2479231124922587,22.39906121335639,1.107411228384869e-06,-93.02241264261798
0.5073826632451255,8.47200895506964,0.001803264521674008,-126.1245706072256
0.0349765138298794,47.63759939378482,2.563782519615643e-12,-73.61606308205299
0.4009740381396047,13.47938485698984,0.0001205994318576042,-124.0916158133629
0.6322026712284184,4.017741642758097,0.02251198225047424,-156.3693228031186
0.03606983028605675,45.88198112992686,6.279810005338504e-12,-62.26163158327495
0.7951053590149091,1.163641166768627,0.1403558362831964,-156.7775216086971
0.2857905939033266,19.44498929310504,5.176955657326676e-06,-125.7175444358565
0.5453142234622008,7.02066750133406,0.00402870941019895,-125.3953071707134
0.3813245017298016,16.71216988293673,2.175052450847925e-05,-123.8467593796126
0.8150487977708287,1.076104210428184,0.1497853541873286,-157.9285600396446
0.2180275940460093,24.24039365311316,4.251506015573447e-07,-79.19616245487138
0.1088462129260381,35.02971014176538,1.623564394037658e-09,-54.68974587365406
0.07231496101272046,39.96202300063344,1.294743756652394e-10,-54.19793171083342
1.055433542945733,0.06914599268145594,0.3962921476837962,-172.7205140213824
0.2902034233183472,18.9070322444056,6.862290511056024e-06,-84.06196325828847
0.3350943961758291,15.65133360581771,3.807942845751588e-05,-96.64215296746612
0.2186349200796694,24.03678864094724,4.725625857848748e-07,-80.3318055996845
0.4077420468974332,11.8434029327652,0.0002893299129606564,-106.1302820358386
0.7692383812580835,1.670714127598785,0.09808145516511757,-159.9288703635072
0.3687251294218014,15.25458299613646,4.697425601629668e-05,-89.72945782901903
0.9331657424802429,0.1379429062205872,0.3551673333527758,-161.2920223265518
0.3091000477961047,18.52671538089501,8.37697130134929e-06,-91.91338665173451
0.7853562732611271,1.334651210677919,0.1239897226202157,-160.4165196271744
0.7710761538781824,1.579953322373967,0.1043837086111851,-149.4142832169669
0.614343326271056,5.157610375800743,0.01157236029986891,-135.4941628891523
0.6044637266109245,5.591795758116859,0.009022393878766077,-145.6509507047227
0.6102604913599564,4.50825319097828,0.01686583646696366,-134.6820975031273
0.6679125761728245,3.425720912259408,0.03209410633196846,-138.5879321032237
0.6610710773615693,3.248428193578945,0.03574599239241705,-137.6219527013845
0.741883556140236,2.086843421226774,0.07428638832367801,-154.9783266832715
0.7999344504754036,1.188584650907671,0.1378076175112298,-170.8929124329508
0.652602568611574,3.851315774768352,0.02485349087614036,-175.5711407856413
0.4372792160524709,13.45275301812649,0.0001223234619014968,-129.7955213918795
1.303914881594849,2.166481935127308,0.07052429390968673,-205.6714474408878
0.2953709678657274,18.16458571720395,1.013058220206142e-05,-80.41931006018801
0.7417131023524276,2.012517297765783,0.07800313768236949,-160.1659833224956
0.7602314491804871,1.824888914494636,0.08836621815594542,-143.916718892092
0.983019043627762,0.0073280430945033,0.4658906132968514,-155.1447570965982
0.5131423448218962,7.720079270576377,0.002730499921560159,-116.7314554685295
0.515600662365992,7.60883588228819,0.00290414848683368,-134.8372524850824
0.7138979870323418,1.742015825435374,0.0934418054891778,-91.93943133950391
0.772730670502101,1.610716629915544,0.1021955476732847,-151.2306319552714
0.8136138368762402,0.8794664891035495,0.1741739227091992,-169.5735833422296
0.5231697491609344,9.125003072547884,0.001260697308258341,-138.3700892342892
0.6275802613594137,4.204549556601307,0.0201578401357953,-144.1297949927832
0.8763912785730943,0.4752929322881414,0.2452810984135,-155.3925757108152
0.7644885694265627,1.523899667272474,0.1085151549623131,-167.1312835345829
0.5120862889068197,8.219482303803375,0.002072151071018657,-122.0006863766323
1.067918406654227,0.1098919853365032,0.3701335712427727,-171.5453829437014
0.782148633183245,1.580162426031393,0.1043686494772906,-154.5253567536186
1.407904605102802,2.818449441951259,0.0465931917777474,-169.4572002083067
1.272744208468039,1.717933162806048,0.09497965493551408,-195.0772022853641
0.8517379428701159,0.7331907671410249,0.1959254439348586,-166.1214708345402
1.064294705833519,0.1091594101648639,0.3705515860848816,-203.1015504113975
0.6916213210414012,3.451595308824494,0.03159537547586583,-174.4348479951126
0.7891902906224086,1.522266164794644,0.108638438442284,-153.5411059921886
1.378381907669043,3.053063856626977,0.04029249365786347,-208.0539125001234
0.8683865606415008,0.5142169726923953,0.2366595184726626,-169.9691290139792
1.235127396631373,1.346349753177265,0.1229586365127036,-195.8645210509604
0.4639811954501599,6.839832407112596,0.004457360112244069,-55.96945489355529
1.174439349850744,0.8309221487126024,0.1810030078163747,-210.5361291102049
1.132562693010011,0.4111676072392925,0.2606887341327896,-175.3710142921844