ObservedSChanges	ObservedNSChanges	E[SSites]	E[NSSites]	ObservedS.Prop.	P{S}	dS	dN	dN-dS	P{Sleq.observed}	P{Sgeq.observed}	ScaleddN-dS	pvalue
39	33	0.6604475325604356	2.338838829135871	0.5416666666666666	0.2202015589424766	59.05086789983763	14.10956564809234	-44.9413022517453	0.9999999993426971	2.866010651025874e-09	-1.398378103483729	0.9999999993426971
29	1	0.6550747287512821	2.209577096221009	0.9666666666666667	0.2286751650028598	44.26975843699609	0.4525752922178086	-43.81718314477828	1	-2.220446049250313e-16	-1.363400399987625	1
52	4	0.9991687624897498	2.000831237510248	0.9285714285714286	0.3330562541632502	52.04326031012549	1.999169107824124	-50.04409120230137	1	-4.440892098500626e-16	-1.557154729385335	1
38	24	0.6756154755805871	2.321453505777569	0.6129032258064516	0.2254254005439755	56.24501121343449	10.3383504947523	-45.90666071868219	0.9999999999882579	6.648104289297407e-11	-1.428415865509745	0.9999999999882579
54	1	0.9999637744858276	2.00003622551417	0.9818181818181818	0.3333212581619428	54.00195624863142	0.4999909437854905	-53.50196530484593	0.9999999999999996	4.440892098500626e-16	-1.664748750638112	0.9999999999999996
62	19	0.9280441705188718	2.021071164899091	0.7654320987654321	0.3146856141478593	66.80716497075311	9.400955458660773	-57.40620951209233	0.9999999999999951	4.996003610813204e-15	-1.786231870541575	0.9999999999999951
50	7	0.9986857946331231	2.000395116323701	0.8771929824561403	0.3329972829290902	50.06579673877106	3.499308683008837	-46.56648805576223	1.000000000000004	-3.774758283725532e-15	-1.448946825985348	1.000000000000004
64	3	0.9995848014350428	2.000415198564959	0.9552238805970149	0.3331949338116808	64.02658374569032	1.499688665709056	-62.52689507998126	0.9999999999999946	5.440092820663267e-15	-1.945565361432639	0.9999999999999946
59	1	0.9999820132671997	2.000017986732799	0.9833333333333333	0.3333273377557334	59.00106123632339	0.4999955033572402	-58.50106573296615	0.9999999999999972	2.775557561562891e-15	-1.820299040138857	0.9999999999999972
30.5	41.5	0.6724184125008165	2.322875541359902	0.4236111111111111	0.2244916268181684	45.3586627507214	17.86578715091394	-27.49287559980746	0.999945738071977	0.000144827782005863	-0.855458861098753	0.999945738071977
60	13	0.9827836667301459	2.017174604455495	0.821917808219178	0.3275991123508965	61.05107566513402	6.444657775923741	-54.60641788921028	0.9999999999999978	2.220446049250313e-15	-1.699114517381134	0.9999999999999978
45	2	0.6550382040863536	2.209962325563685	0.9574468085106383	0.2286345839406762	68.69828312192254	0.9049928032098324	-67.79329031871271	0.9999999999999991	8.881784197001252e-16	-2.10943270432538	0.9999999999999991
32	5	0.6555405440968526	2.209322307470057	0.8648648648648649	0.2288209167633665	48.81467712128599	2.263137425940178	-46.55153969534581	0.9999999999999993	9.992007221626409e-16	-1.44848169794406	0.9999999999999993
63	8	0.9987140662176315	2.000548319762571	0.8873239436619719	0.3329865605910425	63.0811181408469	3.998903661047016	-59.08221447979988	1.000000000000004	-4.218847493575595e-15	-1.838381864661542	1.000000000000004
51	2	0.9996891871059538	2.00015540644702	0.9622641509433962	0.3332469919456513	51.01585638596557	0.9999223028138117	-50.01593408315176	0.9999999999999981	1.887379141862766e-15	-1.556278602150404	0.9999999999999981
54	46	0.7618405725884567	2.237740199697769	0.54	0.2539823496760835	70.88097161395287	20.55645244528959	-50.32451916866328	0.9999999997096399	1.035033170282418e-09	-1.565880429534572	0.9999999997096399
35	3	0.6550382040863538	2.210698074895561	0.9210526315789473	0.2285758842816701	53.43199798371752	1.357037414592098	-52.07496056912542	0.9999999999999992	7.771561172376096e-16	-1.620346562094017	0.9999999999999992
38	40	0.6669785331450068	2.328903922237623	0.4871794871794872	0.222631743093479	56.97334788395428	17.17546164874324	-39.79788623521104	0.9999999268223447	2.539893447783825e-07	-1.238337339770664	0.9999999268223447
43	9	0.9988685895600202	2.000470392704912	0.8269230769230769	0.3330295760053539	43.04870575511896	4.498941865283373	-38.54976388983559	0.999999999999973	3.084199562408685e-13	-1.199501194158662	0.999999999999973
40	63	0.6411385096855203	2.179906575131893	0.3883495145631068	0.2272698558190596	62.38901484738466	28.90032110490252	-33.48869374248214	0.9999227467657078	0.0001759513172467919	-1.042022676188494	0.9999227467657078
28	4	0.6550554274785012	2.209740232163655	0.875	0.228656946359771	42.74447447566406	1.810167521855464	-40.93430695380859	1	1.398881011027697e-14	-1.273697815983174	1
29	3	0.6550382040863535	2.209756572450226	0.90625	0.2286510047600227	44.27222690079454	1.357615602280361	-42.91461129851417	1	4.440892098500626e-16	-1.335316284855256	1
41	3	0.6550742718615038	2.20990386955535	0.9318181818181818	0.2286489597919032	62.58832282252759	1.357525112892636	-61.23079770963495	0.9999999999999991	8.881784197001252e-16	-1.905236441444462	0.9999999999999991
58	12	0.9961872750128777	2.001906362493561	0.8285714285714286	0.3322735696278726	58.22198441477807	5.994286358655097	-52.22769805612297	0.9999999999999964	3.552713678800501e-15	-1.625099089205984	0.9999999999999964
57	18	0.9957153462341242	2.004284653765876	0.76	0.3319051154113747	57.24527618819837	8.980760275831864	-48.26451591236651	0.9999999999999915	4.207745263329343e-14	-1.501782076741541	0.9999999999999915
48.5	14.5	0.9954570906061893	2.002753886564514	0.7698412698412699	0.3320170255482034	48.72133661780002	7.24003088810529	-41.48130572969473	0.9999999999997061	2.009725719176458e-12	-1.290718041755601	0.9999999999997061
30	7	0.655474210607544	2.209810914058161	0.8108108108108109	0.2287640433983053	45.76839105873241	3.167691839816736	-42.60069921891568	0.9999999999999939	1.071365218763276e-13	-1.325548704555276	0.9999999999999939
33	13	0.655202320564947	2.210792808696216	0.7173913043478261	0.2286125031670428	50.36612198129245	5.880243480467339	-44.48587850082511	0.9999999999996905	2.778111074519529e-12	-1.384207294691279	0.9999999999996905
27	39	0.6989489711929036	2.1998119905167	0.4090909090909091	0.2411199062031952	38.62942949027998	17.72878780919797	-20.90064168108201	0.9991962139595295	0.001891093538558541	-0.6503371778562429	0.9991962139595295
29	5	0.6550746061687668	2.209748661364304	0.8529411764705882	0.2286614373712688	44.26976672108815	2.262700771097193	-42.00706594999096	0.9999999999999994	2.042810365310288e-14	-1.307077415937209	0.9999999999999994
51	11	0.9980921074369201	1.997462246088054	0.8225806451612904	0.3331911191203825	51.09748851833619	5.506987689776383	-45.59050082855981	0.999999999999999	3.663735981263017e-15	-1.41857834311063	0.999999999999999
20	8	0.6552903171296176	2.209665801455032	0.7142857142857143	0.2287261270351831	30.52082333156766	3.620456991610278	-26.90036633995738	0.9999999925579686	6.721160605849263e-08	-0.8370225467604534	0.9999999925579686
37	26	0.6571898282595388	2.319323961303994	0.5873015873015873	0.2207917969551577	56.30032360359035	11.21016314830896	-45.09016045528139	0.999999999931374	3.591894559562547e-10	-1.403009924145773	0.999999999931374
33	10	0.6562659039770283	2.208831654385484	0.7674418604651163	0.2290553430062269	50.28449565948366	4.527280284192635	-45.75721537529103	0.9999999999999917	1.156852391659413e-13	-1.423765775605915	0.9999999999999917
31	51	0.6790139186164399	2.318977184258632	0.3780487804878049	0.2264896376661245	45.65443969567761	21.99245440886238	-23.66198528681523	0.999366391839011	0.001409196310359073	-0.7362581957391234	0.999366391839011
40	34	0.6638905866096227	2.330132407572857	0.5405405405405406	0.2217386399167915	60.2508919493395	14.59144548588787	-45.65944646345163	0.9999999994359452	2.424692890912183e-09	-1.420723631772348	0.9999999994359452
41	83	0.6328319750906259	2.186997582541825	0.3306451612903226	0.2244220659996047	64.78812957282778	37.95157372946601	-26.83655584336178	0.9976165526252889	0.004332986357695079	-0.8350370412957505	0.9976165526252889
38	42	0.6612365452458628	2.329669743866415	0.475	0.2210823346933155	57.46808804384932	18.02830642007441	-39.43978162377491	0.9999998569441447	4.774263024920344e-07	-1.22719467984987	0.9999998569441447
54.5	97.5	0.9181894521740942	2.074660753756725	0.3585526315789473	0.3067943228012389	59.35594214348095	46.99563522539785	-12.3603069180831	0.9271274594567041	0.09952572865521969	-0.3845990587848314	0.9271274594567041
39	49	0.6424169302719197	2.258352767182883	0.4431818181818182	0.2214642999186009	60.7082381584997	21.69723026094087	-39.01100789755883	0.9999989339743844	3.127162281901796e-06	-1.213853104059943	0.9999989339743844
44	14	0.9991088692017243	2.000001714613272	0.7586206896551724	0.333135054970469	44.03924472730931	6.999993998858692	-37.03925072845062	0.9999999999937713	4.074218740157676e-11	-1.152500586163982	0.9999999999937713
46	22	0.9978330155253284	2.001743455287107	0.6764705882352942	0.3326579686281728	46.09989776273579	10.99041934764042	-35.10947841509537	0.9999999983274998	7.304893800963441e-09	-1.092454454599106	0.9999999983274998
61.5	15.5	0.9971183179215384	2.00035517164272	0.7987012987012987	0.3326529230009935	61.67773562539178	7.748623954250675	-53.92911167114111	0.9999999999999983	1.665334536937735e-15	-1.678039690056464	0.9999999999999983
62	23	0.9968936061631969	2.003106393836804	0.7294117647058823	0.3322978687210655	62.19319656249282	11.48216593525279	-50.71103062724003	0.9999999999999803	8.870681966755001e-14	-1.577906987140572	0.9999999999999803
34	78	0.7200612507513545	2.092593206514569	0.3035714285714285	0.2560077185774534	47.21820534645128	37.27432534769483	-9.943879998756444	0.8948615220068233	0.1482134451211609	-0.3094103498834597	0.8948615220068233
44	56	0.6636695582466251	2.334524979747699	0.44	0.2213564029406159	66.29805368238577	23.98774932194221	-42.31030436044357	0.9999996707553673	9.494786936681265e-07	-1.316512878019211	0.9999996707553673
30	54	0.6806302478759169	2.312225704127368	0.3571428571428572	0.2274183117367654	44.07679513748144	23.3541214871926	-20.72267365028884	0.9976461993824788	0.004792548841440869	-0.6447995858214766	0.9976461993824788
39	55	0.6594962464421494	2.339723151614476	0.4148936170212766	0.2198892974850311	59.13604544437851	23.50705465390143	-35.62899079047708	0.9999933658380004	1.754008908705362e-05	-1.108619422987275	0.9999933658380004
28	86	0.6269886197367484	2.186603799740599	0.2456140350877193	0.2228427313765715	44.65790784489241	39.33039904632122	-5.327508798571195	0.7603279965042823	0.3129078239999892	-0.1657689314009488	0.7603279965042823
40	68	0.6610643981358734	2.336439829249844	0.3703703703703703	0.2205382705039328	60.50847710570326	29.10410923008132	-31.40436787562195	0.9998682291944646	0.0002893142178344021	-0.9771675094108366	0.9998682291944646
34	14	0.6552738104811398	2.209265317000851	0.7083333333333334	0.2287536602989758	51.88670668073129	6.336948257081885	-45.5497584236494	0.9999999999997188	2.382871677752973e-12	-1.417310616452625	0.9999999999997188
7	107	0.2031465367789513	1.841108903398488	0.06140350877192982	0.09937434079241995	34.45788498780499	58.11714874795813	23.65926376015315	0.1105711452141548	0.9433176333010935	0.7361735136515641	0.1105711452141548
33	17	0.6595695721555892	2.20770466984669	0.66	0.2300336544351605	50.03262944976404	7.700305313563762	-42.33232413620028	0.9999999999826353	1.179317754562703e-10	-1.317198037788043	0.9999999999826353
29	29	0.6637100161668386	2.326700854476089	0.5	0.2219460953284133	43.6937808585221	12.46400023630456	-31.22978062221753	0.999999158079256	3.125166276429781e-06	-0.971735112482494	0.999999158079256
42	40	0.6618076923400127	2.329159848075336	0.5121951219512195	0.2212687645042477	63.46254431026155	17.17357442558241	-46.28896988467914	0.999999997977983	7.77445263722143e-09	-1.440311666025194	0.999999997977983
53	32	0.9632412075768021	2.00610752779793	0.6235294117647059	0.3243947725309001	55.02256297083735	15.95128853094224	-39.07127443989511	0.9999999957907786	1.506839630849299e-08	-1.215728337062842	0.9999999957907786
32	68	0.6728106070568111	2.323916710908667	0.32	0.2245151245571426	47.56167584810085	29.26094540342264	-18.30073044467821	0.989913920509605	0.01778127873642821	-0.5694392340533975	0.989913920509605
42.5	87.5	0.6732758674926859	2.314099871262406	0.3269230769230769	0.2253736812407988	63.12419923540732	37.81167834915713	-25.31252088625019	0.9970307337051507	0.00525281123142074	-0.7876156937560084	0.9970307337051507
42	27	0.9988091553001816	1.99971149925396	0.6086956521739131	0.3331006420726815	42.0500751090706	13.5019476609866	-28.54812744808401	0.9999992227397986	2.54103772057146e-06	-0.8882937146600638	0.9999992227397986
48	51	0.9805420480204596	2.004076598214225	0.4848484848484849	0.3285317704683931	48.9525156997637	25.44812910117539	-23.50438659858832	0.9995585052079617	0.0008980178192800059	-0.7313544091616946	0.9995585052079617
34	73	0.7254275345980874	2.088494490614633	0.3177570093457944	0.2577994443691979	46.86891299051284	34.95340798266433	-11.91550500784851	0.9342273017400994	0.09738321999897748	-0.370758755533814	0.9342273017400994
39	136	0.7577454148020619	2.122380754411973	0.2228571428571429	0.2630945209628942	51.46847376197924	64.0789828673697	12.61050910539046	0.129831696149277	0.904080082405113	0.3923842639890434	0.129831696149277
33.5	106.5	0.5962817056786462	2.251929227129253	0.2392857142857143	0.2093530710138816	56.18149891396154	47.29278288011103	-8.888716033850507	0.8341972962813899	0.2203920993915642	-0.2765782308708818	0.8341972962813899
38	73	0.7873971185116941	2.21245263019865	0.3423423423423423	0.2624788520992432	48.26027312854033	32.99505670927993	-15.2652164192604	0.975938999569928	0.03820337670226437	-0.4749872236914331	0.975938999569928
38	74	0.67380107441501	2.320098067744046	0.3392857142857143	0.225058040508705	56.39646691420219	31.89520349540833	-24.50126341879385	0.9979930544454783	0.003787269555405648	-0.7623728854274057	0.9979930544454783
35	68	0.6684548674488807	2.325756454860425	0.3398058252427185	0.2232490614367627	52.35955590177011	29.23779910742239	-23.12175679434773	0.9976519582215838	0.004505144505527969	-0.7194486317769389	0.9976519582215838
30	33	0.6566254353543819	2.206469934206372	0.4761904761904762	0.229341097867487	45.68814789181742	14.95601616337886	-30.73213172843856	0.9999953690683191	1.500144750188337e-05	-0.9562504406680187	0.9999953690683191
45	68	0.7625669047912378	2.069208288139699	0.3982300884955752	0.2692893513209881	59.0112155632027	32.86281056854587	-26.14840499465683	0.9989649255308808	0.001970092757617281	-0.8136247761741857	0.9989649255308808
60	49	0.9967613445379188	1.999601132156387	0.5504587155963303	0.3326571308680856	60.19495070589335	24.50488710573893	-35.69006360015443	0.9999990521426594	2.420704477867908e-06	-1.110519743527447	0.9999990521426594
32	68	0.6883088261178423	2.297320460503584	0.32	0.2305406197621878	46.49075935940624	29.5997015519089	-16.89105780749734	0.9850993408950204	0.02546688994450252	-0.5255763451261559	0.9850993408950204
38	75	0.6774244765990048	2.318121005733177	0.336283185840708	0.2261439462677081	56.09481397952757	32.35378990764934	-23.74102407187823	0.9973650226406144	0.004881689576529902	-0.7387175393900689	0.9973650226406144
31	33	0.6571114896562025	2.204659544261605	0.484375	0.2296170734374255	47.17616490957882	14.9682975250732	-32.20786738450562	0.9999978421161516	7.194726297177212e-06	-1.002168923768811	0.9999978421161516
62	44	0.9852331018331778	2.010744258284388	0.5849056603773585	0.3288519849811268	62.92927012362806	21.88244468122554	-41.04682544240253	0.9999999811722879	5.60522952497422e-08	-1.277198902573978	0.9999999811722879
41	71	0.66330120443109	2.325054058902567	0.3660714285714285	0.221961964351971	61.81203912506911	30.53692439027084	-31.27511473479827	0.9998246484329879	0.0003748071144938914	-0.9731457131370692	0.9998246484329879
57	97	0.9437059659747354	2.011256120363307	0.3701298701298701	0.3193631384774313	60.40016917888806	48.22856672400242	-12.17160245488564	0.9233468855165792	0.1039474911003513	-0.3787273956121265	0.9233468855165792
36	42	0.5879476462371338	2.162648741815845	0.4615384615384616	0.2137527878647856	61.2299415269371	19.42062952152606	-41.80931200541103	0.9999997096942304	9.603517653333782e-07	-1.30092417221434	0.9999997096942304
33	127	0.6282813968122514	2.296369856545923	0.20625	0.2148226719650213	52.52423542609102	55.30467996606899	2.780444539977971	0.4404687553161819	0.6345843306506813	0.08651535598315001	0.4404687553161819
2	70	0.0499081518140136	2.948489973582838	0.02777777777777778	0.01664493830598564	40.07361377462237	23.74096592736246	-16.33264784725991	0.881296210468804	0.3374045338510892	-0.5082010528662857	0.881296210468804
59.5	157.5	1.026810422017878	1.82911627887278	0.2741935483870968	0.3595366861823358	57.94643171138755	86.10715558065105	28.1607238692635	0.004847722510184472	0.9968719470373645	0.8762393981473998	0.004847722510184472
33	46	0.6644077757999448	2.201681177731361	0.4177215189873418	0.2318168719018049	49.66829287972752	20.89312497434299	-28.77516790538453	0.9999258457566955	0.0001872764522300452	-0.8953582274397676	0.9999258457566955
4	72	0.1334661171312787	2.855227619169007	0.05263157894736842	0.04465700700952278	29.97015336907987	25.21690373006236	-4.753249639017508	0.7479445649797263	0.4422717969394002	-0.1479004809064226	0.7479445649797263
45	101	0.6117047563458481	2.238253700160278	0.3082191780821918	0.2146363765231022	73.5649012586028	45.1244646631289	-28.4404365954739	0.9969622554503268	0.005259512293343205	-0.8849428431300865	0.9969622554503268
53	74	0.996400566119117	1.999127892644655	0.4173228346456693	0.3326293105992799	53.19145914020285	37.01614102442694	-16.17531811577592	0.9816777153398371	0.02822034869896228	-0.503305635054363	0.9816777153398371
48	97	0.8161951142279795	2.182203763753014	0.3310344827586207	0.2722103187210282	58.80946744627614	44.45047782026402	-14.35898962601213	0.9517545361530663	0.06907235933264932	-0.4467893824858091	0.9517545361530663
41	87	0.6231462553132365	1.756124891586511	0.3203125	0.2619063641086946	65.79514784918439	49.54089564860209	-16.2542522005823	0.9431533826231866	0.0824086721683106	-0.5057617208881349	0.9431533826231866
30	78	0.6815767117673446	2.304990698620492	0.2777777777777778	0.2282140725826894	44.015588388003	33.83961594581793	-10.17597244218508	0.9078933236568523	0.1337413443777739	-0.3166320585259152	0.9078933236568523
56	154	0.8993272042553859	2.091880837615039	0.2666666666666667	0.3006568555803393	62.26877129372085	73.61796008207426	11.34918878835342	0.1588820817395006	0.8755592211341968	0.3531374548302086	0.1588820817395006
53	63	0.986424994903096	2.008264950542642	0.456896551724138	0.329391360332054	53.7293765606645	31.37036275167634	-22.35901380898816	0.9984193409076607	0.002865174968842421	-0.6957153833868968	0.9984193409076607
15	116	0.1771487854144741	2.821368234189944	0.1145038167938931	0.05907879937191238	84.67458563096878	41.1148033051082	-43.55978232586057	0.9953172695831937	0.01077135860306799	-1.355391204638166	0.9953172695831937
50	125	0.9567471396016471	2.033015155058878	0.2857142857142857	0.3200077615903849	52.26041231836668	61.48503108250559	9.22461876413891	0.1868753462122925	0.8542499719635139	0.287030064694132	0.1868753462122925
42	86	0.6630323446466887	2.190529987357474	0.328125	0.2323525010161654	63.34532596955073	39.25990536369937	-24.08542060585136	0.9950215470230857	0.008578328424255988	-0.7494336634873633	0.9950215470230857
29	90	0.6742379586804456	2.322613453122265	0.2436974789915966	0.2249821115671757	43.01152082382909	38.7494526387996	-4.262068185029491	0.7295345166093352	0.3459894970566707	-0.1326170477240326	0.7295345166093352
56	111	0.9596049762848304	2.036480590061235	0.3353293413173652	0.3202862385052425	58.35734639143644	54.50579816067009	-3.851548230766348	0.6938684614429007	0.3660229181993251	-0.1198434500238808	0.6938684614429007
58	104	0.8818965111575933	2.036245430515552	0.3580246913580247	0.302211656864076	65.76735395388758	51.07439331302439	-14.69296064086318	0.9469597391745551	0.07351158414468006	-0.4571811097159167	0.9469597391745551
50.5	110.5	0.9994339576494152	1.970902849090255	0.3136645962732919	0.3364715931815232	50.52860132826761	56.06567571354694	5.537074385279325	0.3013598559065117	0.7544540642197164	0.1722897021177116	0.3013598559065117
54	145	0.9791854971207691	2.020594908977233	0.271356783919598	0.3264190589185345	55.14787561578829	71.76104391621715	16.61316830042885	0.05526583773213025	0.960124696513461	0.5169296308031999	0.05526583773213025
43	108	0.9348675855450447	2.045415686750571	0.2847682119205298	0.3136841367515198	45.995818728628	52.80100309173492	6.805184363106925	0.2507950815746366	0.8024649195313186	0.2117477760264286	0.2507950815746366
48	147	0.9561984666364162	2.04272851430513	0.2461538461538462	0.318846865133144	50.19878369900322	71.96257308328836	21.76378938428515	0.0162363438785526	0.9892752609169587	0.6771945849129034	0.0162363438785526
45	83	0.7495580172547438	2.250089580274805	0.3515625	0.2498820254326092	60.03537946910701	36.88742027322449	-23.14795919588252	0.996187851005049	0.00660516762989849	-0.720263936690884	0.996187851005049
37	115	0.6591925804101261	2.060973443629957	0.243421052631579	0.2423354216560174	56.12927253668408	55.79887521376911	-0.330397322914969	0.5563996085429502	0.5187827074678403	-0.01028052946098137	0.5563996085429502
