Codon,alpha,beta,beta-alpha,Prob[alpha<beta],Prob[alpha>beta],BayesFactor,PSRF,Neff
1,1.22683,0.150162,-1.07667,4.6985e-39,1,1.72126e-38,1.25647,13.4082
2,1.20212,0.0714332,-1.13068,9.82423e-34,1,3.59903e-33,1.14135,20.8314
3,1.2233,0.07145,-1.15185,5.01949e-46,1,1.83885e-45,1.12026,23.6809
4,0.982994,0.071432,-0.911562,3.40792e-33,1,1.24846e-32,1.05018,48.8525
5,0.709851,0.0714311,-0.63842,1.81555e-20,1,6.65113e-20,1.21315,15.2755
6,0.481847,0.204518,-0.277329,4.12984e-06,0.999553,1.51294e-05,1.0349,66.0898
7,0.755299,0.0714291,-0.68387,2.49202e-30,1,9.12931e-30,1.15611,19.282
8,0.738297,0.0714286,-0.666868,3.33515e-31,1,1.22181e-30,1.15202,19.6822
9,1.22556,0.0715123,-1.15404,5.78262e-49,1,2.11841e-48,1.19979,16.0124
10,0.535923,0.0714288,-0.464494,2.65323e-21,1,9.71988e-21,1.21341,15.2617
11,1.22575,0.294739,-0.931016,2.40482e-24,1,8.80986e-24,1.12654,22.7368
12,1.18326,0.0714999,-1.11176,7.30646e-29,1,2.67666e-28,1.16596,18.3982
13,1.22026,0.0737746,-1.14649,4.04592e-30,1,1.48219e-29,1.06822,37.7601
14,1.22579,0.071739,-1.15405,4.88239e-38,1,1.78862e-37,1.10018,27.4601
15,1.22684,0.145757,-1.08108,1.04557e-40,1,3.83036e-40,1.19332,16.4054
16,1.22681,0.14451,-1.0823,6.3038e-41,1,2.30934e-40,1.21935,14.9634
17,0.719496,0.0714381,-0.648058,6.75677e-20,1,2.47529e-19,1.14041,20.9399
18,1.22165,0.193213,-1.02843,7.91338e-29,1,2.899e-28,1.09575,28.4979
19,1.22668,0.071739,-1.15494,2.12922e-44,1,7.80023e-44,1.2268,14.6109
20,1.23063,0.549331,-0.681299,8.78462e-14,1,3.21817e-13,1.02243,94.4222
21,0.502359,0.155029,-0.34733,3.30185e-08,0.99999,1.20961e-07,1.17473,17.6926
22,0.806093,0.237217,-0.568876,1.574e-11,1,5.76621e-11,1.04086,58.0018
23,0.847769,0.4484,-0.399369,2.41508e-06,0.999888,8.84746e-06,1.23003,14.4649
24,1.22645,0.178691,-1.04776,1.73706e-33,1,6.36359e-33,1.15083,19.8026
25,1.17067,0.355819,-0.814856,1.44164e-13,1,5.28132e-13,1.15578,19.3132
26,0.663147,0.0714882,-0.591658,3.35651e-21,1,1.22963e-20,1.11325,24.8541
27,0.753111,0.0734427,-0.679668,2.12009e-19,1,7.76676e-19,1.11081,25.2947
28,1.22426,0.0958129,-1.12845,7.22513e-30,1,2.64687e-29,1.04604,52.5049
29,1.17561,0.396646,-0.778962,3.60424e-13,1,1.32038e-12,1.19371,16.3809
30,0.481628,0.072059,-0.409569,5.34517e-16,1,1.95816e-15,1.03997,59.0728
31,0.790136,0.385892,-0.404244,2.66876e-05,0.999496,9.77705e-05,1.06909,37.3621
32,0.743584,0.0717121,-0.671872,5.25835e-18,1,1.92635e-17,1.13805,21.2211
33,0.944723,0.348979,-0.595744,3.54994e-09,1,1.30049e-08,1.01587,122.857
34,1.2132,0.144931,-1.06826,6.64002e-25,1,2.43252e-24,1.05178,47.5813
35,1.23723,0.410633,-0.8266,1.1778e-19,1,4.31479e-19,1.34938,10.9579
36,0.791788,0.494679,-0.297109,0.000819457,0.989511,0.00300447,1.07225,35.9912
37,0.998841,0.322892,-0.675949,1.53586e-09,1,5.62649e-09,1.00002,498.103
38,0.91477,0.986055,0.0712843,0.496453,0.077283,3.61181,1.87732,6.95317
39,0.88562,0.360012,-0.525609,8.74826e-07,0.999977,3.20486e-06,1.00221,348.066
40,1.1949,0.778378,-0.416525,0.000633754,0.996278,0.00232318,1.03034,74.1336
41,1.19282,0.546162,-0.646661,1.31494e-06,0.999984,4.8172e-06,1.41302,9.91749
42,1.04276,0.351686,-0.691074,2.10327e-10,1,7.70515e-10,1.05024,48.8055
43,0.338526,0.0845761,-0.253949,8.74198e-09,0.999979,3.20255e-08,1.07862,33.5429
44,0.506031,0.219304,-0.286727,9.8214e-06,0.999317,3.59802e-05,1.05814,43.1754
45,0.602621,0.541309,-0.0613118,0.183554,0.562229,0.82361,1.13071,22.1574
46,1.18197,0.695782,-0.486184,3.24434e-05,0.999577,0.000118858,1.20665,15.6221
47,0.88047,0.560109,-0.32036,0.00226629,0.985559,0.00832122,1.31683,11.6528
48,0.559993,0.280274,-0.279719,1.35547e-05,0.999053,4.96574e-05,1.06721,38.2367
49,1.22949,0.864566,-0.364926,3.53495e-07,0.999716,1.295e-06,1.52743,8.68563
50,1.20194,0.154373,-1.04756,2.51631e-19,1,9.21828e-19,1.0044,267.969
51,0.53672,0.161514,-0.375206,6.97159e-09,0.999998,2.55398e-08,1.12844,22.4678
52,1.22548,0.302847,-0.922633,9.63941e-22,1,3.53132e-21,1.40283,10.0617
53,1.22179,0.458894,-0.762894,2.19938e-11,1,8.05726e-11,1.30469,11.9503
54,1.15899,0.70515,-0.45384,0.000953453,0.995447,0.00349623,1.53702,8.60677
55,1.22188,0.507079,-0.714799,5.60287e-12,1,2.05257e-11,1.28054,12.618
56,0.522728,0.575074,0.0523457,0.548587,0.202763,4.45202,1.26143,13.2336
57,1.03252,1.22036,0.187839,0.610291,0.00714438,5.73697,1.03939,59.7966
58,1.21759,0.774732,-0.442854,1.20171e-05,0.999805,4.4024e-05,1.10074,27.3349
59,0.753399,0.486232,-0.267167,0.00174372,0.980212,0.00639915,1.06745,38.1211
60,1.21978,0.729361,-0.490419,9.47632e-07,0.999983,3.47157e-06,1.09201,29.445
61,0.736628,0.675106,-0.0615214,0.195818,0.607877,0.89204,1.38634,10.3115
62,1.22207,0.669975,-0.552098,1.10662e-08,0.999999,4.054e-08,1.07055,36.7146
63,1.22149,0.405815,-0.815675,1.48558e-15,1,5.44229e-15,1.33753,11.1954
64,0.476157,0.86862,0.392463,0.999439,6.40947e-05,6528.52,1.04583,52.7082
65,1.07324,1.06432,-0.00892509,0.227409,0.270998,1.07831,1.22866,14.5264
66,1.2204,0.775359,-0.445039,8.92912e-06,0.999874,3.27114e-05,1.08015,33.0093
67,1.22337,0.791949,-0.43142,6.57631e-06,0.999852,2.40919e-05,1.19434,16.3415
68,1.22554,0.781451,-0.444086,3.37534e-07,0.999979,1.23653e-06,1.28143,12.5911
69,0.74621,0.360188,-0.386022,0.000225272,0.997626,0.00082545,1.04211,56.564
70,0.757116,0.659369,-0.0977468,0.126222,0.715676,0.529199,1.42804,9.71746
71,1.22643,0.803709,-0.42272,9.09759e-08,0.999969,3.33283e-07,1.64675,7.8749
72,1.0654,0.595346,-0.470054,0.00656118,0.979475,0.0241951,1.23328,14.3226
73,1.12626,0.445525,-0.680736,3.37547e-07,0.999992,1.23658e-06,1.51979,8.75066
74,1.21659,0.528635,-0.687955,3.62474e-08,0.999999,1.32789e-07,1.3642,10.6829
75,0.755273,0.655806,-0.0994667,0.104973,0.7379,0.429662,1.40937,9.96819
76,1.22015,0.786369,-0.433785,1.53443e-05,0.999801,5.62133e-05,1.06342,40.1385
77,1.13715,0.908506,-0.228642,0.0579421,0.72744,0.225322,1.81243,7.15695
78,1.06885,0.804484,-0.264364,0.0454936,0.867085,0.174605,1.04775,50.9304
79,1.19614,0.84899,-0.347148,0.00676691,0.951526,0.0249589,1.69406,7.6332
80,1.14978,0.924339,-0.225444,0.0245151,0.721793,0.092066,1.7064,7.5757
81,0.816008,0.463711,-0.352297,9.27724e-05,0.998196,0.000339895,1.12745,22.6069
82,1.04866,0.94356,-0.105105,0.147908,0.435901,0.635904,1.85067,7.03287
83,1.16058,0.895696,-0.264889,0.0330182,0.804106,0.12509,1.7614,7.34315
84,1.11126,1.1027,-0.00855886,0.214964,0.280891,1.00314,1.08717,30.7887
85,1.21613,0.893351,-0.322779,0.00118311,0.961134,0.00433935,1.63779,7.92492
86,0.956335,0.74285,-0.213485,0.0235413,0.892518,0.0883209,1.09105,29.701
87,1.18202,0.898237,-0.283787,0.009459,0.851929,0.0349832,1.67288,7.73702
88,1.22468,0.822087,-0.402595,1.14885e-05,0.999359,4.20878e-05,1.59973,8.15459
89,1.2012,0.780461,-0.420735,0.000134003,0.998608,0.000490973,1.064,39.8352
90,1.06786,0.999816,-0.0680491,0.121239,0.368909,0.505426,1.75005,7.38822
91,1.22257,0.829363,-0.393209,8.82879e-05,0.997378,0.000323464,1.61954,8.03138
92,1.01022,0.709756,-0.300464,0.00650003,0.965348,0.0239681,1.36167,10.7282
93,1.18603,0.808371,-0.377662,0.00252786,0.986927,0.00928407,1.06735,38.1692
94,1.22508,0.897097,-0.327979,5.70983e-05,0.992661,0.000209187,1.60681,8.10963
95,0.886932,1.00523,0.118297,0.595346,0.0515925,5.38979,1.84779,7.04181
96,0.692429,1.22654,0.53411,0.999977,1.00705e-08,157194,1.3601,10.7568
97,0.887207,0.767681,-0.119526,0.104739,0.694973,0.428592,1.04935,49.5364
98,1.03964,0.773463,-0.266175,0.0345975,0.887746,0.131287,1.01115,157.673
99,1.19928,1.08544,-0.113838,0.0245302,0.520483,0.0921243,1.00463,261.608
100,1.22175,1.22396,0.00220829,0.0222054,0.0125755,0.083195,1.08412,31.7112