Codon,alpha,beta,beta-alpha,Prob[alpha<beta],Prob[alpha>beta],BayesFactor,PSRF,Neff
1,1.184392282921082,0.0750993997352792,-1.109292883185803,3.389005131262422e-15,0.9999999999999352,8.377984661533891e-15,1.172244214243238,17.88537361206486
2,0.9661280068304716,0.2743457333808074,-0.6917822734496641,0.0001552394072620206,0.9993616718428211,0.0003838280726104374,1.076683106511378,34.24727928499408
3,0.9585383196833153,0.01219593411684966,-0.9463423855664657,2.772370095578096e-12,0.9999999999197904,6.853596627120098e-12,1.067448322392402,38.12234932606146
4,1.184953729927725,0.07302626901572355,-1.111927460912001,6.284225245280317e-16,0.9999999999999858,1.553527972823409e-15,1.158853397595532,19.02499917949537
5,1.091570770128123,0.01901906508169313,-1.07255170504643,1.598515907515598e-15,0.9999999999999586,3.95170300299748e-15,1.049901842920411,49.08076388705251
6,1.116683859061512,0.08917677266346118,-1.027507086398051,5.543474133237323e-11,0.9999999992329751,1.37040634238126e-10,1.092038135243098,29.4387373867608
7,0.8366832066786412,0.07605956622504773,-0.7606236404535934,9.463425983654279e-10,0.9999999791525045,2.339460541982505e-09,1.063238136413477,40.23750279524451
8,1.091321226285264,0.2536710908693048,-0.8376501354159589,1.064476646065169e-06,0.9999935104567659,2.631503394379835e-06,1.096005117701659,28.43447992265147
9,0.903311152625065,0.07949322402969028,-0.8238179285953747,3.132214375564177e-09,0.9999999451505973,7.743170358532872e-09,1.051894247686784,47.49601564694815
10,1.10312173053425,0.07383973048126746,-1.029282000052982,1.724880722451709e-11,0.9999999996307917,4.264090397095987e-11,1.080420877040883,32.91732184586666
11,1.100702579093831,0.07384378860153416,-1.026858790492297,1.826737442094845e-11,0.9999999996063998,4.5158911474114e-11,1.078233818923886,33.68099273307119
12,1.107407133681594,0.07373726182030374,-1.033669871861291,7.84258287441195e-12,0.9999999998274985,1.93877071542442e-11,1.081542541184371,32.54065790735311
13,0.9634892621632138,0.1363434823895713,-0.8271457797736426,5.207950038298026e-07,0.9999947680126464,1.287461853031989e-06,1.024220372972203,88.85939942417022
14,1.150405825420842,0.1042144654255839,-1.046191359995258,1.956996462076767e-11,0.9999999997637177,4.837905434557006e-11,1.147954691640548,20.10067233593142
15,1.52941736537542,0.3492656903117511,-1.180151675063669,1.798855059018564e-07,0.9999989338866404,4.446963701757972e-07,1.248927745642786,13.6869459414047
16,1.068019447400327,0.1353230175508365,-0.9326964298494907,2.529502848694496e-09,0.9999999741003117,6.253202724830365e-09,1.068910629808761,37.44413793341936
17,0.6415439472140951,0.08739179101329916,-0.5541521562007959,6.239890006495332e-06,0.99992117758161,1.542577451151661e-05,1.015392660035581,125.6662118924025
18,1.066969682035757,0.1531649478414143,-0.9138047341943429,5.728585893893455e-09,0.9999999434039883,1.416167965740978e-08,1.06971036875284,37.08446487156346
19,0.9916711402805619,0.1856157879941897,-0.8060553522863723,2.716663587406151e-06,0.9999829895800888,6.715902400903068e-06,1.029561532939467,75.71736686120551
20,1.156418060823821,0.07552344918963783,-1.080894611634183,1.759856641390446e-12,0.9999999999695548,4.350554625038695e-12,1.146652720792271,20.23956306353545
21,0.9703650409088098,0.09558591657554201,-0.8747791243332678,4.35999092251372e-09,0.9999999429090318,1.077836586777354e-08,1.034644539840534,66.49883941076729
22,1.013245913783215,0.1369765493047804,-0.8762693644784346,2.342037223160826e-08,0.9999997709747361,5.789767684600019e-08,1.039276880367112,59.9411311483881
23,1.076875489308584,0.199667120582343,-0.8772083687262406,1.477366862167806e-08,0.9999998731550853,3.652209605521792e-08,1.051535551769953,47.77307187105143
24,1.176194893218411,0.07525968453776502,-1.100935208680646,1.162124706699731e-14,0.999999999999783,2.872897086435863e-14,1.153235321884888,19.56089170523921
25,1.119791750894001,0.2373924341064391,-0.8823993167875613,5.736297322800219e-08,0.9999996025930912,1.418074387019322e-07,1.07476811266877,34.97701834424285
26,0.97496161557956,0.7990303896949442,-0.1759312258846157,0.1828282747835679,0.7166141337355674,0.5530919841711436,1.058666736078355,42.85119656974715
27,1.133696250997189,0.08891408640321442,-1.044782164593974,1.021640566775534e-10,0.9999999987049243,2.525605204891577e-10,1.124895732846362,22.97448213257358
28,1.02614181987985,0.2020346046960434,-0.8241072151838064,1.169279290489896e-06,0.9999925903987388,2.890587365866931e-06,1.039146967427732,60.10628170114406
29,0.7964239328964409,0.2959067342528349,-0.5005171986436059,0.001792999120620632,0.9939003230489381,0.004440448112731098,1.029339693656994,76.18184371792253
30,1.040719867861663,0.09460482662913572,-0.946115041232527,1.241450317550682e-09,0.9999999843248346,3.068998519790888e-09,1.041606747963541,57.13565692702441
31,0.8519562454019388,0.9173941449407836,0.06543789953884482,0.5745810575402068,0.3101745174791489,3.33888772247965,1.037773733009609,61.91335037022753
32,1.153973345238466,0.5268707071648302,-0.6271026380736358,0.0002032903877155527,0.9992662279420632,0.0005026578572053207,1.049660307930764,49.28073511954681
33,1.136021259154028,0.08076836370739227,-1.055252895446635,2.418890076420724e-12,0.9999999999621941,5.979756056223302e-12,1.10189979804567,27.08015932631427
34,0.8747615222899414,0.3156303322218375,-0.559131190068104,0.001757916434007039,0.994474996088706,0.004353411157019097,1.044108398741074,54.41976783635407
35,0.7244036487287226,0.5088065611142395,-0.2155970876144832,0.1032598771729963,0.8204846666824096,0.2846638618263081,1.088406639200551,30.43300170219879
36,1.014080678775336,0.1862444223162291,-0.8278362564591073,5.537971600162647e-08,0.9999995233068114,1.369046132849753e-07,1.036743842266848,63.34663702001853
37,1.148946324463023,0.1560527110961501,-0.9928936133668727,7.164449330340941e-11,0.9999999992289975,1.771128820329469e-10,1.164654630656486,18.50907286368731
38,1.098194031553416,0.1795030188492741,-0.9186910127041423,5.984496279079318e-10,0.999999991420097,1.479431754193343e-09,1.091758848176912,29.51254907308177
39,0.8938044252925046,0.2775065216344563,-0.6162979036580483,0.000164848657611216,0.999312726746501,0.0004075907770511564,1.051701572955377,47.64440136344715
40,1.143122620482143,0.08876049558557267,-1.05436212489657,7.062429390400656e-11,0.9999999991201642,1.745908395484803e-10,1.140283410823542,20.95506759009838
41,1.175495696145447,0.6707684201481662,-0.5047272759972811,0.001559021931985011,0.9957638987689046,0.003860087615108678,1.23617280138975,14.19863712798824
42,0.8777475262633605,0.7996151366069542,-0.07813238965640634,0.3325449841765121,0.5424511136550333,1.231673890405198,1.058031111994116,43.24466005270195
43,0.8402978604012763,0.1405623834956735,-0.6997354769056028,1.148625682009647e-06,0.9999899340664775,2.839529309171334e-06,1.016879909465014,117.3856979379832
44,0.968152754648392,0.220939151564348,-0.7472136030840439,5.560274073386859e-06,0.9999671846067993,1.374567110910443e-05,1.040045511304526,58.98351112833255
45,1.185583332177407,1.026340769569563,-0.1592425626078446,0.09653892461747886,0.658643944788594,0.2641559181441265,1.31619988324099,11.66772512745321
46,1.111180548056735,0.2331603860577125,-0.8780201619990227,4.130961542013973e-08,0.9999996690755146,1.021218101643218e-07,1.082655617820614,32.17642140232824
47,1.176614358728583,0.7062993777965172,-0.4703149809320661,0.003509330925870066,0.9913675869235945,0.008705995166799133,1.270666046203935,12.92517100320606
48,0.7862770107932181,0.4971107535079765,-0.2891662572852416,0.05727245317920165,0.8935213633351259,0.1501851258748857,1.077841803934541,33.82214306793541
49,0.9769418104371699,0.1854686156916439,-0.791473194745526,3.742183296943675e-06,0.9999766232309246,9.251113637577211e-06,1.02528603173627,85.86722750123887
50,1.151378834515014,0.2586309726752282,-0.8927478618397859,7.449607764606986e-08,0.9999995306242644,1.841623184930779e-07,1.191598290220524,16.51413195603898
51,0.8440181648572953,0.5077856364398645,-0.3362325284174308,0.03585437453711585,0.9284958841319588,0.09193203003003445,1.093355309979686,29.09628773056262
52,0.941861862991576,1.197407825152417,0.2555459621608411,0.7267833226330931,0.05883274582435531,6.576049628241208,1.062413666165623,40.68267126518239
53,1.11670659261871,0.8310250855845609,-0.285681507034149,0.06834305510272699,0.8775846391241269,0.1813450467375423,1.110097287700282,25.42787204260445
54,0.8059353422571636,0.9824562797875105,0.1765209375303469,0.7327024692160314,0.1783459823564116,6.776415743090299,1.128776171357302,22.42125666626944
55,1.061688528126859,0.2454554557634208,-0.8162330723634379,4.19391725633969e-06,0.9999786227602305,1.036785736372474e-05,1.069917626413959,36.99250745841582
56,1.188272605532615,0.6983274049568375,-0.4899452005757778,0.001634611543540982,0.9954736348043773,0.004047551466250998,1.261876812706679,13.2180442657209
57,1.077413750424397,0.5347225723744543,-0.5426911780499432,0.001313312051859714,0.9959922273326971,0.003250917910770405,1.079078047820967,33.38149236913488
58,1.079835169153851,0.6490507729262334,-0.4307843962276174,0.01839194835125484,0.9625245618715933,0.0463187639219153,1.100312264986707,27.42994918066637
59,1.078005210287869,0.3855543754535832,-0.692450834834286,0.0001039342914012057,0.9995737985526656,0.0002569634381351956,1.061522040114493,41.17653051100026
60,1.219464018120868,0.8736950965983616,-0.3457689215225068,0.004622870737458063,0.9694895789757554,0.01148130956647433,1.22635435859922,14.63138054886354
61,1.166572758801727,0.6727031205165451,-0.4938696382851818,0.003068088343120221,0.9924689907475281,0.007607985867737383,1.225995667997046,14.64789325641516
62,1.064605574438813,0.7896823677450648,-0.2749232066937486,0.09307118376562215,0.8465694317698359,0.2536935180993071,1.142875553427968,20.6564051958694
63,0.9798116596937356,0.6170916570668069,-0.3627200026269287,0.03444225094871255,0.9314247494903709,0.08818213463183069,1.111599463181048,25.15034464876937
64,1.159130096103761,0.7798564504712908,-0.3792736456324706,0.02023969102375021,0.959201030746397,0.05106829648292079,1.244805772944008,13.84653019544849
65,0.9602679078130676,0.8601769679497154,-0.1000909398633522,0.3136797939349091,0.5759573228361475,1.129866398759704,1.015360628570493,125.8578532878485
66,0.859420170796651,0.3136840847863747,-0.5457360860102763,0.002447419582346306,0.9925723890258187,0.006065127971875957,1.04245261856863,56.18529531895931
67,1.054826822773524,0.3760708787365935,-0.6787559440369303,0.0003079314870012298,0.9989646143118511,0.0007614741893975751,1.066539994938622,38.55760188176505
68,4.369718659782195,0.4233112114275887,-3.946407448354606,0.0003013231451986145,0.9993844670614122,0.0007451277010726988,1.012917650734003,142.4917231186063
69,1.102337941153424,0.7306530670506183,-0.3716848741028055,0.03061857551603299,0.9410410974679465,0.07808320355631244,1.207542911018512,15.5733109367911
70,0.9494465052290314,0.6689192843118766,-0.2805272209171548,0.07320874211903722,0.8663843477863683,0.195275766309709,1.105165583650078,26.39236487097336
71,1.098456005540431,0.7549095719198377,-0.3435464336205937,0.04520651956126814,0.9183078334699368,0.1170466428575935,1.21280871022003,15.29309392425685
72,1.077228417375529,0.5973376730187362,-0.4798907443567929,0.004941352449938765,0.987201199059966,0.01227621505980458,1.086835018428846,30.8877190039858
73,1.209702668405479,0.8583532684420353,-0.3513493999634439,0.004482191632922638,0.9749847104179989,0.01113034745140969,1.223539174236329,14.76238722456242
74,1.052110680769913,0.9471958250851907,-0.1049148556847227,0.2765873398154636,0.6028514824248525,0.945177831361816,1.268533130005351,12.99449201243845
75,0.9451874160881746,0.2677335590452779,-0.6774538570428967,0.000304799072076383,0.998888991792969,0.0007537257763216985,1.06440335251096,39.62640287320912
76,1.046778360092446,0.9848057651139206,-0.06197259497852547,0.3270639891590125,0.5395231637174356,1.201506970418473,1.405837751309183,10.0183510299801
77,1.153432012967822,0.263891938427963,-0.8895400745398587,3.516135512138082e-08,0.9999997557006596,8.692264922414514e-08,1.219452216891578,14.95848199650775
78,0.976695571995533,0.6488328297844296,-0.3278627422111035,0.04983625431518449,0.9042725440150747,0.1296624646115116,1.104998584345515,26.42654273330492
79,1.022134185931304,0.6878436412887264,-0.3342905446425771,0.05357834240087896,0.9013325737282971,0.1399496890548569,1.137437186584994,21.29557991168134
80,0.8315163420281438,0.8811758935744542,0.04965955154631041,0.5592770697892763,0.325917954015135,3.137102446358095,1.031446964014298,71.99796635484262
81,1.042924956983968,0.6919354271991299,-0.3509895297848381,0.04377243527774358,0.9181129969857207,0.1131636078389608,1.154328639277398,19.45362631924707
82,1.032482885858031,0.2454977956677441,-0.786985090190287,1.158979317013299e-05,0.9999440438169127,2.865154551866721e-05,1.067368201744768,38.16030174093503
83,1.015779973685742,1.20506091309197,0.1892809394062285,0.6225066792065503,0.05954294796041063,4.076637341810376,1.075113591640087,34.84278550577164
84,0.7020603702590382,1.071972036641162,0.369911666382124,0.9265549825676764,0.03644895663850126,31.18718612122984,1.174002720784022,17.74845356826994
85,0.9657608710188731,0.8825443774728796,-0.08321649354599348,0.3421477222871522,0.5496706040559266,1.285738371064228,1.0085872516933,186.6630807274513
86,1.09789021814273,0.8166255969751279,-0.2812646211676022,0.07249766859482416,0.8682424669744055,0.1932308058995495,1.116901358948957,24.22564197299107
87,1.097445317830034,0.6957135140177297,-0.4017318038123046,0.0203723339156492,0.9585013632583443,0.0514099378357078,1.19885916137989,16.06730671549121
88,0.8449402834964317,0.6450541346686384,-0.1998861488277933,0.1458070744860569,0.7621093000316622,0.4219781468012027,1.119491428994776,23.80262887210547
89,1.143820040361021,0.9066707253179788,-0.237149315043042,0.09421187961210456,0.8230880077261784,0.2571262301375,1.211293376293763,15.37232142483863
90,0.943476371400066,1.256999148391098,0.3135227769910325,0.7690969317678726,0.002309107154411996,8.234148772562767,1.030772459370287,73.28352583868222
91,1.081201752607509,0.7244085418259296,-0.3567932107815792,0.03988704864423824,0.925427062767142,0.102701528974951,1.217307369012353,15.06430520406177
92,1.068591831254889,0.9127662548331333,-0.1558255764217557,0.2159965677962592,0.6881899527831605,0.6810770100701032,1.105808182361736,26.26181472317132
93,0.6137194913915637,0.5469750592120279,-0.06674443217953574,0.4009851334746481,0.5239048042714558,1.654847602121215,1.079288313779303,33.30783252807058
94,1.106458573929426,0.8162287575456798,-0.2902298163837459,0.1072561843945577,0.840970610987107,0.2970043616503075,1.137647686450597,21.26992918283678
95,0.2930799250216213,0.6114143740653418,0.3183344490437205,0.8232427967403796,0.1424064607952452,11.51378598313615,1.100791157666482,27.32332379940123
96,1.094675715544579,0.9373089419564972,-0.1573667735880823,0.1894501796426004,0.6901790706210535,0.5778067913234696,1.30453371534308,11.95412036472183
97,0.9886866114763251,0.6977288061822462,-0.2909578052940789,0.09109849847273431,0.8488494965670871,0.2477774233715306,1.131453082269959,22.05802030449863
98,1.184319225550017,0.8691386790336715,-0.3151805465163453,0.0288942724079003,0.9283667051263068,0.07355506469559457,1.177236494204019,17.50360699742281
99,1.225912496122036,0.7950085649970337,-0.4309039311250028,0.002896796096518993,0.9895377794063546,0.007181995842223442,1.255842632423137,13.43068765835734
100,0.9057362169725695,1.066957731263812,0.1612215142912429,0.6606192237626407,0.2149949042489927,4.812062985249169,1.372205556034495,10.54343535358332