Codon,alpha,beta,beta-alpha,Prob[alpha<beta],Prob[alpha>beta],BayesFactor,PSRF,Neff
1,1,0.02671602828612429,-0.9732839717138757,2.338871504036108e-17,1,1.596420970499084e-16,0.9978287721239735,879.2094729251641
2,1,0.07026358821018271,-0.9297364117898173,1.534341462497717e-14,0.9999999999999749,1.047280657535349e-13,0.9969675397055952,1259.98341661935
3,1,0.05100339557502882,-0.9489966044249711,1.722418494351441e-15,0.9999999999999982,1.175654583679794e-14,0.9986657010328662,680.0138912213642
4,1,1.295946094845621,0.2959460948456205,0.9231501684548205,0.05493125063254789,81.99181397767546,1.015124686940626,127.2882577717999
5,1,0.05007662243368904,-0.949923377566311,9.272062798345844e-16,0.9999999999999994,6.328742500612047e-15,0.9987594870305451,663.1997855410523
6,1,0.09460193856916271,-0.9053980614308372,2.825667005208976e-13,0.9999999999995441,1.928688281925636e-12,0.9975451369742326,976.2928414140506
7,1,0.02671602432843786,-0.9732839756715621,2.338755743608075e-17,1,1.596341957019914e-16,0.9978287726664328,879.2093057857134
8,1,0.05000088861686082,-0.9499991113831392,8.677965037540933e-16,0.9999999999999994,5.923234920465453e-15,0.9987672214369087,661.850392140085
9,1,0.02673142951135822,-0.9732685704886418,2.404739527531667e-17,1,1.641379872179736e-16,0.9978288239378447,879.1935086223109
10,1,0.05010573268347925,-0.9498942673165207,9.523808146963317e-16,0.9999999999999994,6.500573895823374e-15,0.998756552945914,663.7131334199622
11,1,0.026716022174545,-0.9732839778254549,2.338858338381318e-17,1,1.596411984145041e-16,0.9978287716748482,879.2096113071043
12,1,0.07060411097727223,-0.9293958890227277,1.859758417175526e-14,0.9999999999999698,1.26939737053439e-13,0.9969759287437752,1254.68363611407
13,1,0.181531369916423,-0.818468630083577,4.467092870901663e-10,0.9999999992972304,3.049060509375432e-09,1.000081746182376,492.0369915928235
14,1,0.06979097817097633,-0.9302090218290237,1.173404430309465e-14,0.999999999999981,8.009193477238856e-14,0.9969565848944518,1266.972111312946
15,1,0.04989283546099609,-0.9501071645390039,7.849951291131899e-16,0.9999999999999994,5.358065561504171e-15,0.9987782832784854,659.9300425677957
16,1,0.3803296337840159,-0.6196703662159841,7.235308791151289e-07,0.9999988724400133,4.938538530021289e-06,1.000702210537992,439.0234326865586
17,1,0.6085733318762971,-0.3914266681237029,0.002132923676037182,0.996886207257117,0.01458960999803582,1.001635652111336,377.9100206897576
18,1,0.371102257193884,-0.628897742806116,3.437721032205037e-07,0.9999994609546945,2.346452904191813e-06,1.000759267630076,434.7206337181328
19,1,0.5133805841981717,-0.4866194158018283,0.0001622309505847407,0.9997561159378167,0.001107503828072451,1.000711406851405,438.32411992082
20,1,0.2357388098870329,-0.764261190112967,6.190416808692548e-09,0.9999999903432977,4.225333137647693e-08,1.000944794593761,421.2993622230348
21,1,0.09336098424017639,-0.9066390157598236,1.758721012943992e-13,0.9999999999997154,1.20043324375734e-12,0.9974817944394782,1000.989835420965
22,1,0.117861649260372,-0.882138350739628,1.530700106972042e-12,0.9999999999975365,1.044795212606675e-11,0.998528980919557,706.1206577504969
23,1,0.530929669143209,-0.469070330856791,0.0002883684004600149,0.999569064004896,0.001968856141680751,1.000877235576668,426.0887831378544
24,1,0.3155497023521944,-0.6844502976478056,1.227907462656987e-09,0.9999999979949369,8.381209580099644e-09,1.001236207502191,401.8272033412802
25,1,0.1478745552559639,-0.8521254447440362,2.824118872083381e-11,0.9999999999550416,1.927631587679497e-10,0.9994586075231139,560.0878020634723
26,1,0.07071466272384168,-0.9292853372761584,1.989579597296761e-14,0.9999999999999677,1.358008161679967e-13,0.9969789456798136,1252.788600718214
27,1,0.05004927318038192,-0.9499507268196181,9.031626785413141e-16,0.9999999999999994,6.164630409611503e-15,0.9987622341882632,662.719865814839
28,1,0.7730568960975329,-0.2269431039024671,0.04646322366570588,0.9374019426560718,0.3325928831907588,1.001963333976266,360.3348377851282
29,1,0.09461538274941982,-0.9053846172505802,2.844797099074043e-13,0.9999999999995411,1.941745725637752e-12,0.9975459205325814,975.9949924845953
30,1,0.1737922418112148,-0.8262077581887852,1.298514863698051e-10,0.9999999997939998,8.863147700094877e-10,0.9999278042790678,507.2518247303729
31,1,0.3154246644121837,-0.6845753355878164,2.237400938766726e-07,0.999999655571559,1.527161526856158e-06,1.001297380656413,397.9680312812478
32,1,0.1721192716377133,-0.8278807283622867,9.796743581979076e-11,0.9999999998442941,6.686868804642312e-10,0.9998959343047711,510.5209299430258
33,1,0.1768002641263523,-0.8231997358736477,2.134189081540903e-10,0.9999999996625555,1.456712863288881e-09,0.9999867410192906,501.3161204480826
34,1,0.4461556685197901,-0.55384433148021,1.722472738566041e-05,0.9999737410830702,0.0001175711859946586,1.000429262278818,460.8553029047537
35,1,0.7861831511596701,-0.2138168488403299,0.0448741397204375,0.9387639056459314,0.3206834840784291,1.001790026583244,369.4192161132856
36,1,0.1475338446480382,-0.8524661553519618,2.627881664560185e-11,0.999999999958146,1.793687849103572e-10,0.9994507765592944,561.0638912550349
37,1,0.4409710996544026,-0.5590289003455974,1.109162469411817e-05,0.9999829889033114,7.570787291448875e-05,1.000378180784132,465.1866674306027
38,1,0.5358538011974521,-0.4641461988025479,0.0003440839722266476,0.9994869743361147,0.002349389178911761,1.000937025439486,421.8446012182008
39,1,0.1206313789489105,-0.8793686210510895,3.342212372110053e-12,0.9999999999946467,2.281261672352838e-11,0.9986373377142941,685.2690913064356
40,1,0.1513181642345036,-0.8486818357654964,4.736625558795433e-11,0.9999999999247816,3.233032836037495e-10,0.9995271992234228,551.6821261977967
41,1,0.2623114409254316,-0.7376885590745684,2.032540774396712e-08,0.9999999684264942,1.387331786288231e-07,1.001210686063583,403.4596792346107
42,1,0.4419111089077473,-0.5580888910922527,1.163662220866668e-05,0.9999821593984486,7.942789444854435e-05,1.000380085405411,465.0236956960886
43,1,0.7579179808716227,-0.2420820191283773,0.02535664056893436,0.9645211896175045,0.1775771361934828,1.001994040571747,358.7721350948482
44,1,0.4872277867536973,-0.5127722132463027,6.687418312515161e-05,0.9998987456140649,0.000456487190781672,1.000521486178934,453.2378423380259
45,1,0.09305108954155196,-0.9069489104584481,1.563152603452409e-13,0.9999999999997469,1.066946000212386e-12,0.9974661058017422,1007.301806693372
46,1,0.2361372886162386,-0.7638627113837614,6.519323636786189e-09,0.9999999898347079,4.449831902747218e-08,1.000951897647044,420.8021131602856
47,1,0.2050464965558788,-0.7949535034441212,1.075603859970101e-09,0.9999999983088663,7.341645562356888e-09,1.000457263383119,458.5153269202874
48,1,0.7257341359432463,-0.2742658640567537,0.01827340710531626,0.9743913579968794,0.1270486445123983,1.002207907599072,348.2568054251311
49,1,0.4157411334506822,-0.5842588665493178,1.608981668653368e-05,0.9999757679669896,0.0001098244773907693,1.000769442614911,433.9622383601198
50,1,0.2333133605533219,-0.7666866394466781,4.739473042084757e-09,0.9999999925924978,3.234976430429057e-08,1.000906699823769,423.9865489122795
51,1,0.9326847371718682,-0.06731526282813183,0.2747164029274669,0.6668446723285643,2.585340782772889,0.9979851945433327,833.528353212008
52,1,1.159661957208303,0.1596619572083033,0.7509839814314671,0.1982922886427081,20.58469563397235,1.008125006884191,193.0982843180192
53,1,0.9736734275689592,-0.02632657243104075,0.3707456819518505,0.5531011487882367,4.021526718926169,0.997505638611025,991.5472698706818
54,1,0.3339970656859549,-0.6660029343140451,3.885649020177355e-09,0.999999993675555,2.652189995563679e-08,1.001084445457057,411.7356429512805
55,1,0.7099540704958566,-0.2900459295041434,0.01348236634004198,0.980931256767349,0.09328296300268174,1.002186754056388,349.2690332374331
56,1,0.4008403019858769,-0.5991596980141231,6.268317013074998e-08,0.9999998980721436,4.278504971052555e-07,1.000186038692684,482.2412795023799
57,1,1.025007817596592,0.02500781759659154,0.5050206644383793,0.4197554940623006,6.964070227158849,0.9988833365828189,642.2362143889517
58,1,0.3514492487328765,-0.6485507512671235,1.162612317738841e-08,0.9999999811518284,7.935530887328637e-08,1.000880227755523,425.8743361628905
59,1,0.9520543326050003,-0.04794566739499972,0.3202269053071161,0.6184591753829742,3.215399267054584,0.9977988277106912,888.5340449473221
60,1,0.9423313045420386,-0.05766869545796138,0.2874526999123519,0.6471334385132479,2.753554994326909,0.9977934101097229,890.242325040364
61,1,0.7151230138578281,-0.2848769861421719,0.01489932721287565,0.9789875689853884,0.1032350336713232,1.002197004921749,348.7777726096073
62,1,0.3988999571699968,-0.6011000428300032,9.845829512279905e-06,0.9999851522341221,6.720439082430725e-05,1.000878829152421,425.9745457728614
63,1,0.5229791223054243,-0.4770208776945757,0.0001596560793074395,0.9997588057480445,0.00108992311892391,1.000672333172278,441.3110049406541
64,1,0.3417881117140119,-0.6582118882859882,7.415244415434037e-07,0.999998864423622,5.061355634035393e-06,1.00118803663652,404.9197024549377
65,1,0.5553989984872988,-0.4446010015127012,0.001261999525575332,0.9981722231116011,0.008624792961049187,1.001475782901041,387.1289119503473
66,1,0.2350856891333018,-0.7649143108666981,5.760507364301123e-09,0.9999999910092295,3.931893989981886e-08,1.000934607211349,422.0146031048664
67,1,0.475500047112461,-0.5244999528875389,0.0001501447275867879,0.9997780030314889,0.001024982285427784,1.00088899770391,425.2470539559853
68,1,0.9062965741381456,-0.09370342586185443,0.1992425659183831,0.747014533201217,1.698330496624665,0.9987165803113436,670.7872187990095
69,1,0.4837833149726742,-0.5162166850273258,5.987299887073406e-05,0.9999093092005653,0.0004086938250057261,1.000504483092298,454.6231059744309
70,1,0.700324642758494,-0.299675357241506,0.02931756831522312,0.9608013504099115,0.2061540341523121,1.002313833705598,343.2760073686127
71,1,0.6182113860972784,-0.3817886139027216,0.001093892970571167,0.9983567010448841,0.007474656247132171,1.001379470870903,392.9053560696399
72,1,0.6614003483940609,-0.3385996516059391,0.00752481192537781,0.9893061830151932,0.05175079822060032,1.002126727405234,352.1740576682308
73,1,0.4654890937777334,-0.5345109062222666,2.275798958931434e-05,0.9999651644943995,0.0001553405503935252,1.00034370993646,468.156247549957
74,1,0.2907440097854311,-0.709255990214569,7.976054590851336e-08,0.9999998768088278,5.444139109100168e-07,1.00132379725955,396.3245495063557
75,1,0.9640562948750742,-0.03594370512492584,0.3450753791356341,0.5854065585945045,3.596364630767463,0.9975913221956989,959.042864734357
76,1,0.922665219076897,-0.07733478092310297,0.2479843477914844,0.6948056099577136,2.250808007053977,0.9981911295814666,780.1900138368148
77,1,1.269101539685753,0.2691015396857535,0.8912141652145202,0.08072289962888649,55.917892309226,1.013836178464791,135.7317391026784
78,1,0.8125105744080144,-0.1874894255919856,0.05592519852158721,0.9235860129972906,0.4043357946818329,1.001295505302441,398.0852277880649
79,1,0.9747638376298484,-0.02523616237015158,0.3736821082867342,0.5496281552886555,4.072382361853551,0.9975039615966564,992.2055368288561
80,1,0.4992870224251392,-0.5007129775748609,0.0002968521820837689,0.9995635032120729,0.002026796975089977,1.001022941195032,415.8931066740456
81,1,0.9488457058248223,-0.05115429417517769,0.3129797877559979,0.6263049895493351,3.109480508555357,0.9978174563633703,882.7099613278145
82,1,0.801682715046627,-0.198317284953373,0.05553043396244487,0.9247966672249411,0.4013138615974099,1.001555262855492,382.4895851798382
83,1,1.023129302892011,0.02312930289201143,0.4838029037280549,0.4493183241911824,6.397259601583221,0.9991662931526962,599.0037037913041
84,1,1.345500119900727,0.3455001199007266,0.9366650402436429,0.04663117647386988,100.9443169158408,1.013056969732001,141.4221741693129
85,1,0.9000166368313524,-0.09998336316864764,0.1925152548814021,0.7564789665101321,1.627315959048285,0.9988710329957111,644.2589816985188
86,1,0.5113861204721816,-0.4886138795278184,0.0001270164316715736,0.9998082256199975,0.0008670739430423105,1.000627744054774,444.7700619369689
87,1,0.8430997048650661,-0.1569002951349339,0.09453512465189455,0.8746642390688152,0.7126276265154557,1.00064357055865,443.5360574791472
88,1,0.3446908410209134,-0.6553091589790867,9.337245504923911e-07,0.9999985730019112,6.37323958298259e-06,1.00118310727264,405.2388726468909
89,1,0.5501905310998594,-0.4498094689001406,0.0001378724915979441,0.9997879910777783,0.0009411927364614512,1.000595176885826,447.331262403162
90,1,1.300287124599762,0.3002871245997618,0.9383147866833813,0.04229845933207513,103.8265804776446,1.016159109496003,121.2535747830712
91,1,0.9057748840386821,-0.09422511596131788,0.2122751376610791,0.7355643916076848,1.83935534890581,0.9986363163886067,685.4598480377189
92,1,0.8925162015154472,-0.1074837984845528,0.1676913141403941,0.7838381613845312,1.375204239891836,0.9991658498164631,599.0668606006309
93,1,1.193564880899273,0.1935648808992734,0.8138334437981085,0.1421973676961072,29.83835861130271,1.011096141016792,158.1777116443493
94,1,0.9680937933546074,-0.03190620664539257,0.3568577681282907,0.5789478461819429,3.787295465989053,0.997790233044361,891.2471905219396
95,1,0.7891339747285028,-0.2108660252714972,0.03946955170570264,0.9454105307590076,0.2804736838885218,1.001665921349277,376.214233717503
96,1,1.392766335585754,0.3927663355857536,0.9796962891311445,0.01336373960423702,329.3495725503556,1.014005402981435,134.5575558216142
97,1,1.406854313971816,0.4068543139718164,0.9807760438213196,0.01280326122845834,348.2315716441172,1.012972029388937,142.0722875371667
98,1,0.7573644033735153,-0.2426355966264847,0.04941064811186435,0.9345152678107389,0.3547877912195482,1.002009534135223,357.9888331623165
99,1,0.7182585041478722,-0.2817414958521278,0.01225639535240739,0.9824874007446089,0.08469535572753653,1.00206973029579,354.9780446203728
100,1,0.7576660603764986,-0.2423339396235014,0.02415712099078888,0.9660910806249202,0.1689687294961296,1.001969298536903,360.0302170349238