Codon,alpha,beta,beta-alpha,Prob[alpha<beta],Prob[alpha>beta],BayesFactor,PSRF,Neff
1,1,0.04137834684678646,-0.9586216531532136,4.975511218284404e-115,1,1.154198100646026e-113,1.001969550473479,360.0173616407289
2,1,0.08788821433766883,-0.9121117856623312,4.953135057685638e-99,1,1.14900737331575e-97,1.003617549982923,291.9866905499266
3,1,0.1621646723894855,-0.8378353276105145,2.088380439660887e-79,1,4.844536834777826e-78,0.9977834149567485,893.4113742163323
4,1,0.02296904532780061,-0.9770309546721994,7.31747258544558e-132,1,1.697476417822818e-130,0.998436045736069,725.0484474697711
5,1,0.0269877389103534,-0.9730122610896466,7.483269305722747e-125,1,1.735937241493362e-123,0.9983241535107057,749.2360627703771
6,1,0.1374867525663796,-0.8625132474336203,4.676086823026832e-84,1,1.0847388927111e-82,0.9991189190653863,605.8291854683687
7,1,0.03865173221346301,-0.961348267786537,1.045861714411532e-117,1,2.426145879997463e-116,1.001615074932982,379.0716693702589
8,1,0.06809597753199959,-0.9319040224680004,8.394703575902019e-104,1,1.947367918131921e-102,1.006312322280209,223.403326344414
9,1,0.01662487619092086,-0.9833751238090791,1.029614310353398e-131,1,2.388455837544314e-130,0.9983280541006543,748.3656190382401
10,1,0.0610580522335074,-0.9389419477664926,9.545334908568294e-107,1,2.214286520149493e-105,1.005920127895427,231.2825726544899
11,1,0.2162792063407984,-0.7837207936592016,1.602583420027826e-70,1,3.717605404496948e-69,0.9973967976316446,1036.170100244556
12,1,0.345523329806216,-0.654476670193784,1.782097746497566e-45,1,4.134035165299633e-44,0.9995756854118771,545.8919288262712
13,1,0.1268591658150734,-0.8731408341849266,1.939226263931984e-86,1,4.498535270763499e-85,1.00092490698664,422.6979225367878
14,1,0.2520298453657363,-0.7479701546342636,1.055494655481755e-59,1,2.448491970276645e-58,0.9987334450822944,667.7841950420684
15,1,0.2505999434498482,-0.7494000565501518,5.509913377819012e-58,1,1.278166458962513e-56,0.9987195760134898,670.2518071015998
16,1,0.1134537549034231,-0.8865462450965769,2.100524342525588e-94,1,4.872707748289907e-93,1.002341661925896,341.9912833420972
17,1,0.04989719531387724,-0.9501028046861227,6.841736859802738e-117,1,1.587117251325801e-115,1.00236181584653,341.0669068229182
18,1,0.2317277969221524,-0.7682722030778476,2.722885663759659e-75,1,6.316435283752286e-74,0.9978209151721644,881.6370247830093
19,1,0.143709290402686,-0.856290709597314,3.395783093868085e-79,1,7.877394352453845e-78,0.9985951443957346,693.239627159571
20,1,0.1007851750264537,-0.8992148249735463,6.824148494001856e-98,1,1.583037176432945e-96,1.003225004398732,305.7215594961264
21,1,0.3261735096965134,-0.6738264903034865,2.57160856571362e-47,1,5.965509054113141e-46,0.9988415515043342,649.1584255645239
22,1,0.3662310213972176,-0.6337689786027824,1.598908072984206e-38,1,3.709079489488714e-37,1.000263170886214,475.2457452270606
23,1,0.3508991377143958,-0.6491008622856043,1.007128929203259e-39,1,2.336295199014507e-38,0.9999357347280435,506.4448913649533
24,1,0.156847082759343,-0.843152917240657,3.486585618593838e-75,1,8.088034218337746e-74,0.9980443510225654,817.4708053726963
25,1,0.157008875756426,-0.8429911242435739,9.2209768282166e-87,1,2.139043301142099e-85,0.9978782321822819,864.2308605569566
26,1,0.1081727068465956,-0.8918272931534045,2.394631037625952e-96,1,5.554964051169208e-95,1.002760454708097,323.7681094715059
27,1,0.4087403762477603,-0.5912596237522397,7.933302860214061e-34,1,1.840334126764571e-32,1.001603842694176,379.7088143554736
28,1,0.4536743182958026,-0.5463256817041974,9.437169464967733e-27,1,2.189194756894993e-25,1.002762917420409,323.6667538518334
29,1,0.3606263505978869,-0.6393736494021131,4.220349816513601e-47,1,9.790189447028129e-46,1.000176619836243,483.1097745401978
30,1,0.3764039974521921,-0.6235960025478079,1.940897502616854e-39,1,4.502412139754798e-38,1.000296938232335,472.2471704049248
31,1,0.282506696401711,-0.717493303598289,7.459437351598566e-50,1,1.730408805323078e-48,0.9982586045314792,764.1743318025781
32,1,0.2117699267313543,-0.7882300732686457,4.085025922620187e-69,1,9.476270787313682e-68,0.9976659104613758,932.4406247428303
33,1,0.1214426882257205,-0.8785573117742795,6.083032801245261e-91,1,1.411116284807747e-89,1.001691620568024,374.7864946166453
34,1,0.3851129648489715,-0.6148870351510285,2.26696981131167e-42,1,5.258820924415506e-41,1.00032034878482,470.1905787370464
35,1,0.4757300215264785,-0.5242699784735214,3.806028313753147e-25,1,8.829063905223374e-24,1.002563702828358,332.0785728067637
36,1,0.4875301931959387,-0.5124698068040613,1.579033133473082e-26,1,3.662974443338093e-25,1.002041115155055,356.4028597476429
37,1,0.6411953779124835,-0.3588046220875165,6.070712628349162e-12,0.9999999999880791,1.408258303086891e-10,1.006535180532649,219.1645430477419
38,1,0.2204663523737393,-0.7795336476262607,1.267269353670945e-63,1,2.939757980323207e-62,0.9973543237074534,1054.696888074131
39,1,0.4591317978340042,-0.5408682021659958,4.620545317321716e-25,1,1.071854608548242e-23,1.002886754714571,318.6515848244154
40,1,0.3101972212677674,-0.6898027787322325,5.717430269599982e-45,1,1.326305352000352e-43,0.9985382132067457,704.294452317638
41,1,0.5289105389722026,-0.4710894610277974,4.024165532331897e-19,1,9.335089421633754e-18,1.00288038261908,318.9058017234411
42,1,0.3217989736616131,-0.6782010263383869,1.255649166185461e-52,1,2.912801959652188e-51,0.9985480631259899,702.3565171448412
43,1,0.4007756887451386,-0.5992243112548614,3.674928659363017e-34,1,8.524944458087221e-33,1.001090661766004,411.320105670037
44,1,0.2194959382850548,-0.7805040617149452,1.368334475132022e-63,1,3.174204585132907e-62,0.99737337679243,1046.304503428956
45,1,0.2097373924459084,-0.7902626075540916,1.641262846205714e-66,1,3.807332305452446e-65,0.9977932441392298,890.2947630671923
46,1,0.4001156889250452,-0.5998843110749548,4.836812101525155e-36,1,1.122023264714292e-34,1.000972185524937,419.3883610423393
47,1,0.3712989009901848,-0.6287010990098152,6.196749721703054e-35,1,1.437495856241807e-33,1.000319819865089,470.2368443761797
48,1,0.5708632131343994,-0.4291367868656006,3.765055831261701e-16,0.9999999999999998,8.734017668976147e-15,1.006461583499104,220.54615486212
49,1,0.6466199908758024,-0.3533800091241976,4.27585264896349e-11,0.9999999999176321,9.918942576494986e-10,1.006408511442637,221.5535085233376
50,1,0.4014478140990156,-0.5985521859009844,4.449794514420649e-31,1,1.03224455769197e-29,1.001304431145458,397.528047605924
51,1,0.5644875647069121,-0.4355124352930879,4.973190965308963e-17,1,1.153659858149973e-15,1.005966139889299,230.3290356614137
52,1,0.2078019083899734,-0.7921980916100266,6.026658464130245e-68,1,1.398038803928151e-66,0.9978755569754023,865.0279031772802
53,1,0.3941074791626177,-0.6058925208373822,6.734886600283819e-32,1,1.562330578925774e-30,1.000855168833666,427.6770423778304
54,1,0.4779752336639522,-0.5220247663360478,2.869729138907722e-23,1,6.657076582048055e-22,1.002727192297483,325.1433792654854
55,1,0.42329057798248,-0.57670942201752,1.064567681951923e-27,1,2.469539194289518e-26,1.0027016545857,326.207311549311
56,1,0.5216447185517429,-0.4783552814482571,9.242908102030525e-21,1,2.144130825513014e-19,1.002351614542818,341.5341658375267
57,1,0.6900159083178837,-0.3099840916821163,2.980406190905637e-09,0.9999999943854228,6.913820558394021e-08,1.004358789010043,269.1891303675304
58,1,0.409274429976918,-0.590725570023082,2.085223872292618e-29,1,4.837214362973063e-28,1.001914813802232,362.8323397422361
59,1,0.7192247291851074,-0.2807752708148926,2.053383221421854e-07,0.9999996222666588,4.763352742544728e-06,1.003859653777326,284.1216265180178
60,1,0.4449374856719811,-0.5550625143280189,6.991528146606128e-30,1,1.621865202066309e-28,1.002587360890028,331.0565371129662
61,1,0.583855480853287,-0.416144519146713,1.010218434966646e-14,0.9999999999999796,2.34346210413763e-13,1.007126176053681,208.6774310542355
62,1,0.4120137928585912,-0.5879862071414088,6.786149528622015e-36,1,1.57422233676245e-34,1.001725451274038,372.9236100868404
63,1,0.6999711679748638,-0.3000288320251362,2.641016577769216e-09,0.9999999949572406,6.126518848323402e-08,1.003722356463973,288.5283944582587
64,1,0.5442099564608719,-0.4557900435391281,2.840324656525572e-18,1,6.58886530439836e-17,1.004030789477727,278.816107089462
65,1,0.5135439838475822,-0.4864560161524178,1.192455208365719e-21,1,2.76620728246643e-20,1.002125801840339,352.2192333957466
66,1,0.6836115529226777,-0.3163884470773223,1.221409346071337e-09,0.9999999976868656,2.833373872996339e-08,1.004594092535233,262.6878065254243
67,1,0.734819785543395,-0.265180214456605,8.602534115336967e-07,0.9999984196981251,1.995581286534855e-05,1.003788269615804,286.3956507359409
68,1,0.829551810041065,-0.170448189958935,0.001614204167479513,0.9973261480510877,0.03750616985722914,1.00513814319479,248.810093863187
69,1,0.6991279088554934,-0.3008720911445066,1.311048037670979e-09,0.9999999974758678,3.041313928423219e-08,1.003628120593858,291.6340883532351
70,1,0.7028906431794923,-0.2971093568205077,1.121177510937407e-08,0.9999999789326951,2.600860316351406e-07,1.003873785736591,283.6757691724715
71,1,0.5350485741890872,-0.4649514258109128,2.108471511197116e-18,1,4.891143254881637e-17,1.003330728831673,301.8951707467417
72,1,0.69190438802361,-0.30809561197639,4.305445074804582e-09,0.9999999919101924,9.987589880028269e-08,1.004311451021449,270.5367047728205
73,1,0.8040625033808183,-0.1959374966191817,0.0002660068962014172,0.9995417581699959,0.006172357638988877,1.004837730248053,256.2835241320637
74,1,0.7297025629952261,-0.2702974370047739,6.940859774714191e-07,0.9999987301103307,1.610112484482091e-05,1.003879397189983,283.4991232874238
75,1,0.82565371742142,-0.17434628257858,0.001286350383722928,0.9978579546823501,0.02987864789824601,1.005119059608837,249.2716570608879
76,1,0.7867146138360553,-0.2132853861639447,7.811367184540181e-05,0.9998627136549738,0.001812189559951168,1.004552814370939,263.8051679723393
77,1,0.7412727191802022,-0.2587272808197978,1.679794952855629e-06,0.9999969255217911,3.896724006479706e-05,1.003871224401755,283.7564729534384
78,1,0.9652065743423488,-0.0347934256576512,0.2869558036075462,0.6160089651673982,9.335577932749702,1.005692900664487,236.1117454121938
79,1,0.8917248234367314,-0.1082751765632686,0.02875571482023006,0.9557895978659403,0.6868127313493224,1.003896903137258,282.949474302759
80,1,0.7297745002197693,-0.2702254997802307,8.231687429525666e-07,0.9999984982962173,1.909553692148509e-05,1.003944058474712,281.4795874754165
81,1,0.9149063962952111,-0.08509360370478891,0.06975514403411857,0.896556724095573,1.739488685269035,1.003432448467757,298.3041569479794
82,1,0.6986559129391214,-0.3013440870608786,4.276835334797886e-08,0.9999999216180339,9.921222593524161e-07,1.004429981422942,267.1879306783642
83,1,0.906481964253873,-0.09351803574612705,0.04940230651383347,0.9254056481774567,1.205571895911974,1.003467735110636,297.0785567903399
84,1,0.9670864575205191,-0.03291354247948086,0.2941653808081173,0.604975625718825,9.667879995592509,1.005604185688258,238.0532803216099
85,1,0.8080984426068127,-0.1919015573931873,0.0004018479288072661,0.9993143854166243,0.009325646203716603,1.004936641522093,253.7730528899642
86,1,0.7913160204888564,-0.2086839795111436,0.0001130404405428037,0.9998025695653237,0.002622560903186013,1.004639523611051,261.4690775508168
87,1,0.8310883251158158,-0.1689116748841842,0.001302341754181761,0.9978202018708078,0.03025057113504996,1.005058973351312,250.7363512637269
88,1,0.7170275360231486,-0.2829724639768514,1.081140381129443e-07,0.9999997995623925,2.507984113784651e-06,1.003745797753523,287.7662293479451
89,1,0.8823166033312093,-0.1176833966687907,0.021672321211987,0.9665146729194765,0.5138823880635538,1.004269537118339,271.7413444157754
90,1,0.8705343527832528,-0.1294656472167472,0.01484085010091988,0.9768821787628201,0.349458033552219,1.004663474432371,260.8311826472946
91,1,0.9223647664147603,-0.07763523358523972,0.08460472069449285,0.8750495433920724,2.144018720825784,1.003342063032189,301.4907099078537
92,1,0.9490655595079065,-0.0509344404920935,0.192782567500254,0.7307670196421931,5.540128948539879,1.004451357782426,266.5929244403555
93,1,1.005006478664182,0.005006478664182357,0.5456181952245048,0.3281659653507761,27.85547432246076,1.005897515667416,231.7541284428707
94,1,0.8514264731470045,-0.1485735268529955,0.004705722558731041,0.9923792632069702,0.1096774783486559,1.004991410505771,252.4043140265184
95,1,0.9424245781461827,-0.05757542185381725,0.1590030904633336,0.7741530396061481,4.385850372398886,1.0040096495731,279.4605868135391
96,1,0.8753688590219231,-0.1246311409780769,0.01306428978071316,0.9793395516820468,0.3070715542537419,1.004399155536545,268.0507216004133
97,1,0.891420324208301,-0.108579675791699,0.02681132827890731,0.958573611246924,0.6390928087627494,1.003865558690777,283.9351563540267
98,1,0.8377741970286466,-0.1622258029713534,0.003996789973759273,0.99357351019774,0.09308790034514512,1.005203898867202,247.2329082589599
99,1,0.9296094871219193,-0.07039051287808074,0.1096554688472891,0.8406932580120102,2.857030299479634,1.003528940408512,294.9767474468154
100,1,1.053935409136744,0.05393540913674433,0.7987015359482015,0.1059832711193341,92.04213924126034,1.005396904813193,242.7186363424757