Codon,alpha,beta,beta-alpha,Prob[alpha<beta],Prob[alpha>beta],BayesFactor,PSRF,Neff
1,1,0.03037678164119135,-0.9696232183588086,1.283695971599083e-218,1,1.472680929686384e-217,-nan,-nan
2,1,0.2169727459067794,-0.7830272540932206,2.692448397041713e-116,1,3.088829050034885e-115,0.9960794118010166,2281.705115745867
3,1,0.01757822399920775,-0.9824217760007923,3.484000927429198e-216,1,3.996913473556561e-215,-nan,-nan
4,1,0.04114422895875868,-0.9588557710412413,2.460570182191748e-196,1,2.822813862191081e-195,-nan,-nan
5,1,0.05023627203989087,-0.9497637279601091,1.427354537344219e-201,1,1.637488824109716e-200,-nan,-nan
6,1,0.078517757300793,-0.921482242699207,6.111698769530002e-182,1,7.01145943043092e-181,-nan,-nan
7,1,0.1494204460099159,-0.850579553990084,7.094488295907374e-140,1,8.138934646847269e-139,1.000059479731841,494.1805612152412
8,1,0.08845078815486965,-0.9115492118451304,1.100912154578243e-163,1,1.262987787745181e-162,-nan,-nan
9,1,0.01431627255268096,-0.985683727447319,6.642524062478494e-231,1,7.620432507558081e-230,-nan,-nan
10,1,0.1563856872666879,-0.8436143127333121,2.131091428220046e-153,1,2.444829441856311e-152,1.002720508011798,325.4211758357215
11,1,0.04244837255689275,-0.9575516274431073,1.688863293703731e-205,1,1.937496744175805e-204,-nan,-nan
12,1,0.08365970213864068,-0.9163402978613593,4.598775703832133e-174,1,5.275804730073439e-173,-nan,-nan
13,1,0.1576119359342599,-0.8423880640657402,3.246499904217006e-134,1,3.724447690844862e-133,1.002624950160226,329.4456912722557
14,1,0.152029963913269,-0.8479700360867309,1.551404979502119e-138,1,1.77980189864366e-137,1.000834128836628,429.2025665525672
15,1,0.3063287669024157,-0.6936712330975843,2.506991136125879e-89,1,2.876068881377194e-88,1.004762087919048,258.2376909523197
16,1,0.07447563555068126,-0.9255243644493187,1.059314232542648e-183,1,1.215265844347563e-182,-nan,-nan
17,1,0.076466332829321,-0.923533667170679,2.464854110138328e-174,1,2.827728467464181e-173,-nan,-nan
18,1,0.1583535898426315,-0.8416464101573685,3.07583937159644e-134,1,3.528662616028938e-133,1.002762979528206,323.6641985674888
19,1,0.3868124844696171,-0.613187515530383,5.602738721771823e-62,1,6.427570586897311e-61,0.9987037388681118,673.0921071635942
20,1,0.2264175937907592,-0.7735824062092408,1.56033160386443e-104,1,1.790042695339839e-103,0.9964283163330178,1730.105582321506
21,1,0.4069527451077826,-0.5930472548922174,1.350535240625925e-56,1,1.549360236179331e-55,0.9984131270462407,729.8740787947194
22,1,0.08759388195055268,-0.9124061180494474,1.9092567636627e-163,1,2.190336409810706e-162,-nan,-nan
23,1,0.1486212462127851,-0.8513787537872148,8.717951976545631e-142,1,1.000140368578659e-140,0.9999168764046338,508.3680038507468
24,1,0.3539679638481367,-0.6460320361518633,1.820926989059684e-71,1,2.089002778281648e-70,0.9988552006794359,646.8808234221202
25,1,0.322435880333393,-0.677564119666607,6.462266792689467e-78,1,7.413637869630727e-77,1.003275698714181,303.8746440346296
26,1,0.3609944038398834,-0.6390055961601167,1.869580469749255e-65,1,2.144818995485431e-64,0.9986821436975478,677.0043140910058
27,1,0.2057056428623046,-0.7942943571376955,1.011278134827893e-114,1,1.160157900873262e-113,0.9965761031487309,1569.510273666907
28,1,0.3134277913376287,-0.6865722086623713,7.673401796095422e-80,1,8.803075448506805e-79,1.004733755176076,258.97745641117
29,1,0.329559629296259,-0.670440370703741,3.054134298871804e-77,1,3.503762135396278e-76,1.0017979261625,368.9950812639566
30,1,0.1448270351235893,-0.8551729648764107,7.313102990366149e-145,1,8.389733666709896e-144,0.9997172275016486,529.6681494219798
31,1,0.1585622402218992,-0.8414377597781008,1.771516885367815e-132,1,2.0323185484868e-131,1.002755229679904,323.9833640524419
32,1,0.3637244134591285,-0.6362755865408715,2.00463902235015e-69,1,2.299760787940088e-68,0.9984995983163888,711.9966262037101
33,1,0.2763078791237568,-0.7236921208762432,1.033778407004151e-89,1,1.185970649748255e-88,0.9975954483992949,957.5314758140937
34,1,0.6480022168582623,-0.3519977831417377,3.364074974675082e-18,1,3.8593320933054e-17,1.000583374318062,448.2668188611075
35,1,0.4653786929168283,-0.5346213070831717,1.222960310823445e-41,1,1.403003801024242e-40,0.9987842119889273,658.9054168224673
36,1,0.3646088999336939,-0.6353911000663061,1.593095944977123e-66,1,1.827630583280545e-65,0.998558187652915,700.3756968188549
37,1,0.6437548598890631,-0.3562451401109369,1.148988546181415e-18,1,1.318141957150208e-17,1.000435919780587,460.2967741933367
38,1,0.4189934370141049,-0.5810065629858951,7.40256281280902e-52,1,8.492363711050248e-51,0.9978846982118376,862.3104705690961
39,1,0.5322132961918188,-0.4677867038081812,8.16049319129117e-32,1,9.361876149443446e-31,0.9969204257471255,1290.602330845111
40,1,0.2221792103390503,-0.7778207896609497,5.06465707929042e-104,1,5.810272884771176e-103,0.9962348176810658,1997.904486999529
41,1,0.4927009207784298,-0.5072990792215701,1.074446723433979e-38,1,1.232626131555255e-37,0.999076445129538,612.0831360381087
42,1,0.4250767901360101,-0.5749232098639899,2.403335933426666e-53,1,2.757153621334933e-52,0.9974302806319814,1022.019205871445
43,1,0.4778906642503739,-0.522109335749626,6.557622823019666e-42,1,7.523032158079689e-41,0.9995670867136863,546.9098375911287
44,1,0.5667484574027701,-0.4332515425972299,8.231000979769396e-31,1,9.44276405264135e-30,0.9981078235055775,800.9188058206107
45,1,0.5542919237211676,-0.4457080762788324,2.155878524863217e-29,1,2.473265680137264e-28,0.9975283826389983,982.7055153698311
46,1,0.7381398753267512,-0.2618601246732488,5.099593258705536e-10,0.999999999036312,5.850352350741989e-09,1.000206429379889,480.3718318026703
47,1,0.6218686612917826,-0.3781313387082174,6.659319772551742e-21,1,7.639700872087262e-20,0.9992784113601051,583.4505497346706
48,1,0.7255996098039891,-0.2744003901960109,4.702293536343053e-11,0.9999999999093973,5.394562396623589e-10,0.9996146416041134,541.3277128971494
49,1,0.8144628132370141,-0.1855371867629859,2.222448231250183e-05,0.9999609346954793,0.0002549692404732436,1.000825131286144,429.8582989496767
50,1,0.4831682141569716,-0.5168317858430284,4.452855279131142e-39,1,5.108401987162907e-38,0.9995415647230182,549.9537519359419
51,1,0.4739867394203315,-0.5260132605796685,1.639358350172498e-43,1,1.880703712276802e-42,0.9994539805824557,560.6641126088887
52,1,0.6640926625801995,-0.3359073374198005,2.36909233015831e-16,0.9999999999999998,2.717868695143076e-15,1.000716728719331,437.9204560642477
53,1,0.6438320161524489,-0.3561679838475511,7.224850809654772e-19,1,8.288489052399091e-18,1.000433942885275,460.4624825833669
54,1,0.8046959148939351,-0.1953040851060649,3.039302349225388e-06,0.9999945197605781,3.486757232246425e-05,1.00094491393806,421.2909977345144
55,1,0.646013789940884,-0.353986210059116,5.118822714546118e-18,1,5.87241275266065e-17,1.000530953128167,452.4702405186487
56,1,0.751659852124022,-0.248340147875978,1.899729270568048e-09,0.9999999964283859,2.179406288984767e-08,1.000833720519635,429.2322805630436
57,1,0.3268735687042556,-0.6731264312957443,7.23105852091434e-71,1,8.295610659221287e-70,1.002314595630852,343.240702213994
58,1,0.8372581779112671,-0.1627418220887329,0.0003182523415732102,0.9994570151494508,0.003652214947703031,1.000623465840208,445.1048274903405
59,1,0.7816816037142,-0.2183183962858,3.958594917780348e-07,0.9999992855740002,4.541378706881981e-06,1.001828097659968,367.3841646624916
60,1,0.6548368089985261,-0.3451631910014739,1.051415368783359e-17,1,1.206204114559625e-16,1.00070919781689,438.4918957969215
61,1,0.5045237902679979,-0.4954762097320021,1.91598350181748e-35,1,2.198053454359189e-34,0.9981702781482057,785.2766026640294
62,1,0.7121640259271829,-0.2878359740728171,1.071627368780035e-11,0.9999999999791737,1.229391713197767e-10,0.9995956933508634,543.5381041088466
63,1,0.8121118271747447,-0.1878881728252553,1.443359024428998e-05,0.9999744847896892,0.000165587338247016,1.000845883618312,428.3489245540221
64,1,0.6758695848492241,-0.3241304151507759,2.769314649785642e-15,0.999999999999995,3.177011506829104e-14,1.000426420257429,461.0941497013508
65,1,0.7804976959181558,-0.2195023040818442,1.380958635255827e-07,0.9999997468957419,1.58426276366732e-06,1.001722194577812,373.1021256289542
66,1,0.6114700334009581,-0.3885299665990419,1.065254220629519e-24,1,1.222080313950676e-23,0.998639850315776,684.8002576101342
67,1,0.6993113816344374,-0.3006886183655626,1.433044817799782e-12,0.999999999997178,1.644016824274788e-11,0.9998432208675637,516.0222695375189
68,1,0.8424994287826273,-0.1575005712173727,0.000512169553037795,0.9991307037354609,0.005878719403821528,1.000712448251189,438.2450706533291
69,1,0.7963208058591235,-0.2036791941408765,1.377582441346634e-06,0.9999975127816247,1.580391486836587e-05,1.001338021498747,395.4452664147927
70,1,0.9487673595007546,-0.05123264049924536,0.176487418503026,0.7446531903558682,2.458611998462216,1.004734590537562,258.955583662912
71,1,0.8624144009734133,-0.1375855990265867,0.00344004154232783,0.9943581473336034,0.0396010534078826,1.002189738794436,349.1258488785144
72,1,0.745163867135498,-0.254836132864502,7.530319452708625e-10,0.999999998576242,8.638928614060367e-09,1.000466550243858,457.7445308907004
73,1,0.802531119046915,-0.197468880953085,3.469580469956703e-06,0.9999937827717748,3.980383855166579e-05,1.001128090438448,408.8359202554889
74,1,0.6216026435506582,-0.3783973564493418,1.208698757847549e-19,1,1.386642670694331e-18,0.9993578259783157,572.9168721772463
75,1,0.8138608054435214,-0.1861391945564786,1.477656244523398e-05,0.999973809846723,0.0001695220968265926,1.000719949538772,437.6765208660311
76,1,0.8780417081997334,-0.1219582918002666,0.008370714589446465,0.9864442755659273,0.09684109130493022,1.003604723523116,292.4157024319185
77,1,0.590834868496745,-0.409165131503255,8.08662186818696e-26,1,9.277129534050744e-25,0.9984253717212308,727.2879037539353
78,1,0.8226228942554077,-0.1773771057445923,9.801138968633404e-05,0.9998315366045301,0.001124515897681141,1.000891902179777,425.0397182258345
79,1,0.9797623880783963,-0.02023761192160367,0.3777867658816454,0.4856149809808282,6.965527013654721,1.002430471175864,337.9555455620264
80,1,0.7495115022729409,-0.2504884977270591,1.026002103966151e-09,0.9999999980598385,1.177049525205816e-08,1.000660909034454,442.1920661549944
81,1,0.8285066001096016,-0.1714933998903984,9.920505737395407e-05,0.9998277216876831,0.001138212586112597,1.00044947841678,459.1634874380237
82,1,0.7579064995709199,-0.2420935004290801,1.895706375229617e-08,0.9999999652086243,2.174791182472639e-07,1.001390390977254,392.2416732419622
83,1,0.9298667120405127,-0.07013328795948726,0.09436865071894983,0.8585673441344026,1.195426234792466,1.005478277777854,240.8651598613156
84,1,0.8320455458869969,-0.1679544541130031,0.0001909254022816205,0.9996723876768889,0.002190751535576648,1.000605934321464,446.4819745670635
85,1,0.9079561480391014,-0.09204385196089859,0.04192436507616841,0.9352740651703335,0.5020109418861882,1.00555320085294,239.1838413897936
86,1,0.9902696576499872,-0.009730342350012799,0.4673402781112473,0.3816865133762753,10.06537220856867,1.00137477601519,393.1913892309255
87,1,0.9856813562720305,-0.01431864372796954,0.4281715940002908,0.4272352141473993,8.590107739824818,1.001818690046926,367.8849291872086
88,1,0.7175148117820289,-0.2824851882179711,1.371291664234455e-11,0.9999999999733384,1.573172408158331e-10,0.9994803405662936,557.396715637568
89,1,0.6938528865325055,-0.3061471134674945,5.848680434152624e-12,0.9999999999886992,6.709719692060285e-11,1.000443676779085,459.6477228433363
90,1,1.005822945500097,0.005822945500096877,0.60336614588274,0.2407840423502444,17.45169617108602,0.9995228357198394,552.2092858171483
91,1,1.023090821121964,0.02309082112196448,0.7309704559832694,0.1302099988753951,31.17068406706796,0.9976049385501911,954.0734074106041
92,1,0.9632995439926937,-0.03670045600730631,0.2563430109597601,0.637476342893489,3.954533891733201,1.003814773607471,285.5470429562513
93,1,1.098241278462227,0.09824127846222686,0.9802951141974603,0.003302002870798064,570.7282902460133,0.9964059781635016,1757.290966471414
94,1,1.121734766340875,0.1217347663408752,0.9947442152541042,0.0006116549744568797,2171.302522190309,0.9965495696890877,1596.105317548936
95,1,1.064714455979292,0.06471445597929248,0.9157238636617423,0.02298170874238169,124.6540518271705,0.9963506078715976,1828.517536923932
96,1,0.9293950489513378,-0.07060495104866216,0.08990371000418675,0.864647981835696,1.133278773888139,1.005482718861202,240.7648300056384
97,1,0.8576121400340895,-0.1423878599659105,0.001615128256927404,0.9972908858954905,0.0185590400209912,1.001432662993873,389.6937428450103
98,1,0.9829509543413778,-0.0170490456586222,0.4040341823938047,0.4542879031443576,7.777557721104274,1.002129518996697,352.037874307284
99,1,1.030979977392469,0.03097997739246883,0.7746676388958794,0.1001261702314265,39.4401294152361,0.9970425231321406,1214.147624259565
100,1,1.043479389626452,0.04347938962645159,0.8405006920593486,0.05728994338974863,60.45409957676019,0.9963464301118398,1834.127156118252