Codon,alpha,beta,beta-alpha,Prob[alpha<beta],Prob[alpha>beta],BayesFactor,PSRF,Neff
1,1.183142360556564,0.07145720754372605,-1.111685153012838,2.117300251325665e-26,1,6.029609464022852e-26,1.157337758561797,19.16589950050666
2,1.053094843076418,0.07151270108196019,-0.9815821419944576,1.386395633963925e-25,1,3.948152478702496e-25,1.033128611823939,68.99091680049034
3,1.223894659679207,0.07145953621463154,-1.152435123464575,5.925989175359148e-33,1,1.68759250810416e-32,1.168136754134493,18.21608921908961
4,0.8886458957441137,0.07439191843468398,-0.8142539773094297,5.141558655913466e-17,0.9999999999999908,1.464203799726279e-16,1.138447885755286,21.1731097219203
5,1.187125403598597,0.07149218363829833,-1.115633219960299,2.332978248981259e-26,1,6.643813375362983e-26,1.167719342171978,18.25058323286953
6,0.8788038113351886,0.07180786107949015,-0.8069959502556985,7.997699306032797e-20,1,2.277570382182281e-19,1.1706372865848,18.01290370663731
7,1.061650435929125,0.07275382316276892,-0.9888966127663559,2.386968844502375e-21,1,6.797566819409724e-21,1.047960553634055,50.73960019851867
8,0.9721667160829147,0.0002461241644214903,-0.9719205919184932,7.252825712283163e-24,1,2.065446623751635e-23,1.067957392971723,37.88315667334206
9,1.163661957427768,0.0008751757294164665,-1.162786781698352,2.928301439730459e-30,1,8.339164019583703e-30,1.053822361842152,46.06467160596948
10,0.7990877383153255,0.07145550741653355,-0.727632230898792,9.099581921159715e-17,0.9999999999999192,2.591362525750567e-16,1.133580798252528,21.77935238113399
11,1.178940647443547,0.2651433708788218,-0.9137972765647253,4.050778804369091e-12,0.9999999997272138,1.153573481148621e-11,1.126208565816185,22.78363883607952
12,0.9510981783974994,0.07151750488593019,-0.8795806735115692,1.243137671847569e-22,1,3.540185038263862e-22,1.07634998508153,34.37174890306348
13,1.042881217973354,0.07144568937470866,-0.9714355285986449,3.801195125412652e-23,1,1.082497491247893e-22,1.067220539635822,38.23046875953392
14,1.198519969465556,0.07168968162025961,-1.126830287845296,1.102543600723619e-25,1,3.139803778542336e-25,1.16140425784533,18.79368574682146
15,1.100984981723049,0.4411128410328143,-0.659872140690235,1.552461840225411e-06,0.9999680350938267,4.42107968896175e-06,1.057656491203961,43.48029921123583
16,0.8598321749730651,0.08188984172846134,-0.7779423332446037,9.519784096358057e-15,0.9999999999987261,2.71102694324606e-14,1.123355262867546,23.20341176675612
17,0.9556825204888583,0.07712474754902518,-0.8785577729398331,9.688180586759751e-18,0.9999999999999989,2.758982592030308e-17,1.099481128367936,27.61732721661902
18,0.9096347475680375,0.07275697467613575,-0.8368777728919018,3.777416494896072e-16,0.9999999999998688,1.075725855741096e-15,1.07884662871276,33.46299019991792
19,1.216431582879136,0.07166372499259957,-1.144767857886536,9.151866188610168e-28,1,2.606251945125139e-27,1.219264830792228,14.96764587514668
20,0.7658623066983085,0.07555204221200826,-0.6903102644863002,5.651602327395091e-14,0.9999999999899082,1.609453116477976e-13,1.055376966383223,44.97721180295732
21,1.220516689185964,0.2835804365933062,-0.9369362525926576,1.127755135352091e-15,0.9999999999998274,3.211600732093541e-15,1.234360540027857,14.27581304981552
22,0.7137791895227323,0.07655625419376515,-0.6372229353289672,2.672756263200077e-12,0.999999999514851,7.611427075385459e-12,1.02975273241969,75.32179973255865
23,1.143652475134917,0.1826714309090519,-0.9609810442258652,3.40664095604411e-15,0.9999999999996538,9.701370665889602e-15,1.118622299129123,23.94259393688469
24,1.09869482414501,0.2817310002208643,-0.8169638239241458,4.023576990867129e-07,0.9999949339518357,1.145827458793785e-06,1.01301811632606,141.7187888224422
25,1.093387103285276,0.2395807700206317,-0.8538063332646439,2.034610087821248e-11,0.9999999987629236,5.794125908071798e-11,1.087339105011289,30.74018243891998
26,1.223875425384573,0.1373361728252473,-1.086539252559325,2.183489349312513e-23,1,6.218101583355835e-23,1.083998684993374,31.74907195552806
27,0.9659495982429652,1.089964744006662,0.1240151457636968,0.578506990072751,0.0914582653637612,3.908633672354484,1.179537288677568,17.33465902337085
28,1.214840519006848,0.6058552702705843,-0.6089852487362636,8.623065762472933e-07,0.9999896621465094,2.455663231150554e-06,1.24039325157452,14.02337186939466
29,1.173661094185114,0.0737950039688242,-1.099866090216289,1.307083553056193e-21,1,3.722288965318795e-21,1.130913398053239,22.13009550964681
30,1.21465745969624,0.4281751457629089,-0.7864823139333307,8.568572847644973e-10,0.9999999737004138,2.440142721716058e-09,1.080798475639139,32.78941986924635
31,1.190827368722627,0.6429017960528624,-0.547925572669765,2.962649124071713e-05,0.9997647878894254,8.437228700971988e-05,1.229014143908218,14.51052925814705
32,0.8707108657532412,0.6263000439424002,-0.244410821810841,0.0259659842311819,0.9323313226553471,0.07591671371222786,1.224480123665597,14.71823836411294
33,1.16340856773398,0.2968361178417057,-0.8665724498922739,5.941520617849391e-10,0.9999999693920095,1.692015525286348e-09,1.085664296036437,31.2367078116453
34,1.166299845134714,0.4107544471229387,-0.7555453980117752,7.874130236525777e-08,0.9999976741092882,2.242380782029011e-07,1.031871462816777,71.21301541422784
35,1.203976766516249,0.2741474204268591,-0.9298293460893898,5.72746726504428e-14,0.9999999999957325,1.631057796577112e-13,1.18332906855509,17.06529343441703
36,0.7036298425874368,0.2084651927954131,-0.4951646497920237,1.467690458674299e-07,0.999995642938116,4.179663027567933e-07,1.084034912005476,31.73772376871689
37,1.184273512735473,0.4719400387686961,-0.7123334739667768,8.022288955743578e-07,0.999989733514775,2.28457481102422e-06,1.064396591654503,39.62988937464499
38,0.9084147752785047,0.6574905590723576,-0.250924216206147,0.02451890711856015,0.9339722988542143,0.07157955385458524,1.204182218122315,15.75958743308464
39,1.154608522569851,0.2266629233863571,-0.9279455991834937,4.304493414289522e-15,0.9999999999994043,1.225825870108592e-14,1.066494578913108,38.57965494728205
40,1.211014540683749,0.7139203617263179,-0.4970941789574315,6.418800049173362e-05,0.9994031796045357,0.0001828051638799922,1.191923204207679,16.49342753714519
41,0.8328306549943962,0.07446705521238925,-0.758363599782007,1.872769494142807e-13,0.9999999999566302,5.333239184545877e-13,1.101849517533575,27.09107814862741
42,0.7760245145858645,0.1763286483890478,-0.5996958661968167,4.400430598185322e-10,0.9999999762734466,1.253146688839102e-09,1.085347835910516,31.33259909121357
43,1.223920662539564,0.2363103210834708,-0.9876103414560934,1.539787589937781e-19,1,4.384979324052299e-19,1.281378519862422,12.59282910999845
44,1.013622019524952,0.1017985347378319,-0.9118234847871197,2.634051936390694e-14,0.9999999999963448,7.501205591623283e-14,1.032659979305782,69.80191382547353
45,1.173509494109443,0.2110853592395892,-0.9624241348698535,7.456243102865651e-15,0.9999999999993608,2.123375461318975e-14,1.186035102451567,16.8796408286403
46,1.153417159048101,0.280995828679761,-0.87242133036834,2.311952414253719e-11,0.9999999985068925,6.583936382640533e-11,1.078662364655655,33.52820452553937
47,1.123634264780562,0.258916136562922,-0.8647181282176397,8.81257423473277e-10,0.999999972902299,2.509628996723832e-09,1.124215003113688,23.07497016330596
48,1.222118254570449,0.262502640891102,-0.9596156136793468,3.853687637945365e-17,0.9999999999999979,1.09744621428136e-16,1.246894824364974,13.76499140846369
49,0.9918019710180708,0.2596817857881929,-0.7321201852298779,1.231831119115628e-09,0.9999999369088828,3.507986445661834e-09,1.058065038008158,43.22345868771366
50,1.168356847962697,0.2532625454033888,-0.9150943025593083,3.303923119032716e-12,0.9999999997933063,9.408852662496208e-12,1.114098850314615,24.70413949751221
51,1.19628990348362,0.3226647314181527,-0.8736251720654671,4.880694657321203e-11,0.9999999959739702,1.389915420819527e-10,1.044774612381543,53.74254538892215
52,0.8924325019006257,0.6384369922409066,-0.2539955096597192,0.02316946589033459,0.938859940939855,0.06754660581280274,1.209920728828221,15.44506153902436
53,1.149825567579545,2.722168019622503,1.572342452042959,0.9489630814088994,5.182096451254136e-11,52.9506878650574,1.022789790849955,93.23693575420404
54,1.069076462271004,0.3088334948379167,-0.7602429674330876,1.499267584251517e-07,0.9999962825393542,4.269587822881228e-07,1.137685765539194,21.26529712405679
55,1.21620759654048,0.2577836978143995,-0.9584238987260809,2.610636921209572e-15,0.9999999999997293,7.434524733748586e-15,1.111658591763679,25.13956723003477
56,1.198258156281764,0.357265332455227,-0.8409928238265373,3.789244648580863e-10,0.9999999900181991,1.079094256420811e-09,1.148508856128037,20.04227368442301
57,1.219356371177543,0.2578811991151962,-0.9614751720623468,7.587906261829621e-16,0.9999999999999195,2.160870258235707e-15,1.130079733092905,22.24256826396226
58,1.00462884290926,0.2905032708458973,-0.7141255720633625,3.093114465159501e-07,0.9999938818421423,8.808518305091133e-07,1.125518549183371,22.88346454567252
59,0.8335939106892919,0.5034377962761468,-0.3301561144131451,0.130997939949358,0.8027125677262269,0.4292896272709325,1.225881800219636,14.6531461158246
60,1.224558306411881,0.4391406768966584,-0.7854176295152229,7.04654878709583e-11,0.9999999981378531,2.006703453218953e-10,1.081698854612122,32.4889414937055
61,1.223580812847462,0.4896184645944698,-0.7339623482529918,1.388687482052229e-09,0.9999999656027612,3.954679167839998e-09,1.129396112403581,22.33584312793169
62,1.033863358946023,0.2618735581794998,-0.7719898007665236,3.722800677114252e-09,0.9999998687583368,1.0601724656156e-08,1.092811040374199,29.236670949191
63,1.027074878259774,0.2744087875140204,-0.7526660907457536,6.150229998321634e-08,0.9999985611727403,1.751451512901807e-07,1.121987340568597,23.41137078787458
64,0.9814955078884054,0.5298740743110748,-0.4516214335773306,0.000548126527840044,0.996280828011278,0.001561800903424245,1.158159826646171,19.08914994504395
65,1.19385692948507,1.22685137787923,0.03299444839416044,0.141023522547316,1.618161930714085e-06,0.4675381157462441,1.197358170725627,16.15702674641081
66,0.8928631222985375,0.5513221510785048,-0.3415409712200327,0.002139822003367675,0.9886695770437717,0.006106813998206255,1.179345919870549,17.34854944674516
67,1.086105377758004,0.6326905962724202,-0.4534147814855837,0.0007016137986232511,0.9966074185188976,0.001999445958936859,1.172047274478471,17.90087805304616
68,1.157441666079398,0.8939126469967539,-0.2635290190826444,0.03960362520098384,0.8283177712541276,0.1174332728023438,1.265637689613128,13.09036679683748
69,1.202566510872903,0.841238714325517,-0.3613277965473857,0.002541237369383146,0.9784132658619284,0.007255327451127073,1.148533283265485,20.0397092637656
70,1.135016330182597,0.6156478821236423,-0.5193684480589543,0.0001233373810131512,0.9992587816556908,0.0003512812950137936,1.217177968268578,15.07075557352283
71,1.099952584558174,1.216418374829155,0.1164657902709816,0.379725239307205,0.02196202502806455,1.7433801205066,1.090648441439266,29.81028616528473
72,1.19875439560583,0.292775500740477,-0.9059788948653525,3.260428551635419e-11,0.9999999980387153,9.28498961828556e-11,1.113006953823918,24.89673959853002
73,0.8617325886662121,0.5762363349730091,-0.285496253693203,0.009482200113071574,0.9652098666354902,0.02726173971419461,1.193363732038893,16.40245610014219
74,1.10416262042108,0.662235231712241,-0.4419273887088387,0.00133582608097137,0.9939779509520486,0.003809229886490873,1.173899220179909,17.75643727444186
75,0.9013207496721684,0.7173001399080146,-0.1840206097641538,0.08649467693408848,0.813735228526388,0.2696404438692693,1.215157875534155,15.17244529689792
76,1.073169517344183,0.766442040947361,-0.3067274763968216,0.02466099048351802,0.9173828333613777,0.07200483440182537,1.096307915165118,28.36106277364398
77,0.9595827667233099,0.5963405027845892,-0.3632422639387207,0.003617613481191612,0.9861557153444366,0.01033957901794327,1.139195137204191,21.08367092754791
78,1.159148313983285,1.226663184197561,0.06751487021427582,0.2642530569159319,0.0003673745984503076,1.022817826131936,1.148717769295311,20.02036791498533
79,1.095818437354311,1.213740003284017,0.1179215659297059,0.4619170221575851,0.01240291555757598,2.444676783775121,1.085149258727448,31.39311474486273
80,0.8458341061108529,0.5886687091613868,-0.2571653969494661,0.1522728433145172,0.7838619440980795,0.511532340429546,1.29886428168221,12.10137178729284
81,1.207042698506321,0.7008308915415998,-0.5062118069647216,6.990148901422697e-05,0.9994242335155603,0.0001990781153936205,1.209124989147863,15.48766055015694
82,0.8413753344468455,0.795608901997104,-0.04576643244974155,0.2728281941455889,0.514089327515005,1.068461680964784,1.212984177796234,15.28399158444158
83,1.126620786093655,1.226848980860082,0.1002281947664274,0.3861368048829311,3.573304235020556e-06,1.791333047144672,1.109171229953019,25.60261034022836
84,1.113301664777023,0.5158846900572157,-0.5974169747198069,0.01432265257580205,0.9682735165994367,0.04138046974603722,1.275807657948332,12.76245105677701
85,1.208967996505186,1.226107282311784,0.0171392858065984,0.07664329136930625,0.002772590047939723,0.2363803507739424,1.186045638554631,16.87892832866911
86,1.188169292855709,0.4584604231284253,-0.7297088697272838,1.04711954379784e-07,0.9999976874283666,2.981968461211812e-07,1.048264464119369,50.47192135070618
87,0.9682003122916848,0.8336841284325031,-0.1345161838591817,0.2721917575498124,0.608383819913951,1.065037096538511,1.217143378514622,15.07248108835741
88,0.9983450260140631,0.4884115857359722,-0.5099334402780908,0.0001157796939856661,0.9987781564874639,0.0003297535028666372,1.126879116147186,22.68763366186275
89,0.9373650511415832,0.6219883333446874,-0.3153767177968958,0.008263211144560431,0.9734735085826658,0.02372789222980956,1.140579592676675,20.92040148001108
90,1.224785763843037,1.160258996239908,-0.0645267676031287,0.006407359069848947,0.2434723362961835,0.01836442907485112,1.187723979942825,16.76643267364018
91,0.8220091977165318,1.216026399071592,0.3940172013550598,0.9686604624201294,0.0001732822321240367,88.02088369125858,1.044355796469722,54.16614729688707
92,1.191474456839037,0.7996165911516921,-0.391857865687345,0.002327530896538953,0.9843382246081113,0.006643764069477741,1.061263150696503,41.32241758376201
93,1.00661395411499,0.8456955906269836,-0.1609183634880067,0.1503057447172453,0.6713684507714334,0.5037553048533151,1.282732358650862,12.55261305967067
94,1.211647215412802,0.7961332459681707,-0.415513969444631,0.0003968733452725375,0.9958053244758295,0.001130657481712763,1.044893883549764,53.62321267306925
95,0.8750051622146309,0.4984654959629691,-0.3765396662516617,0.07431798850978219,0.8690134271641465,0.2286329695390413,1.210603104161073,15.40878394466506
96,1.219669968409778,1.208352205431984,-0.01131776297779452,0.02790447662328024,0.070452617734476,0.08174697164831531,1.150665616577514,19.81896784363851
97,1.16918294417933,0.4668211951083826,-0.7023617490709472,4.235982467278897e-07,0.9999919608057762,1.206315957191756e-06,1.0570833858948,43.84629342050471
98,1.130061202671818,0.8283626544144631,-0.3016985482573551,0.02921459613140808,0.8925032964847454,0.08570050555024845,1.234327943322385,14.27721200650374
99,0.9679875667851056,0.6916369090507771,-0.2763506577343284,0.1059700835193806,0.845579394688432,0.3375498815006972,1.1421300795709,20.74121475202825
100,0.9401666365477505,0.6916104010965994,-0.248556235451151,0.03296301748970031,0.9135791889475868,0.09707124786382537,1.181468104361558,17.19611706231672