ObservedSChanges	ObservedNSChanges	E[SSites]	E[NSSites]	ObservedS.Prop.	P{S}	dS	dN	dN-dS	P{Sleq.observed}	P{Sgeq.observed}	ScaleddN-dS
25	3	0.9992312569908351	2.00076874300917	0.8928571428571429	0.3330770856636111	25.01923336074073	1.499423664270154	-23.51980969647058	0.9999999999327218	1.192374532443807e-09	-3.389350723495224
5	1	0.9999147318001964	2.000085268199809	0.8333333333333334	0.3333049106000648	5.000426377355447	0.4999786838588421	-4.500447693496605	0.9986289595338149	0.01782563055059283	-0.6485424772928374
16	1	0.9999147191352371	2.000085280864768	0.9411764705882353	0.3333049063784118	16.00136461021135	0.4999786806928725	-15.50138592951847	0.9999999922676948	2.706643310590451e-07	-2.233846034191182
12	1	0.6463016956730864	2.186985247338696	0.9230769230769231	0.2281102156868263	18.56718012708087	0.4572504552634192	-18.10992967181745	0.9999999954722585	2.037030357726621e-07	-2.609753396296953
5	0	1.000000000000002	2.000000000000004	1	0.3333333333333333	4.999999999999991	0	-4.999999999999991	1	0.004115226337448097	-0.7205310687534664
14	1	0.999769885430023	2.000101970528989	0.9333333333333333	0.3332708640350947	14.00322234548833	0.499974508667435	-13.50324783682089	0.9999999305039352	2.154964194645004e-06	-1.945901919101501
7	1	0.9994012527468492	2.00029937362658	0.875	0.3331669980531033	7.004193741763417	0.4999251677947493	-6.504268573968668	0.9998481915990685	0.00258256180221017	-0.9373055174122474
10	1	0.6463016956730865	2.187065662567533	0.9090909090909091	0.2281037415756804	15.47265010590073	0.4572336428280975	-15.01541646307263	0.9999999130125701	3.324978982699456e-06	-2.163814814383227
4	6	0.6479477642933045	2.351751807959713	0.4	0.2160042193180843	6.173337142944956	2.551289630007923	-3.622047512937033	0.9554357620695617	0.1507217141830685	-0.521959553114472
8	1	0.6463016956730865	2.18702563715819	0.8888888888888888	0.2281069639162563	12.37812008472058	0.4572420107975484	-11.92087807392303	0.9999983279590974	5.259433786963807e-05	-1.717872603816708
3	0	1.000000000000002	2.000000000000004	1	0.3333333333333333	2.999999999999995	0	-2.999999999999995	1	0.03703703703703698	-0.4323186412520798
9	0	1.000000000000002	2.000000000000004	1	0.3333333333333333	8.999999999999982	0	-8.999999999999982	1.000000000000001	5.080526342449154e-05	-1.296955923756239
13	6	0.6463868086025457	2.353613191397457	0.6842105263157895	0.2154622695341817	20.11179656977425	2.549271911769623	-17.56252465800462	0.9999982362743938	1.540926816745447e-05	-2.53086893236824
13	0	0.6463016956730866	2.186945052786439	1	0.228113451828539	20.11444513767094	0	-20.11444513767094	1	4.528575625606379e-09	-2.898616530485807
6	7	0.6877443099577746	2.138906932456078	0.4615384615384616	0.2433070976844201	8.724172505866871	3.272699664385114	-5.451472841481757	0.9790200304669323	0.07154887752709482	-0.7855911105506707
9	0	0.6463016956730866	2.186945052786438	1	0.228113451828539	13.92538509531065	0	-13.92538509531065	0.9999999999999994	1.672468963431761e-06	-2.006734521105558
6	3	0.6463272433186407	2.35354395145021	0.6666666666666666	0.2154516648733787	9.283223107217822	1.274673454962018	-8.008549652255804	0.9994886964660812	0.004568607334589303	-1.154081768021017
3	5	0.6464556959041131	2.347806655735806	0.375	0.2158981478526948	4.6406892521912	2.129647255145459	-2.51104199704574	0.927962486298897	0.2390685499509387	-0.3618567547632418
21	3	0.6463870202900418	2.187181704437947	0.875	0.2281176435387472	32.48827612685825	1.371628152298818	-31.11664797455943	0.9999999999987215	3.21956905580123e-11	-4.484102324226946
8	0	1.000000000000002	2.000000000000004	1	0.3333333333333333	7.999999999999986	0	-7.999999999999986	1	0.000152415790275473	-1.152849710005546
3	0	0.6463016956730865	2.186945052786438	1	0.228113451828539	4.641795031770218	0	-4.641795031770218	0.9999999999999998	0.01187005384500595	-0.6689115070351862
6	1	0.6463016956730865	2.187067114110216	0.8571428571428571	0.2281036247175022	9.283590063540435	0.4572333393650057	-8.826356724175429	0.9999678689212974	0.0007932458681204624	-1.271932848733896
11	2	0.6484345982970179	2.185817720286561	0.8461538461538461	0.2287850640697628	16.96393133384504	0.9149893796898122	-16.04894195415523	0.9999997891129706	4.381019220955906e-06	-2.312752259717966
5	2	0.646386950110445	2.186980515451173	0.7142857142857143	0.2281338223746142	7.735304679566434	0.914502889198078	-6.820801790368355	0.9992061493793196	0.008525135965248731	-0.9829199207539353
8	5	0.6510800264498074	2.34887972621841	0.6153846153846154	0.2170295871038687	12.2872760259936	2.128674339596678	-10.15860168639692	0.9996786035355385	0.002185443453613822	-1.463917626028071
5	1	0.9999147263910647	2.000085273608941	0.8333333333333334	0.333304908797021	5.000426404405719	0.4999786825066746	-4.500447721899044	0.9986289595783152	0.01782563010552995	-0.6485424813858054
4	5	0.6464026846322585	2.352956234181016	0.4444444444444444	0.2155136154522027	6.188093111456705	2.124986401092297	-4.063106710364409	0.9732380442860262	0.1075219813202881	-0.5855189240956507
4	9	0.649474858142727	2.35011262856945	0.3076923076923077	0.2165213920313459	6.158821931057676	3.829603692431727	-2.329218238625949	0.8699968155512793	0.3048080719381017	-0.3356548213674448
5	1	0.9999144602657712	2.000085539734232	0.8333333333333334	0.33330482008859	5.000427735259504	0.4999786159810335	-4.50044911927847	0.9986289617677122	0.01782560820875989	-0.6485426827568637
14	20	0.68374725927437	2.140426304826434	0.4117647058823529	0.2421052544240743	20.4754019999401	9.343933007598588	-11.13146899234152	0.9914038570931498	0.02153418527123374	-1.604113849969584
23	18	0.6638545776658765	2.168616486493171	0.5609756097560976	0.2343729424339143	34.64614205247838	8.300222797396263	-26.34591925508212	0.9999984673297765	6.851012189557082e-06	-3.796610671631376
9	5	0.6464572611226667	2.353140701611465	0.6428571428571429	0.2155146353458053	13.92203404811355	2.124819819136156	-11.7972142289774	0.9999092784520752	0.0006873160042877302	-1.70005187534374
11	5	0.6467286138354686	2.186880467625476	0.6875	0.2282349453446944	17.0086799388135	2.286361817218579	-14.72231812159492	0.9999858485468935	0.0001188430261770401	-2.121577522136266
11	8	0.646507633576173	2.35312978694451	0.5789473684210527	0.2155285932737667	17.01449360953903	3.39972747971026	-13.61476612982877	0.9998919755417559	0.0006133708464752807	-1.961972398070808
20	10	0.9964184377886617	2.003581562211343	0.6666666666666666	0.3321394792628867	20.07188871814309	4.99106210029356	-15.08082661784953	0.999958272549245	0.0001833199186473955	-2.173240824128972
5	14	0.6499248786149611	2.348875745304768	0.2631578947368421	0.2167282724402814	7.693196805537553	5.960298252466092	-1.73289855307146	0.7856949220907479	0.3962153321069991	-0.2497214492971834
12	15	0.6478580273196209	2.350944326976297	0.4444444444444444	0.2160389218020772	18.52257669731674	6.380414809436377	-12.14216188788036	0.9979854286432406	0.006680603783502881	-1.749760976410412
9	0	1.000000000000002	2.000000000000004	1	0.3333333333333333	8.999999999999982	0	-8.999999999999982	1.000000000000001	5.080526342449154e-05	-1.296955923756239
12	6	0.9980379227764892	2.001962077223516	0.6666666666666666	0.3326793075921625	12.02359121446671	2.997059768645213	-9.026531445821497	0.9991652882743494	0.00384763850266534	-1.300779269958909
12	0	0.6463016956730866	2.186945052786438	1	0.228113451828539	18.56718012708087	0	-18.56718012708087	0.9999999999999996	1.985229713952208e-08	-2.675646028140744
11	9	0.6473119563464308	2.352366727230399	0.55	0.2157937648090272	16.99335211122376	3.825934067090087	-13.16741804413367	0.9997803643195879	0.001109874025253976	-1.897506759212665
4	4	0.6470436857798455	2.352229171718137	0.5	0.2157335182633615	6.181962807007419	1.700514579146335	-4.481448227861084	0.9854995597661745	0.07186229190969773	-0.6458045362368161
7	2	0.999914692295679	2.000085307704325	0.7777777777777778	0.3333048974318926	7.000597204876424	0.9999573479671112	-6.000639856909313	0.9990353239294886	0.008276890116911462	-0.8647294898607045
17	8	0.6472102410946055	2.352105229486835	0.68	0.2157859843163276	26.26658065738956	3.401208372699117	-22.86537228469045	0.9999998998195624	8.37963025190902e-07	-3.295042225946785
3	9	0.6814790145656071	2.141012947890653	0.25	0.2414458654374886	4.40218984866655	4.203617735645593	-0.1985721130209575	0.6751021738243477	0.5823883306348336	-0.02861547536392497
10	14	0.6822303961461182	2.141021164724996	0.4166666666666667	0.2416470447060042	14.65780483615132	6.538935826819926	-8.118869009331391	0.9833860999834632	0.04431828646904279	-1.169979472872591
5	18	0.9916298399340634	1.831937451188959	0.2173913043478261	0.3511975234490199	5.04220405502568	9.825662982280146	4.783458927254467	0.1284501764303193	0.9461524928761268	0.6893261546385954
4	13	1.235141246702978	1.606801398430795	0.2352941176470588	0.4346116023199471	3.238496010620157	8.090607845310455	4.852111834690298	0.0760873508163087	0.9751388111513594	0.6992194651921498
5	5	0.6467279716615079	2.187162087882087	0.5	0.2282120894152347	7.731225830784012	2.286067423947391	-5.445158406836621	0.9874854792717224	0.05522983775521106	-0.7846811612819838
8	18	0.6819327741124167	2.143158006906883	0.3076923076923077	0.2413843755726581	11.73136165865112	8.398820778491519	-3.3325408801596	0.8461978976147519	0.2784895756127421	-0.4802398484092037
4	2	0.9989238080954346	2.000476892262007	0.6666666666666666	0.3330411331758347	4.004309405365429	0.999761610712	-3.004547794653429	0.982239390119683	0.0998488344250994	-0.432974006720502
8	15	0.6532308794731143	2.34668282900269	0.3478260869565217	0.2177498898143333	12.24681847014439	6.392001430536229	-5.854817039608161	0.9548122836372396	0.1074639501190076	-0.8437155157809764
3	2	0.6467289672874597	2.187241994034042	0.6	0.228205925930125	4.638728357232456	0.9143935629689052	-3.72433479426355	0.9889151188257376	0.08187679160967454	-0.5366997859412884
11	29	0.6466151761278236	1.738881501201367	0.275	0.2710610256861796	17.01166382433546	16.67738714798239	-0.3342766763530669	0.6022992782464106	0.537573225846222	-0.04817134617440646
8	28	1.155221815512589	1.215123613865794	0.2222222222222222	0.4873643314576066	6.925076978788081	23.04292310715682	16.11784612836874	0.0009949202369901452	0.9997267698016625	2.322681779375494
2	6	0.6491582892685768	2.350422458066221	0.25	0.2164163407987499	3.080912672706454	2.552732586182154	-0.5281800865243	0.7597278424917042	0.5438362189170999	-0.07611403244753058
4	6	0.9994029921074012	2.000597007892605	0.4	0.3331343307024664	4.002389458095737	2.99910475539514	-1.003284702700597	0.7872793878956411	0.4401921262726635	-0.1445795598201733
8	13	0.716684967086033	2.28331503291397	0.3809523809523809	0.2388949890286775	11.16250565785853	5.69347628890674	-5.469029368951793	0.9568235536399773	0.1052603405675991	-0.7881211152509877
15	36	0.9965021044560691	2.003497895543936	0.2941176470588235	0.3321673681520225	15.05265260647653	17.96857390270742	2.915921296230886	0.3394912337509787	0.7633103160192978	0.4202023775948474
10	13	0.6474862973834503	2.351999612397197	0.4347826086956522	0.2158657572859881	15.44434228247129	5.527211795222273	-9.917130487249015	0.9953068375110985	0.01534351770938625	-1.429120125789026
15	33	0.8024018035896203	2.197598196410383	0.3125	0.2674672678632065	18.69387622621993	15.01639383118493	-3.677482395035009	0.8090449230159515	0.2880228969199122	-0.5299480640833273
4	14	0.6472661002581342	2.352605339053001	0.2222222222222222	0.2157646130351396	6.179838552343112	5.950849370101086	-0.2289891822420262	0.6554568148860969	0.5652889559081598	-0.03299876404276595
12	22	0.6989866104322523	2.112551528474851	0.3529411764705883	0.2486135972190515	17.16771082722059	10.41394716458482	-6.753763662635773	0.9413421355402215	0.1154584581600904	-0.9732593099894575
5	3	0.6461458158524785	2.187825148244205	0.625	0.2280001538612922	7.738191407156847	1.371224753681797	-6.366966653475051	0.9974506384654324	0.01842442129090005	-0.9175194575092135
9	24	0.6811882579837224	2.152287876278752	0.2727272727272727	0.2404072685655526	13.21220660297269	11.15092468090066	-2.06128192207203	0.7449222324189229	0.3959043171701122	-0.2970435332625524
6	10	0.6469927087213899	2.341033618101935	0.375	0.2165284498711999	9.273674832993736	4.271617426881638	-5.002057406112098	0.9601170988883685	0.1118023204910445	-0.7208275537584297
11	15	0.6496579645674242	2.346805512927129	0.4230769230769231	0.2168082372592859	16.93198667598013	6.391667275951965	-10.54031940002817	0.9952500824715146	0.01458592675065107	-1.518925520461041
10	18	0.6473363085916773	2.35046246827273	0.3571428571428572	0.2159372115258411	15.44792075969855	7.65806739863732	-7.789853361061231	0.9742633121677866	0.06201330885093148	-1.122566273535648
4	8	0.6887821433783731	2.133967607647714	0.3333333333333333	0.2440110545144842	5.807351480368815	3.748885396071429	-2.058466084297386	0.854473323072196	0.332752938798263	-0.2966377535423122
11	20	0.661930716416564	1.715623980763139	0.3548387096774194	0.2784081969604139	16.6180534113143	11.65756612419445	-4.96048728711985	0.8735205205826656	0.2231013524860064	-0.714837041305291
18	18	0.6472543477686762	2.352244148575481	0.5	0.2157875219999481	27.80977843107987	7.652266883478399	-20.15751154760147	0.9999603579204459	0.0001571682212300196	-2.904822667760731
9	42	0.3960216113007734	2.591448507332637	0.1764705882352941	0.1325608610545466	22.7260324769615	16.20715205459759	-6.51888042236391	0.8693033276551926	0.2286412103483522	-0.939411175560385
0	17	0.00528333718356363	2.994394442879784	0	0.001761301570014649	0	5.67727476265641	5.67727476265641	0.9704760775887329	0.02952392241126711	0.8181305704687825
7	4	0.9998293387565754	2.00017066124343	0.6363636363636364	0.3332764462521912	7.001194832615592	1.999829353317957	-5.001365479297634	0.9911869878526306	0.03859334063295738	-0.7207278428050047
5	10	0.6472482610679992	2.351425073254127	0.3333333333333333	0.215844871683669	7.725011098136741	4.252740227083248	-3.472270871053492	0.9162498971233073	0.2074256600919581	-0.5003758083443414
16	22	0.6531792705180275	2.345880194379594	0.4210526315789473	0.2177947046943015	24.49557222982692	9.378143032499684	-15.11742919732724	0.9986576482021722	0.003906528105941165	-2.178515483271014
1	19	0.3274523996856775	2.672300830959792	0.05	0.1091597789912933	3.05387897892916	7.109977956028214	4.056098977099055	0.3419049936891804	0.9009176405624949	0.5845090661878057
8	10	0.6465574995033632	2.186576982392564	0.4444444444444444	0.2282127811563285	12.37322280871384	4.573358304109626	-7.799864504604213	0.9894136689834916	0.03472720531188078	-1.124008941526942
12	20	0.6803765205357415	1.678286816689749	0.375	0.288458513683463	17.6372929367859	11.91691420149982	-5.720378735286078	0.8966612025974574	0.1862694410168745	-0.8243421207620574
11	12	0.6476862733822377	2.176352950529145	0.4782608695652174	0.2293474778601594	16.98353115090375	5.513811533686387	-11.46971961721737	0.9978531516042022	0.007626319604070786	-1.652857866819249
8	20	0.645060327919787	2.188960812572975	0.2857142857142857	0.2276130967066914	12.40194080110101	9.136755617151206	-3.2651851839498	0.8324386530207726	0.2954322363566109	-0.4705334740538675
2	32	0.9796343845448813	2.020113891116894	0.05882352941176471	0.3265721969050099	2.041577992313082	15.8406910326762	13.79911304036312	0.0002169174106763154	0.9999746116340151	1.98853793336455
7	25	0.9845864605674244	2.01537331987637	0.21875	0.3281998868737404	7.109583851037164	12.40464967628607	5.295065825248908	0.127516664809506	0.938715101447763	0.7630518876373115
7	13	0.6584001900795012	2.341263131632566	0.35	0.2194913626852354	10.63183168151084	5.552558285464942	-5.079273396045897	0.9469981152403965	0.1289026373624865	-0.7319548577088011
4	21	0.6501818166424304	2.348663834973845	0.16	0.2168106972401212	6.152125294207994	8.941254038696369	2.789128744488376	0.3421250805067079	0.822924732560824	0.4019307830314454
10	15	0.6587550320985194	2.340734270408666	0.4	0.2196223975687745	15.1801496956223	6.408245561928379	-8.771904133693926	0.9884990610883837	0.03218907011277738	-1.264085892090689
5	27	0.9962398055904326	2.003760194409572	0.15625	0.3320799351968103	5.018871934189273	13.47466631752101	8.455794383331732	0.02231085724657152	0.9927476569624769	1.218532512836316
13	31	0.6539263443796166	2.342814667658826	0.2954545454545455	0.2182124987620478	19.87991478204349	13.23194720774832	-6.647967574295169	0.9186145291201917	0.1454301072527003	-0.9580134362690592
1	31	0.7155750177517795	2.280960487478529	0.03125	0.2388007806023915	1.397477518348583	13.59076589453275	12.19328837618417	0.001781860248311279	0.9998385839572481	1.757128621062243
10	21	0.6814414714737436	2.138481150808144	0.3225806451612903	0.2416525425517952	14.67477460444717	9.820053822809701	-4.854720781637464	0.8937579235734235	0.1966198106028404	-0.6995954306585824
14	49	0.9928499167247904	2.004620097435539	0.2222222222222222	0.3312293073940604	14.10082205192014	24.44353424505944	10.3427121931393	0.04084004237266044	0.9787985657349008	1.490449094066437
13	11	0.6518148711186634	2.347630585700256	0.5416666666666666	0.2173117932972683	19.94431329510637	4.68557534861001	-15.25873794649636	0.9998920263847403	0.0005142571015089858	-2.198878952083622
9	27	0.6513521034002967	2.343371115236245	0.25	0.2174999343334469	13.81741143233698	11.52186259549334	-2.295548836843645	0.7565286021507347	0.3799296576967716	-0.3308028513573462
5	29	0.6650734611713536	2.013157131851367	0.1470588235294118	0.2483256904405436	7.517966498308026	14.40523421702837	6.887267718720339	0.1180458108972211	0.9486985085331688	0.9924980740321645
2	13	0.829836862885973	2.00336923962223	0.1333333333333333	0.2928967511934019	2.410112263565252	6.48906838683985	4.078956123274599	0.1393618271818113	0.9601547046251626	0.5878029229803097
3	10	0.9995387059942142	2.000204412931318	0.2307692307692308	0.3332081002830121	3.001384520688452	4.999489019897175	1.998104499208723	0.3227691620570594	0.8610606054588232	0.2879392740591947
15	29	0.6796080753446782	2.157183984290885	0.3409090909090909	0.2395692250464019	22.07154468020766	13.44345230225365	-8.62809237795401	0.9556666209210058	0.08449000275710539	-1.24336172447817
7	12	0.6454787502016353	2.18464842639195	0.3684210526315789	0.2280741146687797	10.84466374425701	5.492874668084953	-5.351789076172055	0.9518787835196263	0.1205258499532849	-0.7712260605594768
16	15	0.6568112287993837	1.708656907063719	0.5161290322580645	0.2776664875934712	24.36011946575146	8.778825016297214	-15.58129444945424	0.9986449749922099	0.004208305672901425	-2.245361348445548
5	21	0.6449598598286954	2.187295598455715	0.1923076923076923	0.2277195222423082	7.752420439510802	9.60089711460423	1.848476675093428	0.4388637243863796	0.7382986031067846	0.2663769748541848