ObservedSChanges	ObservedNSChanges	E[SSites]	E[NSSites]	ObservedS.Prop.	P{S}	dS	dN	dN-dS	P{Sleq.observed}	P{Sgeq.observed}	ScaleddN-dS	pvalue
7	0	1.000000000000001	2.000000000000002	1	0.3333333333333333	6.999999999999994	0	-6.999999999999994	1	0.0004572473708274183	-1.807424477072672	1
7	1	0.999298094234419	2.000350952882792	0.875	0.3331383366980169	7.004916791483358	0.4999122771725916	-6.505004514310766	0.9998482960445781	0.002581098375637136	-1.679614911804789	0.9998482960445781
12	0	1.000000000000001	2.000000000000002	1	0.3333333333333333	11.99999999999999	0	-11.99999999999999	0.9999999999999999	1.881676423232115e-06	-3.09844196069601	0.9999999999999999
3	1	0.9995813906683774	2.000418609331625	0.75	0.3331937968894588	3.001256353916341	0.4998953695667315	-2.50136098434961	0.9876749800767562	0.1109871176573931	-0.6458601527297261	0.9876749800767562
7	1	0.9980485255627548	2.000975737218625	0.875	0.3327910807354177	7.013687030951741	0.4997561846452019	-6.513930846306539	0.9998495565013553	0.002563422690738171	-1.681919721939022	0.9998495565013553
1	1	0.6814492177460388	2.189250152631514	0.5	0.237380906122683	1.467460779113665	0.456777403348806	-1.010683375764859	0.9436503054083739	0.41841211765374	-0.260961981703978	0.9436503054083739
3	5	0.6939315224212655	2.305894462406648	0.375	0.2313239254313191	4.323193143802434	2.168355959700571	-2.154837184101863	0.9104152236712009	0.2756077170042646	-0.5563864958074375	0.9104152236712009
9	2	0.7606623600137578	2.239250874505073	0.8181818181818182	0.2535614534650912	11.83179354350756	0.8931558418803999	-10.93863770162716	0.9999907011817671	0.0001420688012536697	-2.824394503964414	0.9999907011817671
12	0	1.000000000000001	2.000000000000003	1	0.3333333333333333	11.99999999999998	0	-11.99999999999998	0.9999999999999999	1.881676423232115e-06	-3.098441960696008	0.9999999999999999
7	1	0.9983902233682576	2.001609776631745	0.875	0.3327967411227522	7.011286605335719	0.4995978795041524	-6.511688725831566	0.9998495360291927	0.002563709997870034	-1.681340798592306	0.9998495360291927
6	0	1.000000000000001	2.000000000000002	1	0.3333333333333333	5.999999999999995	0	-5.999999999999995	1	0.001371742112482699	-1.549220980348005	1
6	2	0.9986058992048492	2.001394100795155	0.75	0.3328686330682826	6.008376282152514	0.9993034351432329	-5.009072847009281	0.9974326386066653	0.01951924602454069	-1.293360124446383	0.9974326386066653
3	1	0.6814492177460389	2.198137354197012	0.75	0.2366482829117443	4.402382337340995	0.4549306248268111	-3.947451712514184	0.9968637300960244	0.04360268676523771	-1.01924583532294	0.9968637300960244
4	1	0.6814492177460391	2.188626520334959	0.8	0.2374324860854273	5.86984311645466	0.4569075585572976	-5.412935557897362	0.9992454279760755	0.01287195582932754	-1.397638888594389	0.9992454279760755
5	0	1.000000000000001	2.000000000000002	1	0.3333333333333333	4.999999999999996	0	-4.999999999999996	1	0.004115226337448097	-1.291017483623337	1
13	3	0.997081942767851	2.002918057232151	0.8125	0.3323606475892835	13.03804576373395	1.497814645570536	-11.54023111816342	0.9999885303603843	0.0001121022094106028	-2.979728027720616	0.9999885303603843
3	5	0.6840032685128321	2.315647499195836	0.375	0.2280276343753574	4.385943953926763	2.15922328495005	-2.226720668976713	0.9143527463013608	0.2676840748618088	-0.5749470629588785	0.9143527463013608
8	2	0.9982309762574572	2.001769023742547	0.8	0.3327436587524853	8.014177269867343	0.9991162697985809	-7.015061000068762	0.9996497200604872	0.003361040613761412	-1.811313279954599	0.9996497200604872
8	0	1	2.000000000000001	1	0.3333333333333333	7.999999999999996	0	-7.999999999999996	1	0.000152415790275473	-2.065627973797341	1
1	0	0.6814492177460391	2.188341795350686	1	0.2374560428394063	1.467460779113665	0	-1.467460779113665	1	0.2374560428394064	-0.3789035044734535	1
3	1	0.9975516901900561	2.001224154904975	0.75	0.3326529696515025	3.007362956227794	0.4996941484785764	-2.507668807749218	0.987754807430393	0.1105072691827647	-0.6474888547882266	0.987754807430393
6	1	0.9994368638817267	2.000563136118277	0.8571428571428571	0.3331456212939085	6.003380720515468	0.4998592555995583	-5.503521464915909	0.9995445520345252	0.006837108580103113	-1.421028486540553	0.9995445520345252
3	1	0.6822885513722745	2.187845542913491	0.75	0.2377200956326963	4.396966641117097	0.4570706571307263	-3.939895983986371	0.9968065245253694	0.04415462641008761	-1.017294919796756	0.9968065245253694
5	1	0.6818665244899278	2.318133475510075	0.8333333333333334	0.2272888414966424	7.332813417905014	0.4313815449215939	-6.901431872983419	0.9998621303445829	0.002950152575909581	-1.781973842011392	0.9998621303445829
5	17	0.6818160582171645	2.314800459716224	0.2272727272727273	0.2275286324215345	7.333356173913192	7.344045543383062	0.01068936946986998	0.6158111520207876	0.5835762698171523	0.002760032574902337	0.6158111520207876
4	2	0.6868929335237184	2.312844652561793	0.6666666666666666	0.2289843407336423	5.823323846818814	0.8647359855253252	-4.958587861293489	0.9969434946729817	0.02757200737555199	-1.28032472460247	0.9969434946729817
6	0	0.6814492177460392	2.188341795350686	1	0.2374560428394063	8.804764674681989	0	-8.804764674681989	0.9999999999999999	0.0001792665896331869	-2.273421026840721	0.9999999999999999
3	9	0.6850173246574173	2.311406761631307	0.25	0.2286116066787656	4.379451281031942	3.893732660731739	-0.4857186203002035	0.7137720777446344	0.5404278414982262	-0.1254142461857937	0.7137720777446344
5	7	0.6047219671061119	2.201194705484354	0.4166666666666667	0.2155167232916519	8.268262560276133	3.180091239797758	-5.088171320478375	0.9723495481591877	0.09498157950712238	-1.313783626881686	0.9723495481591877
6	0	1.000000000000001	2.000000000000002	1	0.3333333333333333	5.999999999999994	0	-5.999999999999994	1	0.001371742112482699	-1.549220980348005	1
6	10	0.6813681738039242	2.186423657301612	0.375	0.2375933170648778	8.805811939385661	4.573679015320187	-4.232132924065474	0.9373167598705996	0.1582696904911896	-1.092751519597298	0.9373167598705996
2	4	0.7018299048611193	2.201634228541982	0.3333333333333333	0.2417215686554792	2.849693331884693	1.816832218605619	-1.032861113279074	0.8434431560185859	0.4463158071029781	-0.2666883510795899	0.8434431560185859
1	4	0.6816198759054516	2.304128059635833	0.2	0.228291165436871	1.467093368824696	1.736014620920071	0.2689212520953754	0.6785256016454535	0.7263046868172964	0.06943640763460181	0.6785256016454535
2	1	0.6814492177460386	2.188012642639126	0.6666666666666666	0.2374832811524347	2.934921558227332	0.4570357503939396	-2.477885807833392	0.9866063445683331	0.1424076156174456	-0.6397987800670099	0.9866063445683331
5	6	0.6857524334888276	2.214668014803591	0.4545454545454545	0.2364320779397879	7.291261037984286	2.709209669302111	-4.582051368682174	0.9736242785327036	0.09402450976899068	-1.183101685565787	0.9736242785327036
5	5	0.6853781877114165	2.314179686085018	0.5	0.2284930701616893	7.295242378074172	2.160592813974044	-5.134649564100128	0.9874075406707765	0.05549320720221285	-1.325784471906444	0.9874075406707765
3	0	1.000000000000001	2.000000000000001	1	0.3333333333333334	2.999999999999998	0	-2.999999999999998	0.9999999999999999	0.0370370370370372	-0.7746104901740026	0.9999999999999999
1	4	0.6814492177460388	2.318550782253963	0.2	0.2271497392486795	1.467460779113665	1.725215609084666	0.2577548299710009	0.6809200358039638	0.7242745914256787	0.06655319839618461	0.6809200358039638
1	2	0.684324982086569	2.315506141388043	0.3333333333333333	0.2281211687989744	1.461294014067569	0.8637420407795113	-0.5975519732880581	0.8676247141588118	0.5401169619950137	-0.1542900089777018	0.8676247141588118
9	5	0.9816083171697926	2.010002658817519	0.6428571428571429	0.3281203087730468	9.16862647002535	2.487558898524787	-6.681067571500563	0.9964562961357446	0.0156279523505517	-1.725075008815229	0.9964562961357446
5	7	0.6056667847482141	2.196054163475146	0.4166666666666667	0.2161766985153472	8.25536437841574	3.187535224050598	-5.067829154365142	0.9719509963231873	0.096015795616752	-1.308531208460295	0.9719509963231873
3	6	0.6994918214448423	2.300508178555159	0.3333333333333333	0.233163940481614	4.288827843338211	2.608119395501701	-1.680708447836511	0.8642848213744163	0.3522255007032662	-0.4339647982060758	0.8642848213744163
4	10	1.001557397098753	1.994536316456913	0.2857142857142857	0.3342877402556736	3.993780098461599	5.013696625872406	1.019916527410807	0.4724346476097623	0.7412539875457229	0.2633460137447509	0.4724346476097623
11	0	1.000000000000001	2.000000000000002	1	0.3333333333333333	10.99999999999999	0	-10.99999999999999	1	5.645029269252255e-06	-2.840238463971342	1
8	9	0.7952813222152567	2.204718677784746	0.4705882352941176	0.2650937740717519	10.05933344154996	4.082153469595044	-5.977179971954914	0.9816973475128731	0.05537657376096861	-1.54332876931141	0.9816973475128731
5	3	0.6820003729527738	2.314004441799608	0.625	0.2276366077900115	7.331374289946661	1.296453864050015	-6.034920425896646	0.9974729871578641	0.01829817135682366	-1.558237556421635	0.9974729871578641
2	4	0.7258169843833955	2.161145872316976	0.3333333333333333	0.2514119579678145	2.755515568017554	1.850869971915213	-0.9046455961023407	0.8283263525372124	0.4694119179179334	-0.2335826562101958	0.8283263525372124
1	8	0.9970124990979693	2.002987500902034	0.1111111111111111	0.3323374996993227	1.002996452807496	3.994033910045492	2.991037457237996	0.1444716643478607	0.9736359054569903	0.7722963302933095	0.1444716643478607
3	5	0.6818951282660266	2.317218806240674	0.375	0.2273655296720783	4.399503494956214	2.157759114734495	-2.241744380221719	0.9151313313526956	0.2660995887687432	-0.5788262377361209	0.9151313313526956
2	14	0.6145613734897073	2.191738492479689	0.125	0.2189934799706145	3.254353570324894	6.387623362931715	3.13326979260682	0.2859426040738993	0.8948617349586639	0.8090212166328553	0.2859426040738993
5	9	0.916874390528458	2.051881356110727	0.3571428571428572	0.3088413021402709	5.453309691765035	4.386218517555617	-1.067091174209418	0.7576965834157666	0.4447642159581768	-0.2755266725049033	0.7576965834157666
1	13	0.7109463420775231	2.092090937436174	0.07142857142857142	0.2536342799553726	1.40657591271629	6.213879027615934	4.807303114899644	0.09584337025501984	0.9833534752131253	1.241262474082475	0.09584337025501984
3	11	0.7139861387153467	2.286013861284655	0.2142857142857143	0.2379953795717821	4.201762243448883	4.811869335655913	0.6101070922070297	0.5639052997278726	0.6828921187677208	0.1575317845843743	0.5639052997278726
6	0	0.6814492177460389	2.188341795350686	1	0.2374560428394062	8.804764674681991	0	-8.804764674681991	0.9999999999999998	0.0001792665896332979	-2.273421026840722	0.9999999999999998
6	8	0.6829449376750782	2.312513848463733	0.4285714285714285	0.2279934348739293	8.785481330933584	3.459438742524557	-5.326042588409026	0.9763322592522909	0.07688559138077133	-1.375202820031711	0.9763322592522909
5	2	0.6832182414885831	2.187408746182411	0.7142857142857143	0.2380031416212992	7.318305771675671	0.914323856247952	-6.403981915427718	0.9989872417794686	0.0103246754078109	-1.653530523524972	0.9989872417794686
7	3	0.6805524004640024	2.189049823206219	0.7	0.237159141727168	10.28576197105084	1.370457615078863	-8.91530435597198	0.9997192732092497	0.002528550119560324	-2.301962759076627	0.9997192732092497
3	3	0.7029630285044065	2.287596562336761	0.5	0.2350606992274249	4.267649760162592	1.311420050804555	-2.956229709358037	0.9697419446781579	0.1465235892376704	-0.7633088480775934	0.9697419446781579
3	4	0.6822815470950434	2.188365430576946	0.4285714285714285	0.2376751834697395	4.397011780214676	1.827848285350326	-2.56916349486435	0.9402600300929232	0.2184410160124736	-0.6633669980313429	0.9402600300929232
9	6	0.9427757411594455	1.586503442573714	0.6	0.3727448307101985	9.546278724706694	3.781901658067926	-5.764377066638768	0.979896703123771	0.06244557689802654	-1.488382315045613	0.979896703123771
0	10	0.9788629433750659	1.822330577351037	0	0.3494449548495789	0	5.487478575120068	5.487478575120068	0.01357814656923502	0.9864218534307649	1.416886156297699	0.01357814656923502
4	1	0.9991202821862988	2.000439858906852	0.8	0.3330889314398551	4.003521969594196	0.4998900594524515	-3.503631910141745	0.9958998380923325	0.04514690800175414	-0.9046500104347253	0.9958998380923325
6	5	0.6827766570059757	2.317166879423656	0.5454545454545454	0.2275965026390394	8.78764664613818	2.157807469284923	-6.629839176853257	0.9956797504499085	0.02197479898985233	-1.711847658185704	0.9956797504499085
5	2	0.6818645334265069	2.188379190820728	0.7142857142857143	0.2375632869314386	7.332834829924342	0.9139183960389978	-6.418916433885344	0.9989979457286433	0.01023889645047105	-1.65738666841263	0.9989979457286433
0	11	0.03161033387179531	2.968389666128208	0	0.01053677795726509	0	3.705712941100401	3.705712941100401	0.8900127314193216	0.1099872685806784	0.9568280392499762	0.8900127314193216
4	1	0.6814492177460389	2.188455220683538	0.8	0.2374466580214534	5.869843116454661	0.4569433226454878	-5.412899793809173	0.9992452027536703	0.01287484912452475	-1.397629654181761	0.9992452027536703
4	5	0.6384248290829497	2.152745300648352	0.4444444444444444	0.228730173873138	6.265420481446039	2.322615684490928	-3.942804796955111	0.965812701097394	0.1283103704021681	-1.018045985476603	0.965812701097394
3	10	0.6051170621660584	2.196907335363865	0.2307692307692308	0.2159570996953092	4.957718411147245	4.551853343574795	-0.4058650675724502	0.6970129909103473	0.5558392210601025	-0.1047957796456002	0.6970129909103473
3	2	0.6828295805992333	2.187525661683813	0.6	0.2378902689606179	4.393482774087319	0.9142749888751167	-3.479207785212203	0.9870343497848788	0.09115814070337502	-0.8983436159734773	0.9870343497848788
1	7	0.6804176610410959	2.310341108871175	0.125	0.2275067009369849	1.469685543537945	3.029855623103281	1.560170079565337	0.4255882888786923	0.8731887548546401	0.402841370028973	0.4255882888786923
2	10	0.6879606173366066	2.308843579790757	0.1666666666666667	0.229564753678623	2.907143155581879	4.33117257813813	1.424029422556251	0.4563971068676184	0.7998835233796784	0.3676893763428334	0.4563971068676184
4	6	0.9998331323411277	2.000166867658875	0.4	0.3332777107803756	4.000667582033341	2.999749719393557	-1.000917862639784	0.7869858467016358	0.4405837388414084	-0.2584404920677729	0.7869858467016358
8	13	0.8417387467020127	2.156019774660857	0.3809523809523809	0.2807893766971375	9.504136564159037	6.029629297831884	-3.474507266327152	0.8942387411320142	0.2140835086663762	-0.8971299255609371	0.8942387411320142
6	15	0.6233498186404434	2.19153963573317	0.2857142857142857	0.2214473529935317	9.625413885715561	6.844503177320732	-2.780910708394829	0.8358828023375747	0.3138974468296406	-0.7180408689866177	0.8358828023375747
4	11	0.7009941401043167	2.137192421762834	0.2666666666666667	0.2469866320708514	5.706181794051445	5.146939455702729	-0.5592423383487155	0.6963977418953251	0.5278127807528388	-0.1443983272781181	0.6963977418953251
6	20	0.7134222161085451	2.094152527988542	0.2307692307692308	0.2541062237464958	8.410167029459478	9.550402720288114	1.140235690828636	0.4959354042814973	0.6801783985895162	0.2944128424622209	0.4959354042814973
5	6	0.7036239052878633	2.097733851442401	0.4545454545454545	0.251172455070191	7.106068970118949	2.860229383186242	-4.245839586932707	0.9649134157552426	0.1165181706203666	-1.096290627878044	0.9649134157552426
7	20	0.9920366112540323	1.846035842232541	0.2592592592592592	0.3495459074821416	7.056191193540033	10.83402583116295	3.777834637622917	0.2197877151349664	0.8842738132420442	0.9754501134818052	0.2197877151349664
6	11	0.9341803938740859	1.8907821282449	0.3529411764705883	0.3306877123358661	6.422742373255923	5.817698314194794	-0.6050440590611297	0.6824658806278014	0.5129705069472108	-0.1562244917220701	0.6824658806278014
5	8	0.9908300847427827	2.00916991525722	0.3846153846153846	0.3302766949142606	5.046273904064983	3.981743873054069	-1.064530031010914	0.7662193000957043	0.438487133082562	-0.2748653763754369	0.7662193000957043
5	12	0.7379184262139248	1.643195649099252	0.2941176470588235	0.3099046928765351	6.775816705992493	7.302843095146962	0.5270263891544689	0.5613573254064923	0.644990529179714	0.1360800565458594	0.5613573254064923
12	14	1.04234476123545	1.671980616623393	0.4615384615384616	0.3840161425516673	11.51250569511845	8.373302812728387	-3.139202882390068	0.8447853826383682	0.2676849853988781	-0.8105531611612713	0.8447853826383682
2	18	0.8811426040281785	2.11422128390039	0.1	0.294168801186132	2.269780159144411	8.513772960791014	6.243992801646603	0.03987905470072509	0.9912067517682593	1.612220774908807	0.03987905470072509
7	16	0.6812647124976852	1.888082366843008	0.3043478260869565	0.2651509085617584	10.27500745537849	8.474206571164055	-1.800800884214437	0.7524377092737876	0.4108925758897162	-0.4649730852090412	0.7524377092737876
12	9	1.336376576266662	1.386581900617722	0.5714285714285714	0.4907811072447006	8.979504888901547	6.490781392711457	-2.488723496190089	0.8307405617520154	0.3014007220478485	-0.6425971090971213	0.8307405617520154
4	14	0.8066649794162498	2.193335020583752	0.2222222222222222	0.2688883264720831	4.958688057704743	6.382973813217975	1.424285755513233	0.4448852181205704	0.754540550587426	0.3677555624086519	0.4448852181205704
7	6	0.6826550631135857	2.185901775288494	0.5384615384615384	0.2379785730492468	10.25408054262872	2.744862586155375	-7.509217956473346	0.9959275661935315	0.01859640489650383	-1.938906334029082	0.9959275661935315
8	6	0.9976382404732588	2.000891693086485	0.5714285714285714	0.3327091149925255	8.01893880511734	2.998663056441936	-5.020275748675404	0.9827908524604481	0.05701657205424637	-1.296252752830038	0.9827908524604481
4	8	0.6814492177460386	2.172540580600277	0.3333333333333333	0.2387707265600214	5.869843116454664	3.682324772865502	-2.187518343589162	0.8646604138165125	0.3167463058871891	-0.5648248854640748	0.8646604138165125
7	9	0.6829769855735279	2.288799808007223	0.4375	0.2298210912235423	10.24924726288071	3.932191871265482	-6.317055391615229	0.9834965394833881	0.05344200627631779	-1.631085791118467	0.9834965394833881
9	13	0.7178320985364284	2.279855030058796	0.4090909090909091	0.2394619811016831	12.53775084500943	5.702116945420315	-6.835633899589119	0.9778935813134929	0.05878600777369869	-1.764984575203587	0.9778935813134929
8	13	0.9984742570128239	2.001525742987178	0.3809523809523809	0.3328247523376078	8.012224595488247	6.495045115232016	-1.517179480256231	0.7617026165965107	0.3972936927682634	-0.3917410469610728	0.7617026165965107
8	15	0.9642675418296357	2.031279292726273	0.3478260869565217	0.3219003390987172	8.296452647177684	7.384508892358085	-0.9119437548195997	0.6944130123390655	0.4721768906690547	-0.2354670663106437	0.6944130123390655
5	12	0.7553398993549736	2.237585980205594	0.2941176470588235	0.2523750770152301	6.619536455402099	5.36292241109654	-1.256614044305559	0.7579858671946327	0.4352055710265994	-0.3244621402730219	0.7579858671946327
11	10	1.243298628550965	1.634127076175788	0.5238095238095238	0.4320871348680162	8.847431942252072	6.119475128826683	-2.727956813425389	0.8572272188225142	0.2634226691711237	-0.7043679881403174	0.8572272188225142
2	15	0.9872117070747877	2.010409530959465	0.1176470588235294	0.3293317029346144	2.025907903712174	7.461166378793116	5.435258475080941	0.04735248135709615	0.9894962592686279	1.403402743868284	0.04735248135709615
6	10	0.6840868250129555	2.314514638377098	0.375	0.2281352935243234	8.770816482083791	4.320560273929331	-4.45025620815446	0.948431686608595	0.1363087629079371	-1.149071714266142	0.948431686608595
5	8	0.6179257737120042	1.724020009517762	0.3846153846153846	0.2638514427348637	8.091586745061621	4.640317372092298	-3.451269372969323	0.8998131770357671	0.2421251347010234	-0.8911298202394305	0.8998131770357671
3	12	0.6923026630041854	2.29071629043135	0.2	0.2320812149741329	4.333364813276564	5.238536107734387	0.9051712944578236	0.5271722651269692	0.7120022285859411	0.2337183933638039	0.5271722651269692
9	6	0.9982625949018624	2.001737405098141	0.6	0.3327541983006205	9.015663860354074	2.997396154320168	-6.018267706033906	0.9916114290985222	0.03048036941168075	-1.553937765923099	0.9916114290985222
