dN,dS,dN/dS,dS=dN,LRT,p-value,Full Log(L)
0,6.295500958463207,0,2.019196609814424,2.257356956515768,0.1329808498012939,-8.476815559986708
0,0,0,0,0,1,0
0,10.09803260582319,0,2.287656552999138,2.917065917251385,0.08764710278947696,-8.024470293387862
0,0,0,0,0,1,0
0,0,0,0,0,1,0
0,0,0,0,0,1,0
0,0,0,0,0,1,0
0,0,0,0,0,1,0
0,10.09798430958424,0,2.287654282063235,2.917059421475656,0.08764745567683285,-8.024145703828843
0,0,0,0,0,1,0
0,0,0,0,0,1,0
0,0,0,0,0,1,0
0,0,0,0,0,1,0
0,0,0,0,0,1,0
0,0,0,0,0,1,0
0,0,0,0,0,1,0
0,0,0,0,0,1,0
0,0,0,0,0,1,0
0,0,0,0,0,1,0
0,0,0,0,0,1,0
0,0,0,0,0,1,0
0,0,0,0,0,1,0
0,7.421178999245611,0,1.942538691964545,2.64632362925898,0.1037896780455343,-8.27109154436997
0,6.148614012193,0,2.004247837714565,2.226390274881695,0.1356704845038262,-8.498959474298093
0,0,0,0,0,1,0
0,0,0,0,0,1,0
0,5.77608301851105,0,1.805296857545286,2.306160515685505,0.1288620041764642,-8.812145787414126
0,0,0,0,0,1,0
0,0,0,0,0,1,0
0,0,0,0,0,1,0
0,0,0,0,0,1,0
0,0,0,0,0,1,0
0,10.09733769879056,0,1.983631478299516,3.200174885412196,0.07363039616581735,-8.201253145869265
0,5.389157480503251,0,1.76640233578151,2.214334332326896,0.1367340283885644,-8.879199348978664
0,0,0,0,0,1,0
0,0,0,0,0,1,0
0,5.757344497019735,0,1.80350942918035,2.301832441194534,0.1292214700075098,-8.813726384568414
0,0,0,0,0,1,0
0,0,0,0,0,1,0
0,0,0,0,0,1,0
0,0,0,0,0,1,0
0,0,0,0,0,1,0
0,0,0,0,0,1,0
0,0,0,0,0,1,0
0,0,0,0,0,1,0
0,0,0,0,0,1,0
0,0,0,0,0,1,0
2.668159179838476,7.296035941939572,0.3656998404436553,3.902772422665662,0.4740416025738234,0.491133694708645,-13.64302319563926
0,0,0,0,0,1,0
0,0,0,0,0,1,0
0,0,0,0,0,1,0
0,0,0,0,0,1,0
0,0,0,0,0,1,0
0,0,0,0,0,1,0
0,0,0,0,0,1,0
0,0,0,0,0,1,0
5.201209883704094,5.515830424955385e-15,942960439859092.2,3.498554764216474,1.574743569399729,0.2095194676099655,-15.70253115861803
0,0,0,0,0,1,0
0,0,0,0,0,1,0
0,0,0,0,0,1,0
0,0,0,0,0,1,0
2.561606462921616,7.420679757762216,0.3451983573664005,3.802952749052102,0.5276550580606312,0.4675943935778406,-13.66851786295846
0,0,0,0,0,1,0
0,0,0,0,0,1,0
0,0,0,0,0,1,0
2.784132122941503,0,inf,2.154950419107077,0.5102556890030243,0.4750281912626952,-10.34868678849759
0,0,0,0,0,1,0
0,0,0,0,0,1,0
0,0,0,0,0,1,0
0,0,0,0,0,1,0
0,5.872106218931767,0,1.81440810573929,2.328314257931055,0.127039386521795,-8.795955011538307
0,0,0,0,0,1,0
0,0,0,0,0,1,0
0,0,0,0,0,1,0
0,0,0,0,0,1,0
0,0,0,0,0,1,0
0,0,0,0,0,1,0
0,0,0,0,0,1,0
5.277308939264308,1.154381998313565e-14,457154472867206.8,3.967695358247714,1.132292649024336,0.2872868406351702,-15.26895206982384
0,0,0,0,0,1,0
0,0,0,0,0,1,0
0,10.09759724035695,0,1.92221601529431,3.262554054868897,0.0708786500756049,-8.310704249563377
0,0,0,0,0,1,0
0,0,0,0,0,1,0
0,0,0,0,0,1,0
2.988079003470305,5.181391909071795,0.5766942659246934,3.792852748903286,0.1472989848519077,0.7011300245685836,-17.3989062042518
2.071558635264014,1.000001007359017e-06,2071556.548462845,1.922172533022784,0.1484246737913324,0.7000453648576397,-9.868316033673718
0,0,0,0,0,1,0
0,0,0,0,0,1,0
0,0,0,0,0,1,0
0,0,0,0,0,1,0
0,0,0,0,0,1,0
5.190915631608481,4.212050643165132e-15,1232396300844993,3.693164381236377,1.350818451804269,0.2451350849862834,-13.31303780673494
5.729466168238313,0,inf,2.343815251988737,1.777409779397573,0.1824677126075208,-10.25336641105218
0,0,0,0,0,1,0
0,0,0,0,0,1,0
2.667803107307831,0,inf,1.942409262497399,0.6321830232291354,0.4265556956438836,-9.27930750436216
0,0,0,0,0,1,0
2.001018126642486,2.186571047480738e-13,9151397705315.648,1.988962115727314,0.01197354417807261,0.9128664437825749,-9.388539690261517
2.612460242388902,0,inf,1.866130360704288,0.6701617529826436,0.4129952183225484,-9.299831117651065