Codon,alpha,beta,beta-alpha,Prob[alpha<beta],Prob[alpha>beta],BayesFactor,PSRF,Neff
1,1,0.03331489513668508,-0.9666851048633149,5.045438934761547e-236,1,1.090405814243366e-234,-nan,-nan
2,1,0.06114458690349454,-0.9388554130965054,1.472094463270972e-210,1,3.181448398487054e-209,-nan,-nan
3,1,0.02596347654591417,-0.9740365234540859,6.816546126998827e-249,1,1.473172428810478e-247,-nan,-nan
4,1,0.05327992940857151,-0.9467200705914285,1.413157219039904e-222,1,3.054074914007303e-221,-nan,-nan
5,1,0.01434468806866115,-0.9856553119313388,9.741129130232724e-263,1,2.105224932506923e-261,-nan,-nan
6,1,0.2431685982627662,-0.7568314017372338,7.818319518750436e-121,1,1.689672825514194e-119,0.9962910604091239,1911.869972070833
7,1,0.05718720396035735,-0.9428127960396426,9.06884028762251e-225,1,1.95993179303743e-223,-nan,-nan
8,1,0.04369367910613744,-0.9563063208938626,5.992247718509734e-229,1,1.295027417264413e-227,-nan,-nan
9,1,0.01428880029113191,-0.9857111997088681,2.617280615343562e-276,1,5.656391916300048e-275,-nan,-nan
10,1,0.01555646088901648,-0.9844435391109835,6.179036994065088e-260,1,1.335395780599582e-258,-nan,-nan
11,1,0.06323532042429242,-0.9367646795757076,3.020626149418713e-207,1,6.528090734165982e-206,-nan,-nan
12,1,0.238153310800707,-0.761846689199293,1.997486416067138e-126,1,4.316910441518777e-125,0.9965387555431621,1607.205515444753
13,1,0.05996507350203408,-0.9400349264979659,1.038420742225844e-217,1,2.244205171432692e-216,-nan,-nan
14,1,0.05979904624192511,-0.9402009537580749,1.388144805267604e-214,1,3.000018801628914e-213,-nan,-nan
15,1,0.06054955061594802,-0.939450449384052,8.618705228480406e-217,1,1.862649893081876e-215,-nan,-nan
16,1,0.2720971474148687,-0.7279028525851312,3.635828886045847e-106,1,7.85764927135272e-105,0.9975301075827447,982.0413956137035
17,1,0.06472733528585591,-0.9352726647141441,2.522602923231364e-207,1,5.451777199338533e-206,-nan,-nan
18,1,0.1279847265118034,-0.8720152734881966,1.477713968972394e-165,1,3.193593113286369e-164,-nan,-nan
19,1,0.1406882535007846,-0.8593117464992154,1.241460209013059e-160,1,2.683008252727175e-159,0.9959706378106135,2514.230769230769
20,1,0.2402138845130584,-0.7597861154869416,6.44672556129112e-139,1,1.393247867183906e-137,0.9963642989795514,1810.372604385854
21,1,0.233687038098782,-0.766312961901218,5.718456759128809e-116,1,1.235856499162648e-114,0.9970427410843212,1214.019269406665
22,1,0.1829693852392554,-0.8170306147607446,1.375646039282738e-136,1,2.973006826502494e-135,0.9984743478555044,717.1253617231761
23,1,0.1664555665593594,-0.8335444334406406,4.883890178768358e-153,1,1.055492359716127e-151,0.997601556137036,955.3030282747452
24,1,0.274458671874194,-0.7255413281258061,1.546075884621548e-97,1,3.341334927745918e-96,0.9977097902369571,917.4717409549988
25,1,0.4231484615070528,-0.5768515384929472,3.103395157830403e-61,1,6.706968744936181e-60,0.9979542998178051,842.1690155796874
26,1,0.1650985868976466,-0.8349014131023533,8.094051108830185e-146,1,1.749263147165315e-144,0.997465746451523,1007.447319377528
27,1,0.1479120127477908,-0.8520879872522092,1.035356519891213e-156,1,2.237582861871484e-155,0.995723937954634,3381.164896658483
28,1,0.3842457437387892,-0.6157542562612108,7.531059818379519e-78,1,1.627591081679342e-76,0.9997828552472642,522.4707726237849
29,1,0.1510159689187972,-0.8489840310812028,1.429839131393267e-153,1,3.09012738527493e-152,0.9960293425257594,2391.173300246957
30,1,0.1187310851731205,-0.8812689148268795,3.037823273892286e-181,1,6.565256667113969e-180,-nan,-nan
31,1,0.1632542903249853,-0.8367457096750147,2.537552606342231e-151,1,5.484086026372144e-150,0.9973412731490265,1060.523719208035
32,1,0.1828315987775512,-0.8171684012224487,3.572381117731368e-136,1,7.72052777138922e-135,0.9984745616740702,717.0816202509278
33,1,0.4085379942306681,-0.5914620057693319,2.329745299235591e-66,1,5.034978825113257e-65,0.9975432631892778,977.0058516417839
34,1,0.1758833720419933,-0.8241166279580068,3.875366685208766e-141,1,8.375331503395533e-140,0.9983815791012142,736.6232330010452
35,1,0.3562645035557864,-0.6437354964442136,5.536009937527448e-74,1,1.196426614540777e-72,0.9978241724642566,880.6289917710476
36,1,0.2203597121036237,-0.7796402878963763,1.418783085461429e-126,1,3.066233375412757e-125,0.9989415816899107,632.8312948692933
37,1,0.402953045419116,-0.597046954580884,1.17646487630266e-67,1,2.542542200907938e-66,0.9977061002354716,918.7119174078539
38,1,0.1131281634180463,-0.8868718365819537,1.042740682164658e-179,1,2.253541301920787e-178,-nan,-nan
39,1,0.4936422168911695,-0.5063577831088304,1.172365861638703e-44,1,2.533683527797351e-43,0.9989340657440384,634.0293056795391
40,1,0.3938184040498064,-0.6061815959501936,3.924551027707926e-68,1,8.481627295940596e-67,0.9985095351677215,709.9984712634104
41,1,0.5623466252993804,-0.4376533747006196,9.531838069173938e-32,1,2.059993547725839e-30,0.9966346901803247,1513.821728206064
42,1,0.4043283768663078,-0.5956716231336923,7.470003782706934e-69,1,1.614395826092489e-67,0.997641992946906,940.8080853766318
43,1,0.4860123505662104,-0.5139876494337896,6.706345301988988e-46,1,1.449356142085203e-44,0.999295074859238,581.2080793946838
44,1,0.4110622532915344,-0.5889377467084655,8.16856985465842e-62,1,1.765367925118607e-60,0.9975319612269966,981.3287286377536
45,1,0.6245318710370069,-0.3754681289629931,9.932234861287099e-25,1,2.146526155843753e-23,0.997026050725643,1223.927858832574
46,1,0.6212235119415979,-0.3787764880584021,1.626212330463984e-24,1,3.514523519678643e-23,0.9970627902787567,1202.327345214041
47,1,0.4211088330340827,-0.5788911669659174,3.199756104970254e-59,1,6.915221264461038e-58,0.9978328124984779,877.9663435502313
48,1,0.6029241252412776,-0.3970758747587224,5.226782864779661e-27,1,1.129597345094554e-25,0.997305280675714,1076.933711219025
49,1,0.6158544858753485,-0.3841455141246515,2.250823703038341e-25,1,4.864415731444747e-24,0.9971337698151572,1162.690304769442
50,1,0.5892921498935599,-0.4107078501064401,3.33886666987242e-28,1,7.215863033697258e-27,0.9973380910692472,1061.95426957825
51,1,0.4174225575131808,-0.5825774424868192,9.253982869109038e-64,1,1.999944277565989e-62,0.9976625587995153,933.6041776784047
52,1,0.6439753471382279,-0.3560246528617721,1.134360371249393e-21,1,2.451547150309646e-20,0.9972973240358419,1080.630391394061
53,1,0.636124733135835,-0.363875266864165,8.000573660241577e-22,1,1.729061068662412e-20,0.9970677457455708,1199.472241297376
54,1,0.4435680841030033,-0.5564319158969967,3.881380765276741e-49,1,8.38832896101664e-48,0.9995371430383082,550.4845808764425
55,1,0.5124683130385076,-0.4875316869614924,1.796076133466554e-42,1,3.881628306434419e-41,0.9977847377124571,892.9906829179263
56,1,0.6252479713446923,-0.3747520286553077,5.372476492359075e-24,1,1.161084234672439e-22,0.9970223860529486,1226.125232445721
57,1,0.6001382721534577,-0.3998617278465423,6.334110892354119e-29,1,1.368909907421481e-27,0.9973313337971625,1065.004981799656
58,1,0.5316148287550478,-0.4683851712449522,1.217305276503731e-33,1,2.630805304299117e-32,0.9970340477785649,1219.160070530122
59,1,0.610555012254631,-0.389444987745369,2.923198072935888e-27,1,6.317531965263866e-26,0.9972026108694555,1126.673949982711
60,1,0.4023014848238244,-0.5976985151761756,5.648188311434599e-62,1,1.220670283470744e-60,0.9977580243003238,901.5645186986777
61,1,0.6540075857515861,-0.3459924142484139,2.120176729304148e-19,1,4.582065233073694e-18,0.9975525470277796,973.4833825782737
62,1,0.6753162700196403,-0.3246837299803597,1.793474132364124e-15,0.9999999999999968,3.876004936163883e-14,0.9975880933079112,960.2289203644085
63,1,0.6571895177966274,-0.3428104822033726,1.679613847247417e-19,1,3.629933348522053e-18,0.9976752635337541,929.2089878042754
64,1,0.4776799479553386,-0.5223200520446614,5.059112013841718e-43,1,1.093360800939351e-41,0.9995218989065984,552.3225955382841
65,1,0.7148781943508005,-0.2851218056491995,6.704636135510074e-13,0.9999999999985121,1.448986761921195e-11,0.996950543572081,1270.85958111367
66,1,0.5527837349148804,-0.4472162650851196,2.810486239484386e-35,1,6.073942378473325e-34,0.9965849111498739,1560.877143925936
67,1,0.6393309227714381,-0.3606690772285619,3.355558675729497e-19,1,7.251937318756067e-18,0.9970836483486432,1190.401087516417
68,1,0.6599067115191609,-0.3400932884808391,2.643475159469686e-17,1,5.713002814947123e-16,0.9975479339610008,975.2304771001964
69,1,0.7145968020808271,-0.2854031979191729,1.900249746242986e-12,0.9999999999958323,4.106765335213985e-11,0.9969704992096543,1258.108628868945
70,1,0.8495787543478721,-0.1504212456521279,0.0003194036817582284,0.999402417363491,0.00690506640797164,0.9967658652839397,1402.440489404054
71,1,0.6716293097866683,-0.3283706902133317,2.725711816982376e-18,1,5.890730324199034e-17,0.9978102297142938,884.9601831718228
72,1,0.7912604167199611,-0.2087395832800389,2.628396114666829e-07,0.9999994730289806,5.680415908167553e-06,0.996449410971432,1705.196239386245
73,1,0.5662258855201768,-0.4337741144798232,1.243986857734161e-32,1,2.688468773589013e-31,0.996722904967018,1437.064058859088
74,1,0.7491751734610587,-0.2508248265389413,2.961599023230849e-10,0.999999999374251,6.40052300127068e-09,0.9961723721932109,2102.995353062859
75,1,0.7126744332512345,-0.2873255667487655,9.513506530912312e-14,0.9999999999997845,2.056031788171919e-12,0.996996944818754,1241.600997897585
76,1,0.7330342325257936,-0.2669657674742064,7.161688681687228e-11,0.9999999998476277,1.547763649475424e-09,0.9964793197168248,1671.086272159301
77,1,0.7024050710432714,-0.2975949289567286,4.801102282268254e-14,0.9999999999998919,1.037600476599578e-12,0.9972624951956548,1097.116297885134
78,1,0.8413556663322843,-0.1586443336677157,0.0001135928420386108,0.9997838415635723,0.002455214868035257,0.996689962029858,1464.797869551953
79,1,0.8032504756599183,-0.1967495243400817,9.762349657886833e-07,0.9999980530890562,2.10981311184884e-05,0.9965227679252764,1623.902505307727
80,1,0.7649386726829509,-0.2350613273170491,5.053349975403697e-09,0.9999999895714644,1.092115531211391e-07,0.996214269402788,2031.304658767043
81,1,0.7224719994770771,-0.2775280005229229,2.933478303535618e-12,0.9999999999935598,6.339749305265466e-11,0.996730015033622,1431.21585961831
82,1,0.815870017560675,-0.184129982439325,4.938595715148232e-06,0.999990272267155,0.0001067320434645529,0.9965805697506324,1565.120420175803
83,1,0.8482341746483346,-0.1517658253516654,0.0002805544954793701,0.9994742496869395,0.006064964968687473,0.9967515473721409,1413.792554881035
84,1,0.8673220371193704,-0.1326779628806296,0.002698253944949118,0.9951716117745759,0.05847166296983874,0.9974280609515602,1022.945290990167
85,1,0.8667403956821994,-0.1332596043178006,0.001557296241356172,0.9971523055343908,0.03370833427636893,0.9972858935619967,1085.985820290134
86,1,0.7383650854256834,-0.2616349145743166,4.445046471956033e-11,0.9999999999045546,9.606507145343808e-10,0.996306615511658,1889.370379826336
87,1,0.8008073115567569,-0.1991926884432431,6.996832809464549e-07,0.9999986014703521,1.51213652836487e-05,0.9965103233667199,1637.141878051889
88,1,0.649436457827489,-0.350563542172511,3.804582906042785e-18,1,8.222355626856947e-17,0.9973082450964047,1075.562913035808
89,1,0.828828824440268,-0.171171175559732,3.399147257050794e-05,0.9999346460588049,0.0007346389427080877,0.9966531192449029,1497.114356220931
90,1,1.019062234419356,0.01906223441935628,0.7002904020619206,0.1225506942542635,50.49713367637515,0.9985905221633679,694.1241359462032
91,1,0.9838499645658381,-0.01615003543416194,0.3918814563692495,0.433504322548001,13.92693892150875,0.9988115211468082,654.2267507232938
92,1,1.00868062576667,0.008680625766670058,0.6208632467633716,0.1865505807733383,35.39070950367374,0.9984508653179673,721.9621189574116
93,1,0.9829381673366793,-0.01706183266332073,0.3800309947041192,0.4449875728123558,13.24763167201446,0.998698450318343,674.0459772361361
94,1,1.057610002050928,0.05761000205092759,0.8762110952063882,0.0303285889570538,152.9735100699932,0.9976956224710899,922.2518227150049
95,1,0.9128982707981017,-0.08710172920189829,0.03383305146378292,0.9419792733506979,0.7567949004714077,1.003504080978139,295.826784913757
96,1,0.9691312981276186,-0.03086870187238144,0.2732439132685152,0.5871050978076784,8.125517369669273,1.000376173119356,465.3585809558112
97,1,0.8448315034492098,-0.1551684965507902,0.0001948269151181678,0.9996329922096416,0.004211363985108878,0.9967213679171942,1438.334623845308
98,1,0.9824585813931274,-0.01754141860687264,0.3821568961613154,0.4474683573063117,13.36757722538567,0.9990241116309364,619.9698097916859
99,1,0.913238474804087,-0.08676152519591296,0.03709956918784586,0.9368417138346224,0.8326772318694085,1.003313769895751,302.5024066700103
100,1,0.9352644280283469,-0.06473557197165314,0.09112725233455607,0.8503833611592322,2.16687769208478,1.004592040160306,262.7431355036045