dN/dS,LRT,p-value,Log(L)
1,0,1,0
6.728744545674702e-16,3.443242276953914,0.03175547140366453,-9.762923652866343
1.028145822447522e-15,3.443242276095862,0.0317554714201545,-11.92317293315478
1,0,1,0
9.682324783204268e-17,3.447661636173361,0.03167066160143367,-15.22665584303081
1,0,1,0
9.682324783204268e-17,3.443242174021119,0.03175547338181584,-10.26361351856068
1,0,1,0
1,0,1,0
1,0,1,0
1,0,1,0
1,0,1,0
9.682324783204268e-17,3.44324226921275,0.03175547155243341,-11.90975443227124
9.682324783204268e-17,3.447619724523186,0.03167146477271437,-15.33187012016636
0.5304041990710906,0.5009048017144764,0.2395514148965675,-18.52305482085989
9.682324783204268e-17,3.447868849265756,0.03166669100535757,-9.783923554040701
1.028145822447522e-15,3.056352097630761,0.04021101618529188,-11.98673156499879
1,0,1,0
9.682324783204268e-17,3.443242276955054,0.03175547140364271,-10.30771542743134
1,0,1,0
9.682324783204268e-17,3.443242276955083,0.03175547140364204,-10.46285933079365
1,0,1,0
1,0,1,0
1,0,1,0
1,0,1,0
1.611920373695461,0.5840256725268347,0.2223693489407026,-33.82542928464875
9.682324783204268e-17,3.443242174020654,0.03175547338182477,-10.26324364238601
1,0,1,0
1.028145822447522e-15,3.443242173464945,0.03175547339250434,-28.55975472110816
0.4929551144189349,0.6405231959041018,0.2117607019486925,-24.33720258678827
1,0,1,0
1.028145822447522e-15,3.443242276955051,0.03175547140364271,-10.30706018040032
6.728744545674702e-16,3.735308469301465,0.02663691456965267,-9.314367051347244
1.600106770897742,0.5677939996367485,0.2255684280888631,-25.7985623500593
9.555848176237971e-17,4.070244931497079,0.02182247266840337,-10.25894643848351
0.7997199010497682,0.1069695464135378,0.3718104992570663,-26.48058720713911
1,0,1,0
1,0,1,0
1.488777484732264,0.4162451984912465,0.2594082942087997,-26.27846027922417
1.087615170127654,0.01374502761564145,0.4533352560553743,-20.06899851665994
0.5357341324892362,0.4834811897460476,0.2434248488849632,-10.78581531531851
1,0,1,0
1,0,1,0
6.728744545674702e-16,4.24380005430864,0.01969694955340923,-15.36757296401496
0.4915980254290574,0.6460708141959728,0.2107604894240235,-29.66263934020974
5.840566125974614e-16,3.44791176859308,0.0316658686559409,-9.939674974196626
1,0,1,0
1,0,1,0
1,0,1,0
1.028145822447522e-15,3.443242024178069,0.03175547626148356,-17.32021462629535
1,0,1,0
1,0,1,0
0.4499615198573229,0.8453323391064629,0.1789380794767618,-22.99913056401708
2.449231293967717e-15,3.447121161111177,0.03168102062700562,-26.42650544766409
0.4407778118973698,0.8967775350449898,0.1718236222654844,-19.29323767672632
1,0,1,0
1,0,1,0
1,0,1,0
1,0,1,0
1.169632524066081,0.046426198201587,0.4147014651358492,-30.53615898531614
0.4914987615256926,0.6467037028867608,0.2106468314730116,-18.95517891966688
0.9439218320443974,0.006770297464704811,0.4672113065264405,-18.9990118778429
0.4945335073261632,0.6341951236061334,0.2129103388384788,-13.76329371501472
1,0,1,0
5.840566125974614e-16,3.447911285334772,0.03166587791521336,-9.937743115614847
0.5803305469289668,0.3567520213411655,0.2751578182857887,-16.87774861875941
0.4918015518325016,0.6455600633527716,0.2108522799637569,-11.89915538499138
0.5812893692176339,0.3544642106787919,0.2757984312377544,-17.28796055140354
9.682324783204268e-17,4.455205037779756,0.01739751942360429,-21.66286431490132
0.5801703693716392,0.3572020681458987,0.2750321281906196,-11.80492615187345
2.052354268895449,1.642557543714886,0.09998746195317915,-28.99236321207746
9.682324783204268e-17,4.070243510185875,0.02182249103026512,-10.25554921228733
0.9383270237373807,0.004126117545983021,0.4743916092679469,-13.18340491190689
1,0,1,0
1.143706014245272,0.03435504106472109,0.4264768187468674,-19.41292586443567
0.5316112768560193,0.4968992348373291,0.2404328746110937,-16.91642478127718
1,0,1,0
0.5357231870169039,0.4835318842071352,0.243413429379532,-11.19947694843659
0.6392590792483051,0.2328692066802276,0.3147022340691957,-11.91289808232457
0.5310940984158494,0.4985204179699068,0.240075480059816,-18.0793722163435
0.580273359332643,0.3569457914616159,0.2751036885454308,-11.74326103959451
0.491951848275853,0.6446038435531989,0.2110242895441056,-21.76925290810141
0.4915570833393541,0.6463570121850069,0.2107090809240786,-18.35809808389615
1,0,1,0
0.6480465047109026,0.218130630818461,0.3202339951171034,-12.9704589207828
6.728744545674702e-16,3.443242275668744,0.03175547142836277,-25.81362065086656
0.4434380161267935,0.8817238234934912,0.1738649862405408,-13.85435947399359
1,0,1,0
2.449231293967717e-15,3.447120890581211,0.03168102581302773,-26.42541749244325
2.30452887522152,2.139109203196384,0.07179262294179684,-43.87177351052512
0.5254106395106338,0.5177319633302844,0.2359053843238412,-22.07490406990156
1,0,1,0
1.911451684240465,1.02067503605813,0.1561794711312008,-22.33100808761301
0.4909854064721026,0.6489841871285833,0.2102380467257985,-11.18201450796886
0.580178813929659,0.3571734817988741,0.2750401086538092,-11.39205607971983
1.671579721388451,0.6690533352762742,0.2066909261335121,-22.16481150802574
0.7939266212829258,0.114330921543413,0.3676331553633637,-33.68460880693917
2.228573887116316,1.990739886270234,0.07913176965507346,-37.96002907193621
0.5327779118996572,0.4931441441184532,0.2412640580817637,-13.16721249146342
0.6540258228144659,0.2079684059596048,0.3241822139444293,-11.36075468495104