ObservedSChanges	ObservedNSChanges	E[SSites]	E[NSSites]	ObservedS.Prop.	P{S}	dS	dN	dN-dS	P{Sleq.observed}	P{Sgeq.observed}	ScaleddN-dS
0	0	0.9999999999999997	1.999999999999999	0	0.3333333333333333	0	0	0	0	0	0
2	1	0.6074659328866244	2.391443271686965	0.6666666666666666	0.202562295637423	3.29236569777037	0.4181575251394455	-2.874208172630925	0.9916885684857585	0.1064715878132254	-2.974802772472953
0	0	0.9999999999999997	1.999999999999999	0	0.3333333333333333	0	0	0	0	0	0
2	2	0.6089727061142115	2.391027293885787	0.5	0.2029909020380705	3.284219440246809	0.8364605477797337	-2.447758892467075	0.9716364226176855	0.185411051292389	-2.533428166057687
1	0	0.9999999999999997	1.999999999999999	1	0.3333333333333333	1	0	-1	1	0.3333333333333333	-1.034999065412144
1	0	0.6069280743525544	2.231030941744537	1	0.2138607608179041	1.647641693073365	0	-1.647641693073365	1	0.2138607608179041	-1.705307612465016
2	0	0.9999999999999997	1.999999999999999	1	0.3333333333333333	2.000000000000001	0	-2.000000000000001	1	0.1111111111111109	-2.069998130824289
0	0	0.9999999999999997	1.999999999999999	0	0.3333333333333333	0	0	0	0	0	0
2	1	0.607609202027516	2.392390797972483	0.6666666666666666	0.2025364006758387	3.291589385621959	0.4179919103716189	-2.87359747525034	0.991691755604368	0.1064464920049072	-2.974170701254799
0	1	0.9994539853100456	2.000273007344977	0	0.3331816487824584	0	0.4999317574791106	0.4999317574791106	0.6668183512175416	0.3331816487824584	0.5174289017607301
1	0	0.9999999999999997	1.999999999999999	1	0.3333333333333333	1	0	-1	1	0.3333333333333333	-1.034999065412144
1	0	0.6069280743525544	2.231030941744538	1	0.213860760817904	1.647641693073365	0	-1.647641693073365	1	0.2138607608179039	-1.705307612465016
1	0	0.9999999999999997	1.999999999999999	1	0.3333333333333333	1	0	-1	1	0.3333333333333333	-1.034999065412144
0	0	0.9999999999999997	1.999999999999999	0	0.3333333333333333	0	0	0	0	0	0
1	2	0.9993209510044491	2.00067904899555	0.3333333333333333	0.3331069836681498	1.000679510416417	0.9996605907399835	-0.001018919676433083	0.7410424890369545	0.7034018016701868	-0.001054580912838285
5	2	0.685892560409871	2.156989099308078	0.7142857142857143	0.2412666591538392	7.289771443230313	0.9272184085870264	-6.362553034643287	0.9989048726828699	0.01097802239196799	-6.585236444491002
3	0	0.9999999999999997	1.999999999999999	1	0.3333333333333333	3.000000000000001	0	-3.000000000000001	1	0.03703703703703698	-3.104997196236433
2	0	0.6069280743525544	2.231030941744538	1	0.213860760817904	3.295283386146731	0	-3.295283386146731	1	0.04573642501761266	-3.410615224930031
2	0	0.9999999999999997	1.999999999999999	1	0.3333333333333333	2.000000000000001	0	-2.000000000000001	1	0.1111111111111109	-2.069998130824289
0	0	0.9999999999999997	1.999999999999999	0	0.3333333333333333	0	0	0	0	0	0
2	0	0.6069280743525545	2.393071925647445	1	0.2023093581175182	3.29528338614673	0	-3.29528338614673	1	0.04092907638192211	-3.410615224930031
3	0	0.9999999999999997	1.999999999999999	1	0.3333333333333333	3.000000000000001	0	-3.000000000000001	1	0.03703703703703698	-3.104997196236433
0	2	0.6069280743525544	2.231873151418001	0	0.2137973130499166	0	0.8961082751182871	0.8961082751182871	0.6181146649675308	0.3818853350324692	0.9274712272555156
0	3	0.9986404258374953	2.001079011032283	0	0.3329112761557398	0	1.49919117808967	1.49919117808967	0.2968593955394587	0.7031406044605413	1.551661468196939
1	2	0.6076076638769279	2.392392336123071	0.3333333333333333	0.202535887958976	1.645798859117998	0.8359832832607412	-0.8098155758572569	0.8935540048646602	0.4928534874422619	-0.8381583641684581
0	1	0.9991075318802783	2.000344487304922	0	0.333096687491499	0	0.4999138930051527	0.4999138930051527	0.6669033125085011	0.3330966874914989	0.5174104120468797
0	1	0.7432196940653688	2.099180654877572	0	0.2614760775489506	0	0.4763763412531647	0.4763763412531647	0.7385239224510494	0.2614760775489506	0.4930490679814821
3	0	0.6069280743525544	2.393071925647445	1	0.2023093581175182	4.942925079220096	0	-4.942925079220096	1	0.00828033517116944	-5.115922837395047
1	0	0.9999999999999997	1.999999999999999	1	0.3333333333333333	1	0	-1	1	0.3333333333333333	-1.034999065412144
1	0	0.6847719094283893	2.157563432125175	1	0.240918761209262	1.460340277151185	0	-1.460340277151185	1	0.240918761209262	-1.511450822035188
7	0	0.9999999999999997	1.999999999999999	1	0.3333333333333333	7.000000000000003	0	-7.000000000000003	1	0.0004572473708274183	-7.244993457885011
0	0	0.9999999999999997	1.999999999999999	0	0.3333333333333333	0	0	0	0	0	0
2	0	0.9999999999999997	1.999999999999999	1	0.3333333333333333	2.000000000000001	0	-2.000000000000001	1	0.1111111111111109	-2.069998130824289
0	2	0.6070625631696552	2.392664688928611	0	0.202372586622675	0	0.8358881247566542	0.8358881247566542	0.6362094905710021	0.3637905094289979	0.8651434279122467
1	4	0.6862758678446826	2.15715169159323	0.2	0.2413551439236755	1.457139973667731	1.854297041598256	0.3971570679305252	0.6510428417868445	0.7486999428443841	0.411057194129921
0	1	0.607608886446394	2.230630789383282	0	0.2140794844144997	0	0.4483036837649303	0.4483036837649303	0.7859205155855002	0.2140794844144998	0.4639938937175243
0	0	1.606928074352554	1.393071925647445	0	0.5356426914508515	0	0	0	0	0	0
2	3	0.6098870285301227	2.389839965140689	0.4	0.2033141781958613	3.279295847331206	1.255314181601859	-2.023981665729346	0.9395030643900039	0.269521148044239	-2.094819132441188
1	0	0.6069280743525545	2.393071925647444	1	0.2023093581175182	1.647641693073365	0	-1.647641693073365	1	0.2023093581175182	-1.705307612465015
1	3	0.9989109134223195	2.000544543288839	0.25	0.3330307543615283	1.001090273980439	1.499591703700875	0.4985014297204367	0.5931305106538559	0.8021102794697649	0.5159485138672695
0	2	0.6082889247098427	2.391711075290156	0	0.202762974903281	0	0.8362214067839967	0.8362214067839967	0.6355868741850665	0.3644131258149335	0.8654883744990649
3	4	1.000603089554603	1.986792005780206	0.4285714285714285	0.3349416657733588	2.99819182182956	2.013295799642205	-0.9848960221873546	0.8242233557195948	0.4330616832445462	-1.01936646249205
1	1	0.6070627625809369	2.392664085104458	0.5	0.2023726803823321	1.647276132946261	0.4179441678526898	-1.229331965093571	0.9590452982348705	0.3637906589995346	-1.272357434953121
0	2	0.9999999999999997	1.999999999999999	0	0.3333333333333333	0	1	1	0.4444444444444445	0.5555555555555555	1.034999065412144
3	1	0.9999999999999996	1.999999999999999	0.75	0.3333333333333333	3.000000000000001	0.5000000000000002	-2.500000000000001	0.9876543209876545	0.1111111111111109	-2.587497663530361
4	9	0.9992015331607863	2.000798466839212	0.3076923076923077	0.3330671777202622	4.003196419591903	4.498204166568494	0.495007746976591	0.5528637305574032	0.676842201504449	0.5123325554925428
1	4	0.745549921729861	2.097331867841192	0.2	0.2622514676708921	1.34129180468526	1.907185057993347	0.5658932533080869	0.6069831281385492	0.7814545490865994	0.5856989882969077
2	0	0.6069280743525545	2.231030941744538	1	0.213860760817904	3.29528338614673	0	-3.29528338614673	0.9999999999999999	0.04573642501761288	-3.410615224930031
2	5	0.7439054067381858	2.098042433586172	0.2857142857142857	0.2617589936672737	2.688513864645012	2.383173914863832	-0.30533994978118	0.7316274010193795	0.5838827552054956	-0.3160265626565122
2	3	0.7752821808724965	2.224717819127503	0.4	0.2584273936241655	2.579705879153853	1.348485625550727	-1.231220253603126	0.8873971475545417	0.3849595947836164	-1.274311811795738
0	1	0.6069280743525545	2.231311504874239	0	0.2138396204445492	0	0.4481669178935919	0.4481669178935919	0.7861603795554508	0.2138396204445492	0.4638523411685087
2	2	0.7430172680585545	2.136813033716823	0.5	0.2580073095280976	2.691727481954548	0.9359733249666456	-1.755754156987902	0.9445939179326817	0.2753006617696891	-1.817203911575965
0	3	0.9966035712172285	2.003396428782771	0	0.3322011904057429	0	1.497456996977253	1.497456996977253	0.2978083851460886	0.7021916148539114	1.549866592366332
3	1	0.6144119821261356	2.385588017873863	0.75	0.2048039940420453	4.882717276474136	0.4191838626399718	-4.463533413834163	0.9982406441573038	0.02908368114630056	-4.619752911754236
1	0	0.6069280743525544	2.231030941744537	1	0.2138607608179041	1.647641693073365	0	-1.647641693073365	1	0.2138607608179041	-1.705307612465016
0	2	0.2673206667160388	2.731639657133718	0	0.08913778038012854	0	0.7321609915777031	0.7321609915777031	0.829669983130839	0.170330016869161	0.7577859420141514
0	3	0.9991127183493888	1.843495371104593	0	0.3514774766370632	0	1.627343386385857	1.627343386385857	0.2727565518648492	0.7272434481351508	1.684298884013995
0	1	0.9999999999999997	1.999999999999999	0	0.3333333333333333	0	0.5000000000000002	0.5000000000000002	0.6666666666666667	0.3333333333333333	0.5174995327060722
0	0	0.6069280743525544	2.231030941744537	0	0.2138607608179041	0	0	0	0	0	0
1	0	0.6069280743525545	2.231030941744538	1	0.213860760817904	1.647641693073365	0	-1.647641693073365	1	0.2138607608179041	-1.705307612465015
0	0	0.6846706831071298	2.157664658446434	0	0.2408831474237316	0	0	0	0	0	0
2	6	0.6085578496094672	2.387302515861388	0.25	0.2031329152130964	3.286458306771443	2.513296894773756	-0.7731614119976871	0.789979020856733	0.5058453596778599	-0.8002213388303397
0	6	0.9700606507523795	2.029666270547019	0	0.323382986586051	0	2.956151012147888	2.956151012147888	0.0959527625880696	0.9040472374119304	3.059613534790228
2	1	0.9995564007566906	1.843324775887359	0.6666666666666666	0.351599781576746	2.000887592221857	0.5424979976838913	-1.458389594537966	0.9565343889100755	0.2839359970345965	-1.50943186735359
2	4	0.6072986890361416	2.392285597855115	0.3333333333333333	0.2024609515692392	3.293272381625339	1.672041165814958	-1.621231215810381	0.8980727748279469	0.3506878446812309	-1.677972793180738
1	1	0.6089653492707437	2.229833518290378	0.5	0.2145151444962777	1.642129558270488	0.4484639735645842	-1.193665584705904	0.953983252781741	0.3830135417742966	-1.235442764585251
2	5	0.6083587528566137	2.385773311344288	0.2857142857142857	0.2031836738701028	3.287533861572281	2.095756531530105	-1.191777330042175	0.8464477610466291	0.4320284052659478	-1.233488422773032
1	3	0.7428823314057316	1.657455745248784	0.25	0.3094907082593665	1.346108202772481	1.810003077668719	0.4638948748962382	0.6349242967941491	0.7726588210142291	0.4801307619670899
1	4	0.9918428225636388	2.007876578120698	0.2	0.3306452004602051	1.008224264218878	1.99215432043331	0.983930056214432	0.4662258603936551	0.8656363141051007	1.018366688612856
0	2	0.6904139846311933	2.155475145958283	0	0.2426004503162729	0	0.9278696642594958	0.9278696642594958	0.5736540778611127	0.4263459221388873	0.960344235332858
0	0	0.6069280743525544	2.231030941744537	0	0.2138607608179041	0	0	0	0	0	0
2	1	0.6859559838704717	2.156652343498136	0.6666666666666666	0.2413121699764592	2.915638972511183	0.4636815956984419	-2.451957376812741	0.9859480150799527	0.1465907202961481	-2.537773593431599
2	1	0.6069280743525545	2.230631825650655	0.6666666666666666	0.2138908413358492	3.29528338614673	0.4483034754999558	-2.846979910646774	0.9902146454420272	0.1176771669061257	-2.94662154676656
2	0	1.298147013315441	1.543177011250163	1	0.4568810181773999	1.540657552253686	0	-1.540657552253686	1	0.2087402647708175	-1.594579126702727
1	0	0.7689690582554619	2.231030941744537	1	0.2563230194184874	1.300442442077801	0	-1.300442442077801	1	0.2563230194184873	-1.345956712172811
2	5	0.2541088255593385	2.74589117444066	0.2857142857142857	0.08470294185311286	7.87064359373448	1.820902462028016	-6.049741131706464	0.9836110543850182	0.1131780822056467	-6.261476417301596
0	0	0.9999999999999997	1.999999999999999	0	0.3333333333333333	0	0	0	0	0	0
4	3	0.9999999999999996	1.999999999999999	0.5714285714285714	0.3333333333333333	4.000000000000002	1.500000000000001	-2.500000000000001	0.954732510288066	0.1732967535436669	-2.587497663530361
2	6	1.280652867358959	1.555539336380606	0.25	0.4515395203718555	1.561703449057606	3.857183074495992	2.295479625438385	0.2175038014072262	0.9378856740698529	2.375819267001347
2	0	0.6848730208297608	2.157462320723803	1	0.24095433456329	2.920249358891217	0	-2.920249358891217	1	0.05805899134483794	-3.022455357222822
1	2	0.9999999999999997	1.999999999999999	0.3333333333333333	0.3333333333333333	1	1	0	0.7407407407407408	0.7037037037037037	0
5	2	0.7628869599068978	2.237113040093101	0.7142857142857143	0.2542956533022994	6.554050944336756	0.8940093612420974	-5.660041583094658	0.9985196774658595	0.01389819879463949	-5.858137748696843
1	1	0.6076075291931965	2.392392470806803	0.5	0.2025358430643989	1.645799223929691	0.4179916180988328	-1.227807605830858	0.9589792322741932	0.364050918402991	-1.270779724540861
2	5	0.6089702361939829	2.388988829336868	0.2857142857142857	0.2031282692267689	3.284232760700828	2.092935696726507	-1.191297063974321	0.8465445638501699	0.4318765283895503	-1.232991347841653
1	2	0.9966016098947523	2.003398390105247	0.3333333333333333	0.3322005366315842	1.003409978542586	0.9983036873135013	-0.00510629122908457	0.7422498502074315	0.7021907401909997	-0.005285006649824757
0	4	0.2567337275151796	2.743266272484819	0	0.08557790917172657	0	1.458115838086999	1.458115838086999	0.6991765231891068	0.3008234768108932	1.509148529682689
1	4	0.6076077161983051	2.36452412719577	0.2	0.2044349807525488	1.645798717397509	1.691672313254777	0.04587359585726825	0.7281728162066022	0.6813026917615722	0.04747912883936704
0	1	0.001050855390613917	1.631698138305063	0	0.0006436111090384681	0	0.612858454958315	0.612858454958315	0.9993563888909616	0.0006436111090384333	0.6343079281117866
0	1	0.8801679506302041	1.99972738959093	0	0.3056249782197363	0	0.5000681618930883	0.5000681618930883	0.6943750217802637	0.3056249782197363	0.5175700802017151
0	2	0.007377151906683662	2.992622848093316	0	0.002459050635561221	0	0.6683100749813015	0.6683100749813015	0.9950879456589059	0.004912054341094096	0.6917003030111669
0	7	0.6072987859722139	2.388560432342114	0	0.2027127250371668	0	2.930635501290674	2.930635501290674	0.2047876811334676	0.7952123188665324	3.033205004899498
0	1	0.6069280743525544	2.392392029677787	0	0.2023552182833015	0	0.417991695171582	0.417991695171582	0.7976447817166985	0.2023552182833015	0.4326210138526252
0	0	0	2.999999999999999	0	0	0	0	0	0	0	0
0	1	0.742983523563243	2.099625024381376	0	0.2613738441406102	0	0.4762755198608072	0.4762755198608072	0.7386261558593898	0.2613738441406102	0.4929447179346185
0	1	0.002008676576913842	1.631016968326519	0	0.001230033700439911	0	0.6131144061769236	0.6131144061769236	0.9987699662995601	0.001230033700439948	0.6345728373838375
1	2	0.6069280743525544	2.230912494169423	0.3333333333333333	0.2138696870728924	1.647641693073365	0.8964941499171653	-0.7511475431562	0.8823441737889377	0.5141707835401608	-0.7774370051532952
1	1	0.6069280743525544	2.230631750827642	0.5	0.2138908469758913	1.647641693073365	0.4483034905375866	-1.199338202535779	0.9542507055799359	0.3820323995317185	-1.241313918737612
2	2	0.999555485108986	2.000171580063667	0.5	0.3332154770725634	2.00088942514475	0.9999142173274645	-1.000975207817285	0.8889936222293775	0.4071978851725873	-1.036008404591617
1	6	0.6069280743525545	2.004721251999126	0.1428571428571428	0.2323926371847161	1.647641693073365	2.992934800295425	1.34529310722206	0.4898053018019951	0.8429731486103483	1.392377108680231
1	0	0.9999999999999997	1.999999999999999	1	0.3333333333333333	1	0	-1	1	0.3333333333333333	-1.034999065412144