dN,dS,dN/dS,dS=dN,LRT,p-value,Full Log(L)
0.06094571999593414,0.8274888720762119,0.07365140735127737,0.2767791151788965,128.0022573460469,0,-531.859257567519
0.03238882222923646,1.126419239352141,0.02875378997243056,0.3276931682235447,214.3739545862852,0,-570.863401323041
0.02108766013307329,1.146880186371012,0.01838697745733964,0.2269313407988764,171.1293960207396,0,-314.7623749449777
0.186299674165728,1.065811811531873,0.1747960307345089,0.3294398720493688,74.98031051645853,0,-639.1545424373259
0.004075077985488206,0.9244304400271106,0.004408204023840557,0.2568686194465628,209.8888755726898,0,-445.593105206376
0.0168637568356375,1.010037715997633,0.01669616546841605,0.1964440702517598,151.7768054849129,0,-283.3194514945323
0.01228510475114934,0.9505142714009264,0.01292469258040997,0.2991066112830673,214.6253931446877,0,-512.4360122151152
0.0210810321183098,0.9709027852429943,0.02171281454613781,0.1930072907945461,140.7041534387316,0,-281.9694811012984
0.008426299361914108,0.8886342309918973,0.009482303368517141,0.2133548752664073,168.1625021122973,0,-298.4152026672261
0.02040728423597508,1.144959707548575,0.01782358287495397,0.3562331294153125,247.0910264212655,0,-579.5508458855153
0.032684063174781,0.8619259566086455,0.0379198038116644,0.2877206425091967,169.0754344653908,0,-527.2131962923319
0.07364176366455598,1.040784844523978,0.07075599155004739,0.3400279435039802,159.1708865490314,0,-618.3235473296967
0.3818142930463719,0.8647866435527429,0.4415127082418743,0.4961437951883692,23.98619461342059,9.702893754015562e-07,-868.4065842824086
0.09833865505699899,1.171759594448608,0.08392391709263022,0.4114858979320908,174.9451864675109,0,-731.6966222058968
0.06931216677015921,0.8684902706015868,0.07980764910831757,0.3151806285716262,138.724165127735,0,-598.734990592989
0.3899542583566496,0.5942702819104589,0.6561900707924102,0.4415384308030483,5.334353045566786,0.02090909937046526,-819.1529266124608
0.1394525160819668,1.032498722264279,0.1350631367137639,0.4230496627308892,131.6011112606939,0,-788.359553054582
0.1015256553539548,1.047655252011205,0.09690750383683371,0.3934131677723179,155.5466724364921,0,-723.7241025952536
0.11977871732595,1.175380954469556,0.1019062941852802,0.4343428790017463,162.7412799886872,0,-759.8004540118941
0.1434749147210811,0.8819404979011352,0.1626809462344982,0.3689706144188312,97.21575641533946,0,-700.6893923739569
0.2837912084100019,1.055703511785372,0.268817149172937,0.4569350292039382,53.55123686325032,2.51909604287448e-13,-735.5090528697658
0.4561755906689773,1.234940838981886,0.3693906430732821,0.6360831606922581,44.7025979217799,2.293532030961387e-11,-998.3559202950952
0.2382731356872372,0.9131835426413705,0.2609257882572385,0.365393224198133,42.42365078143575,7.349587605176566e-11,-607.2321532917225
0.1108174027556703,0.9206178186041696,0.1203728632188441,0.3622435383352373,122.8867049021526,0,-683.4663712979161
0.5032541426622501,0.6942324766366655,0.7249072315088968,0.5513362489282285,3.687067283324041,0.05483595441147215,-948.7310846048317
0.3090506889214406,1.015158038700381,0.3044360357103524,0.4290637566942623,41.01186346937106,1.513079661563665e-10,-785.3283354328926
0.427804714134246,1.107730737028848,0.3861991906821169,0.5269304947221166,26.36254643065854,2.829747568489083e-07,-926.8521773325347
0.1360926113417867,1.022420833739169,0.1331082142018493,0.3005826399535541,81.9890141912598,0,-475.9005258855227
0.4280737857584594,0.8742143869087606,0.4896668279186491,0.5348213762219209,19.05951028079062,1.267047576347657e-05,-901.0749757267627
0.1226810734365402,1.098385636509603,0.1116921683593662,0.4160858422148566,148.3401444664041,0,-748.2615284491153
0.05488064075937489,0.96379891962111,0.05694200277890916,0.215038922540181,109.5129684575411,0,-331.2133265339167
0.08483267395490772,1.175597390949367,0.07216133227924242,0.2862838792712069,126.5456414568371,0,-425.9175218856007
0.07621006731181246,0.8921304366129907,0.08542480357597378,0.2272513951792303,90.38610413829213,0,-367.7784270159763
0.4183355940132468,1.059711392085932,0.3947637037191762,0.5650983532672301,34.33827276358579,4.631829364498685e-09,-971.0040623665687
0.9638446505486838,0.9672876690970799,0.996440543327085,0.9646375932430269,0.0006751463151886128,0.9792704370497675,-1447.545679193758
0.7283230114109511,1.218617829466427,0.5976631834853819,0.8632444689906629,13.53268120629218,0.0002344448680282607,-1198.300264160109
0.7718923522871214,0.8930708956137364,0.8643125154769055,0.8030573932256218,1.037599242448323,0.3083804827095658,-1231.846225670389
0.589865532203294,1.21098969119435,0.4870937684213756,0.7604036984270993,27.85179969800856,1.309721858744339e-07,-1142.679181957795
0.1406452372958934,1.295771414831469,0.108541703950296,0.4802815695884097,171.7361477960087,0,-816.0548042112001
0.3909704450761564,1.020871143078443,0.3829772716438852,0.4993429988544059,29.47709603511885,5.658142410158717e-08,-886.6593499813735
0.1196619755856645,1.259632129108422,0.0949975574776441,0.387774469818234,144.6144681995888,0,-565.8099426090371
0.7303029405130299,0.8477075751802245,0.8615033791077847,0.7579875997231612,0.9661730149327923,0.3256364760801604,-1185.982179937828
0.1881312966131961,1.224967577937186,0.1535806334809321,0.3716517315923022,85.07446340493266,0,-554.3331977514738
0.5555473953597655,1.139210502630027,0.4876600014459192,0.6732557142417132,22.00628291762769,2.717594038026405e-06,-1091.351911926168
0.2904062965799489,0.9185967029402494,0.3161412354849684,0.4341715405418221,40.15157727714313,2.350016847785241e-10,-726.5407479886744
0.1537050656640623,1.016865595099975,0.15115573425311,0.3430407887435128,86.15889593955558,0,-542.023470137708
0.9301530119932938,1.043548527718902,0.8913366147202751,0.9717670665707839,0.7697173486644715,0.3803045070280031,-1313.950427360945
0.1624336676706416,0.9987363607814265,0.1626391849231874,0.3140950640709576,68.37088357520042,1.110223024625157e-16,-512.2836290903707
0.6374374871148998,0.9604236824523646,0.6637044658116451,0.7212817908393352,7.97415304133574,0.004744995138621255,-1114.860103737307
0.7461611151208998,1.030647406056762,0.7239732140555214,0.8074579883955878,4.789026624704093,0.02864160794951187,-1209.956460220915
0.3401746356369628,1.025878789202961,0.331593399938852,0.505134835015808,42.80806562994394,6.038269884101055e-11,-798.9885758804236
0.561941527548618,0.8119655704247194,0.6920755608574389,0.6243539823259346,5.488938831009818,0.01913715501775981,-1006.055178538845
0.279326832589793,1.046897261445365,0.2668139872714438,0.4219634364574062,45.66356305349768,1.404110161473682e-11,-656.8342532904383
0.3273011984291956,1.167597573854233,0.2803202111398502,0.4611973287279928,51.15308926383318,8.54316617449058e-13,-846.5924814590581
0.4550783938930577,1.372558150340354,0.3315549099178142,0.6120420996325164,49.53212679474973,1.9515500326861e-12,-1041.218718686072
0.6234497786884885,1.279172419803574,0.4873852570900675,0.7577561936727186,25.3106405525009,4.880092150383319e-07,-1236.121219284882
0.7025941897574053,1.416407448353486,0.4960396039812847,0.8262237510270718,22.56597354699852,2.030491875193441e-06,-1230.152776917505
0.3339694368484619,0.8098911494203251,0.4123633615301248,0.4843962155106794,32.02334684599418,1.523307890938241e-08,-907.9139172708647
0.556991035868578,0.9573424179953697,0.5818096277765392,0.6306931586829325,10.58638542301014,0.001139234924984911,-1055.408091588163
0.7153763645363481,0.4918448761119744,1.45447558626896,0.6839481143982599,2.86174579402541,0.09070900152504036,-1101.899202946995
0.5570353560360083,1.001872040061135,0.555994512035706,0.6401165423431359,13.02303361847953,0.0003076829840419348,-1052.683257655216
0.3129429356816923,1.082890824871207,0.2889884450899396,0.4619055155381094,45.33502803334068,1.660527271241108e-11,-724.9455970690777
0.8252399538100772,0.854636417734851,0.9656035440161947,0.8342754599335387,0.06615205725665874,0.7970240580024029,-1313.21481480539
0.5903145210481956,0.720285598124429,0.8195561907461865,0.6325105188811336,1.899675425782789,0.1681146537807277,-1090.272249100684
0.4392297297148001,1.054456693831329,0.416546011120547,0.5931272559541044,31.12826151703666,2.415291122659369e-08,-916.2144308845275
0.5656941849588415,1.211149694119379,0.4670720619470205,0.7083365355537692,26.5015609532029,2.633252496053728e-07,-1096.029571560113
0.3423117664986862,1.196857139449558,0.2860088770963238,0.4983918718651938,47.46135091561814,5.609956943430916e-12,-750.5108371561729
0.7375970787397529,0.8154595403802112,0.9045170756060386,0.7560817979414514,0.4280344202938977,0.5129550077219913,-1177.897491715272
0.4974398044309837,1.018826236562429,0.4882479333368667,0.6265204664387061,21.23417709851219,4.064518435487052e-06,-944.5724887779073
0.7723003853416164,1.463573261713986,0.5276813983586842,0.918108793517702,22.5285041084453,2.070484215521695e-06,-1300.096803040409
0.864002775573237,0.9640668478152239,0.896206292676952,0.9023104559559875,0.7554113070782478,0.3847683683848743,-1334.454175890598
0.4800208538530654,1.315092024246024,0.3650093263460203,0.5354391643666843,17.12266245949832,3.50416756702554e-05,-906.2162612234059
0.6370548038094647,1.039167516793991,0.6130434155360124,0.7383205312431352,11.58136743591876,0.0006661593705323821,-1196.870790251271
0.5308487418116425,0.891959415760368,0.5951489859649167,0.6108040113302212,11.05675091060948,0.0008836485773551228,-1053.56971967274
0.7152639491302629,1.052003664997418,0.6799063282084843,0.7916281660889394,7.259842368483532,0.007051348002479751,-1278.212188362077
0.7329544832406324,1.165541974934314,0.6288529276536258,0.8050004336157498,8.869460213872571,0.002899808725980835,-1251.842674477828
1.211984603071425,0.6788632313163032,1.785314842757663,1.001085898350456,18.93658766467388,1.351359608825486e-05,-1350.483203711884
0.6388353585527135,0.6208899901571846,1.028902653739007,0.6340516009749715,0.03084719435037186,0.8605817300915988,-1027.721440120695
0.7372696902188729,1.252681342020042,0.5885532621009353,0.8581899483847076,14.74377689860967,0.0001231533343971636,-1239.125325463655
0.6041144345177357,1.009830993698312,0.5982332076234682,0.6963634761315232,10.88523899051597,0.000969336719310987,-1044.171795222061
0.539944127849339,0.806667656042076,0.6693514036481653,0.5984373258713941,6.406382437577122,0.0113710854941268,-1067.825652795314
0.6820789001118805,0.820418026057024,0.8313797094269013,0.7169901756760858,1.504904578619062,0.2199182519206545,-1113.869938523161
0.8203088896642577,0.8293334079318621,0.9891183471191531,0.8227861466529834,0.005548938691845251,0.940619544092765,-1229.887837866032
1.006853759058551,0.8166134771429407,1.23296245682988,0.9542968853123471,2.317271991180405,0.1279442358100449,-1328.188364592446
0.8910885649982819,1.255687948310816,0.7096417276258781,0.9723284951165201,6.515033088073324,0.01069663316935876,-1391.967000381979
0.5394958266733142,0.9382831701008362,0.5749818859218536,0.6209949537199875,10.3178806655726,0.001317474929393492,-954.0106187686569
0.9116753691778202,1.024871516522161,0.8895508895315339,0.9406346547411193,0.7758877547421434,0.3784017686430006,-1428.68746889794
0.8645491077295682,0.9692660432812411,0.8919626491843495,0.9063522556825493,0.851931840051293,0.3560064035303675,-1351.255073093233
0.8924072083773832,1.089176189035231,0.8193414595005589,0.9543436630158996,2.706526999943435,0.09993835052795974,-1490.248261118311
0.8117806978907646,1.015546950942924,0.7993531930129232,0.8524331104035872,2.136691124403569,0.1438117873723681,-1234.897814482079
0.5319188269932228,1.075447349919638,0.4946023875859381,0.5618078149892334,5.674573428286294,0.01721252451327993,-947.592988152399
0.6430177519550635,1.309644770138578,0.4909863854814794,0.7121420346453721,13.58559271598051,0.0002279281376298403,-1122.677698759118
1.09056204036436,1.120767475763607,0.9730493290959686,1.100492430821805,0.04359152502775032,0.8346154294510162,-1388.35077448637
1.033445582802756,0.9408983871578611,1.09836045731192,1.010768232729397,0.4869016677930631,0.4853126644628405,-1498.606885637927
1.080490102933166,0.9620188145314746,1.123148618937759,1.049332584483317,0.7332740973561158,0.3918239804324716,-1476.198403684984
1.17233928579409,0.9118885431196579,1.285616860349407,1.074128888683241,4.161441760077651,0.04135418884087305,-1461.365195069796
0.7086170609286258,0.8247149472877718,0.8592266494733053,0.7378748454638068,1.033651062450645,0.3093026781578702,-1125.252406359826
0.7320463183254499,1.026343714641484,0.7132564928126085,0.7907914277403336,4.85433779591267,0.02757669759857495,-1195.164149878861
0.7836825218366992,0.8935826357032526,0.8770118067703255,0.8099381580950421,0.8019913931329938,0.3704986419368655,-1233.36993803608
0.6748984320616149,1.25178813285751,0.5391474917732249,0.7812240402115392,16.81444771757242,4.121829594327941e-05,-1204.116852281695