dN/dS,LRT,p-value,Log(L)
0.1750640476481419,353.0953419924153,0,-722.6962760997646
0.02422041815547335,556.1762325440053,0,-319.4732293240322
0.08206491131712153,461.6647699314788,0,-634.4892529593327
0.139155044707254,396.9476154651304,0,-639.4300080311361
0.006033873669885317,609.0930426305747,0,-221.8017076770972
0.09845819141793946,427.6880472624389,0,-588.5173433197684
0.01510875671610409,580.6461870998,0,-291.3252541466884
0.1369892758064508,358.7833003281426,0,-570.8068561898914
0.03592392669386222,539.2808183951245,0,-594.2430356340309
0.00603365224430847,609.0038683380374,0,-293.7937973514374
0.03937438410218965,522.4216246902756,0,-266.536532786913
0.1034411641265751,410.198757785151,0,-562.7387868797814
0.2514828561437478,259.5835439748621,0,-862.940466690775
0.09211811360512047,423.4676756230053,0,-452.7236550049794
0.1332380735893017,373.691437282486,0,-752.5207967090929
0.05483185279606787,488.8455719636707,0,-402.093611935692
0.3449776242886662,190.6997351284845,0,-928.5622776015199
0.22376373377541,268.4168438580509,0,-745.7440751316897
0.2078779590094644,281.887616161225,0,-672.6319326498971
0.1289152141208805,374.7866491806174,0,-534.6999488167312
0.2163175869524319,274.0308254101894,0,-686.2770489758653
0.3254927915162639,186.7015800358095,0,-835.3783646010245
0.2388892555720254,253.377791157621,0,-715.9741392553658
0.4039408373114062,138.7565967165058,0,-918.080840378306
0.2017137523613577,290.3084678538232,0,-805.948782710056
0.4037366852419678,138.2280127410172,0,-966.8970372175336
0.2612709756034826,262.7388307311323,0,-769.5751161192821
0.09815735802545597,413.6758254761394,0,-515.919112105926
0.2529279014432043,249.9870992279405,0,-764.0060757288501
0.165456732320402,330.0677802053297,0,-665.9953590554239
0.3022043556636695,216.4615471886061,0,-822.2630946257692
0.5677539010323901,62.57356915475657,1.27675647831893e-15,-1080.706945585672
0.3016288130248454,221.5367113419352,0,-925.945229708746
0.468942546313416,101.2185433443772,0,-992.0297591614288
0.3432485674665139,165.7191034359091,0,-929.3708076094476
0.4909122276402234,98.36877319826681,0,-1066.813161540553
0.2305610074430532,259.6448120736291,0,-782.0666189779578
0.4409177715035842,121.9315507684487,0,-1040.378921395637
0.4794249125163889,101.0663458561221,0,-1043.879078809267
0.324207480656297,185.2795324222236,0,-915.8223565736957
0.4659480597143116,104.8714026033986,0,-1048.727381642434
0.4071258848368504,145.8982589049867,0,-926.9104748109768
0.5287930480097974,77.05194024356456,0,-1017.044022043439
0.1618274862121682,327.4613561113645,0,-631.5265664169843
0.5249152570317435,74.85529785430708,0,-943.1527547903413
0.4683603531931079,96.02881502695095,0,-959.8449222686922
0.571537864633182,58.60565894681167,9.658940314238862e-15,-1160.112381223848
0.6219441646734465,42.94467935193325,2.815492283758658e-11,-1132.679229151178
0.7099422688675657,24.48254883699565,3.749297378674576e-07,-1198.887218136292
0.462277693028315,112.8511768649623,0,-1030.989034569938
0.4931876043910819,96.94620872779615,0,-971.6183582498479
0.3157209646988232,190.6323207814451,0,-774.144490035427
0.7002416783856452,24.08568389218544,4.607139463264076e-07,-1096.826634192492
0.7615120015393705,16.61109795669881,2.294087880228002e-05,-1244.658840912269
0.5872020634112559,49.13695208912259,1.193489751472043e-12,-1094.000547183209
0.6766122444910628,32.68841755320591,5.408996861522297e-09,-1155.902600109049
0.6385456814579081,43.1655319698416,2.514949359877505e-11,-1105.714665242004
0.4528147374207239,106.7240598530548,0,-996.9576854992679
0.3474257936237153,162.4138898371127,0,-779.5142035270611
0.7342864256808602,20.33894969186849,3.24333046808345e-06,-1167.615116200206
0.7082700896844334,25.43887993327189,2.283110306922076e-07,-1226.827612357611
0.7052455365490182,26.9588189246997,1.039183428197532e-07,-1207.732627519669
0.3901670691131871,137.0225880096284,0,-889.6108871623372
0.6318523400406406,42.43319901297036,3.656897007431326e-11,-1086.4381788553
0.5645574199992368,61.73009334240987,1.942890293094024e-15,-1095.31889108924
0.4346554635234262,114.2473470083305,0,-981.1961108583412
0.8445426935396411,6.775882669103339,0.004619889261562427,-1289.779295107268
0.8401822216938978,6.968676668380795,0.004147440894143539,-1316.459704896296
0.3813263316815145,141.9601827791114,0,-756.9416733951522
0.9374267335054727,0.9807728135374418,0.1610040427308769,-1337.392034208672
0.8354563929577274,7.460427127457024,0.00315350199770198,-1315.066991849871
0.7657016797378233,15.60062668183537,3.911432870307152e-05,-1116.296058475175
0.657234816983941,35.67414403612111,1.166195917612356e-09,-1153.483599674324
0.4891501494969522,88.28906525665661,0,-967.4603212687736
0.6449008702250354,39.58840098201244,1.567699858817662e-10,-1151.554733351267
0.7766168129139178,14.5439916052178,6.84623040830834e-05,-1257.203606115296
0.7993998164442289,10.66806725200968,0.0005450047575548123,-1211.321727527369
0.8233236697935828,8.218801176484249,0.002072928984298783,-1253.554339551433
0.7766005053231504,14.04982806896169,8.901505374758756e-05,-1223.059699414252
0.5826026788263583,55.12862100062193,5.645484080218921e-14,-1080.546049828594
0.6698831967291251,36.00469548539377,9.842130999082599e-10,-1152.693305652311
0.9418814070886485,0.7833978933858816,0.1880519768266117,-1294.66046450401
1.011315904735088,0.02915253932224005,0.4322136535729807,-1278.88063513986
0.8772530659003415,4.094447955890246,0.0215121389692422,-1312.62215657925
0.7546555214945418,18.87436902431455,6.980801027345329e-06,-1197.590591092014
0.7998358557386742,10.67189496494166,0.0005438781290735828,-1295.141508725674
0.923092499368134,1.51012405802976,0.1095600786292099,-1329.32194108665
0.6847689270566099,31.46932420735675,1.013080297429525e-08,-1149.433129391149
0.7410777838552417,19.45262474413312,5.156301199849e-06,-1154.966830506713
0.9789194628718479,0.1050575749204654,0.3729213736686184,-1356.934591178392
0.9291321752954469,1.246726974353805,0.1320892647222153,-1264.632339696072
0.9691141750024755,0.2288915612198252,0.3161734699371699,-1290.984554444454
1.036580149287503,0.322411387334796,0.2850810402867521,-1425.189074081072
0.959245328033893,0.4151492968258026,0.2596837143509031,-1369.168560494614
0.817042033282305,9.015419760399254,0.00133855700131702,-1196.021655233934
1.040324637927733,0.3864542430897018,0.2670845577648103,-1381.112848691839
0.9149981577405435,1.6908366739126,0.09674535696170128,-1330.803612902413
0.8983672455161075,2.818883044223639,0.04658060588007579,-1325.913356526194
1.011360651993133,0.03070850539143066,0.43044614656666,-1350.347482888453
0.8751585918964626,4.147454543830463,0.0208485806291388,-1242.076298673022