Codon,alpha,beta,beta-alpha,Prob[alpha<beta],Prob[alpha>beta],BayesFactor,PSRF,Neff
1,0.834972,0.175995,-0.658977,0.0387022,0.942943,0.0680501,0.996567,1578.68
2,0.534565,0.207798,-0.326767,0.208314,0.724896,0.44475,0.997497,995.037
3,0.714536,0.19599,-0.518547,0.0835429,0.883799,0.154081,0.996381,1788.79
4,0.654872,0.180144,-0.474728,0.0848456,0.88016,0.156706,0.996083,2274.91
5,0.585202,0.182109,-0.403093,0.106287,0.851116,0.201018,0.996089,2261.64
6,1.06088,0.173274,-0.887607,0.0186198,0.971168,0.0320693,0.997379,1043.81
7,5.58116,0.209958,-5.3712,0.000341812,0.999357,0.000577946,1.00587,232.29
8,0.834973,0.175995,-0.658978,0.0387022,0.942943,0.0680501,0.996567,1578.68
9,0.873531,0.199518,-0.674014,0.0664436,0.907103,0.120299,0.996579,1566.65
10,0.897979,0.174459,-0.72352,0.0250577,0.96184,0.0434424,0.996904,1301.41
11,0.710675,0.178912,-0.531763,0.0727136,0.896696,0.132542,0.99605,2343.94
12,1.2364,0.172875,-1.06352,0.0147567,0.976885,0.0253162,0.998955,630.626
13,0.505909,0.485272,-0.0206379,0.485143,0.447637,1.5927,1.00353,294.958
14,0.930893,0.502653,-0.428241,0.181871,0.75788,0.375746,1.00989,170.701
15,0.411868,0.590388,0.17852,0.656876,0.281541,3.23581,1.01132,156.051
16,0.853242,0.478198,-0.375044,0.232102,0.705066,0.510888,1.0054,242.583
17,1.30241,0.326195,-0.976217,0.036054,0.944718,0.0632197,1.00271,325.795
18,0.718892,0.142765,-0.576128,0.0487452,0.926381,0.0866137,0.995635,3842.08
19,0.843254,0.700781,-0.142473,0.421257,0.494552,1.2303,1.01448,131.344
20,0.879309,0.199595,-0.679714,0.0660444,0.907647,0.119526,0.996593,1552.72
21,0.534565,0.207798,-0.326767,0.208314,0.724896,0.44475,0.997497,995.037
22,0.850144,0.151949,-0.698195,0.0275225,0.957884,0.0478365,0.996237,1994.58
23,1.29265,0.189155,-1.10349,0.0173586,0.973187,0.0298586,1.00061,446.227
24,0.534565,0.207798,-0.326767,0.208314,0.724896,0.44475,0.997497,995.037
25,1.36686,0.196042,-1.17081,0.0265138,0.960793,0.0460357,1.00002,497.755
26,1.36686,0.196042,-1.17082,0.0265138,0.960793,0.0460355,1.00002,497.752
27,0.930247,0.410715,-0.519532,0.128581,0.825124,0.249403,1.00343,298.319
28,0.879159,0.201264,-0.677895,0.0670059,0.906469,0.121391,0.996643,1506.25
29,1.36686,0.196042,-1.17081,0.0265138,0.960793,0.0460356,1.00002,497.754
30,0.422031,0.400971,-0.0210601,0.474401,0.453841,1.52561,0.998065,811.9
31,1.41335,0.172398,-1.24096,0.00867371,0.985775,0.014789,1.00181,368.094
32,0.809307,0.517641,-0.291666,0.228814,0.70265,0.501506,1.0109,160.127
33,0.387021,0.36387,-0.0231514,0.473142,0.450812,1.51792,0.996762,1405.46
34,0.747466,0.38454,-0.362926,0.190975,0.75239,0.398994,0.99946,559.889
35,0.423629,0.423404,-0.000224965,0.493207,0.436345,1.64494,0.999089,610.209
36,0.622006,1.36816,0.746158,0.840121,0.097513,8.88181,1.00499,252.413
37,0.879309,0.199595,-0.679714,0.0660444,0.907647,0.119526,0.996593,1552.72
38,0.956099,0.159187,-0.796912,0.0251767,0.961666,0.043654,0.996328,1859.77
39,1.0581,0.173286,-0.884809,0.0186978,0.971053,0.0322061,0.997361,1051.73
40,0.822186,0.489062,-0.333124,0.200483,0.735759,0.423839,1.00881,183.677
41,1.28953,0.406827,-0.882701,0.0666603,0.902423,0.12072,1.0082,191.972
42,0.877842,0.199575,-0.678267,0.0661447,0.90751,0.11972,0.99659,1556.26
43,0.859151,0.823957,-0.035194,0.429958,0.458907,1.27488,1.00828,190.855
44,0.632123,1.20373,0.57161,0.831055,0.0978476,8.31448,1.00813,193.041
45,0.696642,0.416227,-0.280415,0.236905,0.699953,0.524744,1.00144,389.435
46,0.419038,0.475539,0.0565003,0.550088,0.38187,2.0666,1.00326,304.334
47,0.364703,0.644072,0.279369,0.740831,0.205219,4.83155,1.01293,142.394
48,0.930271,0.410123,-0.520148,0.128194,0.825603,0.248542,1.00339,299.917
49,0.502955,1.29433,0.791372,0.895091,0.0579967,14.4214,1.01367,136.898
50,0.922066,0.384382,-0.537684,0.0899695,0.871439,0.167105,1.00296,315.664
51,0.496212,0.941565,0.445353,0.795837,0.148043,6.58869,1.00787,196.889
52,0.555549,0.538868,-0.0166812,0.446721,0.476847,1.36472,1.00936,176.775
53,0.818984,0.387449,-0.431535,0.135111,0.816619,0.264048,1.0011,410.734
54,0.512435,0.431422,-0.081013,0.430161,0.502667,1.27594,0.999599,543.167
55,0.689072,0.806561,0.117489,0.593695,0.317341,2.46981,1.01129,156.304
56,0.836476,0.967541,0.131065,0.630838,0.269688,2.88837,1.00679,214.552
57,1.17427,0.722432,-0.451838,0.245869,0.665649,0.551072,1.01231,147.323
58,0.679167,0.812277,0.13311,0.610485,0.300419,2.64913,1.0107,162.056
59,0.740462,0.686285,-0.0541771,0.415259,0.493534,1.20035,1.01493,128.507
60,0.810328,0.517047,-0.293281,0.22792,0.703684,0.498968,1.01086,160.5
61,0.370225,0.766604,0.396379,0.819169,0.134976,7.65688,1.01222,148.116
62,1.07008,0.48515,-0.584927,0.115148,0.83634,0.219957,1.01083,160.764
63,0.497992,0.601668,0.103675,0.591939,0.342807,2.4519,1.01096,159.466
64,1.03324,0.795888,-0.237355,0.337008,0.556724,0.859178,1.00984,171.187
65,0.557525,1.99146,1.43393,0.939578,0.0331191,26.2837,1.00322,306.08
66,0.497191,0.460438,-0.0367537,0.469559,0.462593,1.49625,1.00197,359.741
67,0.586491,0.704676,0.118185,0.565015,0.356971,2.19552,1.01517,126.999
68,0.839867,0.874068,0.0342012,0.569786,0.333569,2.23861,1.00872,184.86
69,0.623623,0.640595,0.0169721,0.490699,0.427035,1.62851,1.01522,126.678
70,1.30655,0.400603,-0.905949,0.0631951,0.907171,0.114021,1.00796,195.455
71,0.423426,0.4255,0.00207471,0.495256,0.434405,1.65848,0.999191,595.559
72,1.33068,0.380631,-0.950044,0.0418797,0.934959,0.0738814,1.0095,175.203
73,1.0702,0.484832,-0.585364,0.11495,0.836601,0.21953,1.01081,160.948
74,3.51103,0.553165,-2.95786,0.375028,0.568303,1.01427,1.00965,173.39
75,0.896953,1.16656,0.269608,0.648525,0.231888,3.11877,1.00498,252.788
76,4.96617,0.58537,-4.3808,0.000942943,0.997831,0.00159532,1.01067,162.374
77,0.403694,0.161674,-0.24202,0.223771,0.684596,0.487266,0.998989,625.318
78,1.89661,0.357133,-1.53948,0.0193147,0.968686,0.0332896,1.01269,144.259
79,2.79302,0.71741,-2.07561,0.0408275,0.929546,0.0719462,1.00817,192.474
80,0.629059,0.711448,0.0823884,0.55518,0.360773,2.1096,1.01536,125.838
81,0.886576,1.99125,1.10467,0.828911,0.0784218,8.18913,1.00559,238.373
82,0.513328,0.433639,-0.0796895,0.431518,0.501373,1.28302,0.999709,530.535
83,0.410492,0.685727,0.275235,0.725488,0.218312,4.46705,1.01272,144.039
84,0.414524,0.567323,0.152798,0.630077,0.307058,2.87895,1.00862,186.174
85,0.900933,0.436882,-0.464051,0.189252,0.754354,0.394553,1.00203,356.894
86,0.496092,0.700927,0.204835,0.666273,0.271055,3.37452,1.01212,148.924
87,0.753939,0.38895,-0.364989,0.15609,0.790846,0.312631,1.00115,407.216
88,0.843767,0.658921,-0.184847,0.386986,0.530955,1.06703,1.01502,127.91
89,0.705413,2.76066,2.05525,0.985577,0.00241256,115.501,1.00094,421.661
90,0.707306,0.342718,-0.364588,0.169279,0.775568,0.34443,0.997554,972.762
91,0.840601,0.699667,-0.140934,0.42127,0.494571,1.23037,1.01451,131.177
92,0.379132,0.472063,0.0929319,0.587446,0.34475,2.40679,1.00315,308.334
93,3.75146,0.274412,-3.47705,0.173762,0.781522,0.355469,0.9973,1079.2
94,0.413432,0.553276,0.139844,0.626112,0.310116,2.83049,1.00977,171.988
95,3.4392,0.736581,-2.70262,0.507786,0.430815,1.74372,1.01476,129.537
96,1.2877,0.818471,-0.469233,0.28897,0.608536,0.686937,1.00917,179.167
97,1.41579,0.35795,-1.05784,0.03168,0.949919,0.055299,1.0092,178.81
98,1.21881,1.71464,0.495823,0.611909,0.219174,2.66504,1.00283,321.045
99,3.5926,0.438816,-3.15378,0.288464,0.658946,0.685246,1.00195,361.019
100,0.741841,0.162667,-0.579174,0.0422818,0.937067,0.0746221,0.996444,1710.97