Codon,alpha,beta,beta-alpha,Prob[alpha<beta],Prob[alpha>beta],BayesFactor,PSRF,Neff
1,1.15217,0.0714286,-1.08074,9.90119e-67,1,8.77341e-66,1.22222,14.8249
2,1.22538,0.0714308,-1.15395,1.1528e-70,1,1.02149e-69,1.06306,40.3328
3,1.09346,0.0714286,-1.02204,8.70036e-66,1,7.70935e-65,1.2779,12.698
4,1.21795,0.0714286,-1.14653,2.00872e-63,1,1.77992e-62,1.088,30.5481
5,0.981282,0.0714286,-0.909853,1.01106e-63,1,8.95899e-63,1.28558,12.4693
6,0.95031,0.142647,-0.807662,1.3789e-36,1,1.22184e-35,1.26795,13.0138
7,1.05171,0.0714286,-0.980286,8.46652e-66,1,7.50215e-65,1.29431,12.2237
8,0.986626,0.140331,-0.846295,3.01394e-40,1,2.67064e-39,1.22953,14.4875
9,1.03223,0.138488,-0.893739,1.09086e-42,1,9.66608e-42,1.21649,15.1051
10,1.21775,0.0714478,-1.1463,1.5339e-63,1,1.35918e-62,1.08869,30.3521
11,0.951878,0.137599,-0.814279,2.32696e-38,1,2.06191e-37,1.26167,13.2252
12,1.06061,0.14698,-0.913634,4.29557e-39,1,3.80628e-38,1.20674,15.617
13,1.04608,0.249545,-0.796537,9.89159e-24,1,8.7649e-23,1.16801,18.2264
14,1.15262,0.151929,-1.00069,9.63965e-43,1,8.54166e-42,1.1818,17.1723
15,1.19427,0.172546,-1.02173,2.32826e-36,1,2.06306e-35,1.22351,14.7635
16,1.20021,0.201293,-0.998915,4.62328e-39,1,4.09668e-38,1.13394,21.7331
17,0.994696,0.380235,-0.614462,2.48765e-11,1,2.20429e-10,1.07119,36.4395
18,1.21391,0.205938,-1.00797,2.14662e-39,1,1.90211e-38,1.07322,35.5916
19,1.07842,0.0714286,-1.00699,7.64054e-56,1,6.77026e-55,1.26687,13.0492
20,1.01059,0.351718,-0.65887,4.69473e-16,1,4.15998e-15,1.14158,20.8039
21,1.14595,0.0973354,-1.04861,6.07764e-41,1,5.38537e-40,1.20414,15.7622
22,0.995875,0.363453,-0.632422,6.24205e-14,1,5.53105e-13,1.15306,19.5778
23,1.17577,0.63125,-0.544517,7.09983e-08,0.999997,6.29114e-07,1.20788,15.5552
24,1.18949,0.0716035,-1.11789,1.2963e-47,1,1.14864e-46,1.15826,19.0801
25,0.914214,0.247016,-0.667198,6.9906e-16,1,6.19435e-15,1.17938,17.3462
26,1.0292,0.198181,-0.831024,3.33774e-31,1,2.95756e-30,1.14739,20.1608
27,1.04924,0.293651,-0.755593,5.56815e-22,1,4.93392e-21,1.13011,22.2386
28,0.937704,0.351675,-0.586029,4.29317e-11,1,3.80416e-10,1.16707,18.305
29,1.00003,0.338111,-0.661914,1.37225e-16,1,1.21594e-15,1.09776,28.0147
30,1.14563,0.0994126,-1.04621,4.91936e-40,1,4.35903e-39,1.20357,15.7943
31,1.16154,0.166132,-0.995405,2.07833e-40,1,1.8416e-39,1.18989,16.6239
32,1.08032,0.210176,-0.870142,6.81452e-32,1,6.03832e-31,1.15222,19.6614
33,1.11449,0.327304,-0.78719,3.89408e-22,1,3.45053e-21,1.05561,44.8173
34,1.10686,0.216222,-0.89064,1.72131e-24,1,1.52525e-23,1.18059,17.2585
35,1.07367,0.535523,-0.53815,1.54961e-09,1,1.3731e-08,1.10506,26.4145
36,0.98761,0.559538,-0.428072,5.79745e-06,0.999798,5.13713e-05,1.20626,15.6435
37,1.12413,0.250462,-0.873669,3.71739e-22,1,3.29396e-21,1.19185,16.4982
38,1.19401,0.213672,-0.980339,3.69554e-30,1,3.27461e-29,1.2128,15.2934
39,1.02901,0.321432,-0.707575,1.25495e-21,1,1.112e-20,1.05029,48.7636
40,1.21834,0.637837,-0.580506,1.25141e-10,1,1.10887e-09,1.32948,11.3663
41,1.11092,0.583511,-0.527412,1.70042e-08,0.999999,1.50673e-07,1.05023,48.8112
42,1.08898,0.219738,-0.869239,3.11084e-23,1,2.7565e-22,1.1721,17.8964
43,1.07619,0.77074,-0.305454,0.000429621,0.994938,0.00380849,1.95023,6.75944
44,0.98302,0.273019,-0.710001,6.21007e-17,1,5.50272e-16,1.17625,17.5776
45,0.926699,0.171241,-0.755458,1.6895e-22,1,1.49706e-21,1.23996,14.041
46,1.05885,0.622355,-0.436496,2.82834e-06,0.999902,2.50619e-05,1.04168,57.0518
47,1.1095,0.375451,-0.734051,1.12952e-15,1,1.00086e-14,1.05758,43.5263
48,1.04509,0.516656,-0.528429,9.63727e-10,1,8.53955e-09,1.06975,37.0662
49,1.15038,0.61966,-0.530717,3.76437e-08,0.999998,3.33559e-07,1.17206,17.8995
50,0.970673,0.510273,-0.4604,3.92779e-07,0.999976,3.4804e-06,1.0903,29.9064
51,1.21683,0.217611,-0.999215,6.16452e-30,1,5.46236e-29,1.17827,17.4274
52,1.08298,0.650574,-0.432403,9.20488e-06,0.999789,8.15648e-05,1.05572,44.7444
53,1.02652,0.369513,-0.657004,5.88562e-14,1,5.21522e-13,1.14729,20.1709
54,1.08465,0.645165,-0.439483,9.57439e-06,0.99978,8.48391e-05,1.0346,66.5702
55,1.14228,0.616819,-0.525466,6.05096e-08,0.999997,5.36173e-07,1.11192,25.0915
56,1.1654,0.677547,-0.487848,8.55758e-07,0.999978,7.58285e-06,1.2292,14.502
57,1.20907,0.700624,-0.508444,1.41049e-07,0.999995,1.24983e-06,1.58004,8.28568
58,1.22117,0.796171,-0.425,3.32187e-07,0.999831,2.94349e-06,2.35145,6.09047
59,1.03629,0.445532,-0.59076,3.3489e-11,1,2.96745e-10,1.02609,83.7549
60,1.12615,0.572533,-0.553614,5.47294e-09,1,4.84955e-08,1.12616,22.7901
61,1.03174,0.48911,-0.542631,4.19976e-10,1,3.72139e-09,1.04682,51.7751
62,0.967441,0.370368,-0.597073,2.41916e-10,1,2.14361e-09,1.07013,36.9006
63,0.998821,0.70314,-0.295681,0.001315,0.987615,0.0116675,1.0603,41.8767
64,0.94794,0.830586,-0.117354,0.0756494,0.73831,0.725186,2.08801,6.46894
65,1.15,0.743669,-0.406331,2.64047e-05,0.999523,0.000233978,1.80265,7.1907
66,0.998749,0.68179,-0.316959,0.000531487,0.993598,0.00471199,1.08248,32.2321
67,1.16767,0.712951,-0.454723,4.52992e-06,0.999904,4.01397e-05,1.46079,9.32723
68,1.16493,0.694164,-0.470768,2.35053e-06,0.999947,2.0828e-05,1.37529,10.4914
69,1.16817,0.724382,-0.443785,1.10815e-05,0.999806,9.81942e-05,1.53878,8.59254
70,1.07182,0.802652,-0.26917,0.00237483,0.981908,0.0210934,2.38864,6.0497
71,0.950121,0.842274,-0.107847,0.102825,0.704173,1.01555,2.06667,6.50862
72,1.06281,0.482277,-0.580535,7.46255e-11,1,6.61253e-10,1.04119,57.6216
73,1.1184,0.589016,-0.529384,1.19267e-08,0.999999,1.05682e-07,1.04663,51.9447
74,0.945668,0.728717,-0.216952,0.0159217,0.918163,0.143364,1.03942,59.7619
75,0.996344,0.757953,-0.238391,0.00711556,0.96227,0.0635026,1.17937,17.3468
76,1.0583,0.564393,-0.49391,6.32189e-08,0.999996,5.6018e-07,1.19722,16.1656
77,1.20126,0.704449,-0.496812,4.4044e-07,0.999987,3.90272e-06,1.58905,8.22456
78,1.15777,0.706048,-0.451726,6.50587e-06,0.999877,5.76487e-05,1.29682,12.1558
79,1.03666,0.770806,-0.265851,0.00145694,0.987429,0.0129287,1.76426,7.33202
80,0.919588,0.831084,-0.0885042,0.143497,0.633765,1.48455,1.95791,6.74086
81,1.15509,0.667835,-0.487258,1.07256e-06,0.999974,9.50396e-06,1.29651,12.1641
82,1.09477,0.785184,-0.309589,0.000218863,0.99594,0.00193976,2.29408,6.15849
83,0.937098,0.927747,-0.00935127,0.244233,0.316754,2.86351,1.55026,8.50239
84,1.10154,0.767917,-0.333625,0.000510459,0.995364,0.00452547,1.96828,6.71628
85,1.22213,0.966434,-0.255694,1.13367e-05,0.982724,0.000100455,1.24829,13.7113
86,1.20753,0.887214,-0.320318,1.63302e-05,0.98592,0.000144703,1.20683,15.6124
87,0.988658,0.800803,-0.187855,0.0222094,0.90987,0.201267,1.92871,6.81324
88,1.11695,0.74546,-0.371489,9.58332e-05,0.99869,0.000849255,1.67975,7.70261
89,1.03454,0.715262,-0.31928,0.0012021,0.990827,0.0106646,1.04172,57.0113
90,1.21268,0.854829,-0.357849,6.01308e-06,0.996231,5.3282e-05,1.59424,8.19028
91,1.05118,0.828799,-0.222378,0.00471173,0.955903,0.0419481,2.4225,6.01466
92,1.00463,0.993149,-0.0114832,0.0966173,0.136461,0.947685,1.30129,12.0377
93,1.08753,0.884122,-0.203408,0.00406873,0.861105,0.0362001,1.36666,10.6393
94,1.14149,0.90551,-0.235981,0.00138571,0.886427,0.0122958,1.25107,13.606
95,1.03673,0.936785,-0.0999411,0.0396924,0.526958,0.36625,1.3645,10.6776
96,1.04537,0.889425,-0.155948,0.018872,0.764366,0.170441,1.49099,9.01439
97,1.1508,0.958824,-0.191978,0.00273393,0.761994,0.0242917,1.2879,12.4027
98,1.1495,1.00191,-0.147593,0.00763614,0.652129,0.0681842,1.16796,18.231
99,1.05863,0.840154,-0.218477,0.00254316,0.95105,0.0225923,2.32165,6.12498
100,1.14775,0.979275,-0.168473,0.003326,0.69744,0.02957,1.30045,12.0597