Codon,alpha,beta,beta-alpha,Prob[alpha<beta],Prob[alpha>beta],BayesFactor,PSRF,Neff
1,1,0.160192,-0.839808,3.71299e-05,0.99995,0.000261111,1.00214,351.771
2,1,0.225128,-0.774872,0.000115809,0.999843,0.000814476,1.00281,321.609
3,1,0.0835566,-0.916443,6.59933e-06,0.999991,4.64074e-05,1.00365,291.034
4,1,0.0822811,-0.917719,5.57532e-06,0.999992,3.92064e-05,1.00366,290.66
5,1,0.0835318,-0.916468,6.58044e-06,0.999991,4.62747e-05,1.00365,291.025
6,1,0.0770464,-0.922954,2.60874e-06,0.999996,1.8345e-05,1.00371,288.84
7,1,0.0770464,-0.922954,2.60874e-06,0.999996,1.8345e-05,1.00371,288.84
8,1,0.0770464,-0.922954,2.60867e-06,0.999996,1.83445e-05,1.00371,288.84
9,1,0.0770464,-0.922954,2.60871e-06,0.999996,1.83448e-05,1.00371,288.84
10,1,0.159769,-0.840231,3.61082e-05,0.999951,0.000253926,1.00213,352.032
11,1,0.530327,-0.469673,0.010497,0.986229,0.0745991,1.00264,328.833
12,1,0.0822962,-0.917704,5.58609e-06,0.999992,3.92822e-05,1.00366,290.666
13,1,0.149149,-0.850851,1.68386e-05,0.999977,0.000118413,1.00199,359.124
14,1,0.0823368,-0.917663,5.6234e-06,0.999992,3.95445e-05,1.00366,290.67
15,1,0.656169,-0.343831,0.0406052,0.948418,0.297625,1.00278,322.995
16,1,0.529965,-0.470035,0.0104592,0.986279,0.0743279,1.00264,328.773
17,1,0.0770464,-0.922954,2.60874e-06,0.999996,1.8345e-05,1.00371,288.84
18,1,0.159996,-0.840004,3.66699e-05,0.99995,0.000257876,1.00213,351.891
19,1,0.148785,-0.851215,1.64116e-05,0.999977,0.00011541,1.00198,359.377
20,1,0.425622,-0.574378,0.00416019,0.994529,0.0293771,1.00327,304.086
21,1,0.717476,-0.282524,0.0611725,0.922662,0.458201,1.00315,308.55
22,1,0.0770463,-0.922954,2.60867e-06,0.999996,1.83445e-05,1.00371,288.84
23,1,0.0770463,-0.922954,2.6087e-06,0.999996,1.83447e-05,1.00371,288.84
24,1,0.803531,-0.196469,0.125782,0.846577,1.01177,1.00336,301.03
25,1,0.242776,-0.757224,0.000241449,0.999675,0.00169831,1.00296,315.668
26,1,0.082341,-0.917659,5.63398e-06,0.999992,3.96189e-05,1.00366,290.662
27,1,0.16034,-0.83966,3.74921e-05,0.999949,0.000263658,1.00214,351.68
28,1,0.383189,-0.616811,0.00179466,0.997607,0.0126429,1.00334,301.468
29,1,0.159809,-0.840191,3.62038e-05,0.999951,0.000254598,1.00213,352.008
30,1,0.331167,-0.668833,0.00111628,0.998514,0.00785855,1.00346,297.365
31,1,0.26504,-0.73496,0.000135096,0.999815,0.000950134,1.00332,302.424
32,1,0.174065,-0.825935,8.64514e-05,0.999884,0.000607987,1.0023,344.073
33,1,0.300876,-0.699124,0.000481114,0.999352,0.00338487,1.00343,298.4
34,1,0.243961,-0.756039,0.000252511,0.99966,0.00177613,1.00297,315.335
35,1,0.160154,-0.839846,3.70402e-05,0.99995,0.00026048,1.00213,351.794
36,1,0.384908,-0.615092,0.00186367,0.997517,0.01313,1.00334,301.568
37,1,0.499959,-0.500041,0.00912652,0.988082,0.0647697,1.00292,317.378
38,1,1.12519,0.125191,0.482599,0.476817,6.5591,0.998703,673.161
39,1,1.11344,0.113439,0.479629,0.478056,6.48154,0.998683,676.792
40,1,0.173856,-0.826144,8.54751e-05,0.999885,0.000601121,1.00229,344.177
41,1,0.160099,-0.839901,3.69072e-05,0.99995,0.000259544,1.00213,351.828
42,1,0.242441,-0.757559,0.000240012,0.999677,0.0016882,1.00296,315.753
43,1,0.793258,-0.206742,0.115494,0.858299,0.918209,1.00343,298.4
44,1,0.768293,-0.231707,0.0985629,0.878534,0.768888,1.00329,303.459
45,1,0.265029,-0.734971,0.000132813,0.999818,0.000934081,1.00331,302.536
46,1,1.5517,0.551696,0.859524,0.119877,43.0271,0.99734,1061
47,1,0.699724,-0.300276,0.0563546,0.928915,0.419958,1.00299,314.456
48,1,0.478669,-0.521331,0.00658452,0.991344,0.0466099,1.00295,316.178
49,1,0.477272,-0.522728,0.00448617,0.994018,0.0316894,1.00268,327.021
50,1,0.153288,-0.846712,2.30746e-05,0.999968,0.000162266,1.00204,356.232
51,1,0.305819,-0.694181,0.000559917,0.999248,0.0039396,1.00344,298.099
52,1,0.904656,-0.0953444,0.241548,0.720916,2.23954,1.00163,378.041
53,1,0.242132,-0.757868,0.000237402,0.999681,0.00166983,1.00296,315.841
54,1,0.538586,-0.461414,0.0118257,0.984529,0.0841545,1.00264,328.754
55,1,1.92469,0.924691,0.972023,0.0232082,244.32,1.00041,462.243
56,1,1.98288,0.982877,0.986165,0.0111979,501.265,1.00073,436.922
57,1,0.395723,-0.604277,0.00235007,0.99688,0.0165649,1.00332,302.159
58,1,0.389655,-0.610345,0.00110987,0.998498,0.00781342,1.00309,310.633
59,1,0.33893,-0.66107,0.000581389,0.999212,0.00409077,1.00341,299.233
60,1,0.642961,-0.357039,0.035225,0.955015,0.25675,1.00272,325.52
61,1,0.225104,-0.774896,0.000115817,0.999843,0.000814531,1.00281,321.616
62,1,0.328194,-0.671806,0.00103566,0.99862,0.00729038,1.00346,297.399
63,1,0.833983,-0.166017,0.149387,0.818237,1.23499,1.00357,293.541
64,1,0.676209,-0.323791,0.0554192,0.930907,0.412578,1.00283,320.731
65,1,0.509459,-0.490541,0.00571329,0.992365,0.0404073,1.00237,340.691
66,1,0.608361,-0.391639,0.0236769,0.969369,0.170536,1.00256,332.309
67,1,0.721345,-0.278655,0.0635657,0.919779,0.477343,1.00318,307.545
68,1,1.38313,0.383127,0.704574,0.264678,16.7712,0.997773,896.786
69,1,0.658744,-0.341256,0.0322156,0.958221,0.234085,1.0026,330.628
70,1,0.829006,-0.170994,0.1434,0.824949,1.17722,1.00364,291.195
71,1,0.558414,-0.441586,0.0154996,0.979856,0.11071,1.00265,328.27
72,1,0.641357,-0.358643,0.0345606,0.955829,0.251734,1.00271,325.838
73,1,0.529966,-0.470034,0.0104909,0.98624,0.0745551,1.00264,328.664
74,1,0.876718,-0.123282,0.203005,0.759218,1.79117,1.00279,322.674
75,1,0.544909,-0.455091,0.0101687,0.986566,0.0722419,1.00239,339.903
76,1,0.195988,-0.804012,2.45406e-05,0.999966,0.000172576,1.00246,336.611
77,1,0.320918,-0.679082,0.000863258,0.998847,0.00607576,1.00346,297.457
78,1,0.415216,-0.584784,0.00344804,0.995451,0.0243308,1.00329,303.357
79,1,0.357459,-0.642541,0.0020607,0.997283,0.0145209,1.00346,297.484
80,1,0.526252,-0.473748,0.0131489,0.982971,0.0936962,1.00288,318.723
81,1,0.626317,-0.373683,0.0292608,0.962396,0.211967,1.00264,328.835
82,1,0.397056,-0.602944,0.00241559,0.996794,0.0170278,1.00332,302.237
83,1,0.818811,-0.181189,0.158838,0.813187,1.32788,1.00216,350.341
84,1,0.598317,-0.401683,0.0174629,0.977072,0.124983,1.00229,344.179
85,1,0.443207,-0.556793,0.00229717,0.996904,0.0161911,1.00273,325.155
86,1,0.812208,-0.187792,0.134736,0.836439,1.09502,1.00328,303.826
87,1,1.93088,0.930877,0.977933,0.0180938,311.645,1.00028,473.418
88,1,0.495639,-0.504361,0.00853591,0.988836,0.0605422,1.00292,317.225
89,1,0.81077,-0.18923,0.118457,0.85284,0.944933,1.00396,280.946
90,1,0.618562,-0.381438,0.0267299,0.965547,0.19313,1.0026,330.372
91,1,0.357287,-0.642713,0.00441197,0.994325,0.0311629,1.00323,305.357
92,1,0.949721,-0.0502787,0.297735,0.658368,2.98136,1.00126,400.513
93,1,0.812154,-0.187846,0.134739,0.836452,1.09505,1.00327,303.974
94,1,0.732616,-0.267384,0.077107,0.90422,0.587526,1.00311,310.086
95,1,2.13828,1.13828,0.994335,0.00453649,1234.26,1.00209,354.063
96,1,0.68094,-0.31906,0.0408521,0.947411,0.299511,1.00282,321.378
97,1,1.10579,0.105788,0.501191,0.451357,7.06569,0.998636,685.51
98,1,0.801427,-0.198573,0.123619,0.849028,0.991925,1.00337,300.366
99,1,0.897553,-0.102447,0.23169,0.729847,2.12058,1.00203,356.739
100,1,0.820399,-0.179601,0.138413,0.831419,1.1297,1.00347,296.862