Codon,alpha,beta,beta-alpha,Prob[alpha<beta],Prob[alpha>beta],BayesFactor,PSRF,Neff
1,1,0.261904,-0.738096,0.002195,0.997151,0.0166607,1.00028,474.051
2,1,0.252819,-0.747181,0.0017783,0.997683,0.0134922,1.0003,472.33
3,1,0.264716,-0.735284,0.00232362,0.996987,0.0176392,1.00027,474.561
4,1,0.125164,-0.874836,0.000267873,0.999648,0.00202932,1.00235,341.744
5,1,0.122143,-0.877857,0.000226601,0.999701,0.00171658,1.0024,339.443
6,1,0.264232,-0.735768,0.0022994,0.997017,0.017455,1.00027,474.48
7,1,0.12486,-0.87514,0.000262894,0.999654,0.00199159,1.00235,341.512
8,1,0.12486,-0.87514,0.000262908,0.999654,0.0019917,1.00235,341.512
9,1,0.123091,-0.876909,0.000240136,0.999684,0.00181914,1.00238,340.177
10,1,0.12486,-0.87514,0.000262896,0.999654,0.00199161,1.00235,341.512
11,1,0.122143,-0.877857,0.000226601,0.999701,0.00171658,1.0024,339.443
12,1,0.124859,-0.875141,0.000262915,0.999654,0.00199175,1.00235,341.511
13,1,0.372133,-0.627867,0.00605722,0.992186,0.0461548,1.00002,497.663
14,1,0.124861,-0.875139,0.000262907,0.999654,0.00199169,1.00235,341.512
15,1,0.12486,-0.87514,0.000262909,0.999654,0.0019917,1.00235,341.512
16,1,0.265701,-0.734299,0.00238176,0.996913,0.0180817,1.00027,474.697
17,1,0.64931,-0.35069,0.0502788,0.937237,0.400953,1.00108,411.801
18,1,0.12486,-0.87514,0.0002629,0.999654,0.00199164,1.00235,341.512
19,1,0.541521,-0.458479,0.0213093,0.97282,0.164903,1.0005,455
20,1,0.124859,-0.875141,0.0002629,0.999654,0.00199164,1.00235,341.511
21,1,0.205059,-0.794941,0.000436111,0.999419,0.00330439,1.00046,458.354
22,1,1.02567,0.0256654,0.394552,0.561494,4.93551,1.00343,298.329
23,1,0.224138,-0.775862,0.000842481,0.998889,0.00638603,1.00038,464.873
24,1,0.407499,-0.592501,0.0098065,0.987477,0.0750065,1.00008,491.746
25,1,0.122161,-0.877839,0.000226904,0.999701,0.00171888,1.0024,339.458
26,1,0.913477,-0.0865231,0.263066,0.69596,2.70359,1.00302,313.394
27,1,0.75378,-0.24622,0.106589,0.870808,0.903579,1.00199,359.009
28,1,0.614453,-0.385547,0.0424952,0.946922,0.336127,1.00088,425.577
29,1,0.12486,-0.87514,0.000262857,0.999654,0.00199131,1.00235,341.511
30,1,0.271686,-0.728314,0.00267004,0.996545,0.0202761,1.00026,475.696
31,1,0.34672,-0.65328,0.00404059,0.994746,0.0307261,1,499.666
32,1,0.260827,-0.739173,0.00213045,0.997233,0.0161697,1.00028,473.899
33,1,0.544278,-0.455722,0.0219316,0.972047,0.169826,1.00051,454.091
34,1,0.536551,-0.463449,0.0263303,0.966873,0.204809,1.00049,456.025
35,1,0.656226,-0.343774,0.053688,0.933181,0.429683,1.00114,408.161
36,1,0.502958,-0.497042,0.0188836,0.976024,0.14577,1.00034,468.764
37,1,0.637868,-0.362132,0.05331,0.934084,0.426487,1.00106,413.405
38,1,0.510638,-0.489362,0.0204928,0.974039,0.158452,1.00037,466.053
39,1,0.258773,-0.741227,0.00204367,0.997344,0.0155097,1.00028,473.495
40,1,0.644399,-0.355601,0.0413823,0.947618,0.326945,1.00101,416.696
41,1,0.934276,-0.0657236,0.288627,0.670195,3.07287,1.00321,306.317
42,1,0.380983,-0.619017,0.00676144,0.991291,0.0515573,1.00004,496.302
43,1,0.85511,-0.14489,0.189763,0.775188,1.7738,1.00274,324.77
44,1,0.705083,-0.294917,0.0809832,0.901113,0.667385,1.00157,381.362
45,1,0.650872,-0.349128,0.058954,0.927383,0.474469,1.00116,406.717
46,1,0.315706,-0.684294,0.00220791,0.997096,0.0167589,1.00001,499.006
47,1,0.139729,-0.860271,0.000552557,0.999281,0.00418718,1.00213,352.045
48,1,0.63421,-0.36579,0.0438145,0.945017,0.347041,1.00097,419.22
49,1,0.174987,-0.825013,0.000121052,0.999836,0.000916913,1.00062,445.416
50,1,0.268978,-0.731022,0.0025518,0.996697,0.0193759,1.00026,475.211
51,1,0.348523,-0.651477,0.00415836,0.994596,0.0316254,1,499.559
52,1,0.655018,-0.344982,0.0618959,0.924004,0.499707,1.0012,403.908
53,1,0.634325,-0.365675,0.0517172,0.935973,0.413049,1.00103,415.257
54,1,0.378721,-0.621279,0.00663984,0.991449,0.050624,1.00003,496.779
55,1,0.122174,-0.877826,0.000227138,0.9997,0.00172066,1.0024,339.469
56,1,0.830916,-0.169084,0.172013,0.796587,1.57341,1.00268,327.059
57,1,1.23091,0.230911,0.584441,0.375281,10.6516,1.00419,274.043
58,1,0.124308,-0.875692,0.000256001,0.999663,0.00193936,1.00236,341.099
59,1,0.804112,-0.195888,0.151398,0.820446,1.3512,1.00251,334.475
60,1,0.598267,-0.401733,0.037417,0.953097,0.294398,1.00078,432.878
61,1,0.996766,-0.00323428,0.356425,0.602153,4.19445,1.00345,297.602
62,1,0.609997,-0.390003,0.0415115,0.948145,0.328009,1.00086,427.49
63,1,0.430559,-0.569441,0.00783046,0.989849,0.0597732,1.00012,488.131
64,1,0.233824,-0.766176,0.00111588,0.998535,0.00846075,1.00035,467.684
65,1,0.595932,-0.404068,0.0369271,0.953716,0.290396,1.00077,433.849
66,1,1.02295,0.0229457,0.393555,0.56225,4.91495,1.00344,298.105
67,1,0.695091,-0.304909,0.0663311,0.917651,0.538058,1.00142,390.686
68,1,0.611289,-0.388711,0.0419891,0.94757,0.331949,1.00087,426.879
69,1,0.810035,-0.189965,0.143669,0.827117,1.27065,1.00243,337.828
70,1,0.788231,-0.211769,0.128965,0.844579,1.12135,1.00228,344.673
71,1,0.691332,-0.308668,0.0701679,0.91349,0.57153,1.00142,390.32
72,1,0.795699,-0.204301,0.136094,0.836548,1.19311,1.00236,341.267
73,1,0.903499,-0.0965009,0.250444,0.710132,2.53053,1.00305,312.221
74,1,0.697051,-0.302949,0.0748693,0.908091,0.612923,1.00148,386.649
75,1,0.777497,-0.222503,0.119117,0.855749,1.02414,1.00218,349.697
76,1,0.772517,-0.227483,0.119946,0.85531,1.03225,1.00216,350.629
77,1,0.666164,-0.333836,0.0569318,0.929185,0.457211,1.00121,403.602
78,1,0.717506,-0.282494,0.0797856,0.90176,0.65666,1.00162,378.697
79,1,1.00668,0.00668316,0.38094,0.573378,4.66046,1.00329,303.325
80,1,0.632133,-0.367867,0.0506395,0.937243,0.403983,1.00101,416.454
81,1,0.447657,-0.552343,0.0161094,0.979701,0.124005,1.0002,480.984
82,1,0.526891,-0.473109,0.0243834,0.969278,0.189286,1.00044,459.93
83,1,0.929866,-0.0701338,0.283404,0.676636,2.99528,1.00326,304.462
84,1,0.79428,-0.20572,0.141798,0.831053,1.25137,1.00241,339.099
85,1,0.740507,-0.259493,0.105364,0.873095,0.891974,1.00193,361.906
86,1,1.00413,0.00413222,0.372703,0.583195,4.49982,1.00338,299.974
87,1,0.803851,-0.196149,0.150621,0.821161,1.34304,1.00249,335.142
88,1,1.34356,0.343563,0.612181,0.352618,11.9552,1.00406,277.939
89,1,0.243702,-0.756298,0.00140061,0.998167,0.0106226,1.00032,470.342
90,1,0.517766,-0.482234,0.0162956,0.979062,0.125462,1.00042,461.796
91,1,0.883653,-0.116347,0.231225,0.732971,2.27793,1.00311,310.096
92,1,1.51822,0.518219,0.747014,0.223297,22.3634,1.00546,241.269
93,1,0.930582,-0.0694183,0.283979,0.676341,3.00376,1.00328,303.655
94,1,0.664193,-0.335807,0.0656912,0.919456,0.532502,1.00127,399.587
95,1,0.527618,-0.472382,0.024617,0.968997,0.191146,1.00044,459.644
96,1,0.534751,-0.465249,0.0196646,0.974853,0.15192,1.00048,456.966
97,1,0.245784,-0.754216,0.00147253,0.998074,0.0111688,1.00031,470.847
98,1,0.299835,-0.700165,0.00158285,0.997907,0.0120069,1.00002,497.93
99,1,0.721002,-0.278998,0.0905701,0.889909,0.754259,1.00172,373.213
100,1,0.726252,-0.273748,0.0943162,0.885617,0.788705,1.00178,370.228