Codon,alpha,beta,beta-alpha,Prob[alpha<beta],Prob[alpha>beta],BayesFactor,PSRF,Neff
1,1,0.0643787,-0.935621,8.20082e-07,0.999999,5.66176e-06,0.997882,862.965
2,1,0.292013,-0.707987,0.000410043,0.999473,0.00283205,1.00052,453.672
3,1,0.147307,-0.852693,2.17312e-05,0.999972,0.000150033,0.999055,615.324
4,1,0.0887078,-0.911292,2.80733e-05,0.999964,0.000193821,0.99782,881.874
5,1,0.0643788,-0.935621,8.20079e-07,0.999999,5.66174e-06,0.997882,862.964
6,1,0.0643787,-0.935621,8.20084e-07,0.999999,5.66177e-06,0.997882,862.965
7,1,0.158028,-0.841972,3.984e-05,0.999948,0.000275062,0.999149,601.487
8,1,0.141591,-0.858409,1.35816e-05,0.999982,9.37669e-05,0.999019,620.702
9,1,0.0887255,-0.911274,2.81009e-05,0.999964,0.000194011,0.99782,881.809
10,1,0.0643788,-0.935621,8.20103e-07,0.999999,5.66191e-06,0.997882,862.964
11,1,0.0643787,-0.935621,8.20105e-07,0.999999,5.66192e-06,0.997882,862.966
12,1,0.0887255,-0.911274,2.81009e-05,0.999964,0.000194011,0.99782,881.809
13,1,0.141611,-0.858389,1.36041e-05,0.999982,9.39222e-05,0.999019,620.681
14,1,0.221486,-0.778514,0.000119135,0.999846,0.000822592,1.00007,493.147
15,1,0.0886601,-0.91134,2.79282e-05,0.999965,0.000192818,0.99782,881.823
16,1,0.0868364,-0.913164,2.30536e-05,0.999971,0.000159164,0.997824,880.818
17,1,0.141646,-0.858354,1.3644e-05,0.999982,9.41981e-05,0.99902,620.644
18,1,0.0886869,-0.911313,2.80094e-05,0.999964,0.000193379,0.99782,881.851
19,1,0.0886757,-0.911324,2.79924e-05,0.999965,0.000193262,0.99782,881.892
20,1,0.0887115,-0.911288,2.80787e-05,0.999964,0.000193857,0.99782,881.859
21,1,0.0812158,-0.918784,1.21188e-05,0.999985,8.36681e-05,0.997833,877.878
22,1,0.634307,-0.365693,0.0336522,0.95911,0.240422,0.998778,660.025
23,1,0.218096,-0.781904,0.000102369,0.999867,0.00070682,1.00006,494.045
24,1,0.0887163,-0.911284,2.80865e-05,0.999964,0.000193911,0.99782,881.843
25,1,0.599959,-0.400041,0.0272558,0.966875,0.193444,0.998638,685.152
26,1,0.198262,-0.801738,0.000351995,0.999556,0.00243099,0.999219,591.576
27,1,0.0887131,-0.911287,2.80814e-05,0.999964,0.000193876,0.99782,881.854
28,1,0.780759,-0.219241,0.0985859,0.882422,0.755065,0.999605,542.425
29,1,1.38566,0.385657,0.802795,0.17397,28.1048,1.01155,153.904
30,1,0.213678,-0.786322,8.24368e-05,0.999893,0.000569182,1.00005,495.337
31,1,0.374307,-0.625693,0.00316005,0.996059,0.0218858,0.999687,533.031
32,1,0.197469,-0.802531,0.000341598,0.999569,0.00235916,0.999218,591.698
33,1,0.0887221,-0.911278,2.80956e-05,0.999964,0.000193975,0.99782,881.822
34,1,0.30382,-0.69618,0.00172015,0.997852,0.0118962,0.999777,523.064
35,1,0.545903,-0.454097,0.0133254,0.983497,0.0932398,0.998636,685.562
36,1,0.288378,-0.711622,0.000369527,0.999524,0.00255212,1.00054,451.364
37,1,0.294618,-0.705382,0.000445193,0.999428,0.00307493,1.00049,455.531
38,1,0.141492,-0.858508,1.34699e-05,0.999982,9.29958e-05,0.999019,620.811
39,1,0.217912,-0.782088,0.000100419,0.99987,0.000693352,1.00006,493.842
40,1,0.29144,-0.70856,0.000401969,0.999483,0.00277626,1.00052,453.249
41,1,0.638899,-0.361101,0.0308486,0.962251,0.219755,0.998859,646.214
42,1,0.962075,-0.0379248,0.333233,0.630272,3.45039,1.00109,411.474
43,1,0.681203,-0.318797,0.0493436,0.940492,0.358345,0.999019,620.79
44,1,0.439768,-0.560232,0.00878337,0.989243,0.0611768,0.999112,606.833
45,1,0.413764,-0.586236,0.00627662,0.992271,0.0436068,0.999312,578.901
46,1,0.336964,-0.663036,0.000611139,0.999213,0.00422182,1.00037,465.559
47,1,0.692242,-0.307758,0.061788,0.926468,0.454671,0.999019,620.703
48,1,0.477118,-0.522882,0.00678201,0.991542,0.047142,0.998894,640.524
49,1,0.69054,-0.30946,0.054363,0.934662,0.396893,0.999061,614.442
50,1,0.434073,-0.565927,0.00515618,0.993579,0.0357822,0.999242,588.357
51,1,0.397483,-0.602517,0.00261018,0.99671,0.0180676,0.99962,540.743
52,1,0.218323,-0.781677,0.000102379,0.999867,0.000706885,1.00006,493.733
53,1,0.698185,-0.301815,0.0532486,0.935672,0.388299,0.999158,600.148
54,1,0.737569,-0.262431,0.0789401,0.906065,0.591703,0.99935,573.934
55,1,0.550445,-0.449555,0.0146761,0.981883,0.102831,0.998621,688.373
56,1,2.62577,1.62577,0.999395,0.00047976,11403.6,1.00029,473.214
57,1,0.173691,-0.826309,0.000115815,0.999852,0.000799663,0.999177,597.455
58,1,0.79687,-0.20313,0.138642,0.840239,1.11123,0.99989,511.09
59,1,0.297233,-0.702767,0.000480275,0.999384,0.00331736,1.00047,457.377
60,1,0.55836,-0.44164,0.0163397,0.979881,0.114682,0.998615,689.506
61,1,0.180141,-0.819859,0.000159677,0.999797,0.00110257,0.999196,594.855
62,1,0.386292,-0.613708,0.00207074,0.997381,0.0143258,0.999749,526.18
63,1,0.99464,-0.00535972,0.375236,0.588954,4.1465,1.00215,351.142
64,1,0.381125,-0.618875,0.00360226,0.995518,0.0249595,0.999618,540.909
65,1,0.690965,-0.309035,0.0685644,0.919195,0.508206,0.998999,623.783
66,1,0.689371,-0.310629,0.0600962,0.928405,0.441425,0.999003,623.145
67,1,1.94379,0.94379,0.928159,0.0640511,89.1957,1.01668,118.417
68,1,0.683074,-0.316926,0.0639045,0.924481,0.471308,0.998948,631.881
69,1,0.953494,-0.046506,0.31679,0.65146,3.20119,1.00237,340.858
70,1,0.832155,-0.167845,0.165385,0.809672,1.36805,1.00005,495.397
71,1,0.599394,-0.400606,0.0331295,0.960214,0.23656,0.99861,690.448
72,1,1.43108,0.43108,0.830136,0.149209,33.7397,1.01333,139.353
73,1,0.507876,-0.492124,0.00794144,0.990072,0.0552657,0.998705,672.851
74,1,0.516025,-0.483975,0.0166972,0.979714,0.117233,0.998703,673.165
75,1,0.781243,-0.218757,0.116444,0.863932,0.909868,0.999648,537.476
76,1,0.371625,-0.628375,0.00148936,0.998106,0.0102977,0.999927,507.349
77,1,0.927402,-0.0725978,0.284705,0.684232,2.74792,1.00171,373.825
78,1,1.02074,0.0207377,0.420799,0.540132,5.0158,1.00174,371.922
79,1,0.179624,-0.820376,0.000155634,0.999802,0.00107465,0.999195,594.997
80,1,0.53974,-0.46026,0.0126195,0.984367,0.0882374,0.998634,685.82
81,1,0.3048,-0.6952,0.00176146,0.997802,0.0121824,0.99977,523.826
82,1,0.564359,-0.435641,0.0379898,0.955277,0.272634,0.998685,676.484
83,1,0.386222,-0.613778,0.00395806,0.995084,0.0274346,0.999568,546.838
84,1,0.747596,-0.252404,0.100886,0.88244,0.774655,0.999438,562.676
85,1,0.773628,-0.226372,0.116122,0.864936,0.907017,0.999634,539.106
86,1,0.695171,-0.304829,0.051436,0.937776,0.374365,0.999147,601.792
87,1,0.696449,-0.303551,0.0521243,0.936971,0.37965,0.999152,601.005
88,1,1.58493,0.584928,0.795706,0.186857,26.89,1.0171,116.258
89,1,0.854104,-0.145896,0.187693,0.78485,1.59523,1.00014,486.085
90,1,1.29044,0.290444,0.665063,0.307476,13.7086,1.01112,157.995
91,1,0.552306,-0.447694,0.0118232,0.985258,0.0826026,0.998637,685.385
92,1,1.4402,0.440198,0.806681,0.172358,28.8085,1.01466,130.199
93,1,1.08277,0.082769,0.499428,0.462966,6.8881,1.00332,302.417
94,1,0.932951,-0.0670489,0.290875,0.673762,2.8319,1.0006,446.575
95,1,0.688276,-0.311724,0.0531128,0.936111,0.387253,0.99905,616.013
96,1,0.727522,-0.272478,0.071494,0.91456,0.531592,0.999296,581.09
97,1,0.508031,-0.491969,0.00577478,0.992697,0.0401,0.998676,678.117
98,1,0.43183,-0.56817,0.0141132,0.983089,0.0988309,0.99895,631.554
99,1,0.745856,-0.254144,0.0793864,0.905149,0.595337,0.999425,564.349
100,1,0.505897,-0.494103,0.0076274,0.990455,0.0530635,0.998714,671.166