Codon,alpha,beta,beta-alpha,Prob[alpha<beta],Prob[alpha>beta],BayesFactor,PSRF,Neff
1,1.13067,0.349733,-0.780939,1.30045e-14,1,5.40193e-14,1.1196,23.785
2,0.992876,0.0714294,-0.921447,1.18211e-36,1,4.91034e-36,1.10974,25.4948
3,1.22209,0.0955797,-1.12651,6.93097e-50,1,2.87904e-49,1.07662,34.27
4,0.786887,0.0714723,-0.715415,1.28645e-32,1,5.34375e-32,1.0434,55.1642
5,0.57111,0.0714294,-0.49968,7.09455e-28,1,2.94699e-27,1.02337,91.402
6,0.626028,0.0715322,-0.554496,5.26052e-26,1,2.18516e-25,1.10169,27.1248
7,0.761916,0.0714287,-0.690488,3.12655e-36,1,1.29873e-35,1.05319,46.5208
8,1.1056,0.396587,-0.709008,3.22153e-12,1,1.33818e-11,1.09051,29.8487
9,1.01176,0.0714303,-0.940333,8.89538e-45,1,3.69503e-44,1.2432,13.9102
10,0.725137,0.071435,-0.653702,1.98762e-30,1,8.25634e-30,1.04117,57.6347
11,0.366597,0.0714292,-0.295168,2.95779e-18,1,1.22863e-17,1.06361,40.0397
12,1.19569,0.0714388,-1.12425,6.97176e-47,1,2.89599e-46,1.1483,20.0644
13,1.22118,0.32878,-0.892397,6.45968e-22,1,2.68327e-21,1.03126,72.3472
14,1.00599,0.0714541,-0.934538,1.61594e-36,1,6.7124e-36,1.14639,20.268
15,1.21542,0.185366,-1.03006,9.04603e-35,1,3.75761e-34,1.06048,41.77
16,1.20116,0.072855,-1.1283,5.85799e-43,1,2.43334e-42,1.12692,22.6819
17,0.970661,0.147252,-0.823409,8.9155e-26,1,3.70339e-25,1.18479,16.9645
18,1.21828,0.361795,-0.856489,4.72269e-19,1,1.96175e-18,1.11746,24.1336
19,0.965275,0.109909,-0.855365,1.53447e-31,1,6.37401e-31,1.24438,13.8635
20,1.1318,0.0716729,-1.06012,3.99682e-38,1,1.66023e-37,1.11966,23.7761
21,1.12679,0.14357,-0.983223,7.49625e-34,1,3.11385e-33,1.10047,27.3945
22,1.13633,0.0744788,-1.06185,3.05495e-35,1,1.26899e-34,1.12653,22.7379
23,1.10383,0.144164,-0.959668,8.34356e-28,1,3.46581e-27,1.14334,20.6038
24,0.757034,0.353712,-0.403322,1.20314e-06,0.999949,4.99772e-06,1.05278,46.8238
25,1.18857,0.147433,-1.04114,1.99154e-29,1,8.27261e-29,1.15445,19.4419
26,0.819706,0.252783,-0.566923,5.69831e-14,1,2.36701e-13,1.02098,99.4517
27,1.05805,0.375731,-0.682318,2.19268e-10,1,9.10812e-10,1.12552,22.8838
28,1.22675,0.584992,-0.641757,5.2873e-15,1,2.19628e-14,1.17967,17.325
29,1.03582,0.44862,-0.587199,5.9275e-09,0.999999,2.46221e-08,1.07365,35.4208
30,0.921868,0.177171,-0.744697,1.71341e-24,1,7.11728e-24,1.05549,44.9014
31,0.438681,0.1986,-0.240081,3.44153e-06,0.999331,1.42958e-05,1.06934,37.25
32,1.13135,0.451097,-0.680253,8.82408e-11,1,3.66542e-10,1.06062,41.69
33,1.10403,0.14309,-0.960935,2.04642e-27,1,8.50057e-27,1.18825,16.7316
34,1.21707,0.686813,-0.53026,2.07805e-06,0.999958,8.63197e-06,1.29046,12.3301
35,1.2123,0.636339,-0.575964,2.30714e-06,0.999938,9.58359e-06,1.22347,14.7658
36,0.558218,0.245077,-0.31314,7.5783e-07,0.999871,3.14794e-06,1.0864,31.0158
37,0.993659,0.550336,-0.443322,1.44984e-05,0.999391,6.02254e-05,1.23255,14.3541
38,1.20152,0.378462,-0.823062,1.41112e-14,1,5.86163e-14,1.10825,25.7795
39,1.12973,0.72039,-0.409343,0.00071526,0.993129,0.00297323,1.12673,22.709
40,1.22502,0.614568,-0.610456,1.37702e-09,1,5.71997e-09,1.11775,24.0859
41,0.899275,0.16991,-0.729365,7.16213e-24,1,2.97506e-23,1.07301,35.677
42,1.22377,0.356157,-0.867617,1.32582e-20,1,5.50728e-20,1.07344,35.5051
43,0.593127,0.224339,-0.368788,9.21279e-10,0.999999,3.82688e-09,1.14371,20.563
44,1.17344,0.499089,-0.674348,3.98034e-10,1,1.65339e-09,1.07084,36.5903
45,0.709252,0.220391,-0.488862,4.17355e-11,1,1.73364e-10,1.03,74.8226
46,1.22184,0.593171,-0.62867,7.51286e-09,1,3.12075e-08,1.1871,16.8078
47,0.810531,0.291362,-0.519169,3.22923e-10,1,1.34138e-09,1.02501,86.6087
48,1.21441,0.587543,-0.62687,7.64768e-09,0.999999,3.17675e-08,1.13031,22.2118
49,1.14336,0.949724,-0.193639,0.0378119,0.829501,0.163238,1.10146,27.1762
50,1.22543,0.635973,-0.589455,3.80582e-09,1,1.58089e-08,1.35325,10.8839
51,0.818849,0.252934,-0.565915,8.17056e-13,1,3.39395e-12,1.02014,102.677
52,1.2131,0.479974,-0.733123,3.73566e-13,1,1.55175e-12,1.15051,19.8345
53,1.21875,0.548126,-0.670624,4.33258e-13,1,1.7997e-12,1.0466,51.9766
54,1.19925,0.42965,-0.769597,5.86721e-13,1,2.43717e-12,1.05564,44.8018
55,1.22605,0.667282,-0.558763,8.7053e-09,1,3.61608e-08,1.3207,11.5628
56,1.17928,0.671234,-0.508044,0.000137983,0.998261,0.000573243,1.13522,21.5704
57,0.819122,0.641222,-0.1779,0.0176608,0.887135,0.0746796,1.3012,12.0401
58,1.22565,0.632259,-0.593389,2.67505e-09,1,1.11118e-08,1.25639,13.4111
59,1.22225,0.694654,-0.527591,8.55573e-07,0.999983,3.55395e-06,1.26339,13.1663
60,1.22223,0.640778,-0.581453,1.58138e-07,0.999995,6.56884e-07,1.18094,17.2336
61,1.18994,0.547971,-0.641969,1.35882e-09,1,5.64439e-09,1.2689,12.9823
62,1.21264,0.630514,-0.582126,7.24604e-07,0.999974,3.00992e-06,1.17512,17.6632
63,1.20814,0.632875,-0.575262,1.83349e-06,0.999946,7.61611e-06,1.157,19.1979
64,1.15481,0.612237,-0.54257,1.9741e-06,0.999915,8.20018e-06,1.1345,21.6615
65,1.19595,0.59187,-0.604081,1.2856e-07,0.999992,5.34024e-07,1.18725,16.7977
66,1.21382,0.64557,-0.568252,3.61065e-06,0.999921,1.49983e-05,1.164,18.5659
67,1.2171,0.654663,-0.562436,3.40292e-06,0.999942,1.41353e-05,1.2785,12.6796
68,1.21667,0.976354,-0.240311,0.000946385,0.970677,0.00393489,1.18373,17.0374
69,0.583189,0.674473,0.0912838,0.674659,0.0903828,8.61391,2.42165,6.01551
70,1.2087,0.832271,-0.376432,2.90551e-05,0.999479,0.000120695,1.28281,12.5502
71,1.19966,0.73722,-0.462436,5.39703e-05,0.999379,0.000224198,1.22912,14.506
72,1.17794,0.576576,-0.601365,9.05057e-08,0.999993,3.7595e-07,1.20932,15.477
73,0.688047,0.600503,-0.0875431,0.0824777,0.68277,0.373399,1.22192,14.8392
74,0.966986,0.778556,-0.18843,0.0136245,0.922161,0.057376,1.10296,26.8522
75,0.840142,0.617634,-0.222508,0.00940263,0.923998,0.0394281,1.20197,15.8857
76,1.22128,0.663199,-0.558085,1.71773e-06,0.999972,7.13527e-06,1.30265,12.0025
77,0.813411,0.669286,-0.144125,0.0386694,0.824511,0.167089,1.38708,10.2998
78,1.20939,1.00622,-0.203163,0.0163142,0.906937,0.068891,1.08066,32.8356
79,1.17433,0.902786,-0.271542,0.00492497,0.963365,0.020559,1.04093,57.9217
80,0.638216,0.658642,0.0204258,0.404753,0.27667,2.82453,1.98558,6.67653
81,1.20218,0.8772,-0.32498,0.000204075,0.995479,0.000847877,1.0187,108.682
82,1.20734,0.60349,-0.603854,1.79599e-07,0.999991,7.46031e-07,1.14951,19.9379
83,1.14678,0.887302,-0.259481,0.00633514,0.955472,0.0264832,1.05951,42.3399
84,1.21817,0.821341,-0.396829,9.86243e-06,0.999807,4.09677e-05,1.28705,12.4269
85,0.981669,0.821382,-0.160287,0.0437963,0.854801,0.190257,1.24583,13.8063
86,1.22307,0.884137,-0.338932,1.06782e-05,0.999273,4.43563e-05,1.00044,460.318
87,1.13612,0.853566,-0.282552,0.0028931,0.982744,0.0120524,1.26293,13.182
88,0.541431,0.636697,0.0952653,0.673649,0.0996882,8.57437,1.87514,6.95951
89,0.913446,0.79702,-0.116426,0.105824,0.728553,0.491602,1.12608,22.802
90,0.830423,0.995625,0.165202,0.815803,0.0362537,18.3974,1.0503,48.7532
91,1.22153,0.977412,-0.244115,0.000397226,0.983834,0.00165069,1.18645,16.8515
92,1.16493,0.85339,-0.311537,0.00102703,0.992082,0.00427054,1.24517,13.8322
93,1.14159,0.938921,-0.202669,0.0330877,0.851694,0.142146,1.09022,29.9268
94,0.798829,1.20748,0.408654,0.988633,0.000975789,361.288,1.02572,84.7121
95,0.891165,0.84345,-0.0477154,0.254781,0.526002,1.42016,1.27856,12.6778
96,0.835357,0.832374,-0.00298314,0.395285,0.395102,2.71528,1.31023,11.8116
97,1.10268,0.879473,-0.223202,0.0153671,0.922141,0.0648292,1.10415,26.6017
98,1.18153,0.969561,-0.211966,0.0151837,0.881579,0.0640439,1.14147,20.8171
99,1.17131,1.01674,-0.154568,0.0834564,0.762042,0.378234,1.10796,25.8346
100,0.692066,0.913285,0.221219,0.894646,0.0401479,35.274,1.28878,12.3775