Codon,alpha,beta,beta-alpha,Prob[alpha<beta],Prob[alpha>beta],BayesFactor,PSRF,Neff
1,0.307361,0.0714286,-0.235932,3.00257e-30,1,1.14223e-29,1.07781,33.835
2,1.20777,0.207511,-1.00026,1.27704e-28,1,4.85808e-28,1.10066,27.3528
3,1.22415,0.224147,-0.999999,3.62647e-30,1,1.37957e-29,1.16776,18.2473
4,1.02436,0.0714287,-0.952932,8.99171e-45,1,3.42061e-44,1.12102,23.561
5,0.532151,0.0714555,-0.460695,3.52209e-26,1,1.33987e-25,1.08621,31.0728
6,0.985589,0.0714288,-0.91416,1.01955e-41,1,3.87854e-41,1.13354,21.7846
7,0.950108,0.0714286,-0.878679,1.77317e-48,1,6.74547e-48,1.15861,19.047
8,0.983541,0.167436,-0.816105,3.94684e-28,1,1.50145e-27,1.09387,28.9639
9,1.01985,0.0714286,-0.948422,3.46104e-56,1,1.31664e-55,1.13473,21.6319
10,0.772205,0.0714286,-0.700777,4.06874e-39,1,1.54782e-38,1.07571,34.6134
11,0.915078,0.212206,-0.702873,1.5103e-20,1,5.74545e-20,1.0802,32.9941
12,1.20384,0.21952,-0.984315,1.41174e-25,1,5.3705e-25,1.08272,32.154
13,1.08535,0.387733,-0.69762,3.64528e-10,1,1.38673e-09,1.55152,8.49275
14,1.19119,0.130916,-1.06027,9.4101e-35,1,3.57977e-34,1.04489,53.6251
15,1.20145,0.0714337,-1.13002,3.88675e-48,1,1.47859e-47,1.07699,34.1335
16,1.21521,0.363576,-0.851635,1.69161e-17,1,6.43517e-17,1.31974,11.585
17,1.03098,0.0714471,-0.959531,6.98911e-36,1,2.65878e-35,1.10257,26.9364
18,1.21415,0.37256,-0.841591,7.96052e-15,1,3.02832e-14,1.16899,18.1465
19,1.22453,0.341669,-0.882858,2.99016e-21,1,1.13751e-20,1.56657,8.38084
20,1.18544,0.348419,-0.837018,4.24512e-16,1,1.61492e-15,1.70382,7.58757
21,0.939649,0.439894,-0.499755,2.16745e-07,0.999993,8.24537e-07,1.33833,11.1788
22,1.07612,0.226266,-0.849853,7.88643e-19,1,3.00014e-18,1.01629,120.509
23,1.22407,0.355768,-0.868304,2.41705e-21,1,9.19491e-21,1.6163,8.05097
24,1.20674,0.518433,-0.688312,2.32844e-11,1,8.85779e-11,1.21228,15.3207
25,0.995052,0.549866,-0.445187,4.63503e-06,0.999932,1.76325e-05,1.36064,10.7468
26,1.12275,0.0898427,-1.0329,2.83987e-33,1,1.08034e-32,1.1131,24.8806
27,0.79942,0.426584,-0.372836,1.50047e-05,0.999683,5.70813e-05,1.05069,48.4437
28,1.00253,0.389249,-0.61328,4.2267e-10,1,1.60791e-09,1.46726,9.25674
29,1.22601,0.363951,-0.862058,9.51854e-21,1,3.62102e-20,1.16242,18.7032
30,0.842569,0.484857,-0.357711,4.86888e-05,0.999324,0.00018523,1.4277,9.72176
31,0.877476,0.328038,-0.549439,2.026e-10,1,7.70727e-10,1.1076,25.9047
32,0.742342,0.18283,-0.559512,1.21381e-16,1,4.61754e-16,1.11183,25.1077
33,1.22231,0.229313,-0.992994,5.50702e-25,1,2.09497e-24,1.27466,12.7983
34,1.09052,0.570222,-0.520295,9.21557e-06,0.999912,3.5058e-05,1.32868,11.3838
35,1.01608,0.66845,-0.347633,0.000812159,0.995697,0.00309211,1.25205,13.5697
36,1.20559,0.397947,-0.807644,1.42863e-13,1,5.43478e-13,1.18784,16.7585
37,1.17916,0.53699,-0.64217,2.74699e-09,1,1.045e-08,1.23317,14.3271
38,1.20321,0.359192,-0.844014,8.73623e-14,1,3.32342e-13,1.55553,8.46232
39,1.06228,0.451142,-0.611139,1.13198e-09,1,4.30624e-09,1.29923,12.0917
40,1.21775,0.217448,-1.00031,3.98994e-25,1,1.51784e-24,1.11445,24.6435
41,1.22466,0.359478,-0.865182,1.05556e-19,1,4.01556e-19,1.56729,8.3756
42,1.14807,0.321039,-0.827035,5.82721e-19,1,2.21677e-18,1.75371,7.37355
43,1.19661,0.705948,-0.490663,3.69528e-06,0.999955,1.40575e-05,1.1709,17.9917
44,0.932345,0.604184,-0.328162,0.00106396,0.993983,0.0040518,1.50449,8.88694
45,0.813381,0.504868,-0.308513,0.000179914,0.997993,0.000684548,1.46959,9.23191
46,1.18501,0.613621,-0.571391,3.01027e-07,0.999996,1.14516e-06,1.26259,13.1937
47,1.22062,0.256894,-0.963731,3.17914e-23,1,1.2094e-22,1.58735,8.23594
48,1.20629,0.563576,-0.642715,1.94787e-09,1,7.41006e-09,1.22978,14.4763
49,1.12145,0.36162,-0.759834,1.33347e-16,1,5.07275e-16,1.35268,10.8946
50,1.07119,0.709756,-0.361431,0.000703325,0.996014,0.00267746,1.08155,32.5393
51,0.652181,0.324971,-0.32721,1.64059e-06,0.9999,6.24113e-06,1.11725,24.1675
52,1.22232,0.367539,-0.854783,8.5187e-17,1,3.24067e-16,1.13417,21.7041
53,0.9658,0.58349,-0.382309,0.000718097,0.996219,0.00273373,1.39992,10.1042
54,1.22475,0.491356,-0.733391,1.36538e-14,1,5.19415e-14,1.24842,13.7064
55,1.15107,0.332003,-0.819065,1.06417e-18,1,4.04828e-18,1.85401,7.02259
56,1.12013,0.800539,-0.319594,0.00117959,0.992173,0.00449266,1.04146,57.3073
57,1.01436,0.253372,-0.760985,6.38053e-14,1,2.42727e-13,1.02504,86.5505
58,1.17728,0.827359,-0.349918,0.000182523,0.996405,0.000694476,1.0571,43.8378
59,1.20774,0.838758,-0.368977,7.06411e-05,0.998055,0.00026875,1.06179,41.0289
60,1.1905,0.541431,-0.649074,5.05807e-09,1,1.92418e-08,1.23833,14.1082
61,1.19489,0.679502,-0.515388,1.36751e-06,0.999982,5.20224e-06,1.20493,15.7175
62,1.2211,0.801723,-0.419377,1.33088e-06,0.999931,5.06293e-06,1.06315,40.2834
63,1.0477,0.547922,-0.499775,6.17241e-06,0.999933,2.34811e-05,1.30611,11.9142
64,1.21598,0.498603,-0.717379,2.56561e-12,1,9.76003e-12,1.2359,14.2102
65,1.09038,0.620746,-0.469636,9.49354e-06,0.9999,3.61155e-05,1.32765,11.4065
66,1.21548,0.539158,-0.676324,4.90039e-12,1,1.8642e-11,1.24423,13.8693
67,1.21714,0.720292,-0.496847,4.42717e-07,0.999991,1.68417e-06,1.12339,23.1975
68,1.16557,0.878985,-0.286586,0.00604148,0.941235,0.0231226,1.0556,44.826
69,0.618947,0.611022,-0.00792525,0.366136,0.410919,2.19739,1.25777,13.3618
70,0.825488,0.940443,0.114955,0.71378,0.110343,9.4869,1.03621,64.1114
71,1.19235,0.848114,-0.344235,0.000183892,0.993653,0.000699686,1.06868,37.5497
72,0.992805,0.44793,-0.544874,4.26665e-07,0.999991,1.62311e-06,1.39094,10.2396
73,0.91595,0.667448,-0.248502,0.0172634,0.949879,0.0668267,1.3543,10.864
74,0.996255,0.828292,-0.167964,0.0302763,0.893583,0.118772,1.09019,29.935
75,0.624189,0.448051,-0.176138,0.0135066,0.92663,0.0520849,1.08376,31.8246
76,1.12807,0.827018,-0.301057,0.00222354,0.985711,0.0084776,1.03865,60.7468
77,1.16467,0.783048,-0.381622,0.000117213,0.998558,0.00044595,1.04999,49.0085
78,1.03613,0.862071,-0.174061,0.0300427,0.858699,0.117828,1.12049,23.6447
79,1.1948,0.96247,-0.232331,0.00287984,0.895313,0.0109871,1.09598,28.4416
80,0.658294,0.807689,0.149395,0.908871,0.0321992,37.9409,1.21367,15.2486
81,0.526856,0.56686,0.0400044,0.570195,0.232626,5.04677,1.24007,14.0366
82,1.16575,0.84348,-0.322274,0.000631896,0.989649,0.00240537,1.0616,41.1303
83,1.12105,1.01866,-0.10239,0.0829244,0.528391,0.343984,1.07273,35.794
84,1.02037,0.783825,-0.236541,0.011251,0.958504,0.0432878,1.08483,31.4914
85,0.958776,0.847419,-0.111357,0.11538,0.735319,0.496173,1.14669,20.2359
86,1.12617,0.806835,-0.319335,0.00131056,0.991309,0.00499216,1.04125,57.5452
87,1.22499,0.897638,-0.32735,5.5811e-06,0.997921,2.12316e-05,1.06384,39.9173
88,0.608023,0.546934,-0.0610885,0.186239,0.624361,0.870634,1.50622,8.87112
89,0.597191,0.631342,0.0341514,0.542224,0.262455,4.50595,1.26016,13.2776
90,1.19772,0.873378,-0.324337,0.000427641,0.98234,0.00162752,1.0619,40.9637
91,1.18398,0.741484,-0.442492,5.24587e-05,0.999543,0.000199573,1.10638,26.1476
92,0.927538,0.891708,-0.03583,0.282135,0.495053,1.49512,1.09082,29.7639
93,0.885556,0.972291,0.0867348,0.558987,0.136676,4.82182,1.13774,21.259
94,0.949002,0.909874,-0.0391277,0.265575,0.483683,1.37562,1.04577,52.7646
95,0.673989,0.75263,0.0786406,0.70436,0.160462,9.06341,1.32034,11.5711
96,1.14649,1.00478,-0.141709,0.0277652,0.642942,0.10864,1.06401,39.8307
97,0.982557,0.83511,-0.147447,0.108521,0.780637,0.463088,1.163,18.6524
98,0.648258,0.823638,0.17538,0.954535,0.0120068,79.8689,1.13894,21.1135
99,1.19318,0.884373,-0.308809,0.000847097,0.969682,0.00322524,1.06352,40.0867
100,0.854983,0.983665,0.128682,0.67715,0.0731685,7.97894,1.19363,16.3855