Codon,alpha,beta,beta-alpha,Prob[alpha<beta],Prob[alpha>beta],BayesFactor,PSRF,Neff
1,1.20832,0.0900085,-1.11831,1.0114e-46,1,3.67166e-46,1.13117,22.0961
2,1.20971,0.196728,-1.01298,4.87436e-35,1,1.76952e-34,1.17776,17.4647
3,1.22476,0.0717212,-1.15304,1.47098e-59,1,5.34005e-59,1.09053,29.8426
4,0.829659,0.128956,-0.700704,3.16256e-27,1,1.14809e-26,1.23735,14.1492
5,0.459907,0.0714287,-0.388478,4.93878e-25,1,1.79291e-24,1.06287,40.437
6,0.456642,0.142961,-0.313682,5.85823e-12,1,2.12669e-11,1.10114,27.2468
7,0.828978,0.263107,-0.56587,6.68659e-13,1,2.42741e-12,1.10233,26.9865
8,1.20313,0.0714368,-1.13169,1.03205e-54,1,3.74662e-54,1.17241,17.8725
9,1.12613,7.84892e-09,-1.12613,1.49124e-60,1,5.41359e-60,1.0491,49.7523
10,0.67586,0.0714432,-0.604417,2.56439e-28,1,9.3094e-28,1.19377,16.3769
11,0.812866,0.181759,-0.631106,2.37087e-18,1,8.60688e-18,1.09907,27.7114
12,0.802474,0.222893,-0.57958,4.68901e-14,1,1.70223e-13,1.12653,22.7378
13,1.19495,0.466722,-0.728226,4.77057e-11,1,1.73184e-10,1.01226,147.805
14,1.21515,0.438694,-0.77646,4.11055e-14,1,1.49224e-13,1.21125,15.3744
15,1.01247,0.144949,-0.867523,6.47164e-33,1,2.34937e-32,1.33594,11.2285
16,0.772873,0.0714491,-0.701424,4.74301e-34,1,1.72184e-33,1.1622,18.7226
17,1.07938,0.145708,-0.933676,2.91668e-34,1,1.05883e-33,1.33649,11.217
18,1.09796,0.142132,-0.955828,2.25281e-38,1,8.17829e-38,1.26094,13.2505
19,0.932407,0.26951,-0.662897,1.36944e-15,1,4.97144e-15,1.12061,23.6261
20,1.22261,0.42657,-0.796045,8.68248e-17,1,3.15197e-16,1.3033,11.9858
21,0.723619,0.292698,-0.430921,1.58962e-08,0.999998,5.77075e-08,1.174,17.7489
22,0.428472,0.143242,-0.28523,9.23607e-10,0.999999,3.35293e-09,1.14086,20.8882
23,1.14858,0.07143,-1.07715,2.4948e-43,1,9.05679e-43,1.03802,61.5757
24,1.21753,0.215668,-1.00186,3.29434e-31,1,1.19593e-30,1.30577,11.9227
25,1.21849,0.632233,-0.58626,1.21271e-09,1,4.40245e-09,1.11432,24.6664
26,1.22189,0.440792,-0.7811,1.95347e-15,1,7.09162e-15,1.25091,13.6119
27,0.918837,0.0716712,-0.847166,1.10854e-39,1,4.02429e-39,1.13104,22.1132
28,1.22413,0.460165,-0.763964,7.78718e-15,1,2.82695e-14,1.04084,58.0301
29,1.21581,0.215522,-1.00029,9.45948e-27,1,3.43404e-26,1.13503,21.595
30,1.22257,0.471966,-0.750604,8.43071e-14,1,3.06057e-13,1.11367,24.7789
31,1.16657,0.199925,-0.966641,5.18321e-30,1,1.88164e-29,1.04912,49.7363
32,0.406778,0.161383,-0.245395,1.72168e-06,0.999671,6.25015e-06,1.2039,15.7754
33,1.01301,0.140513,-0.872496,6.80748e-28,1,2.47129e-27,1.15863,19.0458
34,1.19768,0.718713,-0.478969,3.75071e-06,0.999892,1.36161e-05,1.0909,29.741
35,1.11724,0.4873,-0.62994,9.60063e-09,0.999999,3.48528e-08,1.0662,38.725
36,1.21324,0.210812,-1.00243,8.09923e-28,1,2.94023e-27,1.13539,21.5489
37,1.15507,0.149102,-1.00597,1.80081e-31,1,6.5374e-31,1.13053,22.1823
38,0.866823,0.234504,-0.632318,2.87018e-19,1,1.04195e-18,1.1394,21.0596
39,1.21985,0.191517,-1.02834,4.33943e-33,1,1.57533e-32,1.16243,18.7023
40,1.19346,0.0824873,-1.11098,3.12031e-38,1,1.13275e-37,1.10919,25.5987
41,1.16153,0.633399,-0.528132,3.73028e-07,0.999986,1.35419e-06,1.10516,26.3939
42,1.11735,0.659889,-0.457458,1.82212e-05,0.999658,6.61488e-05,1.11674,24.2526
43,0.59569,0.702318,0.106629,0.741986,0.112086,10.4397,1.05147,47.824
44,1.22683,0.418119,-0.808715,2.10781e-26,1,7.65189e-26,1.12451,23.0307
45,0.858917,0.537482,-0.321435,0.000142359,0.997777,0.000516872,1.07702,34.1211
46,1.19332,0.733468,-0.459849,6.12841e-06,0.999813,2.22479e-05,1.06658,38.5371
47,1.0979,0.691104,-0.406798,0.000148079,0.997973,0.000537643,1.13476,21.6286
48,0.78692,0.549536,-0.237384,0.00237206,0.978328,0.00863167,1.11437,24.6564
49,1.22445,0.722232,-0.502218,6.63075e-09,0.999999,2.40713e-08,1.01595,122.442
50,1.17311,0.237701,-0.935409,6.52152e-22,1,2.36748e-21,1.13313,21.8374
51,0.856883,0.439227,-0.417655,1.50539e-06,0.999956,5.46497e-06,1.12138,23.5049
52,1.20899,0.715889,-0.493097,1.08778e-06,0.999963,3.94893e-06,1.09011,29.9567
53,0.957034,0.806362,-0.150673,0.0492903,0.83145,0.188214,1.23284,14.3414
54,1.21779,0.448019,-0.769774,3.20715e-15,1,1.16428e-14,1.05937,42.4239
55,1.19873,0.564498,-0.63423,2.71536e-09,1,9.85745e-09,1.13165,22.0325
56,1.07786,0.685087,-0.392777,0.000313889,0.996553,0.00113986,1.11604,24.3698
57,1.05426,0.583278,-0.470982,1.76834e-06,0.999947,6.41956e-06,1.10038,27.4155
58,0.961004,0.789577,-0.171427,0.0234437,0.886512,0.0871499,1.20591,15.6633
59,1.11811,0.746623,-0.371487,0.00022095,0.996519,0.000802282,1.11494,24.5577
60,1.01788,0.721232,-0.296649,0.00314825,0.975875,0.011465,1.06584,38.8992
61,1.22232,0.733957,-0.488364,7.04402e-08,0.999995,2.55716e-07,1.03102,72.8125
62,1.21494,0.714107,-0.50083,5.26529e-07,0.999982,1.91144e-06,1.10414,26.6034
63,1.04304,0.830919,-0.212118,0.00762944,0.945211,0.0279098,1.20362,15.7913
64,0.358892,0.642301,0.283409,0.999593,1.06744e-05,8915.73,1.10753,25.9201
65,0.883713,0.643264,-0.240449,0.0204054,0.93211,0.0756201,1.15696,19.2018
66,1.19863,0.785032,-0.4136,1.75529e-05,0.999414,6.37226e-05,1.09282,29.2353
67,0.66835,0.540452,-0.127898,0.0518098,0.795324,0.19836,1.1517,19.7145
68,1.01024,0.778753,-0.231484,0.0057193,0.956946,0.020882,1.17397,17.7511
69,1.20574,0.74042,-0.465316,4.96514e-06,0.999869,1.80248e-05,1.10302,26.8389
70,1.05399,0.664283,-0.389704,0.000161689,0.99793,0.000587068,1.10647,26.1286
71,1.19331,0.667491,-0.525816,6.50171e-07,0.99998,2.36029e-06,1.1273,22.6276
72,0.947353,0.365754,-0.581599,4.67255e-10,1,1.69626e-09,1.06653,38.5645
73,1.03208,0.834234,-0.19785,0.00877077,0.935614,0.0321219,1.23539,14.2317
74,1.19039,0.789716,-0.400675,6.72469e-05,0.998711,0.00024414,1.12257,23.3224
75,0.431299,0.745446,0.314148,0.999137,0.000115687,4200.97,1.02627,83.2882
76,1.19005,0.772711,-0.417339,3.86942e-05,0.999175,0.000140475,1.1185,23.9619
77,0.885206,0.572485,-0.312721,0.000350202,0.995802,0.00127177,1.0734,35.5206
78,1.03806,0.83424,-0.203824,0.00572725,0.946101,0.0209112,1.2308,14.431
79,1.08779,0.828569,-0.259223,0.00219332,0.97403,0.00797983,1.137,21.3493
80,0.643837,0.728505,0.0846681,0.679691,0.132312,7.70336,1.00551,240.149
81,0.738151,0.476007,-0.262144,0.00125484,0.989132,0.00456111,1.17941,17.3441
82,1.18937,0.793452,-0.395914,0.000124899,0.998164,0.000453472,1.14698,20.2049
83,1.13377,0.967822,-0.165946,0.0140561,0.698131,0.0517546,1.14615,20.2937
84,1.17142,0.828312,-0.343104,0.00016346,0.994052,0.000593498,1.21435,15.2138
85,0.646706,0.877151,0.230445,0.937787,0.0156944,54.7215,1.08904,30.2534
86,1.22354,0.786127,-0.43741,1.92204e-07,0.999969,6.9775e-07,1.1122,25.0421
87,1.10282,0.833335,-0.269481,0.00232078,0.974118,0.00844463,1.12498,22.962
88,0.647667,0.653553,0.00588559,0.397412,0.392185,2.39419,1.08449,31.5948
89,0.731624,0.658569,-0.0730553,0.145149,0.673209,0.6164,1.06892,37.4411
90,1.18701,1.01386,-0.173149,0.00525035,0.760466,0.0191607,1.09279,29.2415
91,1.2064,0.932525,-0.273875,0.000345212,0.954106,0.00125364,1.15537,19.3524
92,0.874349,0.79566,-0.0786892,0.143026,0.639331,0.605876,1.19874,16.0743
93,0.960241,1.00874,0.0485009,0.374995,0.110749,2.17811,1.42703,9.73042
94,1.04927,0.876216,-0.173059,0.0256604,0.826047,0.0956072,1.21991,14.9363
95,0.975812,0.760153,-0.215658,0.0116876,0.930973,0.0429309,1.12379,23.1376
96,1.20127,0.756133,-0.445133,1.08595e-05,0.999723,3.94233e-05,1.09957,27.5968
97,1.09275,0.817973,-0.274779,0.00177456,0.980267,0.00645358,1.14949,19.9404
98,0.894249,1.03492,0.140674,0.593183,0.0322888,5.29331,1.44412,9.51851
99,1.21668,0.904362,-0.312314,4.6756e-05,0.987188,0.000169744,1.2152,15.1703
100,0.794822,0.753067,-0.0417543,0.21062,0.51449,0.968615,1.12768,22.5736