site	ns_changes	s_changes	ns_sites	s_sites
1	0.00684261974585	0.121212121212	0.00108622800825	0.000380047651573
2	0.100439882698	0.101906158358	0.00114129408317	0.000324981576659
3	0.00977517106549	0.116324535679	0.00110940386211	0.000356871797718
4	0.0237047898338	0.114613880743	0.000989135146076	0.000477140513749
5	0.0224014336918	0.0856142065819	0.0010030111242	0.00046326453562
6	0.0153958944282	0.0994623655914	0.000985832422789	0.000480443237035
7	0.00684261974585	0.099706744868	0.00113443770864	0.000331837951187
8	0.0232160312805	0.143450635386	0.000992199128778	0.000474076531046
9	0.000488758553275	0.099706744868	0.00113202266119	0.00033425299863
10	0.00904203323558	0.102883675464	0.000981043371964	0.00048523228786
11	0.0162919517758	0.0897686542848	0.00114394951417	0.000322326145657
12	0.0281036168133	0.105164548713	0.00114717151157	0.000319104148257
13	0.140518084066	0.121456500489	0.00116413604409	0.000302139615735
14	0.0254154447703	0.100195503421	0.00111028990268	0.000355985757146
15	0.0953079178886	0.127077223851	0.00113905980786	0.000327215851963
16	0.154447702835	0.0977517106549	0.00114141690141	0.000324858758409
17	0.031687846204	0.131068752036	0.000987923996252	0.000478351663572
18	0.0857771260997	0.151026392962	0.00103340436441	0.000432871295419
19	0.0415444770283	0.133919843597	0.00100828250429	0.000457993155537
20	0.0644346692734	0.145242750081	0.0010326509969	0.000433624662924
21	0.0654936461388	0.122189638319	0.00114251025266	0.000323765407163
22	0.186135549039	0.086917562724	0.00118300737532	0.000283268284503
23	0.173509286413	0.105083088954	0.00115633345657	0.000309942203257
24	0.0447214076246	0.0755131964809	0.000999723219854	0.000466552439971
25	0.0476539589443	0.101173020528	0.00114731143964	0.000318964220181
26	0.0273704789834	0.101173020528	0.0011413478516	0.000324927808221
27	0.0926197458456	0.086265884653	0.00110504037998	0.000361235279846
28	0.19110459433	0.11045943304	0.00117965082338	0.000286624836449
29	0.17880417074	0.101254480287	0.00113902602783	0.000327249631991
30	0.0307917888563	0.129032258065	0.000988164252373	0.000478111407451
31	0.106549364614	0.0630498533724	0.00121576715125	0.000250508508573
32	0.162512218964	0.0994623655914	0.00113683956012	0.000329436099701
33	0.0447214076246	0.1032095145	0.00113357726296	0.00033269839686
34	0.0732323232323	0.150374714891	0.00100564955006	0.000460626109768
35	0.173020527859	0.0920495275334	0.00109393299116	0.000372342668668
36	0.128299120235	0.104838709677	0.00118551663633	0.000280759023491
37	0.138644509612	0.0976702508961	0.001136990038	0.000329285621819
38	0.184017595308	0.115591397849	0.00115281271002	0.000313462949803
39	0.0730694037146	0.0998696643858	0.00112187050894	0.000344405150884
40	0.0823558162268	0.115184099055	0.00111902672924	0.00034724893058
41	0.0806451612903	0.116324535679	0.00112770373143	0.00033857192839
42	0.144428152493	0.0681818181818	0.00117165887471	0.000294616785116
43	0.208536982731	0.078853046595	0.00117835535582	0.000287920304001
44	0.213994786575	0.0973444118605	0.00117084534222	0.000295430317602
45	0.200472466601	0.0781199087651	0.00119952472938	0.000266750930439
46	0.179211469534	0.0979960899316	0.001168556288	0.000297719371825
47	0.21073639622	0.117953730857	0.00111426129655	0.000352014363272
48	0.234359726295	0.10540892799	0.00113896567814	0.00032730998168
49	0.2151352232	0.111844248941	0.00110691196095	0.000359363698873
50	0.15330726621	0.107934180515	0.00114416185771	0.00032211380211
51	0.199739328772	0.0798305637015	0.00115139555568	0.000314880104142
52	0.186461388074	0.0948191593353	0.00117374267265	0.000292532987173
53	0.203160638645	0.0893613554904	0.00116907745632	0.000297198203504
54	0.20128706419	0.102720755947	0.00116273941632	0.000303536243504
55	0.1977028348	0.100439882698	0.00114802681166	0.000318248848166
56	0.218067774519	0.110052134246	0.00108627890947	0.000379996750351
57	0.0881394591072	0.0746171391333	0.00100933026873	0.000456945391089
58	0.199983708048	0.118116650375	0.00111945776881	0.000346817891016
59	0.203975236233	0.100032583904	0.0011546700498	0.00031160561002
60	0.169191919192	0.070055392636	0.00114303923796	0.000323236421867
61	0.217416096448	0.116324535679	0.00113334146712	0.000332934192701
62	0.141495601173	0.123655913978	0.00109312847678	0.00037314718304
63	0.238840013034	0.0843923101988	0.00119753806204	0.000268737597782
64	0.214646464646	0.0973444118605	0.00111432554689	0.000351950112936
65	0.152085369827	0.119420006517	0.00114752980714	0.000318745852682
66	0.193385467579	0.134571521668	0.00108847223374	0.000377803426086
67	0.25219941349	0.090990550668	0.00114642637859	0.00031984928123
68	0.217660475725	0.0996252851092	0.00110686171121	0.000359413948613
69	0.168051482568	0.0831704138156	0.000915204316019	0.000551071343805
70	0.17082111437	0.110215053763	0.00114022433645	0.000326051323374
71	0.262789182144	0.0976702508961	0.00110255018643	0.000363725473394
72	0.218393613555	0.100765721733	0.00110804100181	0.000358234658014
73	0.222466601499	0.0863473444119	0.0011173523802	0.000348923279622
74	0.174486803519	0.104268491365	0.00115028807611	0.000315987583716
75	0.232893450635	0.0767350928641	0.00114224520914	0.000324030450683
76	0.264092538286	0.100195503421	0.00114595489403	0.000320320765796
77	0.197784294558	0.0861844248941	0.00109889399792	0.000367381661907
78	0.264255457804	0.097018572825	0.00114909991274	0.000317175747084
79	0.252036493972	0.113554903877	0.00112627880982	0.000339996850008
80	0.18825350277	0.0816226783969	0.0010988146733	0.00036746098652
81	0.190127077224	0.0529488432714	0.00120635394001	0.000259921719812
82	0.273786249593	0.104920169436	0.00112670174989	0.000339573909938
83	0.253176930596	0.0966112740306	0.00113260272445	0.000333672935369
84	0.279651352232	0.0910720104268	0.00117816927365	0.000288106386169
85	0.276637341153	0.0697295536005	0.00120618170113	0.000260093958695
86	0.23476702509	0.094982078853	0.00114692699723	0.000319348662592
87	0.242342782665	0.0802378624959	0.00114010130563	0.000326174354189
88	0.174242424242	0.0662267839687	0.00110780024182	0.000358475418009
89	0.235011404366	0.0795861844249	0.00115701226575	0.000309263394073
90	0.284783317041	0.0996252851092	0.00112427694779	0.000341998712038
91	0.267106549365	0.101824698599	0.0011210202901	0.000345255369725
92	0.290322580645	0.0724177256435	0.00117623697656	0.000290038683265
93	0.266536331052	0.0956337569241	0.00110123226902	0.000365043390804
94	0.280465949821	0.0912349299446	0.00112500846908	0.000341267190742
95	0.272319973933	0.0656565656566	0.00107000208744	0.000396273572383
96	0.290241120886	0.105083088954	0.00113792742515	0.000328348234674
97	0.267921146953	0.100847181492	0.00110341219152	0.0003628634683
98	0.285434995112	0.101580319322	0.00110066924418	0.00036560641564
99	0.282665363311	0.0966112740306	0.00112363166896	0.000342643990861
100	0.27981427175	0.0899315738025	0.00112036024104	0.000345915418781