site	ns_changes	s_changes	ns_sites	s_sites
1	0.0	0.0	0.00392156862745	0.00196078431373
2	0.0	0.00196078431373	0.00392156862745	0.00196078431373
3	0.0	0.0	0.00392156862745	0.00196078431373
4	0.0	0.0	0.00392156862745	0.00196078431373
5	0.0	0.00588235294118	0.00415104434748	0.00173130859369
6	0.0	0.0	0.00392156862745	0.00196078431373
7	0.0	0.00196078431373	0.00392156862745	0.00196078431373
8	0.0	0.00196078431373	0.00496431329359	0.000918039647589
9	0.0	0.00196078431373	0.00392156862745	0.00196078431373
10	0.0	0.00392156862745	0.00392156862745	0.00196078431373
11	0.0	0.0	0.00414992121607	0.00173243172511
12	0.0	0.0	0.00392156862745	0.00196078431373
13	0.0	0.00196078431373	0.0041607781531	0.00172157478808
14	0.0	0.00196078431373	0.00488821521587	0.000994137725302
15	0.0	0.00196078431373	0.00489668736767	0.000985665573509
16	0.0	0.0	0.00392156862745	0.00196078431373
17	0.0	0.00196078431373	0.00453141152064	0.00135094142054
18	0.0	0.0	0.0049643889378	0.000917964003376
19	0.0	0.0	0.00392156862745	0.00196078431373
20	0.00196078431373	0.0	0.00471171652932	0.00117063641185
21	0.0	0.0	0.00414992121607	0.00173243172511
22	0.0	0.0	0.00414992121607	0.00173243172511
23	0.0	0.0	0.0049643889378	0.000917964003376
24	0.00196078431373	0.0	0.00488628511247	0.000996067828705
25	0.0	0.0	0.0049643889378	0.000917964003376
26	0.00196078431373	0.00196078431373	0.00471296870586	0.00116938423532
27	0.0	0.0	0.00453178589778	0.0013505670434
28	0.0	0.00196078431373	0.00392156862745	0.00196078431373
29	0.0	0.00196078431373	0.00392156862745	0.00196078431373
30	0.00196078431373	0.0	0.00415064406962	0.00173170887155
31	0.0	0.0	0.00392156862745	0.00196078431373
32	0.0	0.0	0.00392156862745	0.00196078431373
33	0.0	0.0	0.00471249194434	0.00116986099684
34	0.00196078431373	0.0	0.00488641370791	0.000995939233263
35	0.00196078431373	0.00392156862745	0.00392354666953	0.00195880627165
36	0.0	0.00196078431373	0.00432546901789	0.00155688392329
37	0.0	0.00392156862745	0.00471173233114	0.00117062061004
38	0.0	0.0	0.00432508921128	0.00155726372989
39	0.00392156862745	0.0	0.00392742164609	0.00195493129509
40	0.0	0.00196078431373	0.00392156862745	0.00196078431373
41	0.0	0.0	0.00414992121607	0.00173243172511
42	0.0	0.0	0.00433632588896	0.00154602705222
43	0.00196078431373	0.0	0.0049643889378	0.000917964003376
44	0.00392156862745	0.0	0.00392273923118	0.00195961371
45	0.00196078431373	0.0	0.00433323714898	0.0015491157922
46	0.0	0.00196078431373	0.00488730748532	0.000995045455852
47	0.0	0.0	0.00392156862745	0.00196078431373
48	0.0	0.0	0.00392156862745	0.00196078431373
49	0.0	0.0	0.00488723184111	0.000995121100064
50	0.0	0.0	0.00453178589778	0.0013505670434
51	0.0	0.0	0.00471249194434	0.00116986099684
52	0.0	0.0	0.00509142962429	0.000790923316887
53	0.0	0.00196078431373	0.00488730748532	0.000995045455852
54	0.00196078431373	0.00196078431373	0.00431308550989	0.00156926743128
55	0.00196078431373	0.0	0.00453118764555	0.00135116529562
56	0.0	0.0	0.00392156862745	0.00196078431373
57	0.00196078431373	0.00196078431373	0.00518761620358	0.000694736737598
58	0.0	0.0	0.0049643889378	0.000917964003376
59	0.00588235294118	0.0	0.00471171652932	0.00117063641185
60	0.0	0.0	0.00392156862745	0.00196078431373
61	0.0	0.0	0.00433632588896	0.00154602705222
62	0.0	0.00196078431373	0.00471059291133	0.00117176002984
63	0.0	0.0	0.00471249194434	0.00116986099684
64	0.00196078431373	0.00196078431373	0.00293245384747	0.00294989909371
65	0.0	0.0	0.00488723184111	0.000995121100064
66	0.00196078431373	0.00392156862745	0.00482955703823	0.00105279590294
67	0.0	0.0	0.00292644752739	0.00295590541379
68	0.0	0.0	0.00471249194434	0.00116986099684
69	0.00980392156863	0.0	0.00392929449801	0.00195305844317
70	0.0	0.0	0.00405273597788	0.00182961696329
71	0.00392156862745	0.0	0.00428595067294	0.00159640226823
72	0.0	0.00392156862745	0.00405403233431	0.00182832060686
73	0.0	0.00392156862745	0.00415066997035	0.00173168297083
74	0.0	0.0	0.00432508921128	0.00155726372989
75	0.00392156862745	0.0	0.00471249194434	0.00116986099684
76	0.0	0.00196078431373	0.00496431329359	0.000918039647589
77	0.0	0.0	0.00453178589778	0.0013505670434
78	0.0	0.00196078431373	0.0043300266971	0.00155232624408
79	0.00196078431373	0.0	0.00392156862745	0.00196078431373
80	0.0	0.0	0.00471249194434	0.00116986099684
81	0.00196078431373	0.0	0.00518835650136	0.000693996439818
82	0.0	0.00196078431373	0.00379027264482	0.00209208029636
83	0.00392156862745	0.0	0.00392361337316	0.00195873956802
84	0.0	0.0	0.0049643889378	0.000917964003376
85	0.0	0.0	0.00588235294118	0.0
86	0.0	0.0	0.00488723184111	0.000995121100064
87	0.00196078431373	0.00392156862745	0.00488264948633	0.000999703454844
88	0.0	0.00196078431373	0.00415179310176	0.00173055983941
89	0.00392156862745	0.00196078431373	0.00392535554201	0.00195699739916
90	0.00196078431373	0.00196078431373	0.0039225910003	0.00195976194087
91	0.00392156862745	0.0	0.004052478787	0.00182987415418
92	0.0	0.0	0.00292644752739	0.00295590541379
93	0.00196078431373	0.0	0.00392169722289	0.00196065571828
94	0.00196078431373	0.00196078431373	0.00488730748532	0.000995045455852
95	0.00588235294118	0.0	0.00397931907454	0.00190303386663
96	0.00392156862745	0.0	0.00475949366481	0.00112285927637
97	0.0	0.00392156862745	0.00471173233114	0.00117062061004
98	0.0	0.00196078431373	0.00488730748532	0.000995045455852
99	0.00196078431373	0.0	0.00471249194434	0.00116986099684
100	0.0	0.0	0.00432508921128	0.00155726372989