site	ns_changes	s_changes	ns_sites	s_sites
1	0.0	0.0	0.00945876054414	0.00235226307791
2	0.0	0.0	0.00787401574803	0.00393700787402
3	0.0	0.0	0.00787401574803	0.00393700787402
4	0.0	0.0	0.00787401574803	0.00393700787402
5	0.00393700787402	0.00393700787402	0.00800002399206	0.00381099962999
6	0.0	0.0	0.00945876054414	0.00235226307791
7	0.0	0.0	0.00922742939949	0.00258359422255
8	0.00393700787402	0.0	0.00945998607963	0.00235103754241
9	0.0	0.0	0.00787401574803	0.00393700787402
10	0.0	0.0	0.00787401574803	0.00393700787402
11	0.0	0.0	0.00787401574803	0.00393700787402
12	0.0	0.00393700787402	0.00945640978325	0.0023546138388
13	0.0	0.0	0.00826457401026	0.00354644961179
14	0.00393700787402	0.0	0.00914022041774	0.0026708032043
15	0.0	0.0	0.00787401574803	0.00393700787402
16	0.0	0.0	0.00787401574803	0.00393700787402
17	0.0	0.0	0.00787401574803	0.00393700787402
18	0.0	0.0	0.00787401574803	0.00393700787402
19	0.0	0.0	0.00787401574803	0.00393700787402
20	0.0	0.0	0.00787401574803	0.00393700787402
21	0.0	0.0	0.00787401574803	0.00393700787402
22	0.0	0.0	0.00787401574803	0.00393700787402
23	0.0	0.0	0.00787401574803	0.00393700787402
24	0.0	0.00393700787402	0.0092358339583	0.00257518966375
25	0.0	0.0	0.00937063673344	0.00244038688861
26	0.0	0.0	0.00945876054414	0.00235226307791
27	0.0	0.0	0.0100813325745	0.00172969104758
28	0.0	0.0	0.00913836418075	0.0026726594413
29	0.0	0.0	0.00945876054414	0.00235226307791
30	0.0	0.0	0.011811023622	0.0
31	0.0	0.00393700787402	0.0100796516627	0.00173137195934
32	0.0	0.0	0.00945876054414	0.00235226307791
33	0.0	0.0	0.00787401574803	0.00393700787402
34	0.0	0.00393700787402	0.00914065032792	0.00267037329413
35	0.0	0.0	0.00826457401026	0.00354644961179
36	0.0	0.0	0.00937063673344	0.00244038688861
37	0.0	0.0	0.00787401574803	0.00393700787402
38	0.00393700787402	0.0	0.0117962931005	1.47305215099e-05
39	0.00393700787402	0.0	0.0100248461202	0.0017861775018
40	0.0	0.0	0.00922742939949	0.00258359422255
41	0.0	0.0	0.00787401574803	0.00393700787402
42	0.0	0.0	0.00922742939949	0.00258359422255
43	0.00393700787402	0.0	0.010075204897	0.00173581872505
44	0.0	0.0	0.00826457401026	0.00354644961179
45	0.0	0.0	0.00945876054414	0.00235226307791
46	0.0	0.0	0.00945876054414	0.00235226307791
47	0.0	0.0	0.00922742939949	0.00258359422255
48	0.0	0.0	0.00913836418075	0.0026726594413
49	0.0	0.0	0.00913836418075	0.0026726594413
50	0.0	0.0	0.00787401574803	0.00393700787402
51	0.0	0.0	0.00787401574803	0.00393700787402
52	0.00787401574803	0.0	0.00802190361836	0.00378912000368
53	0.0	0.0	0.00913836418075	0.0026726594413
54	0.00393700787402	0.0	0.0100596070152	0.0017514166069
55	0.0	0.0	0.00945876054414	0.00235226307791
56	0.00787401574803	0.0	0.0100769874626	0.00173403615944
57	0.0	0.0	0.00945876054414	0.00235226307791
58	0.0	0.0	0.00913836418075	0.0026726594413
59	0.0	0.0	0.00787401574803	0.00393700787402
60	0.0	0.0	0.00922742939949	0.00258359422255
61	0.0	0.0	0.00787401574803	0.00393700787402
62	0.0	0.0	0.00787401574803	0.00393700787402
63	0.0	0.0	0.00740867313317	0.00440235048888
64	0.0	0.0	0.00913836418075	0.0026726594413
65	0.0	0.0	0.00826457401026	0.00354644961179
66	0.0	0.00393700787402	0.0100796516627	0.00173137195934
67	0.0	0.0	0.00922742939949	0.00258359422255
68	0.00393700787402	0.0	0.00922553401487	0.00258548960718
69	0.0	0.00393700787402	0.00945640978325	0.0023546138388
70	0.00393700787402	0.0	0.00575247763172	0.00605854599033
71	0.0	0.0	0.00945876054414	0.00235226307791
72	0.00787401574803	0.0	0.00913924080692	0.00267178281513
73	0.0	0.0	0.00945876054414	0.00235226307791
74	0.0	0.0	0.0100813325745	0.00172969104758
75	0.0	0.0	0.00913836418075	0.0026726594413
76	0.0	0.0	0.00937063673344	0.00244038688861
77	0.00393700787402	0.0	0.00922742939949	0.00258359422255
78	0.0	0.0	0.00937063673344	0.00244038688861
79	0.00393700787402	0.0	0.0117722735445	3.87500775002e-05
80	0.0	0.00393700787402	0.00787401574803	0.00393700787402
81	0.0	0.00393700787402	0.00818107794464	0.0036299456774
82	0.0	0.0	0.0100813325745	0.00172969104758
83	0.0	0.00393700787402	0.00937017950401	0.00244084411804
84	0.0	0.0	0.0100813325745	0.00172969104758
85	0.00787401574803	0.0	0.00946176864523	0.00234925497681
86	0.0	0.00393700787402	0.0100796516627	0.00173137195934
87	0.0	0.0	0.011811023622	0.0
88	0.0	0.0	0.0100813325745	0.00172969104758
89	0.0	0.0	0.00903932710809	0.00277169651396
90	0.0	0.00393700787402	0.0092358339583	0.00257518966375
91	0.0	0.0	0.00787401574803	0.00393700787402
92	0.0	0.0	0.00787401574803	0.00393700787402
93	0.0	0.0	0.00922742939949	0.00258359422255
94	0.0	0.0	0.011811023622	0.0
95	0.0	0.0	0.00858400869206	0.00322701492999
96	0.0	0.0	0.00787401574803	0.00393700787402
97	0.00393700787402	0.0	0.00929093725909	0.00252008636296
98	0.0	0.0	0.0100813325745	0.00172969104758
99	0.00393700787402	0.0	0.00815573765109	0.00365528597095
100	0.00393700787402	0.0	0.0078765046229	0.00393451899915