site	ns_changes	s_changes	ns_sites	s_sites
1	0.00146555935515	0.0332193453835	0.00048874681918	0.000244032858397
2	0.000488519785051	0.00683927699072	0.000593143935563	0.000139635742014
3	0.0158768930142	0.0102589154861	0.000560469615108	0.000172310062469
4	0.000488519785051	0.00293111871031	0.000488845570648	0.000243934106929
5	0.000244259892526	0.00464093795799	0.00059349808013	0.000139281597447
6	0.00195407914021	0.0146555935515	0.000489352627376	0.000243427050201
7	0.0	0.00537371763556	0.000591740239194	0.000141039438383
8	0.000488519785051	0.0107474352711	0.000488784014194	0.000243995663383
9	0.0	0.00366389838788	0.000593352239655	0.000139427437922
10	0.000244259892526	0.00439667806546	0.00048853078382	0.000244248893757
11	0.0042745481192	0.00842696629213	0.000578198960021	0.000154580717556
12	0.00256472887152	0.016731802638	0.000488864206791	0.000243915470786
13	0.00244259892526	0.00683927699072	0.000594150756679	0.000138628920898
14	0.000488519785051	0.00610649731314	0.000489635894176	0.000243143783401
15	0.00806057645335	0.00830483634587	0.000632948936898	9.9830740679e-05
16	0.0125793844651	0.00867122618466	0.000624085195795	0.000108694481782
17	0.000977039570103	0.00635075720567	0.000488660133397	0.00024411954418
18	0.000732779677577	0.0075720566683	0.000593028816762	0.000139750860815
19	0.00219833903273	0.00659501709819	0.000491365236993	0.000241414440584
20	0.0111138251099	0.00818270639961	0.000563064987241	0.000169714690336
21	0.00635075720567	0.00244259892526	0.000561163247851	0.000171616429726
22	0.00781631656082	0.00830483634587	0.00057562522148	0.000157154456097
23	0.00512945774304	0.00708353688324	0.000633160279546	9.96193980312e-05
24	0.00696140693698	0.0032975085491	0.000633701389356	9.90782882209e-05
25	0.00170981924768	0.00293111871031	0.000592824861031	0.000139954816546
26	0.00170981924768	0.00561797752809	0.000493290862985	0.000239488814592
27	0.00122129946263	0.00586223742062	0.000513703745046	0.000219075932531
28	0.0157547630679	0.00842696629213	0.000622127426915	0.000110652250662
29	0.0109916951637	0.00683927699072	0.000627842206479	0.000104937471098
30	0.00708353688324	0.00806057645335	0.000633809517341	9.89701602357e-05
31	0.000732779677577	0.00366389838788	0.000488530666049	0.000244249011528
32	0.0100146555936	0.00415241817294	0.000579445817208	0.000153333860369
33	0.00806057645335	0.0100146555936	0.000580652664852	0.000152127012725
34	0.0117244748412	0.0075720566683	0.000622657809068	0.000110121868509
35	0.0102589154861	0.00170981924768	0.000637518262191	9.52614153858e-05
36	0.016243282853	0.0150219833903	0.000562524958877	0.0001702547187
37	0.0105031753786	0.00806057645335	0.000603923510959	0.000128856166617
38	0.016243282853	0.00793844650708	0.000581134088635	0.000151645588942
39	0.00403028822667	0.00769418661456	0.000489326002776	0.000243453674801
40	0.0224719101124	0.00512945774304	0.000581103939026	0.000151675738551
41	0.0109916951637	0.00830483634587	0.000627428529775	0.000105351147802
42	0.0100146555936	0.00439667806546	0.000633816486844	9.8963190733e-05
43	0.0130679042501	0.00476306790425	0.00062687154054	0.000105908137036
44	0.0166096726917	0.0134342940889	0.000560267991718	0.000172511685859
45	0.00928187591597	0.0105031753786	0.000592727038647	0.00014005263893
46	0.00451880801172	0.00793844650708	0.000488879579568	0.000243900098009
47	0.0317537860283	0.00464093795799	0.000577287984467	0.00015549169311
48	0.0249145090376	0.0148998534441	0.000575834273252	0.000156945404325
49	0.0107474352711	0.00732779677577	0.000582879346247	0.00014990033133
50	0.0192965315095	0.0112359550562	0.000559646449988	0.000173133227589
51	0.0075720566683	0.00977039570103	0.000581174633884	0.000151605043693
52	0.00317537860283	0.00537371763556	0.000591107574221	0.000141672103355
53	0.00341963849536	0.00464093795799	0.000592308952916	0.000140470724661
54	0.00793844650708	0.00867122618466	0.00049210969734	0.000240669980237
55	0.0166096726917	0.0075720566683	0.000577977096489	0.000154802581088
56	0.0129457743039	0.00146555935515	0.000644730507837	8.80491697397e-05
57	0.0177088422081	0.0042745481192	0.000496689695093	0.000236089982484
58	0.00977039570103	0.0075720566683	0.000584657007528	0.000148122670049
59	0.0279677576942	0.0181973619932	0.000481186177279	0.000251593500298
60	0.0234489496825	0.00170981924768	0.00071516228875	1.76173888268e-05
61	0.0179531021006	0.00940400586224	0.000554787477531	0.000177992200046
62	0.0122129946263	0.00732779677577	0.000630493083013	0.000102286594564
63	0.021820550399	0.0145741735874	0.000568181484298	0.000164598193279
64	0.00915974596971	0.00696140693698	0.000342151051655	0.000390628625922
65	0.0128236443576	0.00744992672203	0.000587735152271	0.000145044525305
66	0.0228382999511	0.0111138251099	0.000499831274899	0.000232948402677
67	0.0199071812408	0.0052515876893	0.00062124917363	0.000111530503947
68	0.0170981924768	0.0075720566683	0.000577518377728	0.000155261299849
69	0.0233268197362	0.0191744015633	0.000490008931872	0.000242770745705
70	0.0107474352711	0.00806057645335	0.000614399648069	0.000118380029508
71	0.014411333659	0.0109916951637	0.000493485589854	0.000239294087723
72	0.00415241817294	0.00415241817294	0.000489325163244	0.000243454514333
73	0.00903761602345	0.00879335613092	0.00058004916066	0.000152730516917
74	0.0189301416707	0.00818270639961	0.000494617213633	0.000238162463944
75	0.0194186614558	0.00403028822667	0.000572132398495	0.000160647279082
76	0.0244259892526	0.0163654127992	0.000561113598415	0.000171666079162
77	0.00512945774304	0.00464093795799	0.000516135135017	0.00021664454256
78	0.0148998534441	0.00635075720567	0.000631201745193	0.000101577932384
79	0.0102589154861	0.00781631656082	0.000491575227695	0.000241204449882
80	0.00989252564729	0.00769418661456	0.000515987126644	0.000216792550933
81	0.00488519785051	0.0075720566683	0.000514684297408	0.000218095380169
82	0.0222683602019	0.00321608858492	0.000596230186009	0.000136549491568
83	0.0235710796287	0.00720566682951	0.000620881293938	0.000111898383639
84	0.0383488031265	0.00903761602345	0.000525638390659	0.000207141286918
85	0.0148998534441	0.00903761602345	0.000573961475398	0.000158818202179
86	0.00903761602345	0.00586223742062	0.000591431619824	0.000141348057753
87	0.0297997068881	0.00488519785051	0.000645163038613	8.76166389642e-05
88	0.00830483634587	0.00439667806546	0.000629268057725	0.000103511619852
89	0.0252808988764	0.0169760625305	0.000562028453401	0.000170751224176
90	0.0185637518319	0.0075720566683	0.000582556474189	0.000150223203388
91	0.0224719101124	0.00928187591597	0.00049708433323	0.000235695344347
92	0.0216170004885	0.00793844650708	0.000606438048096	0.000126341629481
93	0.0293111871031	0.0122129946263	0.000490840138686	0.000241939538891
94	0.0178309721544	0.0102589154861	0.000575877689658	0.000156901987919
95	0.0122129946263	0.00659501709819	0.000486851514149	0.000245928163428
96	0.0246702491451	0.00879335613092	0.000623811230573	0.000108968447004
97	0.0227161700049	0.00683927699072	0.00049452144413	0.000238258233447
98	0.0111138251099	0.00696140693698	0.000517595880959	0.000215183796618
99	0.0199071812408	0.00744992672203	0.000574173030966	0.000158606646611
100	0.0348070346849	0.0159990229604	0.000508707932533	0.000224071745044