site	ns_changes	s_changes	ns_sites	s_sites
1	0.0	0.0	0.00392156862745	0.00196078431373
2	0.0	0.0	0.0046838725783	0.00119848036288
3	0.00196078431373	0.00196078431373	0.00467107141302	0.00121128152816
4	0.0	0.0	0.00392156862745	0.00196078431373
5	0.0	0.00196078431373	0.00392156862745	0.00196078431373
6	0.0	0.0	0.00392156862745	0.00196078431373
7	0.0	0.0	0.00392156862745	0.00196078431373
8	0.0	0.00196078431373	0.00412641224434	0.00175594069683
9	0.0	0.0	0.00392156862745	0.00196078431373
10	0.0	0.00196078431373	0.00392156862745	0.00196078431373
11	0.0	0.0	0.0047640169293	0.00111833601188
12	0.0	0.00196078431373	0.00392156862745	0.00196078431373
13	0.0	0.0	0.00411921563626	0.00176313730492
14	0.0	0.0	0.0046838725783	0.00119848036288
15	0.0	0.00196078431373	0.00392156862745	0.00196078431373
16	0.0	0.00196078431373	0.00468331899306	0.00119903394812
17	0.0	0.0	0.00392156862745	0.00196078431373
18	0.0	0.0	0.0047640169293	0.00111833601188
19	0.0	0.00196078431373	0.00425927270129	0.00162308023988
20	0.00392156862745	0.0	0.00392304246607	0.0019593104751
21	0.00392156862745	0.00196078431373	0.00509084645315	0.000791506488031
22	0.00196078431373	0.0	0.00467322632459	0.00120912661659
23	0.0	0.0	0.00411921563626	0.00176313730492
24	0.0	0.00196078431373	0.00392156862745	0.00196078431373
25	0.0	0.0	0.0046838725783	0.00119848036288
26	0.0078431372549	0.0	0.00466456959539	0.00121778334579
27	0.0	0.00196078431373	0.00438537389614	0.00149697904503
28	0.0	0.00196078431373	0.00468331899306	0.00119903394812
29	0.0	0.00196078431373	0.00468331899306	0.00119903394812
30	0.0	0.0	0.0046838725783	0.00119848036288
31	0.00196078431373	0.0	0.00393471493237	0.00194763800881
32	0.0	0.00196078431373	0.00439218025898	0.00149017268219
33	0.0	0.0	0.00360027712336	0.00228207581781
34	0.0	0.0	0.00438395590388	0.00149839703729
35	0.0	0.0	0.0046838725783	0.00119848036288
36	0.00196078431373	0.0	0.00392230554676	0.00196004739441
37	0.00196078431373	0.0	0.00404533587147	0.0018370170697
38	0.0	0.00196078431373	0.00392156862745	0.00196078431373
39	0.00196078431373	0.0	0.00467367482353	0.00120867811765
40	0.0	0.00196078431373	0.00467294272614	0.00120941021504
41	0.0	0.0	0.00509867416065	0.000783678780523
42	0.0	0.0	0.0046838725783	0.00119848036288
43	0.0	0.0	0.00392156862745	0.00196078431373
44	0.00196078431373	0.0	0.00588161602187	7.3691931092e-07
45	0.0	0.0	0.00509867416065	0.000783678780523
46	0.0	0.00196078431373	0.00509834606533	0.000784006875847
47	0.0	0.0	0.00509867416065	0.000783678780523
48	0.0	0.0	0.00509867416065	0.000783678780523
49	0.0	0.0	0.00588235294118	0.0
50	0.00980392156863	0.0	0.00393114857849	0.00195120436268
51	0.0	0.0	0.00509867416065	0.000783678780523
52	0.00196078431373	0.0	0.00505808884117	0.00082426410001
53	0.00196078431373	0.00196078431373	0.00509440892143	0.000787944019746
54	0.0	0.0	0.00509867416065	0.000783678780523
55	0.00980392156863	0.0	0.00394139094044	0.00194096200074
56	0.0	0.00196078431373	0.00438537389614	0.00149697904503
57	0.0	0.00196078431373	0.0048050288449	0.00107732409627
58	0.0	0.00392156862745	0.00405205465154	0.00183029828963
59	0.00392156862745	0.0	0.00587427093835	8.08200282706e-06
60	0.0	0.0	0.0047640169293	0.00111833601188
61	0.00196078431373	0.00196078431373	0.00467180833233	0.00121054460885
62	0.00588235294118	0.0	0.00476073260498	0.0011216203362
63	0.00196078431373	0.0	0.00437806273271	0.00150429020846
64	0.00196078431373	0.00196078431373	0.00484702504649	0.00103532789469
65	0.0	0.0	0.00392156862745	0.00196078431373
66	0.00196078431373	0.00196078431373	0.00507294711318	0.000809405827994
67	0.0	0.0	0.0046838725783	0.00119848036288
68	0.00196078431373	0.00196078431373	0.00441940571034	0.00146294723083
69	0.00196078431373	0.00196078431373	0.0050932548964	0.000789098044778
70	0.0	0.0	0.00588235294118	0.0
71	0.00588235294118	0.0	0.00506520743471	0.000817145506467
72	0.0	0.0	0.00411921563626	0.00176313730492
73	0.0	0.0	0.00392156862745	0.00196078431373
74	0.0	0.0	0.00438395590388	0.00149839703729
75	0.0	0.00196078431373	0.00392156862745	0.00196078431373
76	0.0	0.0	0.00404693366112	0.00183541928006
77	0.0	0.00196078431373	0.00467180833233	0.00121054460885
78	0.0	0.00196078431373	0.00438537389614	0.00149697904503
79	0.0	0.0	0.00392156862745	0.00196078431373
80	0.0	0.0	0.00467322632459	0.00120912661659
81	0.00588235294118	0.0	0.00509629429091	0.00078605865027
82	0.0	0.0	0.00513069524404	0.000751657697138
83	0.00196078431373	0.0	0.00392156862745	0.00196078431373
84	0.00588235294118	0.0	0.00509752013562	0.000784832805555
85	0.0	0.0	0.0047640169293	0.00111833601188
86	0.0	0.00196078431373	0.00476565740592	0.00111669553526
87	0.0	0.0	0.00513069524404	0.000751657697138
88	0.0	0.0	0.00280323261557	0.00307912032561
89	0.0	0.0	0.00509867416065	0.000783678780523
90	0.00196078431373	0.0	0.00467322632459	0.00120912661659
91	0.00196078431373	0.00196078431373	0.00467294272614	0.00120941021504
92	0.0	0.00196078431373	0.00280429763021	0.00307805531097
93	0.00196078431373	0.0	0.0039233861413	0.00195896679988
94	0.0	0.0	0.00438395590388	0.00149839703729
95	0.00392156862745	0.0	0.00467322632459	0.00120912661659
96	0.00196078431373	0.0	0.0046753118532	0.00120704108798
97	0.0	0.0	0.0047640169293	0.00111833601188
98	0.0	0.0	0.00588235294118	0.0
99	0.0	0.0	0.00513069524404	0.000751657697138
100	0.00588235294118	0.0	0.00490569297521	0.000976659965965