site	ns_changes	s_changes	ns_sites	s_sites
1	0.000244259892526	0.00512945774304	0.000488602066424	0.000244177611153
2	0.00244259892526	0.019052271617	0.000490000849756	0.000242778827821
3	0.000732779677577	0.00708353688324	0.000575397860261	0.000157381817316
4	0.00146555935515	0.00415241817294	0.000488947648188	0.000243832029389
5	0.000244259892526	0.0119687347338	0.000538278538091	0.000194501139485
6	0.000977039570103	0.00415241817294	0.000488657557368	0.000244122120209
7	0.000488519785051	0.0107474352711	0.000488536437974	0.000244243239603
8	0.000732779677577	0.0185637518319	0.000489076806496	0.000243702871081
9	0.000732779677577	0.0163654127992	0.000491498346127	0.00024128133145
10	0.000977039570103	0.0229604298974	0.000489560885365	0.000243218792212
11	0.00268685881778	0.00928187591597	0.000584007394402	0.000148772283175
12	0.00146555935515	0.00464093795799	0.000577156935181	0.000155622742396
13	0.00781631656082	0.0100146555936	0.000583849086465	0.000148930591112
14	0.0127015144113	0.00903761602345	0.000559549685281	0.000173229992296
15	0.0085490962384	0.00708353688324	0.000619103832581	0.000113675844996
16	0.00512945774304	0.0200293111871	0.000490116927579	0.000242662749998
17	0.0075720566683	0.00293111871031	0.000620838294943	0.000111941382634
18	0.000244259892526	0.00928187591597	0.000576125183331	0.000156654494246
19	0.0146555935515	0.00903761602345	0.000582371341331	0.000150408336246
20	0.00170981924768	0.00464093795799	0.000577102676954	0.000155677000623
21	0.00195407914021	0.00732779677577	0.000516184335144	0.000216595342433
22	0.00903761602345	0.00732779677577	0.000582660598115	0.000150119079462
23	0.00390815828041	0.00464093795799	0.000619383503179	0.000113396174398
24	0.00512945774304	0.00244259892526	0.000621781646956	0.00011099803062
25	0.00195407914021	0.013922813874	0.000517677922619	0.000215101754958
26	0.00341963849536	0.00341963849536	0.000489885655834	0.000242894021743
27	0.00806057645335	0.0075720566683	0.000595425371586	0.000137354305991
28	0.00244259892526	0.0075720566683	0.000488994393351	0.000243785284226
29	0.00293111871031	0.00683927699072	0.000583374736358	0.000149404941219
30	0.00268685881778	0.0085490962384	0.000519282060437	0.00021349761714
31	0.00635075720567	0.00219833903273	0.000621644986942	0.000111134690635
32	0.014411333659	0.00561797752809	0.000493619249077	0.0002391604285
33	0.00244259892526	0.00977039570103	0.000488803832535	0.000243975845042
34	0.0085490962384	0.0085490962384	0.00061909934726	0.000113680330317
35	0.00512945774304	0.00488519785051	0.000489971896909	0.000242807780668
36	0.0100146555936	0.00879335613092	0.000596176789371	0.000136602888206
37	0.0105031753786	0.00830483634587	0.000581325975808	0.000151453701768
38	0.00537371763556	0.013922813874	0.000490536170297	0.000242243507279
39	0.0168539325843	0.0114802149487	0.000582694540494	0.000150085137083
40	0.00818270639961	0.0150219833903	0.000492419347854	0.000240360329723
41	0.00781631656082	0.0075720566683	0.0005816747197	0.000151104957876
42	0.000977039570103	0.00659501709819	0.000516203095674	0.000216576581903
43	0.00989252564729	0.00451880801172	0.000616992448539	0.000115787229038
44	0.0272349780166	0.00158768930142	0.000698600567502	3.41791100747e-05
45	0.0181973619932	0.00720566682951	0.000577002651567	0.00015577702601
46	0.0148998534441	0.00879335613092	0.000619480648521	0.000113299029056
47	0.00476306790425	0.0142892037128	0.000514962957712	0.000217816719865
48	0.0302882266732	0.00659501709819	0.000616379457653	0.000116400219924
49	0.00476306790425	0.00696140693698	0.00057305385821	0.000159725819367
50	0.0223497801661	0.0062286272594	0.00058289732084	0.000149882356737
51	0.0117244748412	0.00464093795799	0.000618534155387	0.00011424552219
52	0.00903761602345	0.00683927699072	0.000618006560392	0.000114773117185
53	0.00842696629213	0.00696140693698	0.000491882066106	0.00024089761147
54	0.026502198339	0.0042745481192	0.000634108429355	9.86712482216e-05
55	0.0156326331216	0.00635075720567	0.000603116549171	0.000129663128406
56	0.00586223742062	0.00586223742062	0.000491966041071	0.000240813636506
57	0.0122129946263	0.00488519785051	0.000494425928686	0.000238353748891
58	0.0188080117245	0.000732779677577	0.000722534525925	1.02451516515e-05
59	0.00720566682951	0.00500732779678	0.00049206501174	0.000240714665837
60	0.0244259892526	0.00708353688324	0.000607255584837	0.000125524092739
61	0.0207620908647	0.00293111871031	0.000514837301297	0.000217942376279
62	0.0205178309722	0.00806057645335	0.000598546147151	0.000134233530425
63	0.00696140693698	0.00744992672203	0.000517359101519	0.000215420576058
64	0.0148998534441	0.0100146555936	0.000557796870745	0.000174982806832
65	0.0141670737665	0.00635075720567	0.000490633035195	0.000242146642382
66	0.0200293111871	0.0095261358085	0.000580102300187	0.00015267737739
67	0.0214948705423	0.00659501709819	0.000561566509956	0.000171213167621
68	0.0130679042501	0.011602344895	0.000519661321378	0.000213118356199
69	0.0100146555936	0.00635075720567	0.000573509461494	0.000159270216083
70	0.0141670737665	0.0156326331216	0.000489550456358	0.000243229221219
71	0.0129457743039	0.0075720566683	0.000581967550733	0.000150812126844
72	0.0340742550073	0.00818270639961	0.000524941407898	0.000207838269679
73	0.0105031753786	0.00977039570103	0.000577117368006	0.00015566230957
74	0.0192965315095	0.0163654127992	0.000493457929768	0.000239321747809
75	0.0174645823156	0.0111138251099	0.000612064711547	0.000120714966029
76	0.0468978993649	0.00830483634587	0.000502412516338	0.000230367161239
77	0.00708353688324	0.00708353688324	0.000531245849967	0.00020153382761
78	0.0247923790914	0.00598436736688	0.000498175550185	0.000234604127392
79	0.0205178309722	0.00732779677577	0.000617760951856	0.000115018725721
80	0.021372740596	0.0101367855398	0.000614255377576	0.000118524300001
81	0.0240595994138	0.00671714704446	0.0005906196755	0.000142160002077
82	0.0216170004885	0.00671714704446	0.000581506215672	0.000151273461905
83	0.0178309721544	0.00806057645335	0.000579728246476	0.000153051431101
84	0.0202735710796	0.00879335613092	0.00057498458767	0.000157795089907
85	0.0257694186615	0.0135564240352	0.000583169771657	0.00014960990592
86	0.0169760625305	0.00842696629213	0.00057615749467	0.000156622182907
87	0.0205178309722	0.00806057645335	0.000579006172898	0.000153773504679
88	0.00964826575476	0.0032975085491	0.000619760135834	0.000113019541743
89	0.0202735710796	0.00977039570103	0.0005365705407	0.000196209136877
90	0.0138006839277	0.00720566682951	0.000361875040022	0.000370904637554
91	0.0307767464582	0.00537371763556	0.000634204590879	9.85750866976e-05
92	0.0219833903273	0.00830483634587	0.000570128439902	0.000162651237675
93	0.0337078651685	0.0148998534441	0.000539650522933	0.000193129154644
94	0.0196629213483	0.00647288715193	0.00049818278113	0.000234596896447
95	0.00720566682951	0.00500732779678	0.000489214446485	0.000243565231092
96	0.0472642892037	0.0150219833903	0.000470459469029	0.000262320208548
97	0.0183194919394	0.00830483634587	0.000559015379732	0.000173764297845
98	0.0192965315095	0.00635075720567	0.000583554157179	0.000149225520398
99	0.0150219833903	0.00769418661456	0.000582765981333	0.000150013696244
100	0.0266243282853	0.0112359550562	0.000615315444958	0.000117464232619