site	ns_changes	s_changes	ns_sites	s_sites
1	0.0137795275591	0.135826771654	0.00793044576919	0.00388057785286
2	0.0157480314961	0.157480314961	0.00791257710639	0.00389844651566
3	0.00196850393701	0.100393700787	0.00863206136096	0.00317896226109
4	0.0295275590551	0.187007874016	0.00791658426399	0.00389443935806
5	0.0964566929134	0.127952755906	0.00896650227298	0.00284452134907
6	0.0	0.0826771653543	0.00907253684367	0.00273848677838
7	0.0	0.185039370079	0.00787401574803	0.00393700787402
8	0.0807086614173	0.108267716535	0.00963399439056	0.00217702923148
9	0.00393700787402	0.251968503937	0.00787843762481	0.00393258599724
10	0.011811023622	0.129921259843	0.00899814558766	0.00281287803439
11	0.0216535433071	0.179133858268	0.00818669872023	0.00362432490182
12	0.0839895013123	0.187664041995	0.00811635451779	0.00369466910425
13	0.00787401574803	0.0866141732283	0.00921679460786	0.00259422901419
14	0.116141732283	0.129921259843	0.00893151967127	0.00287950395078
15	0.0275590551181	0.188976377953	0.00794476588398	0.00386625773806
16	0.0610236220472	0.143700787402	0.00829831657228	0.00351270704976
17	0.17125984252	0.143700787402	0.00945151488567	0.00235950873638
18	0.0748031496063	0.149606299213	0.00934348949939	0.00246753412266
19	0.0433070866142	0.200787401575	0.00797715580777	0.00383386781428
20	0.11811023622	0.0826771653543	0.00958087863451	0.00223014498754
21	0.0236220472441	0.161417322835	0.00793320992166	0.00387781370039
22	0.185039370079	0.133858267717	0.00953540318379	0.00227562043826
23	0.0511811023622	0.102362204724	0.00882431675878	0.00298670686326
24	0.0413385826772	0.15157480315	0.00880823651384	0.00300278710821
25	0.280183727034	0.0820209973753	0.00913057881037	0.00268044481168
26	0.137795275591	0.145669291339	0.00929601503092	0.00251500859113
27	0.175196850394	0.100393700787	0.00905367997434	0.00275734364771
28	0.198818897638	0.120078740157	0.00936786263602	0.00244316098603
29	0.0570866141732	0.17125984252	0.00820098590441	0.00361003771764
30	0.0452755905512	0.124015748031	0.00894680571164	0.0028642179104
31	0.175196850394	0.100393700787	0.00933785672276	0.00247316689929
32	0.196850393701	0.141732283465	0.00902493316518	0.00278609045687
33	0.125984251969	0.114173228346	0.0083875693464	0.00342345427565
34	0.208661417323	0.0511811023622	0.0102798750491	0.00153114857294
35	0.23031496063	0.135826771654	0.00912111186055	0.0026899117615
36	0.0688976377953	0.179133858268	0.00817059854757	0.00364042507448
37	0.137139107612	0.106955380577	0.00900299011565	0.00280803350639
38	0.174540682415	0.0971128608924	0.00940228967466	0.00240873394738
39	0.0413385826772	0.104330708661	0.00908444151945	0.0027265821026
40	0.226377952756	0.102362204724	0.00949659270762	0.00231443091443
41	0.0708661417323	0.110236220472	0.00909043759641	0.00272058602564
42	0.0787401574803	0.177165354331	0.00795192930579	0.00385909431626
43	0.202755905512	0.15157480315	0.00893816923705	0.00287285438499
44	0.172572178478	0.173884514436	0.00838462809621	0.00342639552584
45	0.226377952756	0.13188976378	0.00977685694054	0.0020341666815
46	0.149606299213	0.0984251968504	0.00922405691462	0.00258696670742
47	0.0610236220472	0.0964566929134	0.00898773065076	0.00282329297129
48	0.122047244094	0.11811023622	0.00907471801143	0.00273630561062
49	0.265091863517	0.10498687664	0.00920930467423	0.00260171894782
50	0.115485564304	0.103674540682	0.00938045036156	0.00243057326048
51	0.13188976378	0.159448818898	0.00835143603269	0.00345958758935
52	0.160761154856	0.15813648294	0.00918500959199	0.00262601403006
53	0.206692913386	0.120078740157	0.00938210232688	0.00242892129517
54	0.202755905512	0.143700787402	0.00900337483278	0.00280764878926
55	0.325459317585	0.0761154855643	0.00969707484522	0.00211394877683
56	0.174540682415	0.118766404199	0.00941500361886	0.00239602000319
57	0.259842519685	0.11811023622	0.00936969244137	0.00244133118067
58	0.0925196850394	0.0951443569554	0.00909304265514	0.00271798096691
59	0.204724409449	0.155511811024	0.00856722634596	0.00324379727609
60	0.257874015748	0.124015748031	0.0089422102026	0.00286881341945
61	0.292650918635	0.112860892388	0.00913064886363	0.00268037475842
62	0.115485564304	0.136482939633	0.0091060336053	0.00270499001674
63	0.299212598425	0.103018372703	0.00881183522937	0.00299918839268
64	0.229658792651	0.112860892388	0.00929914376405	0.002511879858
65	0.163385826772	0.161417322835	0.00930408244354	0.00250694117851
66	0.251968503937	0.122047244094	0.00877416758592	0.00303685603613
67	0.189632545932	0.133202099738	0.00873058666927	0.00308043695277
68	0.200787401575	0.0767716535433	0.0092078183572	0.00260320526485
69	0.177165354331	0.104330708661	0.00931973480986	0.00249128881219
70	0.251312335958	0.0912073490814	0.00906660063067	0.00274442299138
71	0.213254593176	0.0879265091864	0.00940434787415	0.00240667574789
72	0.248031496063	0.0826771653543	0.00918132822752	0.00262969539453
73	0.252624671916	0.105643044619	0.00924575897991	0.00256526464213
74	0.188320209974	0.10498687664	0.00930445689007	0.00250656673197
75	0.22375328084	0.154199475066	0.00917609193461	0.00263493168744
76	0.259186351706	0.0577427821522	0.0093661224269	0.00244490119515
77	0.188976377953	0.112204724409	0.00847390421285	0.00333711940919
78	0.314304461942	0.140419947507	0.00838481060214	0.00342621301991
79	0.279527559055	0.102362204724	0.00895633514407	0.00285468847798
80	0.21719160105	0.0853018372703	0.00955886257299	0.00225216104906
81	0.322834645669	0.0905511811024	0.00950570038161	0.00230532324044
82	0.257874015748	0.13188976378	0.00955774538129	0.00225327824076
83	0.320866141732	0.0925196850394	0.00944883259586	0.00236219102619
84	0.273622047244	0.112204724409	0.00915766440167	0.00265335922037
85	0.213910761155	0.0931758530184	0.00916119558332	0.00264982803873
86	0.249343832021	0.152230971129	0.00821775856436	0.00359326505769
87	0.23687664042	0.121391076115	0.00892963367103	0.00288138995102
88	0.229002624672	0.108923884514	0.00893275339773	0.00287827022432
89	0.305118110236	0.0885826771654	0.00954597106889	0.00226505255316
90	0.280839895013	0.114829396325	0.00913970649594	0.00267131712611
91	0.360236220472	0.108267716535	0.00926497132959	0.00254605229245
92	0.275590551181	0.110236220472	0.00907422958828	0.00273679403376
93	0.305118110236	0.110236220472	0.00900679864603	0.00280422497602
94	0.281496062992	0.0885826771654	0.0099429280045	0.00186809561755
95	0.318241469816	0.132545931759	0.00842301897531	0.00338800464674
96	0.26968503937	0.139763779528	0.00920769164481	0.00260333197724
97	0.299212598425	0.108267716535	0.00930989097963	0.00250113264241
98	0.337926509186	0.0734908136483	0.00899603690257	0.00281498671948
99	0.213910761155	0.103018372703	0.00915368997061	0.00265733365144
100	0.211286089239	0.104330708661	0.00874815383976	0.00306286978229