site	ns_changes	s_changes	ns_sites	s_sites
1	0.00293542074364	0.0342465753425	0.00223476921265	0.000700651530993
2	0.00391389432485	0.0538160469667	0.00212721010239	0.00080821064125
3	0.000978473581213	0.0401174168297	0.00195751635552	0.000977904388116
4	0.00293542074364	0.0293542074364	0.00196240008853	0.000973020655106
5	0.0146771037182	0.0117416829746	0.00252723733149	0.000408183412145
6	0.00587084148728	0.0440313111546	0.00232424805095	0.00061117269269
7	0.00587084148728	0.0547945205479	0.00196297408076	0.000972446662885
8	0.00244618395303	0.0288649706458	0.00195745642178	0.000977964321855
9	0.00880626223092	0.0665362035225	0.00200240090595	0.000933019837693
10	0.0	0.0127201565558	0.00195694716243	0.000978473581213
11	0.0264187866928	0.041095890411	0.00240738069443	0.000528040049212
12	0.0141878669276	0.0327788649706	0.00203919001445	0.000896230729189
13	0.0171232876712	0.0513698630137	0.00200949139928	0.000925929344357
14	0.00684931506849	0.0303326810176	0.00212278518966	0.000812635553981
15	0.0132093933464	0.0406066536204	0.00200062120146	0.000934799542175
16	0.00195694716243	0.0244618395303	0.00209605134933	0.00083936939431
17	0.0523483365949	0.0415851272016	0.00223543494597	0.00069998579767
18	0.0166340508806	0.0283757338552	0.00199917430103	0.000936246442614
19	0.00880626223092	0.0293542074364	0.00197837281062	0.000957047933024
20	0.00293542074364	0.0176125244618	0.00232320033557	0.000612220408067
21	0.0127201565558	0.0626223091977	0.00196415287891	0.000971267864728
22	0.00587084148728	0.0440313111546	0.00219976991501	0.00073565082863
23	0.00684931506849	0.0342465753425	0.00198405806189	0.000951362681746
24	0.0141878669276	0.0210371819961	0.00239969244622	0.000535728297421
25	0.0332681017613	0.0303326810176	0.00249159625889	0.000443824484753
26	0.00587084148728	0.0225048923679	0.00234647029696	0.000588950446679
27	0.00978473581213	0.0264187866928	0.00196195384711	0.000973466896533
28	0.0528375733855	0.0391389432485	0.00219157942674	0.000743841316901
29	0.0415851272016	0.0347358121331	0.00244155735031	0.000493863393326
30	0.0293542074364	0.0440313111546	0.00233246555274	0.000602955190899
31	0.0362035225049	0.0244618395303	0.0024041298024	0.00053129094124
32	0.000978473581213	0.0156555772994	0.00234273355747	0.00059268718617
33	0.0684931506849	0.0195694716243	0.00254937202199	0.000386048721647
34	0.0450097847358	0.0146771037182	0.00251823642656	0.000417184317084
35	0.0616438356164	0.041095890411	0.00220916362501	0.000726257118627
36	0.0472928897586	0.0221787345075	0.00252109955311	0.000414321190528
37	0.0127201565558	0.0244618395303	0.00196610836148	0.000969312382158
38	0.0386497064579	0.0366927592955	0.00247313841395	0.00046228232969
39	0.0998043052838	0.00489236790607	0.00275789064748	0.000177530096164
40	0.0547945205479	0.0381604696673	0.00220666691811	0.000728753825528
41	0.0225048923679	0.0342465753425	0.00202768111481	0.000907739628825
42	0.0543052837573	0.0249510763209	0.002242546853	0.000692873890635
43	0.0518590998043	0.0391389432485	0.00248884729984	0.0004465734438
44	0.0587084148728	0.0381604696673	0.00214296791153	0.000792452832109
45	0.0541422048271	0.0104370515329	0.00229488826227	0.000640532481369
46	0.0660469667319	0.0464774951076	0.00220921130581	0.000726209437827
47	0.0117416829746	0.0185909980431	0.00234329040363	0.000592130340008
48	0.0430528375734	0.0342465753425	0.00242036178989	0.000515058953747
49	0.0396281800391	0.0259295499022	0.00248831699226	0.000447103751382
50	0.0582191780822	0.0601761252446	0.00201180951836	0.000923611225281
51	0.0440313111546	0.0352250489237	0.002219192171	0.000716228572636
52	0.0146771037182	0.0234833659491	0.0019660451228	0.000969375620842
53	0.0834964122635	0.0348988910633	0.0021915804815	0.000743840262143
54	0.0601761252446	0.0415851272016	0.00216450088326	0.000770919860384
55	0.0440313111546	0.0342465753425	0.00243422374598	0.000501196997664
56	0.0861056751468	0.00782778864971	0.00258581136912	0.000349609374523
57	0.0591976516634	0.0171232876712	0.00201523987688	0.000920180866761
58	0.0958904109589	0.03228962818	0.00228769210864	0.000647728634997
59	0.0807240704501	0.0308219178082	0.0021998761219	0.000735544621736
60	0.0954011741683	0.0454990215264	0.0021386505324	0.00079677021124
61	0.0861056751468	0.0401174168297	0.00222062267763	0.000714798066009
62	0.0269080234834	0.0239726027397	0.00197175266616	0.000963668077483
63	0.0406066536204	0.0229941291585	0.00231405441505	0.000621366328595
64	0.0499021526419	0.0215264187867	0.00196908194372	0.000966338799922
65	0.0680039138943	0.0454990215264	0.00231273812899	0.000622682614648
66	0.0636007827789	0.0430528375734	0.00219996498027	0.000735455763374
67	0.075831702544	0.0547945205479	0.00201870755859	0.00091671318505
68	0.0636007827789	0.0205479452055	0.0022954537452	0.000639966998438
69	0.0797455968689	0.0122309197652	0.00223969531246	0.000695725431179
70	0.0738747553816	0.0562622309198	0.00212281253081	0.000812608212833
71	0.0503913894325	0.029843444227	0.00232166425166	0.000613756491976
72	0.0396281800391	0.0171232876712	0.00247894849318	0.000456472250459
73	0.0376712328767	0.029843444227	0.00231439060205	0.000621030141591
74	0.0963796477495	0.0474559686888	0.00219708843647	0.000738332307171
75	0.084637964775	0.0200587084149	0.00226630879953	0.000669111944105
76	0.0952380952381	0.0368558382257	0.0022501283782	0.000685292365441
77	0.075831702544	0.0371819960861	0.00215093418734	0.000784486556295
78	0.0836594911937	0.0210371819961	0.00228446420678	0.000650956536858
79	0.0577299412916	0.0293542074364	0.00217654351405	0.000758877229592
80	0.100782778865	0.0293542074364	0.00232852646586	0.000606894277783
81	0.107142857143	0.0229941291585	0.00235582703612	0.000579593707521
82	0.0699608610568	0.0347358121331	0.00213111833847	0.000804302405166
83	0.0376712328767	0.0259295499022	0.00196066389508	0.000974756848558
84	0.0919765166341	0.0293542074364	0.00224771784615	0.000687702897485
85	0.087084148728	0.0254403131115	0.00244036898173	0.000495051761914
86	0.062133072407	0.0269080234834	0.00233525216001	0.000600168583628
87	0.0738747553816	0.0376712328767	0.00224400382793	0.000691416915713
88	0.0518590998043	0.0107632093933	0.0024131205434	0.000522300200236
89	0.0939334637965	0.0127201565558	0.00210471330184	0.000830707441805
90	0.111545988258	0.0244618395303	0.00213773838694	0.000797682356701
91	0.0547945205479	0.0264187866928	0.00229419196609	0.000641228777551
92	0.084637964775	0.0259295499022	0.00247046609229	0.000464954651348
93	0.0689823874755	0.0337573385519	0.00204071182103	0.000894708922606
94	0.0768101761252	0.011252446184	0.00275302146002	0.000182399283618
95	0.10469667319	0.027397260274	0.00244713570837	0.000488285035267
96	0.0782778864971	0.0146771037182	0.00259762701754	0.000337793726102
97	0.0973581213307	0.0376712328767	0.00219166608456	0.000743754659081
98	0.110567514677	0.0269080234834	0.00204124782478	0.000894172918861
99	0.102250489237	0.0185909980431	0.002159039822	0.000776380921635
100	0.0786040443575	0.0231572080887	0.00208785931834	0.000847561425297