site	ns_changes	s_changes	ns_sites	s_sites
1	0.0	0.0	0.00195694716243	0.000978473581213
2	0.000978473581213	0.0	0.00231890156359	0.000616519180049
3	0.0	0.000978473581213	0.00231895078585	0.000616469957793
4	0.000978473581213	0.0	0.00252555928113	0.000409861462507
5	0.0	0.0	0.00231907873168	0.000616342011963
6	0.0	0.000978473581213	0.00195694716243	0.000978473581213
7	0.0	0.0	0.00195694716243	0.000978473581213
8	0.0	0.0	0.00205755745393	0.000877863289709
9	0.0	0.0	0.00195694716243	0.000978473581213
10	0.0	0.00195694716243	0.00195694716243	0.000978473581213
11	0.0	0.00391389432485	0.0025245029256	0.000410917818043
12	0.0	0.00195694716243	0.00195694716243	0.000978473581213
13	0.0	0.0	0.00231907873168	0.000616342011963
14	0.0	0.000978473581213	0.00195694716243	0.000978473581213
15	0.000978473581213	0.0	0.00195834699531	0.000977073748326
16	0.000978473581213	0.0	0.00252834956508	0.000407071178557
17	0.0	0.0	0.00231907873168	0.000616342011963
18	0.0	0.0	0.00218201254626	0.000753408197385
19	0.0	0.0	0.00231907873168	0.000616342011963
20	0.0	0.0	0.00252919884664	0.000406221897001
21	0.0	0.0	0.00195694716243	0.000978473581213
22	0.000978473581213	0.0	0.00233723627979	0.000598184463849
23	0.0	0.0	0.00238804498472	0.000547375758922
24	0.0	0.0	0.00218201254626	0.000753408197385
25	0.000978473581213	0.000978473581213	0.00233713548114	0.000598285262498
26	0.0	0.0	0.00205755745393	0.000877863289709
27	0.000978473581213	0.0	0.00231918153017	0.000616239213472
28	0.0	0.0	0.00252919884664	0.000406221897001
29	0.0	0.0	0.00195694716243	0.000978473581213
30	0.000978473581213	0.00195694716243	0.00252840547152	0.000407015272115
31	0.0	0.00195694716243	0.00195694716243	0.000978473581213
32	0.000978473581213	0.00195694716243	0.001957227129	0.000978193614636
33	0.000978473581213	0.000978473581213	0.00219568184774	0.000739738895898
34	0.0	0.000978473581213	0.00195694716243	0.000978473581213
35	0.0	0.000978473581213	0.00252912978898	0.000406290954663
36	0.000978473581213	0.000978473581213	0.00238808917273	0.000547331570914
37	0.000978473581213	0.0	0.0023878340758	0.000547586667837
38	0.0	0.0	0.00238804498472	0.000547375758922
39	0.0	0.000978473581213	0.00233622433321	0.000599196410427
40	0.0	0.00195694716243	0.00231882284002	0.000616597903624
41	0.000978473581213	0.000978473581213	0.00195705727269	0.000978363470947
42	0.0	0.0	0.00252919884664	0.000406221897001
43	0.00195694716243	0.0	0.00195787735873	0.000977543384913
44	0.00489236790607	0.0	0.00252504023266	0.000410380510975
45	0.0	0.0	0.00233721141014	0.000598209333504
46	0.00195694716243	0.0	0.00218179232572	0.000753628417917
47	0.0	0.0	0.00252919884664	0.000406221897001
48	0.000978473581213	0.0	0.00233721141014	0.000598209333504
49	0.00195694716243	0.0	0.00252834956508	0.000407071178557
50	0.0	0.0	0.00205755745393	0.000877863289709
51	0.0	0.0	0.00205755745393	0.000877863289709
52	0.00391389432485	0.0	0.0029270158145	8.40492914487e-06
53	0.0	0.000978473581213	0.00233713548114	0.000598285262498
54	0.000978473581213	0.0	0.00195787735873	0.000977543384913
55	0.0	0.0	0.00238804498472	0.000547375758922
56	0.0	0.0	0.00252919884664	0.000406221897001
57	0.00195694716243	0.00195694716243	0.00238813602518	0.000547284718461
58	0.000978473581213	0.000978473581213	0.00256028966011	0.000375131083533
59	0.000978473581213	0.00195694716243	0.00218337926815	0.000752041475492
60	0.00391389432485	0.00195694716243	0.00195981939407	0.000975601349566
61	0.0	0.0	0.00233721141014	0.000598209333504
62	0.000978473581213	0.0	0.0029300256051	5.39513854382e-06
63	0.00195694716243	0.000978473581213	0.00195697785407	0.000978442889567
64	0.00391389432485	0.000978473581213	0.00194625070296	0.000989170040681
65	0.0	0.0	0.00195694716243	0.000978473581213
66	0.0	0.00293542074364	0.00195694716243	0.000978473581213
67	0.000978473581213	0.000978473581213	0.00238811404238	0.00054730670126
68	0.000978473581213	0.0	0.00231890156359	0.000616519180049
69	0.000978473581213	0.0	0.00219578591717	0.000739634826472
70	0.000978473581213	0.00293542074364	0.00205820696346	0.000877213780175
71	0.00195694716243	0.0	0.00233730533745	0.000598115406187
72	0.0	0.000978473581213	0.00195694716243	0.000978473581213
73	0.0	0.000978473581213	0.00219450371563	0.000740917028006
74	0.0	0.00195694716243	0.00219063024087	0.00074479050277
75	0.00195694716243	0.0	0.00255555355846	0.00037986718518
76	0.00293542074364	0.0	0.0023878340758	0.000547586667837
77	0.0	0.0	0.00218201254626	0.000753408197385
78	0.00195694716243	0.0	0.00218201254626	0.000753408197385
79	0.000978473581213	0.00195694716243	0.00218459413205	0.000750826611587
80	0.000978473581213	0.0	0.00238699044014	0.000548430303497
81	0.0	0.0	0.00219562271945	0.000739798024186
82	0.00293542074364	0.0	0.00233705024053	0.000598370503109
83	0.000978473581213	0.0	0.0023878340758	0.000547586667837
84	0.00293542074364	0.00195694716243	0.001957227129	0.000978193614636
85	0.000978473581213	0.000978473581213	0.00252857359175	0.00040684715189
86	0.000978473581213	0.000978473581213	0.00195705727269	0.000978363470947
87	0.000978473581213	0.0	0.00252919884664	0.000406221897001
88	0.00195694716243	0.00195694716243	0.00195641156971	0.000979009173932
89	0.00293542074364	0.000978473581213	0.001958001707	0.000977419036638
90	0.0	0.0	0.00252919884664	0.000406221897001
91	0.0	0.000978473581213	0.00252885355833	0.000406567185312
92	0.000978473581213	0.00195694716243	0.00218256891887	0.000752851824772
93	0.000978473581213	0.0	0.00195694716243	0.000978473581213
94	0.0	0.000978473581213	0.00233713548114	0.000598285262498
95	0.00293542074364	0.00195694716243	0.00233409706856	0.000601323675079
96	0.00195694716243	0.0	0.00232407504682	0.00061134569682
97	0.000978473581213	0.0	0.0029335777686	1.84297504253e-06
98	0.000978473581213	0.0	0.00238792063644	0.000547500107196
99	0.00293542074364	0.0	0.001961003061	0.000974417682642
100	0.00293542074364	0.0	0.00219508391051	0.000740336833128