site	ns_changes	s_changes	ns_sites	s_sites
1	0.0239374694675	0.0268685881778	0.000615162465959	0.000117617211618
2	0.00366389838788	0.0439667806546	0.000489586272339	0.000243193405238
3	0.0062286272594	0.0592330239375	0.000489958413038	0.000242821264539
4	0.00183194919394	0.049706888129	0.000489096836033	0.000243682841544
5	0.0	0.0261358085002	0.000572030669107	0.000160749008469
6	0.0284562774792	0.0348070346849	0.000591155834326	0.000141623843251
7	0.0251587689301	0.0378602833415	0.000583245088462	0.000149534589115
8	0.00293111871031	0.0278456277479	0.000579462221908	0.000153317455669
9	0.00170981924768	0.0517830972154	0.000488780246474	0.000243999431103
10	0.00122129946263	0.0405471421593	0.000530494764755	0.000202284912822
11	0.0134342940889	0.0285784074255	0.000574495770374	0.000158283907203
12	0.00940400586224	0.0484855886663	0.00049569542635	0.000237084251227
13	0.0156326331216	0.0549584758183	0.000498098338496	0.000234681339081
14	0.00635075720567	0.0654616511969	0.00049057709649	0.000242202581087
15	0.00280898876404	0.0274792379091	0.000581421120812	0.000151358556765
16	0.0155105031754	0.054347826087	0.000497731253246	0.000235048424331
17	0.016243282853	0.0472642892037	0.000496276461713	0.000236503215864
18	0.0114802149487	0.0534929164631	0.000491904395284	0.000240875282293
19	0.00378602833415	0.0284562774792	0.000580839535872	0.000151940141705
20	0.00586223742062	0.0300439667807	0.000561730442128	0.000171049235449
21	0.0166096726917	0.04738641915	0.000500924688088	0.000231854989489
22	0.0148998534441	0.0539814362482	0.00049329661916	0.000239483058417
23	0.0181973619932	0.0479970688813	0.000505070984408	0.000227708693169
24	0.0804836345872	0.0340742550073	0.000579250242229	0.000153529435348
25	0.0444553004397	0.0449438202247	0.00055524984326	0.000177529834317
26	0.0544699560332	0.0368832437714	0.000555419009942	0.000177360667635
27	0.0151441133366	0.0315095261358	0.000565208800667	0.00016757087691
28	0.0677821201759	0.0360283341475	0.000575534617189	0.000157245060387
29	0.0269907181241	0.0392037127504	0.000571390443429	0.000161389234148
30	0.054836345872	0.0348070346849	0.000581291291501	0.000151488386076
31	0.0481191988276	0.0321201758671	0.000609821596145	0.000122958081432
32	0.0443331704934	0.0308988764045	0.00060807391796	0.000124705759617
33	0.0228382999511	0.0323644357596	0.00060012278932	0.000132656888257
34	0.00891548607719	0.0267464582316	0.000576323675011	0.000156456002565
35	0.064606741573	0.0374938935027	0.000575039367276	0.000157740310301
36	0.0477528089888	0.0330972154372	0.00060270279152	0.000130076886057
37	0.0212506106497	0.0254030288227	0.000590236953775	0.000142542723802
38	0.0754763067904	0.0396922325354	0.00056320012557	0.000169579552007
39	0.0226754600228	0.0510910275199	0.000493133225853	0.000239646451724
40	0.0272349780166	0.0279677576942	0.000573805954499	0.000158973723077
41	0.0826819736199	0.0175867122618	0.000645436944158	8.73427334193e-05
42	0.0547142159257	0.0390815828041	0.000572462694391	0.000160316983186
43	0.0262579384465	0.0499511480215	0.000496559700669	0.000236219976908
44	0.0186858817782	0.0299218368344	0.00057990468827	0.000152874989307
45	0.0388373229116	0.0319980459209	0.000609988920891	0.000122790756686
46	0.0565461651197	0.0308988764045	0.000601424906904	0.000131354770673
47	0.0188080117245	0.0296775769419	0.000586050156969	0.000146729520608
48	0.0804836345872	0.0318759159746	0.000577708311223	0.000155071366354
49	0.0945285784074	0.0207620908647	0.000641358489697	9.14211878801e-05
50	0.029758996906	0.0503582478424	0.000499273365677	0.0002335063119
51	0.0163654127992	0.0310210063508	0.000570418337735	0.000162361339842
52	0.0688812896922	0.0395701025892	0.000554720200973	0.000178059476604
53	0.0923302393747	0.0261358085002	0.000607157019143	0.000125622658434
54	0.0198664712588	0.0289855072464	0.00058031000945	0.000152469668126
55	0.0222276502198	0.0344406448461	0.000529105922073	0.000203673755504
56	0.0638739618955	0.0384709330728	0.000556440558339	0.000176339119238
57	0.0549584758183	0.0246702491451	0.000609206223063	0.000123573454514
58	0.0888698908972	0.0486484285947	0.000543584327019	0.000189195350558
59	0.0416463116756	0.0365168539326	0.00057081052711	0.000161969150467
60	0.0769418661456	0.0280898876404	0.000611029304131	0.000121750373446
61	0.0431118710308	0.0348070346849	0.00060131249831	0.000131467179267
62	0.0853688324377	0.0142892037128	0.000662948829717	6.98308478595e-05
63	0.092452369321	0.0472642892037	0.000537206631644	0.000195573045933
64	0.0973375671715	0.0326086956522	0.000553396580391	0.000179383097186
65	0.0792623351246	0.0330972154372	0.000575996346888	0.000156783330689
66	0.102222765022	0.0367611138251	0.000541308843129	0.000191470834448
67	0.049706888129	0.0271128480703	0.000568346142739	0.000164433534838
68	0.0881778212018	0.0558133854421	0.000499424179169	0.000233355498408
69	0.0505617977528	0.0276013678554	0.000572116514387	0.000160663163189
70	0.102304184986	0.0420534114965	0.000521214692102	0.000211564985475
71	0.0716902784563	0.0436003908158	0.000531531517156	0.000201248160421
72	0.072015958313	0.0332600553656	0.000575041672081	0.000157738005496
73	0.0826819736199	0.0337078651685	0.000571033129546	0.000161746548031
74	0.074824947077	0.0294740270314	0.000608469654846	0.000124310022731
75	0.0665608207132	0.0484855886663	0.000506111047922	0.000226668629655
76	0.0954241980134	0.0186451717961	0.000621610354595	0.000111169322982
77	0.0334228952939	0.0317944960104	0.000569711084085	0.000163068593492
78	0.0821934538349	0.0348070346849	0.000577531577671	0.000155248099906
79	0.0941621885686	0.026013678554	0.000630432298439	0.000102347379138
80	0.0526380068393	0.0446995603322	0.000568776172111	0.000164003505466
81	0.0814606741573	0.0384709330728	0.000573577980702	0.000159201696875
82	0.0801172447484	0.0461651196873	0.000507921972262	0.000224857705315
83	0.0877300113988	0.0319573359388	0.000587578952038	0.000145200725539
84	0.071079628725	0.0500732779678	0.000500128386168	0.000232651291409
85	0.0616756228627	0.0249145090376	0.000581919342537	0.00015086033504
86	0.0904575801987	0.0343592248819	0.000578800302262	0.000153979375315
87	0.0581338544211	0.0301660967269	0.000604511876438	0.000128267801139
88	0.0665608207132	0.0516609672692	0.000498273698612	0.000234505978965
89	0.105398143625	0.0290669272106	0.000605410393187	0.00012736928439
90	0.0887884709331	0.0511724474841	0.000496439027638	0.000236340649939
91	0.101367855398	0.0361504640938	0.000540684004372	0.000192095673205
92	0.104543234001	0.0195407914021	0.000593732193848	0.000139047483729
93	0.102467024915	0.0346849047386	0.000569395707481	0.000163383970096
94	0.13124898225	0.0338707050969	0.000577835762783	0.000154943914794
95	0.0926152092493	0.0462465396515	0.000522448006566	0.000210331671011
96	0.10979482169	0.0371275036639	0.000560063248964	0.000172716428613
97	0.0779189057157	0.0278456277479	0.000589853081756	0.00014292659582
98	0.0873229115779	0.0146555935515	0.000661781928386	7.09977491908e-05
99	0.0652988112685	0.0140856538023	0.000664660689532	6.81189880451e-05
100	0.102100635076	0.0437225207621	0.000522716754566	0.000210062923011