site	ns_changes	s_changes	ns_sites	s_sites
1	0.0	0.0196850393701	0.00834174971724	0.00346927390481
2	0.0	0.00393700787402	0.00941242891241	0.00239859470964
3	0.0	0.00393700787402	0.00787401574803	0.00393700787402
4	0.0	0.00787401574803	0.00787401574803	0.00393700787402
5	0.0	0.011811023622	0.00787401574803	0.00393700787402
6	0.0	0.00787401574803	0.00941920536301	0.00239181825904
7	0.00393700787402	0.00787401574803	0.00900183751151	0.00280918611054
8	0.0236220472441	0.00393700787402	0.00894446618185	0.0028665574402
9	0.0	0.011811023622	0.00859021957266	0.00322080404939
10	0.00393700787402	0.00787401574803	0.00787621217587	0.00393481144618
11	0.0196850393701	0.00787401574803	0.00913890428042	0.00267211934163
12	0.00393700787402	0.00787401574803	0.00942956897559	0.00238145464645
13	0.00393700787402	0.011811023622	0.00787401574803	0.00393700787402
14	0.0	0.011811023622	0.00787401574803	0.00393700787402
15	0.0196850393701	0.00787401574803	0.00932604288405	0.002484980738
16	0.00393700787402	0.00393700787402	0.00793140453211	0.00387961908993
17	0.00393700787402	0.0275590551181	0.00788499788723	0.00392602573481
18	0.00393700787402	0.00787401574803	0.00942743858201	0.00238358504004
19	0.011811023622	0.011811023622	0.00935385229147	0.00245717133057
20	0.0	0.00393700787402	0.00941242891241	0.00239859470964
21	0.0	0.0	0.00944179353169	0.00236923009036
22	0.0236220472441	0.00393700787402	0.00899318617322	0.00281783744883
23	0.00787401574803	0.00787401574803	0.00893016678232	0.00288085683973
24	0.0	0.011811023622	0.00831012628109	0.00350089734096
25	0.00393700787402	0.00787401574803	0.00938807239483	0.00242295122722
26	0.0	0.011811023622	0.0101064882014	0.00170453542065
27	0.0	0.011811023622	0.00836433788591	0.00344668573614
28	0.0433070866142	0.00393700787402	0.0112115092016	0.000599514420486
29	0.00393700787402	0.00787401574803	0.0100858591132	0.00172516450882
30	0.00787401574803	0.011811023622	0.00899761003427	0.00281341358778
31	0.00787401574803	0.00393700787402	0.00937554917808	0.00243547444397
32	0.0	0.0196850393701	0.00787401574803	0.00393700787402
33	0.00393700787402	0.0157480314961	0.00943661045479	0.00237441316726
34	0.00787401574803	0.0157480314961	0.00942031192991	0.00239071169214
35	0.0	0.00787401574803	0.0100732872162	0.00173773640583
36	0.0157480314961	0.0157480314961	0.0100237616527	0.00178726196939
37	0.00393700787402	0.011811023622	0.00832084448552	0.00349017913653
38	0.00393700787402	0.00393700787402	0.00835873896557	0.00345228465648
39	0.00393700787402	0.00393700787402	0.00939001395606	0.00242100966599
40	0.0236220472441	0.0157480314961	0.007981635788	0.00382938783404
41	0.0	0.00393700787402	0.00943953471482	0.00237148890723
42	0.00393700787402	0.00393700787402	0.00944617644038	0.00236484718166
43	0.00393700787402	0.0157480314961	0.00929375592526	0.00251726769679
44	0.00984251968504	0.0137795275591	0.00929854226517	0.00251248135687
45	0.00393700787402	0.00393700787402	0.00938175665318	0.00242926696886
46	0.0	0.0	0.00944179353169	0.00236923009036
47	0.011811023622	0.00393700787402	0.00830906856926	0.00350195505279
48	0.0236220472441	0.0	0.00933572858208	0.00247529503997
49	0.011811023622	0.00393700787402	0.00934223177951	0.00246879184254
50	0.0157480314961	0.00393700787402	0.010100127574	0.00171089604804
51	0.011811023622	0.00787401574803	0.00996156460738	0.00184945901467
52	0.0511811023622	0.011811023622	0.00935380145284	0.0024572221692
53	0.00393700787402	0.00787401574803	0.00831858566865	0.0034924379534
54	0.0511811023622	0.011811023622	0.0081038140919	0.00370720953014
55	0.0255905511811	0.0177165354331	0.00902715470103	0.00278386892102
56	0.0275590551181	0.00787401574803	0.00794010496706	0.00387091865499
57	0.0354330708661	0.0157480314961	0.00927300894269	0.00253801467935
58	0.00393700787402	0.0236220472441	0.00994617340129	0.00186485022075
59	0.0157480314961	0.00787401574803	0.00921682413186	0.00259419949019
60	0.0196850393701	0.00787401574803	0.00938887670221	0.00242214691984
61	0.0275590551181	0.00787401574803	0.00931566124278	0.00249536237927
62	0.0236220472441	0.0157480314961	0.00804314069173	0.00376788293031
63	0.0393700787402	0.0	0.00915510475909	0.00265591886296
64	0.0157480314961	0.00393700787402	0.00788284479174	0.00392817883031
65	0.0393700787402	0.00787401574803	0.00908897105121	0.00272205257084
66	0.0	0.011811023622	0.00830109101362	0.00350993260843
67	0.0157480314961	0.011811023622	0.00871625564695	0.0030947679751
68	0.011811023622	0.00787401574803	0.00996682134247	0.00184420227958
69	0.0314960629921	0.00393700787402	0.0113008887412	0.000510134880817
70	0.0334645669291	0.0137795275591	0.00976760763242	0.00204341598962
71	0.00393700787402	0.011811023622	0.00941884721148	0.00239217641057
72	0.0314960629921	0.0157480314961	0.00922377791955	0.0025872457025
73	0.0236220472441	0.0	0.0117410243366	6.99992854639e-05
74	0.011811023622	0.011811023622	0.00932361224199	0.00248741138006
75	0.0236220472441	0.011811023622	0.00787698674879	0.00393403687326
76	0.0157480314961	0.011811023622	0.00795995083423	0.00385107278782
77	0.00787401574803	0.011811023622	0.00839353356254	0.00341749005951
78	0.0157480314961	0.00393700787402	0.00827131097996	0.00353971264208
79	0.011811023622	0.0	0.0117926501467	1.83734753055e-05
80	0.0393700787402	0.011811023622	0.00937298456833	0.00243803905372
81	0.0236220472441	0.0157480314961	0.00767764671139	0.00413337691066
82	0.0157480314961	0.00393700787402	0.00931319726348	0.00249782635856
83	0.0196850393701	0.0157480314961	0.00920148873933	0.00260953488272
84	0.0196850393701	0.0196850393701	0.00776259191856	0.00404843170349
85	0.0314960629921	0.0157480314961	0.00797189250523	0.00383913111682
86	0.0196850393701	0.0314960629921	0.00904715825623	0.00276386536582
87	0.0314960629921	0.00787401574803	0.00797524918156	0.00383577444049
88	0.0236220472441	0.00393700787402	0.0100305877903	0.00178043583179
89	0.0472440944882	0.0196850393701	0.00824210228129	0.00356892134075
90	0.0295275590551	0.0137795275591	0.00789742982047	0.00391359380157
91	0.0433070866142	0.0157480314961	0.00934756217467	0.00246346144738
92	0.0236220472441	0.011811023622	0.00932128648844	0.00248973713361
93	0.0314960629921	0.0196850393701	0.00574652600062	0.00606449762142
94	0.0354330708661	0.0196850393701	0.00795308099576	0.00385794262629
95	0.0157480314961	0.011811023622	0.00788719431507	0.00392382930697
96	0.0196850393701	0.011811023622	0.00793332057762	0.00387770304443
97	0.0334645669291	0.0196850393701	0.00804741455056	0.00376360907149
98	0.0314960629921	0.0	0.0114350103679	0.000376013254114
99	0.0196850393701	0.00393700787402	0.00932732511148	0.00248369851056
100	0.0314960629921	0.00787401574803	0.00942432717873	0.00238669644332