site	ns_changes	s_changes	ns_sites	s_sites
1	0.0	0.0	0.00392156862745	0.00196078431373
2	0.0	0.0	0.00478631072968	0.00109604221149
3	0.0	0.0	0.00392156862745	0.00196078431373
4	0.0	0.0	0.00478631072968	0.00109604221149
5	0.0	0.0	0.00392156862745	0.00196078431373
6	0.0	0.00196078431373	0.00469100343417	0.001191349507
7	0.0	0.00196078431373	0.00408827624305	0.00179407669813
8	0.0	0.0	0.00408759122392	0.00179476171725
9	0.0	0.00196078431373	0.00392156862745	0.00196078431373
10	0.0	0.00196078431373	0.00476644517511	0.00111590776607
11	0.00196078431373	0.0	0.00392241641383	0.00195993652735
12	0.0	0.0	0.00478631072968	0.00109604221149
13	0.0	0.00196078431373	0.00478288563407	0.00109946730711
14	0.0	0.0	0.00513444766137	0.000747905279805
15	0.00392156862745	0.0	0.00457751610968	0.00130483683149
16	0.0	0.0	0.00513444766137	0.000747905279805
17	0.0	0.0	0.00392156862745	0.00196078431373
18	0.0	0.0	0.00457751610968	0.00130483683149
19	0.0	0.0	0.00392156862745	0.00196078431373
20	0.0	0.00392156862745	0.00392156862745	0.00196078431373
21	0.0	0.0	0.00513444766137	0.000747905279805
22	0.0	0.0	0.00392156862745	0.00196078431373
23	0.0	0.0	0.00478631072968	0.00109604221149
24	0.0	0.0	0.00513444766137	0.000747905279805
25	0.0	0.0	0.00451164187203	0.00137071106915
26	0.0	0.00196078431373	0.00392156862745	0.00196078431373
27	0.0	0.0	0.00513444766137	0.000747905279805
28	0.0	0.0	0.00457751610968	0.00130483683149
29	0.0	0.0	0.00392156862745	0.00196078431373
30	0.0	0.0	0.00478631072968	0.00109604221149
31	0.0	0.00392156862745	0.00454699984837	0.00133535309281
32	0.0	0.0	0.00478631072968	0.00109604221149
33	0.00196078431373	0.0	0.00453706644105	0.00134528650013
34	0.0	0.0	0.00511276766049	0.000769585280687
35	0.0	0.00196078431373	0.00458024616631	0.00130210677487
36	0.0	0.0	0.00478631072968	0.00109604221149
37	0.0	0.0	0.00392156862745	0.00196078431373
38	0.0	0.0	0.00478631072968	0.00109604221149
39	0.0	0.0	0.00511276766049	0.000769585280687
40	0.0	0.0	0.00469115390814	0.00119119903304
41	0.0	0.0	0.00453767046245	0.00134468247872
42	0.0	0.0	0.00408759122392	0.00179476171725
43	0.00196078431373	0.0	0.00513386258569	0.00074849035549
44	0.0	0.0	0.00513444766137	0.000747905279805
45	0.0	0.0	0.00457751610968	0.00130483683149
46	0.0	0.0	0.00469115390814	0.00119119903304
47	0.00196078431373	0.0	0.00469115390814	0.00119119903304
48	0.0	0.00196078431373	0.00392156862745	0.00196078431373
49	0.0	0.0	0.00469115390814	0.00119119903304
50	0.0	0.0	0.00478631072968	0.00109604221149
51	0.0	0.0	0.00453767046245	0.00134468247872
52	0.0	0.00196078431373	0.00392156862745	0.00196078431373
53	0.0	0.0	0.00513444766137	0.000747905279805
54	0.0	0.00196078431373	0.00392156862745	0.00196078431373
55	0.0	0.0	0.00392156862745	0.00196078431373
56	0.0	0.0	0.00478631072968	0.00109604221149
57	0.0	0.0	0.00392156862745	0.00196078431373
58	0.0	0.0	0.00478631072968	0.00109604221149
59	0.0	0.0	0.00261673179596	0.00326562114522
60	0.00196078431373	0.0	0.00469115390814	0.00119119903304
61	0.00196078431373	0.00196078431373	0.00390915997317	0.001973192968
62	0.0	0.00392156862745	0.00392156862745	0.00196078431373
63	0.0	0.0	0.00457751610968	0.00130483683149
64	0.0	0.00196078431373	0.00458461425691	0.00129773868427
65	0.0	0.0	0.00478631072968	0.00109604221149
66	0.0	0.0	0.00513444766137	0.000747905279805
67	0.0	0.0	0.00513444766137	0.000747905279805
68	0.00196078431373	0.0	0.00394615443232	0.00193619850886
69	0.0	0.0	0.00513444766137	0.000747905279805
70	0.00392156862745	0.0	0.00513444766137	0.000747905279805
71	0.00196078431373	0.0	0.00392275772454	0.00195959521663
72	0.00196078431373	0.0	0.00587990585373	2.44708745079e-06
73	0.00196078431373	0.0	0.00392156862745	0.00196078431373
74	0.0	0.0	0.00513444766137	0.000747905279805
75	0.0	0.0	0.00513444766137	0.000747905279805
76	0.0	0.0	0.00469115390814	0.00119119903304
77	0.00196078431373	0.0	0.00469115390814	0.00119119903304
78	0.0	0.0	0.00451164187203	0.00137071106915
79	0.0	0.0	0.00408759122392	0.00179476171725
80	0.00196078431373	0.00196078431373	0.00457411244908	0.00130824049209
81	0.0	0.0	0.00408759122392	0.00179476171725
82	0.00392156862745	0.0	0.00469104249853	0.00119131044264
83	0.0	0.0	0.00588235294118	0.0
84	0.0	0.0	0.00469115390814	0.00119119903304
85	0.0	0.0	0.00478631072968	0.00109604221149
86	0.00196078431373	0.0	0.00469081606741	0.00119153687376
87	0.0	0.00196078431373	0.00478288563407	0.00109946730711
88	0.00196078431373	0.0	0.00392156862745	0.00196078431373
89	0.0	0.0	0.00469115390814	0.00119119903304
90	0.00196078431373	0.0	0.00513383706746	0.000748515873716
91	0.00196078431373	0.0	0.00261993338531	0.00326241955586
92	0.00392156862745	0.0	0.00510622630969	0.000776126631485
93	0.00196078431373	0.0	0.00392238246371	0.00195997047747
94	0.00392156862745	0.0	0.00451048486567	0.00137186807551
95	0.00196078431373	0.0	0.00513325856428	0.000749094376897
96	0.0	0.0	0.00513444766137	0.000747905279805
97	0.00196078431373	0.0	0.00452015384165	0.00136219909952
98	0.0	0.0	0.00392156862745	0.00196078431373
99	0.0	0.0	0.00588235294118	0.0
100	0.0	0.0	0.00588235294118	0.0